7.531087904011030121e-02
5.562886867720574779e-02
-1.317704048745686751e-01
-1.957666996607289669e-02
-3.565860326333868818e-02
-6.215470051185882638e-02
-1.154834296471302958e-02
6.919538894552204611e-02
2.517666458533745003e-02
1.431903632219156675e-01
-2.725090656494856198e-02
-3.135510356611102833e-02
-2.435986725501912420e-02
8.254957222872519318e-02
-9.114676084483514309e-03
-1.581517531261048340e-02
-4.896530617662012315e-03
3.259319225873082843e-02
1.535410019622120148e-01
5.072423609045491333e-02
-1.864462878682508415e-02
3.503578920376959616e-02
-3.728649010268655917e-02
1.312055009018371909e-01
-1.142438088730745871e-01
-2.077916121888058812e-02
-4.778197172729941461e-02
-1.755996475015379754e-02
7.012332590053114989e-02
-3.818042069994048021e-02
-3.040822405699013936e-02
3.872936128106491821e-02
1.409722129330880647e-01
-2.303621137322497611e-02
6.577150013038897403e-02
1.438754972485246086e-01
-1.375316582352229672e-02
1.805171686076348370e-02
-5.992162175380588707e-02
8.735597410258320872e-02
2.933748624724412044e-02
1.170497319413433823e-01
3.737287160537011016e-02
-2.185207639260629969e-02
-3.334946114785926341e-02
2.358674742451691841e-01
-6.179743050308587199e-02
-5.006321875170557933e-02
-4.253231413728270766e-02
-8.459286384838761441e-03
-1.026474493164447471e-01
-2.152461940247052397e-01
-2.353708403526887441e-02
5.201404342104617995e-02
5.600278105669487250e-02
-7.341884388050043397e-02
-4.310997177308493328e-02
7.800191650979491909e-02
-8.599685611538601671e-02
-9.556390464241927563e-02
4.375588011313405468e-02
-5.066874900642884955e-02
-4.637288320163770322e-03
-6.449924727346167952e-02
-1.267677790252846361e-02
5.910536806818759981e-02
-1.580838762465352348e-02
-4.261816451025936953e-02
-6.363856819918155272e-03
1.447792373334809146e-01
-3.010180577828866499e-02
6.065071947525664531e-02
4.915333472001267440e-02
9.009835944491879911e-02
-1.270522212242919669e-01
9.571117283663803377e-02
-1.330214252018910304e-01
1.023141961865996381e-02
1.865993057920500506e-02
5.849501197289378590e-02
1.637766879750560817e-02
-1.316095250332634378e-03
-6.866293292855248087e-02
-7.962464938046548424e-02
-2.625769752985635669e-03
1.305072873911234943e-01
-1.415661848114997123e-01
-5.802829121092558523e-02
2.030619286612978802e-01
-4.873818730445678149e-02
-3.446558341296756395e-02
4.187698189691757555e-02
8.471856196604957145e-02
-1.065172548393025498e-01
1.036237126319659516e-02
1.571199593973119160e-02
-1.612630682038700830e-02
-1.450508701788067456e-01
9.221900063718542484e-02
5.106682557590710297e-02
9.907688089609738291e-02
9.543113874913709826e-02
-3.443446352054874149e-02
8.052447803487178257e-02
1.094628114202602781e-01
-3.842247953985659242e-02
1.113500758915064726e-01
5.377210286610150866e-03
7.520971666683329282e-02
-1.017416120497019322e-01
-6.889434780217749965e-02
8.538857476651775733e-03
5.752855843267255104e-02
1.511138521011302915e-01
-4.944548868653203533e-02
3.283768636570826016e-02
1.016664179072481605e-01
1.096733770814032650e-02
-2.354930656863272673e-02
3.419929502293500567e-02
5.616428878387079437e-02
-3.459270150208364203e-02
-1.798439077444857065e-02
3.046481603766169888e-02
8.080092651285673833e-02
6.015374803584233598e-02
2.033833081261515394e-02
1.229142206530493137e-02
-1.096067174224040347e-01
-4.463865833729457888e-02
-1.243734287601144378e-01
-5.404868664170425774e-02
-1.566618325975979720e-02
7.255760153482666841e-02
-1.222017228421719282e-02
7.940583011259753909e-02
-5.241906342872233032e-02
-1.615510405724900414e-02
-5.394366824085447543e-02
2.769284417492323333e-02
-6.065122582574756366e-02
1.554669857695270829e-01
-1.297851840400472559e-03
7.889090840422144368e-02
-6.477177205666481696e-02
-3.996918404024604743e-02
6.982610810468674323e-02
1.969304374161620283e-02
-1.378053216350258736e-01
-4.262750057828686157e-02
2.735943270019386073e-02
-2.128244692657695059e-02
4.632534695061397978e-02
-5.305059459434147140e-02
-2.750482713005811611e-02
1.005804007772654607e-01
6.473182450302079893e-02
1.142909746463574017e-01
2.014141843931581757e-02
1.091700459279157029e-02
-5.881862416785017117e-02
3.472323693547262752e-02
-7.475318892363350121e-02
-6.216480339127496840e-02
1.216056056012056706e-02
-5.282259778040123734e-03
-3.373282245763272597e-02
-5.010913202971101210e-02
5.188277591264358474e-02
1.862222931993990360e-01
-2.136829729955361246e-02
6.945661556254993652e-02
-1.229663580231573072e-01
1.677352195899565468e-01
1.088351684975910963e-02
-9.883902687845401436e-02
2.138490673944477144e-02
1.215333435838495402e-01
-3.676128548694214404e-02
9.474546338490086317e-02
-3.334422955482283651e-02
1.570039933937186216e-01
3.633161741092918312e-02
-3.818159351454736283e-02
-5.291229145206834822e-02
6.292012724662160439e-02
1.099987953367048549e-01
-1.496375291330290930e-02
-4.432157362015877455e-02
1.024251797734698904e-01
1.111321782191128718e-02
7.617076732629042904e-03
1.729548040094635100e-02
2.973909071618839606e-02
-1.018589883183156491e-01
-6.665671387236317413e-02
-3.212040542514649211e-02
1.145780895627856732e-01
-7.870195749965917462e-03
-1.387577393593378977e-02
8.080981138260918961e-02
4.718112177082618708e-02
-1.275322479102995211e-02
5.000459931275894748e-02
6.821026326923684824e-02
-1.019848886485203859e-01
-1.208320285927199089e-01
1.304762124430001446e-01
-7.192659944260303140e-02
-5.064687504268524515e-02
-7.305065948737958503e-02
-2.062978588570726218e-02
-2.600800479749473815e-02
1.268820436424431819e-01
9.762073974699829459e-02
2.407432868721534336e-01
-8.636889703759335901e-02
5.663300407328906300e-02
-6.068541271296863659e-02
1.142732046561001497e-01
-1.707875650931487202e-02
6.589933958507553091e-02
-5.789052940628875571e-02
6.724610991242920000e-02
-1.202055397504737770e-02
1.560081563347036349e-01
-3.617352522247613972e-02
4.080122520215095916e-02
5.111901666734430111e-03
-5.211032249447301173e-02
-5.942370347505075007e-02
-7.502305271527059949e-02
6.422917027229502196e-02
4.633754676106426051e-02
-4.165906271852699155e-02
-1.257949997416878130e-01
4.103690210656699838e-02
-1.450592953608030242e-02
5.532657684413384847e-02
1.000888414603444687e-01
-9.554331610478704329e-02
1.001760673987847627e-01
4.631262827467962778e-02
-3.651068011329177548e-02
-1.360507002376369068e-01
1.912197079217080667e-02
-1.391340515540564760e-01
-7.441211033805401887e-02
-8.291747393955743728e-02
-3.458891314171089887e-02
6.062751463959249743e-02
-3.653336608347184516e-02
3.287929216710452213e-02
9.513522885155629993e-02
5.544275467968095006e-01
1.000000000000000000e+00
7.775747755871788014e-01
2.871754501323264264e-01
1.076278191888446617e-01
-4.444630138650899204e-02
4.976635155612015721e-02
-1.253415060624652466e-01
8.106711430487323344e-02
7.536073823427942575e-02
1.767040753772870093e-02
7.150525242658095637e-02
-2.761491956813538415e-02
-3.668008067583150567e-02
-8.122988695525390143e-03
5.677750862158739698e-02
5.844984278337242434e-02
4.452506022113317252e-02
-3.244450355475295839e-02
-6.067790340867084548e-02
5.873031383569797363e-03
2.829165415813721801e-02
-5.798695607834747356e-02
-6.401666346715910449e-02
-1.035039235315979161e-01
-1.785231176112320878e-02
-1.636335954101905341e-02
-1.181666988929608031e-01
-1.123795604693428318e-02
-4.591867890310601108e-02
6.646326378765018972e-02
-3.493953079693597197e-02
6.496278817837078390e-02
-8.753600636718222860e-02
-8.644277307387208953e-02
7.205007626847353963e-02
-8.430939073352788915e-02
9.148892289481647122e-02
-2.025564803245679529e-02
-1.079820104401062741e-01
1.465484346306715306e-02
-2.252566480864910681e-02
8.192259598411508192e-02
-1.662340103508748723e-01
1.693816654523501997e-01
-1.357300893394833806e-02
-8.339067698428941078e-02
2.642799485641677548e-01
1.427244437569677726e-01
9.066586900624808154e-02
9.254571431255774472e-02
1.781104609527715543e-01
-6.760909589409098974e-02
-6.264553846320033981e-02
8.508568640682936945e-02
-1.592005957905800462e-01
4.872816435647248090e-02
-4.425353843250516561e-02
4.652936185794916981e-04
6.794761564093614037e-02
1.493331843470452891e-01
-4.388605293281157976e-02
7.205253425843943793e-02
8.635891903391351709e-02
-7.462480014339714814e-03
-3.334569551039110596e-02
-1.131432018606281092e-01
8.360940589709118208e-04
-6.998534883004442486e-02
5.517520220574135062e-03
8.338987699132340004e-02
-1.188005979091845965e-01
-5.953185653790282056e-02
-2.150018829696836910e-03
3.833172520043656023e-02
-7.458552498548018383e-02
-1.246510275805540469e-01
-1.028566441531108926e-02
-3.055642732782265156e-02
-8.820815129980898173e-02
-2.827344392978242346e-02
1.476116976217154743e-02
2.577633126853100601e-02
-8.227164578169252063e-02
-6.252171284263885465e-02
1.177501549945956932e-01
-5.599198974252424937e-02
1.027952358746338779e-01
3.623501020941356787e-02
-9.903553349928748140e-02
-2.859979704775466106e-02
-1.360814291125360224e-02
5.803887952348708162e-02
6.380992611693164698e-04
7.652703555743181618e-02
9.433698058712466916e-02
-1.071247923872303831e-01
2.227306415527360861e-02
-7.177997524035699406e-02
-2.680996626866333308e-03
-5.792462615414856880e-02
7.077213814945750373e-03
-7.924000314609434825e-02
-5.099659080287394231e-02
6.513020417061951561e-02
5.186205927631261890e-03
6.834410886554556294e-03
1.760219930702696051e-03
-1.231975024787345246e-01
-3.133985973452443896e-02
-2.641973486876872737e-02
-4.770875014166618688e-02
1.666625071670786162e-01
2.850611079718909716e-02
-1.494634702797320303e-01
9.254055013596899915e-02
1.071136490553973447e-02
1.313220798475714726e-03
-5.631437397065786749e-02
9.003666049619475642e-02
1.087133926069970558e-02
-3.558443458761228334e-02
-8.363756166477608056e-02
-3.990320109008347466e-02
-1.159705281944592610e-02
-1.510284558986926991e-02
-1.332561327948230123e-01
-1.209862527401207311e-01
-5.921290011272388465e-02
5.813000668454798570e-02
1.157820914647047367e-01
-3.905813041692667281e-03
-6.361334509673299831e-02
-6.398234149629031253e-02
1.356701020722701767e-01
3.662714352668262896e-02
-5.167349390886221555e-02
1.107861963824749302e-01
1.404725350562985586e-01
-9.945601310590483635e-02
-1.174376741179659379e-02
-5.887515893998548216e-02
1.141587719731426698e-03
-3.132890015512872911e-02
5.497902593294068385e-02
-6.526867607963143803e-02
3.694039468839787482e-02
-2.479399040627315240e-02
-2.142296036365477427e-02
1.936281162242322815e-02
4.170422094786185863e-02
1.127506363434405134e-02
-1.179680052017319375e-01
-9.170318749243673573e-02
-5.219143741698375333e-02
-2.246981669680341021e-01
-5.863839961106718374e-02
-8.749433289858592200e-02
5.013640765727515186e-02
5.975207539818430669e-02
9.161969400988723145e-02
5.334371992865628159e-02
-7.866938139491501392e-02
-1.449834891910373180e-01
-1.727246533067591516e-01
4.468205772085215299e-02
-6.924861898487096046e-02
3.334169318823174827e-02
1.204188312739492856e-03
-1.709280580640842179e-02
-7.923256150900558070e-02
-4.089349069219607585e-02
4.742198507322184509e-02
4.769965131011813519e-02
-7.205581496426695376e-02
1.441136386263058670e-02
7.579382340382193051e-02
3.991146624558342820e-02
-5.284824787714895861e-02
1.099589029352677355e-01
-1.304956618491165399e-01
-8.178585964619661253e-02
-7.995909858616299937e-02
1.396400392223318826e-02
5.930536940691870373e-02
-1.502107314796831128e-01
8.804843665327168056e-02
-9.126272810225315169e-02
-1.309092409055201134e-01
3.958064809521105731e-02
5.135346657114675528e-02
6.014874141506253158e-02
3.155340351835345114e-02
-4.396840808637688530e-02
-4.936110451988499903e-02
-5.044915116445416320e-02
4.960759470911017127e-02
-4.791512718325939904e-03
-2.082270544860266581e-01
-1.128996323716006250e-01
-4.645004023134152032e-02
-1.126917604189055788e-01
-1.090022248986309422e-01
5.430700034599706891e-03
-1.243679427377831007e-02
-1.142077442958798310e-02
-7.691931516928744716e-02
7.097598828013194916e-02
-5.081491627929355694e-03
7.703277900434171710e-02
1.433762026520487287e-01
-2.053087900229176588e-02
-2.017117347570512864e-02
8.138158297473846448e-02
8.895225088883634487e-03
1.667224757240452424e-02
5.490997573724148983e-02
3.088953470141313565e-02
-9.798194441073955485e-02
-2.533114713732461873e-02
4.826068904735641985e-02
7.946234166032353774e-02
-1.395027550634137803e-01
1.021671612168225350e-02
-3.048665576653498618e-02
-7.001734839610875005e-02
-1.176120206190703621e-01
1.697361453678309512e-02
3.530957618866582132e-02
-1.467871295728824174e-02
7.865563700150093873e-02
5.776234065539750245e-02
1.067858224954031376e-01
-3.815570571667867283e-02
-1.078479019121764831e-01
1.524258100461958927e-02
7.792319165927970304e-02
-7.113960440005119568e-02
5.286296238458767366e-02
1.610367720978159167e-01
8.784101564809032592e-02
-1.280014684438906701e-03
3.048143543471193082e-02
-5.909322391145792330e-02
5.644964435299906769e-02
-4.592797002682905833e-02
1.262654694001141657e-02
-1.059948468002945843e-01
1.368247406718382519e-01
-1.342038632727722385e-02
-1.401619723365934642e-02
1.853669073906157386e-02
3.529942836495422037e-02
-3.807971002645223202e-02
1.117218004483341437e-01
-3.060412217450097019e-02
-4.894276130818937635e-03
-9.831995625228712177e-02
