1.640809271312579712e-02
-4.491367007367142450e-01
3.229907036588328118e-02
-8.336382518873475256e-03
2.242269234036812706e-02
1.086581984584664012e-01
1.338625734042735160e-01
2.721973338828608258e-01
-8.075137366287714336e-02
-2.257163898945188374e-01
4.712538351994208230e-01
-4.066413357126918982e-02
-1.446191330191513025e-01
1.178344393182482186e-01
-3.291714270345107857e-02
1.857137789557462282e-01
-1.028871072697514905e-01
-4.300482968870585898e-01
1.914848693098925581e-01
2.770449400483360747e-01
4.298259527518810130e-01
-3.074884603855149168e-02
6.590046227658397093e-02
-2.726019930441776484e-01
3.763611212385616078e-02
1.320070861732459688e-01
3.522106633432873779e-01
1.858837430888555797e-01
-1.986793726756499734e-01
3.866827167710610857e-01
-1.515066639314268104e-01
-3.646402478847267647e-01
2.433640484686143968e-01
-1.166515277510024318e-01
-2.975456737312663913e-01
8.770608308082625260e-02
1.338892792967728285e-01
7.292019714634087602e-02
2.666608210082778152e-01
3.569892639047150262e-01
9.053660945744822219e-02
-2.827796834323260955e-02
1.154098695473753655e-01
-2.124368365746562015e-01
-2.756439284906110898e-01
2.163971861853864753e-01
1.219547904385106900e-02
1.366888557545708344e-02
-1.923272618284757596e-01
-1.306897008805586458e-01
-5.338607157428126165e-02
-2.660904111759252247e-02
-5.303010765399603088e-02
4.597818392749943722e-02
2.152317549950037434e-01
-2.098171590496153982e-01
-2.303105240450035174e-01
-4.239875366136781065e-01
2.924291787397983455e-01
4.884051595075258184e-02
-2.524827501127748230e-01
2.822519292336125307e-01
2.907619610639068930e-01
2.677281525509407345e-01
-1.362915345981714210e-01
1.374327355671943751e-01
1.775672567413260350e-01
-2.938659754423343998e-02
7.337187256319176176e-02
5.037838855048586140e-02
-1.193559519775228006e-01
2.642223380729531446e-01
2.926728352912398301e-01
-1.005902914084634836e-01
-5.482042132033928400e-02
-3.905908917472351027e-01
-1.338633984494371487e-01
-1.767872667250468544e-01
4.156013668952827644e-01
-1.250377271991553463e-01
7.084009517760701813e-02
2.599434015074570947e-01
-2.209347831734413403e-01
1.124193417795198158e-01
3.563538873637998594e-01
-1.186873259017485194e-01
1.520630123680773715e-01
9.079149646551523678e-02
-1.133799673007733350e-01
-2.404711487837598305e-01
4.139768907659571173e-01
-2.536440547070845652e-01
2.499097047985721909e-01
-1.265481864098511045e-01
1.171948177980848549e-01
-3.951364771004650667e-01
-2.313795360987091349e-03
1.890678452346274130e-01
-5.743426269957731256e-02
-1.239580447634625326e-01
-6.279429669382385892e-02
-3.141353446615293143e-01
-3.162306564046162283e-01
1.659511179531430736e-01
-9.075308855163398414e-02
1.716500781603979842e-01
2.002618733797819628e-01
-2.047659262763056043e-01
1.265417302875142536e-01
-1.140427572307448345e-01
-4.339455367978289901e-01
-1.387283079837287325e-01
-4.388821635391646492e-01
-2.010870231223835791e-01
-2.825711947897838749e-01
2.892821870634379455e-01
-1.224697230141755522e-01
-4.708150747113266227e-02
-4.157970946259847977e-01
-3.591698528377354482e-01
-3.090852612197753091e-01
5.076206041651831063e-02
-6.790130050815376683e-02
1.902778747996888009e-01
3.890086555711728122e-01
-7.242303885018880338e-02
-1.070501411933909020e-01
4.721279689542664387e-02
8.134904865303585475e-02
-9.798252294139746243e-02
-2.193980310101124043e-01
3.575664812534934955e-01
-1.570633101609791027e-01
4.781695690307365132e-02
1.608313745489096599e-02
-1.825840320233118874e-01
-6.887746009015253967e-02
-8.010627114643666113e-02
1.246018151546717835e-02
1.227694143001569621e-01
1.088086183499507170e-01
1.791361091079770596e-01
-6.273876241921054475e-02
1.465559701273218794e-02
1.243498811681294225e-01
-1.142687869615276186e-01
-2.848096174951353921e-01
-7.052897301830410304e-03
7.464610253485975955e-02
4.021834183225915793e-01
-1.323802128041243024e-02
3.109725232343005241e-01
1.120936501296140725e-01
1.850422334057764684e-01
-1.833003521214759957e-01
-1.743971564134612351e-01
2.393035353454586733e-01
3.587807483431310757e-02
1.239080212148276072e-01
-5.914348553034496497e-02
-2.083627365414228716e-01
-3.451620414665825254e-01
1.226944541670750427e-01
-4.001334218733380160e-02
-1.900271527054439233e-02
-2.458264670686079456e-01
-6.998992133051666620e-02
1.406063436480678719e-01
-7.006744578823086156e-02
8.892353995826379753e-02
-5.112244354228950849e-01
9.749562081041737716e-02
-2.009041189828813245e-01
6.118653285198826647e-02
3.203234150414574488e-01
-1.574800264932035287e-01
7.353051675165178658e-02
3.105339285752963755e-03
-9.479090399518816379e-02
5.585291019355012598e-02
-1.108974173138113362e-01
-5.762719017382765541e-02
-1.446833147876976609e-02
-2.805379031733859496e-01
1.015786237420132354e-01
-3.738053477759067933e-01
1.670888989881190445e-01
5.550248786241433752e-02
-2.835420644811799829e-03
-3.085641383638405011e-01
-9.194944171859398274e-02
1.772181599152429510e-01
-1.314643274491861247e-01
6.597606931335057989e-02
3.016947533700602840e-02
-1.676609607604260255e-01
-2.379166261852491693e-02
-1.118084033311445985e-01
6.940138206910681506e-02
-2.193910455327162390e-01
-1.120960691438829399e-01
8.299542547740106080e-02
8.172676599003396436e-02
-1.457724211876843257e-01
3.309050588820080518e-01
3.616476748901131105e-02
3.725432299629174437e-01
2.450488034771595713e-01
2.602022967284218780e-01
-3.738081777620597124e-01
-1.543506038471613440e-01
-5.544312351638220476e-02
-1.735507073142938950e-02
2.271238556065985903e-01
1.426153464182721153e-01
-3.391499772687834313e-01
-2.455552498497647063e-01
3.110050652726401577e-01
3.275699160336680293e-01
-3.108056856120170464e-01
1.499234545972868149e-01
8.371218741058274182e-02
8.902650259374628172e-02
-8.391363570644418124e-02
-1.426144647162190249e-01
-1.802255800800307839e-01
1.806298540632194916e-01
-3.637488191686603922e-02
2.432468464143058839e-01
-2.743988056222008975e-02
-1.551258484243220603e-01
7.022918365640122562e-02
4.435249787374565683e-02
1.741729395880346754e-02
-2.096181614657249004e-01
3.893131223248751382e-01
1.345243295833137842e-01
1.711909437334312722e-01
-2.726693496913489834e-01
-6.084651624550529731e-04
-2.009289391521351387e-01
-5.784596876569363111e-02
-1.486249377474071487e-01
-1.118171878462943247e-01
2.501673323047683972e-01
-4.945137332014734599e-01
-3.931968639790230924e-01
9.894506194767203888e-02
-3.473951882442865013e-01
-4.038304309857396884e-02
-5.268922209198604288e-03
-4.294306972476605866e-01
-7.706357041314328138e-02
-1.076852968301856943e-02
2.658591045024551458e-01
6.308780432995326759e-01
1.000000000000000000e+00
5.401902910090879140e-02
3.690255064269362673e-01
-4.864402406662286793e-02
-1.525385367640864354e-01
-8.039644349350436037e-02
-4.437502134785113045e-02
1.652433744989672548e-01
1.729166729484720444e-01
1.417574776292653271e-01
-9.420985460702760439e-02
1.318593303248448076e-02
-2.320761965181404873e-01
-2.243424113182359569e-01
1.091226060105300183e-01
-2.258514555358364650e-01
-1.176491778907440555e-01
4.102131848079045538e-03
-7.096435832977034466e-03
1.156226619125612365e-01
-2.059132599158230714e-01
-3.770812585557317687e-02
1.169782194861740399e-01
5.275840058486606088e-01
-2.077216133426911249e-01
2.846054706291049549e-02
-9.268277062888352624e-02
1.338215097097541773e-01
-1.507670887379814473e-01
1.304777007294396496e-01
6.726052768845254548e-02
-2.289112834644492778e-01
-2.754744378902214130e-01
-1.796921063310660538e-01
-1.226212950397475299e-01
9.590881536871469215e-02
-3.427697797702119464e-01
-2.430961339341314864e-01
8.718324787259221220e-02
-3.039426803123232435e-01
-1.226623270365835572e-01
-1.463715709292232325e-01
-9.710355044191314178e-02
-1.737036999380623878e-02
3.432720163531458035e-02
1.606176528034211279e-02
-1.222597895303316334e-01
1.502950701269614719e-01
2.831961041929513256e-01
4.933572709621823760e-02
-1.923476030546440174e-01
-1.870836934968104770e-01
-1.565060788888432419e-01
1.883649172083009041e-02
6.962488660081708226e-03
1.845653351102327297e-02
-1.083765367027892529e-02
-1.602081215573843698e-01
5.476335170147345749e-02
-4.452408683911250609e-02
-3.157955190697217529e-01
3.431890267614032819e-01
-4.416684497365038625e-03
2.355055733091341030e-01
-2.589418057156908648e-01
-1.278654552873076666e-01
-5.512857563762888630e-02
6.206606556970292732e-02
-4.064627409007843251e-01
-4.749926668535318086e-01
4.641476515062183117e-02
-1.126839884287962751e-01
-4.506832031455255960e-02
-2.263455490474296228e-01
-1.372570845346097190e-01
-6.851233041251600375e-02
4.209933612422885052e-02
-1.467185741608242611e-01
-1.620806464957263437e-01
2.625177414636165052e-01
-2.051138448756626431e-01
8.082874887428263821e-02
-1.168000647217731086e-01
9.507913548616391680e-03
3.531368653655367253e-03
1.415233708798710743e-01
-1.188302029001757493e-01
-2.944015148435720208e-01
-8.219226985384560369e-02
-8.470090772479245411e-02
-2.235265187889539096e-01
1.166122033359892896e-01
8.947537691961446327e-02
1.238737379290372892e-01
1.324341753846804137e-01
1.821659061580744102e-02
1.362580463289610466e-01
-3.260507059734691349e-01
1.343558382336213775e-01
4.383436458584264450e-01
1.590375569472231854e-01
-1.573365392676821578e-03
1.361464464566555232e-01
-1.899864684035366402e-01
9.871835361550247712e-02
3.186194970334700338e-01
-1.134357989346281986e-01
1.472939010158433593e-01
-8.951894168853120892e-03
3.927018531317106320e-01
7.486570420392610337e-02
1.732086415307990124e-01
6.409210604720283477e-02
1.713366768106498184e-01
-1.590101483286807671e-01
1.405419642654137380e-01
4.045883543638343904e-01
-2.046055968080352783e-02
-1.510196481877478514e-01
2.051077382978065133e-01
2.014397710438379507e-01
2.899435303026121069e-01
3.688399773699482243e-01
-2.390503020648193644e-01
3.069449939845020348e-01
-3.586597264746076430e-01
1.147917935727634370e-01
1.538879588646728802e-01
-1.143994603452516134e-01
1.745313671346507625e-02
3.189005008206921010e-01
6.119826293397184758e-02
1.450042179102593864e-01
2.581663848197888328e-02
2.183273650854433978e-01
2.491246176854485656e-02
-6.816500372907259575e-02
-2.275762721856718629e-01
1.916589572365617888e-01
-1.395548446588051883e-01
-1.824383884341171103e-01
6.617379918251005411e-02
4.231333841384284783e-02
-1.029238681947009654e-01
2.687486131484141949e-01
-6.252567549735255081e-02
-1.938408483845472097e-01
1.295128004992366633e-01
2.530686316255645329e-01
1.486398192994039802e-01
-3.470374569839121959e-01
1.509616026082912510e-01
1.768313318087021413e-01
-1.873679113148813968e-01
-1.966913897329820027e-01
9.029964102419892058e-02
-1.091639373345520692e-01
1.046582876663725570e-01
1.685325058023648750e-02
-7.596210566556735322e-02
-1.671377135921952098e-02
-1.525352071525754860e-01
8.573374614248401027e-02
1.986523720813280006e-02
-1.918973137357181669e-01
2.074541963204524359e-02
-2.877253641059377975e-01
3.848787816944062579e-01
1.569763495138790377e-01
1.655468680946106941e-01
5.195431308002492615e-02
-6.023696554982747170e-02
8.211008270650320406e-02
7.111313752684220169e-02
-2.652117947788901198e-01
6.285923973019978961e-01
-8.384923023117045460e-02
-1.766948298521647809e-01
1.157904140680133392e-01
1.871663418332941142e-01
2.243269311118295528e-01
2.978602196420564452e-01
3.469770232533014309e-01
1.651957382669179131e-01
-2.186717798677558500e-01
2.137999667710649143e-01
-3.652582949642060317e-01
-2.572475586954389160e-01
-3.006784297710893283e-02
1.369275560747892362e-01
-5.022696857377324103e-02
-2.350527533312225248e-01
-9.781683548523839589e-02
2.530784470891135896e-01
2.622739954241512517e-01
7.214553888001132287e-02
-2.405794796374079170e-01
4.723592475670221891e-01
-1.542012754969111776e-01
9.470326474672008388e-02
1.472118071473195108e-02
2.952183458855285256e-02
4.520031862832285530e-01
2.531444754286628074e-01
-6.277625973584970154e-02
-1.297436113028040960e-01
2.888061016146675208e-01
4.197513974171063200e-01
6.407070497748375282e-02
-1.306648257235338006e-01
-1.898797921118473009e-01
1.107207574894828322e-01
-1.619418700007149159e-01
-6.431469255379454464e-02
1.149897602082733533e-01
-2.249038903721518878e-01
-3.945273385243932562e-01
-2.826353691037896687e-01
2.864356222301988053e-01
4.462230168572040578e-01
2.010012118068768838e-01
-5.211411417310529010e-02
-1.680454902038364673e-01
-1.292719209141591497e-01
2.422392624278587314e-01
-1.215466545678836746e-01
-1.368986457776784349e-01
-6.267984074274579598e-02
-1.902246728538336540e-01
2.614919415431100624e-01
-5.839701312854445048e-01
2.315642057538540577e-01
7.916008352781833679e-03
1.345365015003149312e-01
-6.486794829034122321e-03
-5.808043066463233761e-02
-6.173831679353114499e-02
6.038599457289163530e-02
-6.803141745578573235e-03
1.101193090848323342e-01
-1.164221712112593204e-01
7.748608544323538211e-03
2.462695899661456467e-01
-1.233331361948448585e-01
-1.413969500484222319e-01
9.047048882734340380e-02
8.342534467502600581e-02
-3.956281890457057082e-02
-1.919072186872722297e-01
-1.821168839731190925e-01
-1.427082038040285161e-01
-1.507614604633401023e-01
3.184358248045759954e-01
-2.385850975281937625e-01
5.503931352488534989e-02
1.315566150757407071e-01
