1.576846310593606193e-01
4.158885902054007544e-02
1.184290897218752761e-02
-2.128203284986063815e-01
-7.575881365439822435e-02
1.566646060723445033e-02
-3.852390120052325007e-02
1.948828731959615090e-01
-1.792094649187212993e-02
1.629878883199811779e-01
2.407399598987289627e-02
1.510149739285818471e-01
-1.878389444736241753e-01
8.503041789373072534e-02
-1.705761422418110851e-01
1.242810657704300839e-02
-1.030734435791919174e-01
-1.541363217943937380e-01
2.297149233383993239e-01
4.236256512679714009e-02
3.429351771570121055e-01
-1.521365466933604083e-01
-2.172793560422488224e-01
-1.609944874265740733e-01
1.071711396175767800e-01
9.624638582923719654e-02
-1.115597150776921342e-01
-8.021965559624313902e-02
-1.763182975442496858e-01
3.908745844414781949e-03
-1.303014111624777871e-01
-3.060707028212737019e-02
-6.516309009583087786e-02
3.386822426290936328e-02
-1.740106786941279099e-02
3.235848871438209429e-01
-3.386504869972237208e-02
-1.377135949900940848e-01
1.642351098208571225e-01
5.971102707449334884e-02
6.285994945264360145e-02
9.285519098930521131e-02
-1.790768334993899924e-01
-1.909460873326814523e-01
-1.099728632373705439e-01
1.967421265686241649e-01
-2.423351310406161307e-01
-1.398886045988165239e-01
-5.660729761218771805e-02
4.468205990036621528e-02
-2.906132932806252886e-02
-3.685859952384622218e-02
-2.623099628599758759e-01
1.044276920543514009e-01
-4.779051547847797121e-02
-8.953349258787489384e-02
-2.970331001027337603e-01
-2.175172833615422463e-01
1.188900356721780405e-01
4.826162010194660901e-02
6.941233803884853948e-02
1.145023101846843680e-02
-7.689850658719629695e-02
8.435096636183907204e-02
1.593006570578989756e-01
-2.224373163654333463e-01
3.056627022200658628e-02
9.961127189532098525e-02
1.696320484495011938e-01
2.371821129655622140e-01
5.612850670936759406e-02
-8.981596873680632032e-02
1.515481017061320618e-03
-1.102643636640320973e-01
7.770007413261563467e-02
2.436220075689411457e-01
-2.509493189066224206e-01
5.010492559684612962e-02
-7.543584689148152833e-02
5.480775372095478271e-02
6.332343794394258707e-02
8.468682476513830770e-02
-5.795502800729658566e-02
5.520625722261113255e-02
-1.311890910096805973e-01
-3.642464944429061324e-01
1.310057162567392075e-01
-1.080689656085638689e-01
5.106007346471860830e-02
-2.066419006778356660e-01
3.346843983073313211e-01
4.887885660206987837e-02
2.652721202550505919e-01
1.274300397457213060e-02
-2.943782083777097061e-02
-8.484164627945200987e-02
1.620195625322198296e-01
-3.187157765298764822e-01
-9.129756785915502104e-03
2.979230012480869050e-01
5.959891544499723581e-02
2.731427682000043926e-03
-2.191733692601595673e-01
-1.193664389704771206e-01
2.805955649946123218e-02
-1.975073877948246154e-02
1.383900154785523418e-01
1.615485778818868123e-01
-1.365980140796118070e-01
7.921353762516517016e-02
4.017896130692164003e-02
1.036420661953286158e-02
1.026276464839821628e-01
-1.558436886223525109e-01
-2.971031936468777057e-01
1.872528334783649800e-02
-6.932947080012798191e-02
1.704448601908005456e-01
2.280528863747300142e-02
-1.072515701585170095e-01
-1.133975290174312062e-01
-3.279715044186514716e-01
-1.011824853040149685e-01
3.008144196327989794e-01
-1.241391220724705619e-01
-3.676081157960521539e-02
-5.457228423875285644e-02
1.842950765103344712e-01
-3.203028970270543202e-02
1.787397584508598203e-01
1.741512864210268130e-01
-2.238433467163993551e-01
-1.193827208409937585e-01
1.503294288391210549e-02
2.039543906598935974e-01
2.752949652901323652e-01
-3.630112511517788638e-03
-9.501876416913518364e-02
-7.676409603894000788e-02
7.676049243649396558e-02
1.289369639335670795e-02
-8.139726003815254962e-02
-3.003747323376915190e-01
2.610550311804247237e-01
1.295720398662408845e-01
1.660375141997621692e-02
-9.078510629716873837e-02
7.740112526016722228e-02
1.422365340178897708e-01
-4.660450638378067778e-02
-1.129545243993956560e-01
1.618476228281587881e-01
-4.163004078666154156e-02
-2.077655503063762510e-01
8.324947186498790619e-02
-1.340266493601889874e-01
-6.395583306852790917e-02
2.651868618097942901e-02
-1.034631130087892426e-01
-9.879423360465683368e-02
-9.132860089214033320e-03
-1.746929126278984612e-01
-4.779571945949694090e-02
-2.343620335662102358e-02
-1.061710171028797632e-02
1.221785255136739468e-01
-4.317511310789014234e-02
2.333534050627551482e-01
-6.323570006963899481e-02
-1.091882700946161383e-01
1.212724147576809686e-01
7.106646704683947102e-02
5.520028918224993003e-02
-1.848680534150115573e-02
-6.204997790176560585e-02
-1.327409431438598131e-01
-2.838770413536648718e-01
-2.988174840748578087e-01
-9.493415479210064178e-02
-2.278668939497079451e-02
1.359170119097240781e-01
-1.105327815480816600e-02
1.081050604120815418e-02
-1.297484426585845396e-01
-7.133688519996013444e-02
-1.458246155234171892e-01
1.604587815468048184e-01
1.278167816917571697e-01
9.225996712843577419e-02
7.560566339853382056e-02
-1.990910565859807801e-01
1.256632585818762693e-01
-9.753631656760147761e-02
-2.234461321198623895e-01
-2.615111885244135737e-01
-3.046879172388944693e-02
1.624996198208477072e-01
3.148044896951732174e-01
1.730758621317763091e-01
-5.410812711462927721e-02
1.752643097332139827e-02
-1.126250909570905047e-02
1.277130257071549535e-01
-1.040308346171971293e-01
-2.438991853231502888e-02
5.298044446438314459e-02
2.594095453914808114e-01
2.236147289415397338e-02
-1.969662775677395727e-01
1.359110170153187205e-02
2.584131912108456053e-01
-1.722136057313086721e-01
-1.282185803625150722e-02
8.189352896476161103e-02
2.867894203786969243e-02
1.805397092420522875e-01
-1.967197076767283614e-01
1.361035151599228610e-01
8.757389865467966883e-02
-5.259098711243931357e-02
1.201113307525357027e-01
-2.879162697498097723e-01
4.754029427177353800e-02
1.853899349813057651e-01
1.951253378053903753e-01
-1.820715294415508334e-01
-5.273489907095570833e-02
-4.734669844052379756e-02
-3.246505901446781594e-03
-2.931678160145118062e-01
-5.301193202529142640e-02
3.242108367300416266e-02
3.084125085922156603e-02
-1.529707959256190186e-01
-1.368177967696097286e-01
-3.753205956688006936e-03
8.435068072965030972e-02
1.456582879949814557e-01
-1.887459050581069900e-03
2.474194419304578119e-01
6.164333544950378191e-02
-2.115209175746584347e-01
1.021245758724401154e-01
3.803294252487069982e-01
-3.299694644741764105e-01
-1.624650243400176108e-01
-2.361959036340761375e-01
2.712212384161310011e-02
-2.219292306839315831e-01
-3.588506781311316673e-02
-1.936701961406920025e-01
2.918055008486120094e-01
2.391601159355652428e-01
5.617439574902001187e-01
5.957736528612471716e-01
9.257008258911917364e-01
1.000000000000000000e+00
8.671784457081905817e-01
3.517780785062047944e-01
6.866842765772653012e-02
-1.262461858806874226e-01
-2.632041121447621299e-02
1.782009247211623904e-01
-9.727766616147953682e-02
7.721357231843743729e-02
3.005623594812624755e-01
2.975689040836446142e-01
1.119491717823067334e-01
4.616107662812788393e-01
4.403465517359494985e-01
2.658606610241106005e-01
2.169369815862053630e-01
3.701675866039390583e-01
1.779175890863827214e-01
1.223698993994557782e-01
1.190824605441260092e-01
2.716187642043007000e-01
7.423969359496432330e-02
2.292279443917027981e-01
-1.148553887609954187e-02
2.193191691713903546e-01
1.784309505579415034e-02
8.184033821072335402e-02
9.735750384793894277e-03
1.448957552047280550e-01
1.122037156121995227e-01
-1.813204555995015232e-01
1.140167488967748777e-01
-3.048944945076650370e-01
2.331667116068736056e-01
-7.840303993387488790e-02
5.916512725233896708e-02
-1.558904806221348971e-01
-8.510659807135942390e-02
-8.921969259512393946e-02
-4.251743370702878305e-02
-1.094616736052410333e-01
-1.209243545715118773e-01
8.966429953369678407e-02
1.411390983840205837e-01
-1.054102692674910580e-01
-9.602514460577271649e-02
-4.911021683339540644e-02
1.617849306638720897e-01
5.646646708501076861e-02
-8.946549842679292486e-02
-3.033827022735647860e-01
-1.344646395555824103e-01
-3.801662664430498217e-02
-4.378728747211246830e-02
-2.360608944890286304e-02
6.924531733094693720e-02
-9.886676181926308538e-02
1.061862463271100038e-01
7.605248831329217141e-02
-1.678679204408294685e-04
-1.278146284877224037e-02
9.213675658131425389e-03
-1.295438424923490706e-01
7.893063270428017641e-02
2.523441330414629910e-02
9.085794792719291413e-02
5.366233196138389672e-02
2.167710366076133072e-02
5.306094791250611648e-02
3.747565841268551412e-01
-1.634681583336034527e-01
8.107871261956536846e-02
-3.000400190524292743e-01
-1.878044689659297273e-01
2.016387168303649113e-01
-9.988555741109407526e-02
1.319699851234829580e-01
6.266762259649522049e-02
-3.969224150381987781e-02
-6.087514147575440876e-02
-1.405294746941021244e-01
1.849191418313023139e-01
-3.208360659712294338e-01
2.195082031658750210e-01
-4.715088398577095552e-02
2.091834280666601126e-02
-2.698974276138816353e-01
9.964988066439899733e-03
-7.887163697966355358e-02
-1.976820647768225969e-01
1.013518253258664931e-01
-1.786517533832482005e-02
1.505024502673677489e-01
1.751872246638694619e-01
7.615500310603383338e-02
-2.025136210410267423e-01
-1.935925300971830590e-02
5.292582166547234873e-02
-1.752464523961692611e-01
-2.291030768591816036e-02
-3.978353526729903888e-02
-2.944268304563453231e-01
1.971912443087384670e-01
8.834497923747409998e-02
-8.099932844820294242e-02
-1.251066831535721235e-01
-1.404706689786195360e-02
-2.941826260249531377e-03
-3.524729736474413455e-01
5.845495435737106150e-03
-1.753957598360225412e-01
2.159459560875314280e-02
-1.293851284214357356e-01
-5.484201059241974874e-02
1.513306366800999947e-01
1.240866735057921666e-01
-5.050555164819366116e-02
-6.996208067702569533e-02
9.646025013409710580e-02
-2.711039676477602911e-01
2.973251041504960113e-01
3.097751627329074497e-01
-3.920232265853974551e-01
3.539386499169911576e-02
2.203934483426038815e-01
-2.915204859056464565e-02
1.240862727135698743e-02
-1.751001051198846359e-01
-8.534490709666515962e-02
-1.902630527756909717e-01
-1.837388064476883770e-02
4.330276968447225455e-02
8.627706813022914534e-02
-8.389289522387100018e-02
-1.633095396891961204e-01
-2.310731802886463737e-01
1.015749034668217421e-01
8.246865260034430545e-02
-1.989208822722282333e-01
-2.081427275931665294e-02
1.505682470295997832e-01
-3.550184290905449014e-02
1.343969423129903404e-02
2.467401341856368946e-01
-3.823067318026329708e-01
7.641647053594796679e-02
1.717761191570275903e-01
-1.629495209030046576e-01
1.364409023292358081e-01
-1.668427544544642468e-02
3.076134271178974644e-01
-1.029286701928629200e-01
-2.973991810611339437e-01
1.001011010240815922e-02
-4.606925179525329234e-02
9.119242199887843403e-02
-5.739164959941265437e-02
-4.830050839539457019e-02
9.120044365100717088e-02
6.312444743632379396e-01
3.925828894674363023e-02
3.834773762176799106e-02
-1.813990956415397204e-01
2.268152466772636877e-01
1.381126803951814204e-02
1.314073250036584539e-01
1.662439111415849324e-01
-1.343796478252063109e-01
4.053692842329828516e-02
2.474351518892793644e-01
2.133044698441751152e-01
2.321158300538452290e-01
-1.469012326439518290e-01
6.922932238725421072e-02
9.965615665967689218e-02
-8.578843656046621080e-02
9.423844787827469205e-02
-1.226373554470666927e-01
1.516393745369500057e-01
-2.720506637969269392e-01
-2.783342319339136006e-01
1.280286400980966965e-01
8.059989781743318038e-02
-2.075917153325237963e-02
5.654238682439791108e-02
7.940696577002046008e-02
1.601925408497896497e-01
7.736644563914394333e-03
-1.384955593727746626e-01
-1.940244841581462709e-01
1.832965752333901022e-01
1.851382094698636460e-01
1.063783365589752450e-01
5.036152433315325971e-02
-2.044828528544641658e-02
3.231397360767822025e-01
-1.912723463099442744e-01
-1.344182756804243595e-01
3.267333661950540258e-02
5.737062095037735038e-02
-2.266526526627383673e-02
2.369498216358292275e-01
7.235303404366366653e-02
-2.007394216669393383e-02
1.800689167393664247e-01
2.184270494025224718e-01
6.904859697172220645e-02
1.102339748025487759e-01
1.610582570656209633e-01
5.904241616049864944e-02
-4.349002376570114750e-03
-1.150592476690094207e-01
-2.649318425074218553e-01
-6.664670885533971467e-02
6.888233902851603752e-02
1.212118570767740586e-02
-8.730201003446206795e-03
2.674439178736167516e-02
5.620796111328879574e-02
-1.021086154137406700e-02
-1.461473894913574989e-01
1.565331464802401096e-01
2.094528427503247192e-01
-3.048278853255143583e-01
-1.456613164491212253e-01
1.960384543275589184e-02
4.743486832336883674e-02
1.946669598105687238e-01
-4.176812590260552127e-02
-1.047342066710866826e-01
-2.256628384341943794e-02
-2.397548355280047783e-01
1.516774298331437509e-01
-5.737340954362281364e-02
-1.945859507993690507e-01
4.879749625736898300e-02
-6.293230868624355434e-02
3.440685699986598123e-01
6.644452537151292193e-02
-1.100929945770310198e-01
-1.733968435735082081e-01
3.943566917687676421e-01
-2.374861445512588265e-01
2.336117088631126798e-02
-1.270681160315761393e-01
-2.569744394561574927e-02
-4.664891013170115175e-02
-1.222562795812815600e-01
-3.404706458842368666e-01
-1.678058578223725339e-01
-1.973891787239005213e-01
1.740906829687672089e-02
-2.601962114287031946e-01
6.456435870633896179e-02
-1.358358610534180222e-01
6.792862385283368609e-02
