-5.353854969941814618e-02
-1.544523129740940463e-02
6.307773313116833702e-02
-2.713405256437671428e-02
-2.825939532438912286e-02
3.665705815586148969e-02
-5.637017751406597083e-02
4.261016624339260261e-02
-4.685598337086633453e-02
-5.305344819705375831e-02
-1.727968685754151940e-02
-9.563402735647682021e-03
1.579121731384682675e-02
-2.150196717200849456e-02
-5.923893987972903702e-02
-2.355681092610937763e-02
-8.877810926126081248e-02
7.505460643330945369e-02
-4.520635644897403986e-03
9.799923360683986118e-02
-5.828309574415019984e-02
8.749886178874141315e-03
5.511707001295159530e-02
-2.543199075454504604e-02
1.209895633796609186e-02
6.513374378081543403e-02
-2.482111189154061551e-02
-3.223419663641909592e-03
-5.850709591307054480e-02
6.901657052171584171e-03
-3.438382471707870924e-02
-3.967035582468694116e-02
-1.053192719606670796e-01
-4.472391432495874397e-02
-2.636749315883231762e-02
5.616034554728585593e-02
-2.921289083044116205e-02
5.254775123300776257e-02
-2.400901225109056125e-02
-5.663371365657377150e-03
-4.517057914907310280e-04
6.459411105707882350e-02
-1.502964228424764036e-02
1.013644482196956464e-01
-4.385192299967864693e-02
4.435353020488178033e-02
-4.898813031859865913e-02
1.615111562931234937e-02
5.713175254366181094e-02
-6.222272529261826945e-02
-1.071334756786305846e-02
4.308683980420331683e-02
-4.667397081567097733e-02
-1.013126269369537952e-01
7.550134342572871471e-02
-4.377587573224643591e-02
3.974734222454465865e-02
5.979309525383726467e-03
-3.434272374285039526e-03
1.017752769104134508e-01
4.624365420504353286e-02
3.626807770177515201e-03
-2.004728877320855959e-02
3.365048593227198959e-02
-9.667078747651594237e-03
-1.939149207397893038e-02
2.200957578740708048e-02
-6.001458672161521374e-02
-4.215226175392582791e-02
5.939766991064095343e-03
-8.953998253657320661e-02
-9.205598150601754237e-02
-1.014082208596878837e-02
-1.315399598270642900e-01
-4.190971285755001885e-02
-1.199487649369695014e-01
-4.973200678254020152e-02
-1.109520242670489626e-01
7.066276443102857685e-02
-2.335625706267741020e-02
-2.677600289690542854e-02
-6.381225735956840006e-02
-4.660752951417029138e-02
-7.351930369242419550e-02
2.924863275802825659e-03
3.068887606023419645e-02
-2.729705721630112589e-02
4.969870078073025665e-02
-4.288115324042419962e-02
-8.262505487054049025e-02
2.262222539658770293e-02
-1.117455471775186983e-02
2.077939382945062294e-02
4.794510103541025497e-02
-3.947638867402992330e-02
1.593904408857429317e-02
3.185193496423190801e-02
4.645502173566362636e-02
-5.135326842171789724e-02
8.318578501269133924e-03
-7.424824878786534868e-03
-7.033741487949177196e-03
-5.338056504268123836e-02
2.903767414305561539e-02
-2.438820040023716509e-02
-2.375635740725402095e-02
-6.440400590215064613e-02
-7.191307154601618568e-02
-6.140469472457195377e-02
-8.741631546494327276e-02
-3.298368495887320229e-02
3.444080076032568234e-03
-2.091636100482342428e-02
9.508382404030525734e-04
4.459959462633059785e-02
4.680356188707860549e-02
-2.529555553035965285e-02
-3.731437193089925247e-02
-5.743123348303603992e-03
3.973468732857780850e-02
3.655210766960117347e-02
-1.852494653320358592e-02
-9.171856459385419394e-03
5.903617605920260386e-02
-6.122237305234898980e-03
-3.473909254647705031e-02
5.338371183943516063e-02
-2.708629353631101383e-02
-2.407021179667189967e-02
4.347663017273378783e-02
-1.080641723866774401e-01
1.336201370476055028e-01
-6.511535111455009003e-03
5.161112024859659288e-03
-3.847806436241239109e-02
-4.838574246052823602e-02
-1.741639288330207661e-02
-2.951246796214326146e-02
-2.250588565255470797e-02
5.269136218215702411e-02
-5.842698120448405058e-02
5.711906055159065437e-02
-3.475827851105737359e-02
-2.396781767813990077e-02
-9.740791004659966152e-04
2.846806404521380965e-02
-3.923449556283280237e-02
-7.431470945332390408e-03
-1.576581956472152424e-03
3.201956268300798492e-02
-4.907390225949750939e-02
4.956264434024754660e-03
8.537674892245683675e-04
-2.524653935679343868e-03
1.531724890861237576e-03
-4.909846352598339764e-02
-6.625228696340526580e-02
-8.163344588872991497e-03
-4.787670209036176683e-02
-3.647715539827262043e-02
2.106019594745194706e-02
2.149260374761006315e-02
4.818577531651579982e-02
-9.992406299049055168e-03
-6.640441859437064276e-02
2.786494250013662327e-02
5.776552110646745791e-04
-1.009444416451396737e-01
3.105051173538102977e-02
4.285970909381012911e-02
-3.400788581694341728e-02
4.665676104268894064e-02
2.024986334356866299e-02
-6.890725155748392283e-02
6.590135508397031161e-02
-7.959350671997947324e-02
5.286229890711591217e-03
5.317343330253655742e-02
-1.602084494536733239e-01
4.956083898825845713e-02
-9.163269081908331781e-02
7.352959282764712223e-02
9.513889216693563466e-03
5.804970618355874412e-02
5.004654434125282297e-02
-1.685827449549368029e-02
4.108513408967644220e-02
5.295901313226835522e-02
-4.124866327356940809e-02
8.460512353869617530e-02
-5.939487267579034169e-02
1.610601973177776952e-02
6.820004486979068352e-03
-2.189027985360119180e-02
4.290220039867710666e-02
3.935129448268462338e-02
-5.050474194998000321e-02
-6.597258827414580369e-03
-1.545206284448683888e-02
1.801112499977327100e-02
-1.001144008374769134e-01
-4.628366933677632161e-02
1.793206589841338239e-02
5.115090071362660834e-02
-3.265739825012770048e-02
-8.907300397234368949e-02
2.472842902487423777e-02
2.969214814309290712e-02
2.291973501326576360e-02
5.814422838963504217e-03
-3.902136470525872231e-02
1.772414010407835768e-03
-7.535570435043245641e-02
-4.262150032949241565e-03
7.230060002290013277e-02
6.754050595581535810e-02
-6.703932164622408707e-02
4.923079562974688739e-02
8.475301708641674869e-02
1.357449413378962189e-01
3.956447356519464387e-02
-1.196766500298480744e-02
6.083995394472098417e-02
7.257765331376152436e-03
-2.930200064760709808e-03
7.969286445414779096e-02
-4.366289423277497361e-02
5.419123622547941665e-03
1.335281007175889365e-02
-1.853765707332857490e-02
-2.134652033493938950e-02
1.314259088862784752e-02
6.319842743324054213e-02
4.145246368077330767e-03
-3.154886314827667210e-02
9.341938093629088141e-03
7.751246550354935066e-03
-5.453422200933617792e-02
1.086914081556267057e-02
-8.310496284192145366e-02
1.642158180399150638e-02
-2.475053678838259972e-03
4.871810247891175671e-02
2.081993261722594676e-02
-2.823274139150720383e-02
2.841344008357579373e-02
4.479347645594067978e-02
3.154031791602455309e-02
5.796398246759917189e-02
2.715693353218280245e-02
6.817170800206087677e-02
-3.353185691247975719e-02
5.693206509731544435e-02
1.607527548860375743e-01
3.966013390383773540e-01
1.000000000000000000e+00
8.297068991746894273e-01
4.239221600323445638e-01
1.541432388294280142e-01
9.417732733223339869e-02
1.636214987036468116e-01
9.111812076021187645e-02
-1.164550508916449567e-02
9.111512376472190311e-02
1.929261448487325876e-03
5.039680330429528732e-02
-8.987680921722293603e-02
-8.957735821228150763e-02
-2.507558156269687629e-04
-2.770693416889308605e-02
1.990189779993393072e-04
-9.054655424719629253e-03
5.889105693033276634e-02
-4.789361361762390495e-02
4.968709036315838157e-02
-3.471232732527551601e-02
1.562918665771150656e-02
-2.019787965385917705e-02
-1.760222886125661218e-02
-6.314078403001005708e-03
-5.351640135425022281e-03
-5.140228089475077679e-03
2.457681221388247073e-02
5.407465347647737869e-02
3.836718436540253324e-02
-4.906149219783314391e-02
4.209416448977525843e-02
4.141081323818253390e-02
9.656212912380225666e-02
6.172325520911234320e-02
1.680481884623856448e-02
-2.730329975118963790e-02
-3.381518943093003021e-02
4.162102129247861187e-02
-2.850033421622165213e-03
-1.062680936936994530e-02
6.934250938554811783e-02
2.848105199023212575e-02
-7.694170976347795843e-02
1.514397332953442976e-01
-3.839621971337013606e-02
-2.323076163244416209e-02
1.174166550887021342e-02
1.124517245596040431e-02
4.943910681110944005e-02
-4.174649757372204256e-02
5.106752562719717864e-02
-8.873231881713196031e-03
6.347263170963193812e-02
5.762552600597832531e-02
-5.187397856322716050e-02
-9.518615310280746644e-02
-6.063056348163188558e-02
-1.651466159899706715e-02
4.732017038503466555e-02
-4.847220728271008083e-02
-1.253314830590142488e-02
-1.098498145398912711e-02
5.372664669308983842e-02
-5.295201776138326599e-02
-3.956889942174042496e-02
1.209679237306348840e-02
-6.781084169318508936e-02
1.523804391310658833e-02
-3.402125214224709093e-02
-7.166376362946026875e-03
-5.690180148225134488e-02
1.163143617058623458e-02
2.991239537185995043e-02
-1.728966378453284866e-02
5.323972251000054501e-02
-4.753494155147216377e-02
-1.118084176797023467e-02
1.043396397148791538e-03
9.129803489510698172e-03
7.232859891263763996e-02
8.718952541126298583e-03
1.570756771622945983e-02
3.618590746547623721e-02
1.618249649814000601e-02
-3.055960401534101728e-02
4.428908141028913004e-02
1.048511444215071385e-02
5.299834792838981068e-02
2.583862729418792345e-02
-3.314807537337028515e-02
-6.019819648719085259e-02
-1.894266241516030097e-02
1.082011646533969085e-01
-2.360274067013201638e-02
1.538354431597051264e-02
2.740295714791788836e-02
-1.300033831793520611e-02
-1.953199184561321342e-02
3.677820421453031896e-02
3.138566701343850629e-02
5.781900225964965029e-03
5.251561360360939429e-02
6.541721273895396982e-02
-1.490366542053565835e-02
1.686342492799062023e-02
6.236638959315626840e-02
2.806473299967971596e-02
-6.504335477544707922e-02
-4.685043453316820039e-02
3.159886464400570028e-02
6.814399189215413800e-03
5.688820286831684780e-02
3.456882826538186515e-02
-1.193130919179123534e-01
-7.116124030535686540e-03
-7.516185590731726263e-02
5.063443607458435053e-02
2.837614972891109102e-02
2.105753571062955742e-02
-1.031188453428441391e-02
8.055316912535260762e-03
8.866246894180364324e-02
6.817574205672027876e-02
-2.208096147504328213e-02
-4.265932074601588853e-02
-1.545228913073549808e-02
-1.172291215189335406e-02
2.121204193840110774e-02
3.979484899908567602e-02
2.959610332225556806e-02
3.074000964816784101e-02
-1.708371236153540668e-02
6.012226110901759679e-02
-3.170297326361307122e-02
-1.128233889078516794e-01
1.441455618360034663e-01
3.931032538007523530e-02
-2.751901059215136115e-05
3.000214943286949598e-02
3.309189642391244940e-02
5.288029820879155962e-02
-1.484202524719266912e-02
-2.222352423618479539e-02
-1.225934300213395731e-03
8.633629548964674716e-02
2.854998373587527751e-03
-7.391377729747794501e-02
-3.998164724305833945e-02
-3.083697592930956938e-02
-2.552469440200931874e-02
-2.470060306999329741e-02
1.813424212359426857e-02
-5.018818362431391733e-02
3.078370123507591372e-02
-2.674227339854762936e-02
-2.113173743873427227e-02
1.107914113166056508e-02
-2.173843015304260592e-02
4.019547900207695590e-02
-4.377991431242264642e-02
-5.227896906661448628e-02
2.087541557672401363e-02
-3.865209783894531237e-02
-1.759341964571219108e-02
4.759433756531841753e-02
1.246978621226086173e-02
7.407844285761890080e-03
4.258330004679904135e-02
9.460287475783922193e-03
5.033312158320094043e-02
4.697626071968686451e-02
8.049863708808302834e-03
-2.381185602109717886e-02
-5.280961451349729802e-02
4.226647091955444691e-02
2.694529519998754494e-02
8.174625196307681863e-02
-8.049397918437986577e-02
6.740188821867354463e-02
-3.501497193507012440e-02
-6.041031996247427094e-02
9.407589237104943547e-02
2.175196033566049580e-03
2.996256609283613065e-02
-6.109367492367641372e-02
2.154556001626860978e-02
2.955470843032892772e-02
9.854942035852427146e-03
-1.018619991391015930e-02
8.168634543980236862e-02
1.643957864888229755e-03
1.443056733950485830e-02
1.166467920183823920e-01
-3.227440233256700930e-02
5.248136105015174108e-02
-1.814122802396120077e-03
-1.916378800574526295e-02
1.508815704257058903e-02
8.402924864830260687e-02
1.619732567193704967e-02
-1.047274797186590195e-01
-1.269143344110229901e-02
-4.594201266698748343e-02
-3.675422023046238940e-02
1.125951883527301772e-01
1.458746300252362904e-02
-1.165054363240582841e-02
3.980852611578090255e-02
-5.974796622735514817e-02
4.510890130607536977e-03
-7.256153011331765990e-02
-6.558369521891109499e-02
4.654679427085389037e-02
-4.862571725702593411e-02
2.106280714343436444e-02
-5.011698567647548085e-03
6.742993570218682895e-04
1.335130931125717499e-02
-6.322342130732988563e-02
-1.979925410251160908e-02
1.010291251932530360e-01
7.931883644948638235e-02
1.263975188093179880e-01
8.760699030161574891e-03
3.994924764814703627e-02
8.004879099593341721e-03
-2.329087589391344235e-02
2.578934524795725020e-02
-2.733468143592133331e-02
-4.718357504665438712e-02
7.223079076484631433e-02
-9.005795164572660827e-02
-3.206423508398801442e-02
1.900854127268743199e-02
-4.163113776783498171e-02
-3.335966919023903438e-02
4.135785615362329998e-02
-1.449717497254730640e-02
5.944057673450030971e-02
5.220101810796589498e-02
8.926574550815290568e-03
5.621008224381519869e-02
2.305293211727146852e-02
4.686327101859571673e-03
4.196214088463057906e-02
5.867456924503718085e-02
7.748782140511653593e-04
2.687872777172283997e-02
4.608679111261560629e-02
9.765725709463253523e-02
1.182110588087320197e-01
-2.319807661247799344e-02
-2.269739370126265879e-02
4.295391557957747158e-02
-2.274171510607338881e-02
-6.378464055972567215e-02
