4.844712058938651505e-02
-2.470166973428312984e-01
-4.981607808996889319e-02
-2.323260712610554501e-01
4.837653966290297695e-03
-1.296201481008199367e-02
-4.539649074376612276e-02
-3.779514483189412855e-01
4.483601570638869743e-02
-1.779578881889476716e-01
-1.149341924977150681e-02
7.360706629012888635e-01
-7.933915397421353877e-01
3.252061501717537495e-01
-1.438741430661520382e-01
-2.664242008588993404e-01
2.446609514433225330e-01
-2.202030507972499163e-01
-2.141368421206972864e-02
1.350294554001789105e-01
-1.771467623546893744e-01
-3.092354548590798072e-02
-3.082237040130696437e-01
-3.022379920546459653e-01
2.136745079111568579e-01
1.790096751455650670e-01
3.179307648523474472e-01
-5.884941894455818223e-02
-5.047248352806302796e-01
-2.019489005119201042e-01
2.515441609938107725e-01
-2.267172586548929225e-01
-1.157672878468975902e-01
3.020247879316255157e-01
-4.797637542730582849e-01
3.303419776713577005e-01
1.047524895278083429e-01
9.434660641337648534e-02
2.934109484983808969e-01
-7.204941055576055686e-02
4.996068591183162183e-02
4.572647512678805481e-02
-3.520893344066712283e-01
4.590450538450727841e-02
-2.510869542133722376e-01
3.525885594463309403e-01
-4.142138180179323337e-01
2.813646182496915560e-01
4.406186185268101130e-01
1.528693910063276540e-01
-1.206574926065793057e-01
3.149927142438619376e-01
8.713193318557707276e-03
3.498329338960911583e-01
1.497437914336506798e-03
-8.640570690055773828e-02
-9.959189784651725774e-02
-7.047769106954439311e-02
1.186264273551601023e-01
3.258636523516069139e-01
4.878063019603401940e-01
1.896080054465369702e-01
-2.573100712023135631e-02
1.078586131732923170e-01
-1.082900494762917970e-01
-5.681116871361482218e-02
-3.892591913721916708e-01
8.458205712050383129e-02
-3.731784113746377529e-01
-1.849603251160335804e-01
-3.323956656428453393e-01
-1.662978307034348180e-01
1.231570687404570374e-01
1.984671594879006684e-01
-4.684427294568822564e-01
2.877143652087286660e-02
2.619938462507094834e-01
9.135954374590573787e-03
-3.093799762928919339e-01
-2.261719781338300816e-01
4.924389440236907889e-02
9.190828275401376202e-02
-4.667987470099343450e-01
-6.351926705543939344e-02
5.066930408381911666e-02
1.775373010483060343e-01
3.007140768815201246e-02
1.570616159858941596e-01
6.871545508794975332e-02
-1.236936560768091137e-01
-9.474748988306215536e-02
1.875274937320858815e-01
3.440928446775897154e-01
7.458365864544792834e-02
4.577593742794318077e-01
2.499669115411728981e-01
1.472761954024262576e-01
-1.388079027024539114e-01
2.315356229397325105e-01
1.210445632543590954e-03
3.013435603196097379e-01
-3.947595608565123704e-01
-1.920288787738515524e-01
2.442934904094933579e-01
1.453760491849729608e-01
6.781503844680118742e-02
-1.197632912327825649e-02
-2.922401124818788665e-01
1.049440772264838562e-01
-2.209724706336412339e-02
1.522498528707733334e-01
-1.826576728695647189e-01
-6.828578473042339059e-02
1.078944852025422591e-01
7.717096793443112279e-02
2.233483555532418119e-01
-1.392553135860590263e-01
-2.089489697459264439e-01
-6.546023145873045013e-02
-8.356542856824077103e-02
4.006179540011772233e-01
6.884841061127512374e-01
8.973758829106376345e-02
4.653667540965666372e-01
5.397021015512172559e-02
8.259557159907374158e-02
4.302688949224179882e-01
4.205351741408898114e-01
-1.086730950585810818e-01
3.408237522908361822e-02
-2.475562856286381563e-01
2.077699458758924811e-01
3.130370896875204201e-01
3.098596558006228713e-02
3.075933986154997801e-01
5.497219592563101775e-01
-4.871903023221087897e-02
3.844476113106117237e-03
1.223257203329539966e-01
-1.476875874488655649e-01
-3.559841719368022073e-01
5.511683334599798423e-02
2.524091110988018194e-01
6.178030777441521071e-01
8.118574646608381351e-02
2.204581937559749183e-01
-5.132249123961254433e-01
-8.498376762428148934e-02
3.303335286558235495e-01
1.446307644034730000e-01
-1.339831659561822319e-01
-4.854481096521273686e-02
-3.044427097560551410e-01
1.941921629707918651e-01
1.313117886399026435e-01
-3.442469904190583602e-02
-1.610841129153597340e-01
-1.373044121396761047e-02
-2.221149582962985564e-02
-2.731140063736653967e-01
-7.061247054085807717e-02
-4.472158767849146455e-02
6.362678706818196694e-01
2.800802965384175947e-01
1.591037096613311386e-01
-4.023377986842023857e-01
2.201888131301175111e-01
-1.784977521527851829e-01
-2.023774347586043409e-01
3.277268562814601438e-01
2.869972861030783973e-01
-2.774078470738940427e-01
-2.447342352158630718e-01
-4.806200281861642276e-01
-2.669514317771617407e-01
5.557690972892229131e-02
-6.854661897945746318e-02
-7.209339101494045832e-02
4.264513112396651345e-02
4.611704749020208993e-01
-4.174399960741059235e-01
-7.632025549657250885e-02
3.207855372972024527e-02
-6.034230225684728000e-01
3.089698290497521968e-02
1.739121522758072524e-01
1.202532159153801329e-02
1.677364380075264949e-02
1.281819071084834838e-01
-2.158609157926817679e-01
-1.997469395907322531e-01
-1.865813118035647700e-01
1.450976032800034010e-01
1.654889761458853970e-01
-1.067699648844987054e-01
2.841814468278481276e-01
-2.114492585597528285e-01
4.711442235495045816e-01
1.352124280427508853e-02
-1.867093936888174488e-01
-1.139987950529519622e-02
-1.190401546409064620e-01
-2.977004908144253448e-01
-4.147179759929470189e-02
-3.541674135204976315e-01
5.028827468105773191e-01
-2.702746199829570428e-01
-2.438806084454886794e-02
6.004147370516493831e-01
2.749938660552472824e-01
1.579433182589845830e-01
-4.052855308354064157e-01
6.553098715922253681e-02
-9.113130902838631475e-02
1.789989233445248573e-01
1.398581004984893461e-01
-8.302746189678844591e-02
-1.142398244979204447e-01
-1.044197319586144396e-01
3.671606068688596514e-01
2.967336827094609331e-01
-1.613323141188187093e-01
-1.125268062710995248e-01
-1.721988611977153666e-02
6.345222687424460772e-02
4.845440086506584976e-01
1.536847333243994418e-01
9.607472274014128288e-02
-1.282468228208568095e-01
1.143400303196605849e-01
2.784061018437031798e-01
-1.835859340654001914e-01
4.883751620506536217e-01
3.260147624500204233e-01
-4.523708126443711820e-03
5.173669104984349870e-02
1.563622253618815183e-01
2.574621957429009539e-02
-2.475362413721064192e-01
-3.955215328985950962e-01
-4.679413682592462043e-02
-2.673118546393541961e-01
8.282097176575126118e-02
5.210223401978950619e-01
7.045200137095166681e-01
9.677568647691404957e-02
6.161864858571474146e-01
8.068335223641989185e-01
6.169297435311719147e-01
1.517907657907468233e-01
6.951702629056589755e-01
-7.150990322534908628e-02
-3.509334836678201230e-01
2.258555366757360461e-01
7.712515207893592128e-01
5.971130039462831940e-01
1.997707633291878893e-01
4.457642573841943401e-01
3.400946399973234224e-01
5.219882897599703586e-01
1.000000000000000000e+00
6.108611951276609053e-01
2.699653140578173738e-01
7.717929578659568080e-01
5.011227641678904776e-01
2.881515961829419492e-01
1.166189495304575767e-03
-5.542411342707243005e-01
-2.841423989459227611e-02
1.280470715342856263e-03
2.237788359520344883e-01
2.044668019266289438e-01
9.757507120720586291e-02
1.128030152430550687e-01
6.891122681669466232e-02
4.802572187562822309e-02
-1.673132906911401208e-01
-9.594451544117710284e-02
-2.354361193064284374e-01
-4.100023758159260789e-01
7.043828467255094927e-02
-3.428419488156362466e-02
-8.725017480212365895e-02
6.479400098568462996e-01
1.882241600296213346e-01
-2.075598860884700358e-01
1.260591339105246733e-01
6.598962024450534536e-02
6.476486354087140906e-02
-3.620455848073872995e-01
3.754360623501179495e-01
3.115932737698439148e-01
6.328775405748165994e-02
-8.428966489843527921e-01
-2.034743203474711770e-01
2.977269903777353122e-01
3.478666350806124130e-02
-1.523215310767527253e-01
-2.593660259627448283e-01
1.185240495079510348e-01
8.883932857250921578e-02
3.029051118145911214e-01
3.804455593939424229e-01
1.984702408058474088e-01
-3.616574957071925778e-01
2.422214567506289495e-02
-9.083086008064632927e-03
2.711754106083723581e-01
-1.101418689356045977e-01
2.476444422146086011e-01
-1.984906732046307909e-01
-6.894930332518606209e-02
3.042509122318409753e-01
3.225494160157273971e-01
8.452492471346004232e-02
1.891810118588118927e-01
-1.698021465328032609e-01
5.180769757397422071e-01
3.017602725069321035e-01
1.064180893440481307e-01
2.350887034740778980e-01
3.663715848524094487e-01
-1.817641645849626952e-01
9.423221178419873001e-02
1.402726882170186873e-01
-1.405563225578872755e-01
1.692773167063114648e-01
9.223656020870420191e-03
4.681398454397729392e-01
-1.002677089013077477e-01
-9.436778830451958769e-03
-2.249132791471324111e-01
-5.273543037827500141e-02
4.426277380769408354e-03
2.840278880809881112e-01
2.983392471174232119e-01
1.212218290262229714e-01
-2.198984515967761753e-03
2.439931029555784392e-01
3.619549490090916422e-01
3.073696689229000745e-01
1.399527754088323861e-01
1.257277881301750999e-01
4.704527630387373427e-01
4.112692815388183099e-01
8.011975429607809396e-02
-3.353942900235243330e-02
-6.472262057375941999e-03
2.056075870193087296e-01
1.558159685302653794e-02
-1.121013369364397688e-01
-1.195588716360895948e-01
1.190732674212473946e-02
-4.359693001760014397e-01
-3.273564947150565257e-02
-3.545512861368789181e-01
2.829156611678908528e-01
-1.425504625145605497e-01
1.734514726214787458e-02
1.973445213593389425e-01
-9.595004540757036404e-02
-3.683923034378372985e-01
2.894228308539255612e-01
1.557209889016399618e-01
2.051222769989783090e-01
-9.885050501113376575e-02
2.364030915701494096e-01
3.328251901374312260e-01
2.951814561237436352e-01
4.394645680770984941e-01
-4.444162666456594746e-01
8.237833715892681763e-01
-5.684049509752089335e-01
-5.174454683788666243e-01
1.889160065721382994e-02
3.026988769552380748e-02
3.891713772616908207e-01
-1.680232872532240185e-01
-3.413674304301695384e-01
-7.672143163708607105e-02
4.532453716530663312e-01
-4.396791017305774485e-01
-6.295003392580611479e-02
-3.686643274348049837e-01
-1.750231132630006570e-01
6.302664413041692004e-02
1.027732369005933816e-01
2.398153273586053069e-01
1.122240520690803989e-01
6.079258527978023130e-01
-5.665888088225107255e-01
4.917128645465873582e-01
7.096741340361791828e-01
3.949773075329220950e-01
1.686087221398707425e-01
3.296042339158761214e-01
2.627061620042216994e-01
1.907515961791328429e-01
1.647790444913181385e-01
3.084510997784253861e-01
1.315628279370786857e-01
-6.181910685380822557e-01
1.087040218761901322e-01
5.234667745779791187e-02
3.369152934863912929e-02
2.617963394984136882e-01
9.546407156698606677e-02
-4.160082778938219428e-01
2.967714035294732322e-01
3.209207748929530646e-01
-2.248013007126286045e-01
2.297458335424000242e-01
1.959059272762809500e-01
3.256764434056076407e-01
3.697768149230010737e-01
4.834612643125818510e-01
-2.676522332450433361e-01
2.754064591200738321e-01
-5.923883088629666727e-01
-1.141780052063972178e-01
-6.306457429140120974e-01
1.153295919047305079e-01
-1.832353386088383385e-01
1.599704405939198285e-02
-3.199034487636446822e-01
4.424787575446388344e-01
4.454550154216528890e-01
-5.795188035442493391e-01
4.040964687892563689e-01
2.755886085003173558e-01
3.527776984965599327e-01
-1.914778411099591904e-01
8.470185225908508087e-02
2.060092335604597757e-01
-2.711981133389176901e-01
-1.065515379819128444e-01
-1.854568733858919793e-01
1.022106853091423601e-01
-1.571061823656375034e-02
3.795279010807862258e-02
3.073192016481447464e-01
-5.857580359020680971e-01
6.713809222617241057e-02
1.611159641283499422e-01
-9.913571340970941947e-02
1.304203563224708151e-01
-3.052351372701340160e-01
4.429094487138886538e-01
4.208629361068976782e-01
-2.909596178091762853e-01
6.658608197081237190e-01
-9.611421009255854964e-02
-1.272349141937206829e-01
3.611647593730021866e-01
-2.890169348704333362e-03
2.300725412979649775e-01
3.061464528782537053e-01
-1.462116296200959877e-03
-3.649518176016021132e-01
-1.030250209734471373e-01
9.703228819425589735e-02
-1.877074852448169240e-01
-3.278101457763443194e-01
2.077019967602634076e-01
-3.056951811993142143e-01
2.908004166316451311e-01
-3.307753628238140758e-02
-5.058852751845711593e-01
-1.111605885579696473e-01
-2.604596519169518620e-01
2.172770828232535589e-01
-1.767654517959509897e-01
1.599394043677378474e-01
-3.497150515108988778e-01
1.366986878904267455e-01
-3.619261951619269224e-01
-2.072856727151926870e-01
-1.592134328670047894e-01
2.927061577230651856e-01
-4.690855550777342509e-01
-1.531566255674317589e-01
2.030867675004343897e-01
-7.366293701032993191e-01
1.849789270198422542e-01
-2.468727388251940325e-01
4.545412886053663004e-01
4.826319754663267458e-01
7.548050482258591293e-03
1.649688807605489416e-01
-8.272558228553722470e-02
-5.901922700510755376e-02
1.346472666080927166e-02
7.412473383431263108e-02
4.578504004679449513e-01
-2.287507895475843211e-01
-1.346659827288084477e-01
-1.117234482812238805e-01
-5.532556135502456063e-02
-8.116062529292715488e-02
7.636713990196150603e-02
9.252694535388172881e-02
1.999786167474465748e-01
9.634076277594356974e-02
2.370491932315834382e-01
-1.205896404941958905e-01
-2.298950450454094463e-01
2.770043690928213898e-01
-1.366225316805311785e-01
1.774579514142862469e-01
-2.375743796915012751e-01
-1.198416798878415707e-01
1.830717426307806872e-01
