1.899842236997774936e-01
-8.706172919088249473e-02
-2.471731057950722066e-01
-3.579427154597037974e-01
-2.393116442998260707e-01
-7.145359263064045285e-02
4.107739966532379661e-02
1.477542840193065699e-01
2.386726313081795336e-01
-9.737354672323489391e-02
-4.984447006316577999e-02
-1.855473321809705534e-01
-2.711377184704969467e-01
-9.429352912004718146e-02
-2.639321794337361471e-01
-1.995432645732923491e-02
4.991710894489606587e-02
1.135162858378555018e-01
-9.566628969176715902e-02
8.722878433820970001e-02
1.668980614640594440e-01
-2.415537569534031426e-01
9.094083179561285313e-02
8.038797475680696525e-02
-1.474064005323366122e-01
-1.206454687140589149e-01
-5.871069505952125622e-02
2.374621875508702018e-01
3.325620405125870871e-01
3.717609019498926415e-01
-1.847326153477064636e-01
1.805908924484997680e-01
3.841899508388352258e-02
-1.084639466318142393e-03
1.671505676165118137e-01
-1.630169053807432045e-01
-2.157613072703852899e-02
1.617288948394916548e-01
8.664966594719247794e-02
6.603659820136800751e-02
-7.575004190070247501e-03
-1.169999728148069240e-01
2.472166658327053235e-01
1.450888345586178185e-01
-2.195555626627565260e-01
3.408074851484671486e-02
-3.744530602099265804e-01
2.805422033148587402e-01
2.886093450663048121e-01
-1.576646021135674758e-01
2.620102803988785256e-01
2.280819867458020456e-01
1.406386195110546355e-01
3.663736291108538601e-01
4.760280882979654044e-02
-4.083131984898252242e-01
-7.322771602979222250e-02
8.552941152792488400e-02
-2.072832774585759708e-01
-2.258137913987095513e-01
1.877078985181157220e-02
-2.078511240427894924e-01
-3.349944003458393826e-02
-1.307570470544179575e-01
5.316911354049067562e-01
-2.034346644304379503e-01
-2.392241380594817557e-01
-2.372242790490248499e-01
-4.021484866923505930e-01
-3.103610421459845892e-01
4.038312232571007465e-01
-1.776119445551337106e-01
1.735108420148653852e-01
4.478415067576956843e-01
-2.307601752176766385e-01
1.739034735237195975e-03
1.163361827754301886e-01
-2.324512890120615793e-01
9.230835359662006509e-03
-2.518762017898047434e-01
3.255566881369952731e-02
8.738188282441781973e-02
2.909385142966822158e-01
-1.074940885674171287e-01
1.530294084242972419e-01
1.527499368915176681e-01
-8.260394473168450324e-02
-1.088087514360963209e-01
3.208935456604439795e-01
-1.586028740417097516e-01
-4.835121228898198870e-02
-4.827201668473457552e-01
-2.683326157793425315e-01
2.643905024530481818e-01
-9.273538358793817493e-02
-1.442714556346073179e-02
4.086749317945710391e-01
3.408511029641304174e-02
-1.741955718527923025e-01
-2.138274157509839277e-02
-3.896347123181420069e-01
-2.938707378672087422e-01
-5.418917699386537751e-02
-2.262219442810257664e-01
-2.743427601295783114e-01
-4.354894856872630615e-02
5.604397323361501315e-02
2.318386866504882904e-01
-5.378132315933774610e-01
-3.601819352927452811e-01
2.071082965018218036e-01
3.240995615154861897e-01
-1.897835930727603815e-01
-1.175180406970636610e-01
1.252627537926228329e-01
1.731115926511882508e-01
-3.001189916817625924e-02
-1.089282744426145338e-01
9.562863877883998054e-02
2.604776461697395074e-01
1.642367189605577205e-01
2.129300579844382868e-01
7.339824851522544491e-02
-7.046264917999048305e-02
1.316181567606819480e-01
-1.031781907727924164e-01
1.279435820173022431e-01
3.560539343610812785e-02
-2.796972368457080749e-01
6.812953937040225338e-02
3.374209999638607543e-02
5.561640949894814528e-02
-1.766723166324745201e-02
-2.569894441602705304e-01
2.893604631471527466e-01
5.162066358121021603e-02
-9.402762281337821715e-02
-3.326283206060674513e-01
1.199246751379551695e-01
1.844339444420629859e-01
3.314746570850861107e-01
-2.761079730062518736e-02
2.616594077651659273e-02
1.069666841432535265e-01
-1.623393837372796855e-01
-4.702892002348391109e-02
1.128104795907187013e-01
2.493728309594388237e-01
-2.244826555997411766e-01
3.042557336973512605e-01
1.268116061276869933e-01
-3.970321347746566532e-02
1.552116396042546587e-01
3.568824940083737962e-01
1.579391207735343985e-02
-1.506881114048902182e-01
3.610290900945081760e-01
4.165768188095603231e-01
-1.445655489125534932e-01
-2.120606743786161708e-01
1.064791640661246763e-01
3.003937353986548819e-01
-7.312201307373339398e-02
1.940590968716069675e-01
-3.798901568524327144e-01
2.242547180782782090e-01
1.844194417910859779e-02
-4.448632116975002188e-02
2.878032918109893479e-01
-1.638328214670004834e-01
-2.051648398702299592e-01
1.697187377583997958e-01
6.631112998832933668e-03
2.054241076163477175e-01
-1.032589152885920493e-02
2.320367523935428777e-01
-7.309907978176616306e-02
2.016087403746932294e-01
2.357078046972754526e-01
-8.703134645761807786e-02
1.871681337935151845e-01
1.355381327920661960e-01
4.267520624408381591e-02
-2.739556670161651941e-01
-1.115499707831234810e-01
1.318703481035861935e-01
3.099361930329496140e-01
-1.033858496387664999e-01
-1.142420708146218433e-01
-1.356176484184354880e-01
2.883125310434340172e-01
-2.183554765014740773e-01
1.063172369301045028e-01
7.573414781530317386e-02
1.989804404881706165e-02
5.167678267449218182e-02
1.010014470646648649e-01
3.190047706850684395e-01
1.076904471653684775e-01
-3.328769746256815543e-01
-1.328951205521621548e-01
3.161814861618882366e-01
-2.392557381623487169e-03
3.430728979839396953e-01
-1.354642351226792440e-01
2.875394538665797528e-01
5.020140680645948650e-02
-1.076962315003422710e-01
9.028505907479691950e-02
5.308535216002493312e-02
4.073647655614845986e-01
-3.017537087949171970e-01
-2.829704338779672201e-01
-1.256809328211110077e-01
-1.926431212896543566e-01
5.994371395438766181e-02
-1.712368610267016589e-01
-8.217149468304969784e-02
3.920433402524505784e-01
1.187689414980811764e-01
1.702007567861379411e-01
-4.214010101018879073e-01
2.236242320539205408e-01
-3.118059752955688047e-01
-1.128162039405084111e-01
6.446192585661416827e-03
4.299746195416933592e-01
2.403549313363953777e-01
2.385012459032510301e-01
-1.592358120039651798e-02
3.268197959624525861e-01
4.373994189444230241e-01
5.650454281407488871e-02
-4.769764323497244218e-02
5.037110660335187839e-01
-2.606688754502711203e-01
-9.321257628690775288e-02
5.664040389687114568e-02
7.180790626142083410e-02
-2.997564728969736580e-01
3.712350995841223744e-01
-2.417907346041802130e-01
-7.423604707202875741e-02
3.071909203273852883e-03
-3.369324908275160568e-02
5.160056312460976208e-02
8.940558933763402549e-02
8.446086931886233329e-02
1.787244211460104482e-01
9.928330790478391565e-02
5.678702713774297361e-02
-6.533824008941570283e-02
1.549936082586107489e-01
-1.338917450077092564e-01
2.874393417124121441e-01
1.000000000000000000e+00
4.978578574186406369e-01
7.874879135056410684e-01
1.404443008141436078e-01
3.170753153655856416e-01
2.357320269947516811e-01
1.965727517352548193e-01
-1.860275227871551473e-01
-2.554986146594048213e-01
-1.081545378793322687e-01
3.904360154196286903e-01
-4.353874623627888019e-01
-2.947665907821908071e-01
-2.808562171144548744e-02
-1.224981650675994321e-01
1.104929867291936652e-01
1.223726777705856916e-01
5.160484338348197975e-01
5.895838229208508544e-03
-2.459706154755108426e-02
3.996610791435610821e-01
-9.479857164280428017e-02
-1.430997661674402732e-01
2.024968736898199728e-01
9.638568345750702510e-03
1.942636378599825742e-01
8.300717360740225009e-03
5.834689645524675228e-02
-4.552000978730261216e-01
-1.673164353317428688e-01
-1.485616337548482067e-02
-2.267054415012977747e-02
2.433217063392059398e-01
2.126074327327075464e-01
-1.035151006222153197e-01
3.584503824010716322e-01
-3.620565456407815463e-01
-2.397851048363103255e-01
-9.952499060787921292e-02
-7.178017510187353900e-02
-2.253323271212100687e-01
4.505376686448552270e-01
-1.099077814651179402e-01
1.397066936264231701e-02
-4.545636462520755150e-01
1.468755485373834657e-01
-5.173847637989448245e-02
2.259635526986090905e-03
5.109235807329477741e-02
1.002270865345941675e-02
-3.019265180593506126e-01
-2.866172731155891898e-02
1.383108290386715344e-01
-1.389646967124583132e-01
-1.178856931908096872e-01
3.257631551792747326e-01
-2.870003100256337536e-01
1.614449713221245697e-01
-2.294363242386625590e-01
-3.330563791058041567e-01
2.365377803241925925e-01
-2.123844537818294909e-01
1.827507297525345076e-01
-1.719967153653753763e-03
4.661261451805987638e-02
-1.911152031009241692e-02
4.447945755213595503e-02
-1.967121339515702783e-01
-1.314321557587422029e-01
-3.039620454773318478e-02
-1.962796987865937093e-01
-5.176428760875436547e-02
5.784004604677998353e-03
1.046554117026854691e-01
1.425834233766757331e-01
-1.824126890111677293e-02
7.032395656794011851e-02
-1.471150429078664779e-01
-2.591555023358133591e-01
3.449319793797800959e-01
-3.245359823611841943e-01
-2.682175447574270954e-01
-1.948123271101121212e-01
-8.458526244957756401e-02
5.851991544253361266e-02
-1.913544496053720401e-01
-2.540121469401054322e-01
1.410082501640236019e-01
6.002571914535656528e-02
1.282655474320996414e-01
-4.106328499166307933e-01
5.212354823655387381e-01
-1.626955695850420824e-01
-8.548600167851229392e-02
8.988236214034552030e-02
-3.393703972418327663e-01
1.305399465598575948e-01
-3.314351444700070481e-01
1.771167569380500961e-02
3.791406438927546474e-01
-4.493852709812067719e-02
-3.891263426454993901e-01
1.413420421358480561e-01
-5.875600734375294176e-02
3.713915159887739431e-02
-8.078001286324416885e-02
4.353298659326261533e-02
9.791645294450332382e-02
1.762246909689960395e-01
-3.406347117746276743e-01
-1.621671143394267378e-01
1.579715350978720678e-01
-2.310895756406335655e-01
1.390495714644088103e-02
1.549193822021301126e-01
7.531428834628224600e-02
4.137449753445903711e-01
-7.494255780708887482e-02
1.751271750025157337e-01
-1.216210487348970415e-01
7.899213070491449551e-02
-3.983151477920597316e-01
-2.383363646554137460e-01
-2.937215217316911930e-01
1.804359199886916010e-01
-1.380807303397026675e-01
-1.791995739439244395e-01
3.821299625091572616e-01
-5.328026895205193597e-02
1.238426874432541069e-01
2.156301319896201385e-01
1.960091469622547156e-01
-1.496544941167159970e-01
1.158294164672935972e-01
-5.216122866945101938e-02
2.864908321585959428e-01
-2.087513637554793550e-02
1.094559516375616520e-01
8.360370325458568730e-02
4.363089027556805721e-01
-1.475119839685631318e-01
-8.655289497100711327e-02
-9.512978560364125646e-02
2.586260640678360312e-02
-1.376021737664123168e-01
-1.098327611682134303e-01
-1.022165661069759784e-01
-2.357630831425102658e-01
8.985251882314095051e-02
-2.840239870014142909e-01
2.521017289843690556e-01
-2.827791433061387916e-01
-1.124531833869021474e-01
-1.547936825700528263e-01
1.426500498036539499e-01
-2.726479592742491742e-01
2.544752209688231348e-01
-3.453829698653866354e-01
-2.391734302630746656e-01
-1.192223151554952371e-01
-8.137629378881565401e-02
3.898868900834854268e-01
2.106717718759107683e-01
7.009048647312143832e-02
4.698417243090758366e-01
1.493819036974187997e-01
2.022157532404879332e-01
-1.715459661538323299e-01
-3.931270301111532833e-02
-2.141167426853761990e-01
2.237845851422305965e-01
-1.673066388559036255e-03
-2.642887251925572500e-01
-3.108271281100140060e-01
-1.911547800472908343e-01
-1.121496244106574558e-01
-1.926484126161915611e-01
2.344629907693317195e-01
-1.876566118768187297e-01
1.414927723339221566e-01
-2.089673017227071661e-01
1.585043521250384946e-01
6.904402333043344053e-02
1.633321722497747264e-01
6.297661270214929274e-01
2.405382824530164984e-02
3.542772854818122541e-01
2.120315968406163987e-01
4.075449791657045906e-01
3.310391189261998601e-01
-3.533100835916501148e-01
7.626102901319313510e-02
-4.590317513792109561e-03
-1.495088901733156173e-01
-3.837968978014638655e-01
1.023475268477381517e-01
-1.738362340594911196e-02
4.201733451309528911e-01
4.116948428671068361e-01
-1.172909263277642361e-01
2.414979539757819982e-01
-6.222050457841473703e-01
1.091559899697758934e-01
1.240037301358139776e-01
2.915830147601586320e-01
1.573395801124836957e-01
1.240426118256993532e-01
1.845671521945088656e-01
-2.355108917996060203e-01
-2.622732325937303655e-01
5.506189647499333262e-01
-5.977498057369686618e-02
9.070112594564308517e-02
-1.129553028712560192e-01
6.041249744922156523e-02
-7.397851975161257032e-02
2.571878260189706666e-01
-1.547977746435816038e-01
1.362835098828175662e-01
-2.401182974069061282e-01
-5.076697727109911185e-01
-1.699360033248388802e-01
-1.878515899601424788e-01
2.576502393551629577e-01
2.935038962541933749e-01
-6.661463600363227988e-02
-2.994842113153060037e-01
-1.903968119263896863e-01
-6.473097239925694468e-02
-1.599880159207107411e-01
3.038304480477972414e-01
-2.150787123785931065e-01
2.553809664820634318e-01
-4.985325406200313836e-02
2.006264302841547775e-01
1.666407328329264775e-02
6.690702911534476827e-02
-1.266645919023272893e-01
-5.027630350550015281e-01
9.501119299767073201e-02
1.497144215474230378e-01
-1.984581229352387344e-01
2.782492173424904736e-01
1.850747276267275532e-01
1.148739220194129745e-01
-1.951157363486721585e-01
2.627092361554261846e-01
2.409214030127484335e-02
-6.745118766189543702e-03
-2.777647840695156578e-01
1.744061291460995838e-02
-1.351522525091918003e-01
-1.207226629104533600e-01
6.191824116686042712e-02
-2.915590761988013369e-01
-6.435277719099469218e-01
3.638434600654942563e-02
