-3.092065330103832554e-02
-2.568853424376674188e-01
-9.413251215742961253e-02
3.278844846781181488e-02
-3.050321783770916229e-01
-7.090115243907615938e-02
3.853218883698978497e-02
3.289230316573924506e-01
2.415473399931788168e-01
-1.993280556220829169e-02
9.880771529686985244e-02
9.723403242530104240e-02
7.206055256795172725e-02
-1.052536721480232251e-01
-3.748756704895445657e-01
-9.529689947328792710e-02
1.545158751485424531e-01
1.350841379195190650e-01
1.106901150587570049e-01
2.846331695474257351e-01
4.453773469950280360e-03
1.838242137596533474e-03
3.644778716574454715e-03
3.788753070799041889e-02
1.388709504352489063e-02
1.919512389992985291e-01
-9.842565847119786812e-03
-4.813561891435363255e-02
3.435228942943459596e-01
6.707100048767883349e-02
-1.271077350681337585e-02
-8.963711097915424975e-02
-2.493248032178490559e-01
-5.763119360728355747e-03
-1.169701298908969178e-01
-3.849328880911681572e-01
-5.903430624801331988e-02
7.933927004985671938e-02
-2.063657815677818752e-01
5.914417652987505325e-02
1.217020544666241599e-01
4.070302855072125414e-01
-1.648049404220018055e-01
-5.425322220129716877e-01
1.984696561909296553e-01
2.031470640840705444e-01
8.142896019398272733e-02
-3.001184324198652442e-01
2.326982961619521867e-03
-9.348771281560364077e-03
1.125944689199307597e-01
-8.591944262401643440e-02
1.027561208397520520e-01
-3.176252084753541371e-01
9.186048950677677682e-02
-1.657841102337205830e-01
1.314057584678045842e-01
1.640047051099820796e-01
-1.462107962221231572e-01
1.215285590567221838e-03
1.304671958109808461e-02
-1.417558609859161933e-01
3.258849809505490885e-02
2.203948366872392900e-02
-1.256939621569643228e-01
-3.378830994232147056e-01
-3.093203508920781553e-01
2.516578306841900092e-01
-1.319732588512279037e-01
-1.254436759166915327e-01
-3.657009824560889522e-01
-2.328607790943878764e-01
-1.274096141573221874e-01
2.521634569062720099e-01
-1.225926272224592967e-01
8.344707725439165502e-02
-6.465680357957569180e-02
2.161663228304114628e-02
-1.040296261740062123e-01
1.184867187752585427e-01
-6.112728995044911656e-02
1.904218987726895018e-01
2.376607456378969641e-01
2.559130531052654645e-01
1.219242895659326809e-01
1.919757590243275913e-01
-1.206380805978272963e-02
-2.130704385136079904e-01
-4.055107594009792482e-01
1.209860968213100491e-01
-7.815292379910811216e-02
8.327251436812962981e-02
-2.328545123044294674e-01
1.044991753411582359e-03
5.624819129661953049e-02
1.165525895996708250e-01
-1.166201474063889715e-01
-8.319543939158934032e-02
1.990963715970876791e-02
4.146499011756581143e-02
2.326024029071890875e-01
1.261107213365875168e-01
9.855256611342716466e-02
-2.763887355194436513e-01
-2.323432842708125778e-02
2.150255043740449401e-01
6.137570581056414317e-04
2.868835104114177414e-01
-7.535495739588252140e-02
-3.798666002211172066e-02
-3.982031700759030013e-01
1.295439042993425660e-01
-1.364509179194459687e-01
6.092215084287537497e-02
-7.468726585767841708e-02
1.856597543120886706e-01
-4.333015405881970178e-02
-7.195330993076808068e-02
1.432932479810195003e-01
3.956439418048510182e-02
-9.370947978766841144e-03
4.952085035870094631e-01
-1.432895890404299322e-01
1.112073615752249937e-02
-4.281547861349719458e-02
5.573260256576615009e-03
1.283576966227015226e-01
-1.704051890367750954e-01
-1.231586247755618313e-01
-2.484884699963708088e-01
-3.082328493860449995e-03
4.441182837686855622e-01
8.004307571200144911e-02
-1.436681337909298528e-01
-1.421780104481903395e-01
-4.184524041467236888e-01
1.256941367408631605e-01
6.635574476577336955e-02
1.206019872042603386e-01
3.702372617179570113e-01
9.397058541542943622e-02
-3.318592254797817498e-01
1.316868315230792230e-01
1.735235011842165831e-01
6.297246931454225649e-02
3.356213905000081377e-02
8.935186068965066120e-02
-4.541635984626935657e-02
-6.872994726621739492e-02
-2.310338367508832924e-01
1.544502279643525898e-02
6.312376123397414607e-02
-1.155718773670415950e-01
-8.477108399421887097e-02
-2.163751721677549811e-01
3.380046358235418436e-01
2.395004591189437981e-01
9.348027520654635103e-02
2.755233675809281527e-03
-2.381426167320707388e-01
-7.423989444696657558e-02
-2.388321959541008996e-02
1.115500288242446542e-01
-1.192689024000417319e-01
-8.915495727173648743e-02
2.574725502430358914e-01
-1.998519537519039546e-01
-9.768068211730940309e-02
2.336355117219271749e-01
1.320212244269859392e-01
-4.707571876633215996e-02
1.766618224006242382e-02
3.764022840879576726e-01
-1.640478929837358574e-02
9.665572810042513674e-02
-1.431204315356318819e-02
9.126260011959554108e-02
-5.772878125504047470e-02
-6.066844321963842102e-02
-1.544341387766663687e-01
3.667240442893365121e-02
1.693197135967768746e-02
4.646542832038461600e-03
-1.555273453550226614e-01
8.394411861901640570e-02
1.132940415427460129e-01
-1.757835121294334946e-01
-9.079116400378184348e-02
2.149418620761798793e-01
-9.027276664415759266e-02
-1.199300535808850987e-01
-3.523850727584041387e-01
-1.464534118256345940e-01
-2.866006573776072597e-01
3.478162645899909866e-01
-1.507422862640153960e-01
1.384677949674976705e-01
1.887197497900881121e-02
-1.125854826704168199e-01
-1.114426421479389334e-01
-2.978402419627574904e-01
2.665876156281097309e-01
2.218582542920266298e-01
-4.722822635373347677e-01
-1.815132683126472191e-01
7.897266498522452494e-02
1.905977467269417691e-01
1.244232584633302337e-02
-3.084772037458368144e-01
1.278322309782354768e-02
9.203382859514926129e-02
-2.060090019608060499e-02
-1.039249589572560223e-01
3.023039979104212294e-01
-1.682509580838531527e-02
1.050255356410360330e-01
2.152923556857155585e-01
-5.877486275515488717e-02
-6.234164833938540123e-03
1.069884178809822756e-01
2.958723510368934106e-01
3.100498734132062228e-01
6.077093094301170423e-02
1.310895912471914115e-02
2.758792416403119674e-01
-8.078726625079031554e-02
2.808737286833085656e-01
-1.889241845692391300e-02
-2.269218792760402947e-01
-3.165047461979168530e-01
-8.627872263884346637e-02
2.481089948107072507e-01
1.715115045831619098e-02
9.887132267750251002e-02
-1.755264755259660497e-02
-2.425063578124640185e-01
3.030293143561694214e-01
2.613020200663481729e-01
2.090788936670493880e-03
3.096837074540335077e-01
2.397184611789372477e-01
1.905670319315224959e-01
3.441979001328876464e-01
8.879585712201838454e-01
6.407787604635708512e-01
4.323479950521521009e-01
-1.477411142310108838e-02
4.764485338554335508e-02
-2.871737064130982509e-01
1.196263377590092158e-01
-2.314482243494036390e-02
-1.341280284809403256e-01
-2.659867907226682870e-01
-5.143479845140402212e-02
5.878571721725498606e-02
1.000000000000000000e+00
7.468855117149156841e-01
6.874082066117213063e-01
-1.039406313068786669e-01
2.463185206360704940e-02
-1.113788692292490834e-01
-1.964933638637590685e-01
-2.440472921379702453e-01
1.128366346685295285e-01
-3.002713427748982325e-02
3.787889909128867860e-02
5.255033481195924699e-02
4.857493409643427740e-03
-8.762711441041932947e-02
8.916365920439493775e-02
3.488624181096736110e-01
1.054564139999038808e-01
7.299520115567510736e-03
-1.540551296603832054e-01
-1.123419383353388840e-01
1.958220674864543931e-01
-7.108340746102025098e-02
2.045440568002593884e-01
-1.294641764177717203e-01
-3.327705908813296531e-01
-1.383455673932294239e-01
-1.480765378429440837e-01
1.812022634507574614e-01
-3.946074214214513320e-01
2.209018803319015845e-01
2.362755990891012570e-01
1.021479224216638448e-01
1.200297948807532156e-01
-9.617238830852063713e-02
-1.753907923945884073e-01
2.965363566705870313e-01
-5.294018501460732162e-01
-1.675093333317998479e-01
-1.671305150138975848e-01
-2.101003100606549656e-01
3.488867833461130608e-01
3.768345532526355679e-02
-2.189417592600648166e-02
1.235485351131895837e-01
-8.651060085545600464e-02
-1.672724841426866393e-01
-1.148861341416009679e-01
-4.303263125696425440e-01
5.350106113649873846e-02
3.534691924001170937e-01
6.432349261440487576e-01
-1.738061732268906699e-03
3.735441371520924481e-01
-3.098074610611403767e-01
-4.345630679884967401e-02
-4.304661889692416171e-02
9.856826372338793607e-02
3.394365763744793818e-01
-3.687110152054351997e-01
-1.527158698810836268e-01
-1.489794609563221787e-02
2.139698157664177980e-01
-1.373022323166201708e-01
2.439455136802357316e-01
-4.747812837771135663e-02
4.288788059948015485e-01
-7.436420423473413810e-02
1.960154307425917009e-01
7.071090245854402302e-03
2.396354847946895461e-01
3.140550003923754385e-01
2.347054005742088001e-01
-2.543191807616659167e-02
-2.037416868768916201e-01
-7.966844537779570190e-02
3.892180496610888607e-01
1.228064880579863294e-01
-4.443674306837160914e-01
-6.164566204974963187e-02
-1.322900391733575765e-01
4.035649278633435255e-02
2.277355337211260100e-01
1.267617902946673869e-01
1.812549894053404054e-01
2.453023247712116939e-01
-5.402393079668937892e-02
-1.028666642038715551e-01
1.675284055654659154e-01
1.895004979076369278e-01
-1.118322806217758869e-01
3.554953004239341796e-01
7.841829754079608639e-02
2.866497424832983310e-01
-3.097808245164465624e-01
-8.507273910153054230e-02
-3.262561331616257165e-01
-2.526237919565328949e-01
2.488995707909408828e-01
-2.852901974219106962e-01
2.985700633116116220e-01
3.697945769628759316e-01
-1.082357005156640434e-01
3.155889192452844272e-01
7.802498391191625693e-02
-2.537452044644430416e-01
-1.732829677941901125e-01
2.434184954533772927e-01
1.884293759779478300e-02
-3.402827652442252243e-02
1.990155267782604820e-02
3.022277166721526465e-01
2.031833222471476075e-01
3.539201669463323263e-01
-7.454127598686154099e-02
1.610792341105207401e-02
2.058330527316113157e-01
4.756724699885301333e-01
1.159730254671428040e-01
5.295343559727953148e-02
-1.014632751694440199e-01
7.702532556664942742e-02
2.522185982082600919e-01
3.695793733169560474e-02
-8.188157784822343299e-02
-3.003989798392416311e-01
1.450806531140077793e-01
-1.664468055390859180e-01
3.120941519030724920e-01
-1.922447285592888411e-01
5.668826291787869287e-02
2.247429442541110378e-01
-2.641765789886331151e-01
7.945657887588329638e-02
-8.875883594923646147e-02
1.205684792260914434e-01
2.935468592140333954e-01
-5.699203624845223387e-02
-4.576255914637489958e-02
2.057789121807579169e-01
-2.991233381900278987e-01
-8.805960891339174867e-02
-5.417185713824324705e-02
-1.845565967428606791e-01
-3.497776619177244140e-01
-7.664831066353467413e-03
1.937212836189913800e-01
2.142336630679580328e-02
-4.414730976043420574e-01
1.858978418099475893e-01
-2.095085742027918974e-02
1.721930783308558421e-01
-2.715488086938506185e-01
1.509021145780485296e-01
-4.995788535166624522e-02
-1.273781361683792579e-01
1.981521594699545662e-03
-1.031441808828872514e-01
-2.275911817270682286e-02
-2.086165002671183655e-01
-4.109119358539146116e-01
-1.681914481614276979e-01
-5.057882705221624642e-01
2.876533135412478459e-01
-4.049745946709739641e-01
-2.447530702806432479e-01
-1.220766774585997499e-01
3.261657832647312238e-01
2.538865724773703078e-02
-5.698616180470883474e-02
1.645886608318465616e-01
6.415513512579493205e-02
9.889951785758883951e-02
7.817125809958862248e-02
1.072279199750972994e-01
2.337475760080363896e-01
-1.222706706185774789e-01
-1.970129850212728739e-01
-2.178570057193603138e-01
-2.350892850867265793e-01
-1.828804351937746153e-01
1.877790434831038968e-01
-3.067664614478789464e-01
2.331432290325158030e-01
-2.901032716440908876e-01
-1.145472813902069509e-01
-1.744721954617386439e-01
2.017129387553029951e-01
-4.510651398452799471e-03
2.540264143370126945e-02
-9.261882976960143787e-02
6.030975539523461548e-02
2.495703020621606663e-02
-2.675701994805624873e-01
-1.914528567615974286e-01
-5.156667084658776712e-02
2.166752454371274617e-01
3.200634232761136178e-02
-2.372760905896541261e-01
1.059961763471682812e-02
7.546499697720444877e-02
3.282489690612733768e-01
-1.101370451353978624e-01
3.816881982195534373e-02
3.951530727765307227e-01
1.483274612760720340e-02
2.327649578494181970e-01
-7.958054478029182033e-02
-1.661613446559065399e-01
1.514641886690152317e-01
-8.007416481502405495e-03
-1.938339289919050468e-01
-3.369729595763832491e-02
5.609527248364427204e-02
5.627343850539534564e-02
-8.006913081572518409e-02
-2.346324721065448371e-01
2.816156822200228671e-01
-1.061750837625289878e-01
-6.805226878059441285e-03
2.309838447667264538e-01
-1.953939012448975554e-01
-2.477866368147543796e-01
6.587118846512345777e-03
2.207918282975149527e-01
-3.998250577844523757e-01
1.887119449285790673e-01
4.393581983190374407e-01
7.053492174947935227e-03
1.927269885924546011e-01
-6.394198156143606751e-04
-1.405782956754300372e-01
-1.999938616105779721e-01
1.862624743940514971e-01
7.926916208305760658e-02
-1.974914275638420813e-01
-6.303828843692575734e-02
1.554862100389990849e-02
2.904043456645981069e-01
-1.833273422387032281e-01
-1.440837176355194982e-01
-1.317506529046107155e-01
1.422715929874595331e-01
-1.832783742081989520e-01
-2.129202263529148265e-01
2.160055921678626367e-01
-1.047287199201676622e-01
9.610174225275854021e-02
9.821697467196904840e-02
-2.083559157453917787e-01
-2.238209114274265499e-01
1.069598431087964534e-02
-1.249983237457381047e-01
-2.760348150619149066e-01
-3.104305831462124687e-01
4.889975819413044239e-02
-1.411867569114673981e-01
1.352047295543878924e-01
