4.706892979872128596e-02
-4.410799583362919572e-03
2.194399063476986100e-01
-2.440915110289571532e-01
1.411040300750974752e-01
7.482088096626861307e-02
-2.139087121728668606e-01
-3.048373964471311481e-01
1.066281776865889153e-01
1.189795062760289346e-01
-5.962083976104066985e-02
3.681654719716981328e-02
1.956580683272430288e-01
-1.925610426590737279e-01
-3.236338498304950906e-01
-3.578075546679667651e-01
3.009695253999185027e-01
7.269759601874851984e-02
-2.565127276831051240e-01
1.114645995717143817e-01
-2.320442323585421851e-01
-1.527692252015924734e-02
1.651952999011928325e-01
1.536548017937229005e-01
-6.513357248817198963e-02
-2.585227031360786687e-01
7.465963608084134895e-02
8.661581654114433593e-02
-1.259526334858158403e-01
4.715080808291170766e-02
-2.737687224649977269e-01
1.044092805679147778e-01
-2.403801240030500053e-01
-1.390253381044812275e-01
1.394875256905224181e-01
8.224156064621636342e-02
1.685807176375916649e-01
1.683531641161695735e-01
1.395285941379280914e-01
-2.986987078580638499e-01
-2.565136955187781176e-01
2.664787792849087067e-01
5.126137328115466102e-02
-1.193262468039696239e-01
9.368715580759789940e-02
-1.661819887886404612e-01
3.063925117603401582e-01
-2.102351060796171789e-01
2.402116725205278094e-02
1.250466630430073778e-01
-1.367250466194463165e-01
-1.062959730211768608e-02
8.449794678358300837e-02
-1.437028786317042645e-02
-1.297469332383153207e-01
-3.014836124700859959e-02
1.499799359508353358e-01
-2.213648864097408631e-01
2.681204905547152073e-01
2.913310751374629248e-01
-3.946760565012737421e-01
1.199963549166944698e-01
1.371626366352486637e-01
3.717481562260695899e-02
-1.147457141397661695e-01
-4.248059886943542640e-01
3.598989460831447107e-01
1.594630071322943599e-01
-1.284177492850048230e-01
2.423311782190796723e-02
-1.670778263690557985e-01
4.953581475244051707e-02
-6.033802704657388605e-02
-2.074728739116207810e-01
1.319220720022869497e-01
5.869109582508918663e-03
-1.560764745672159615e-01
-1.445886178155198210e-01
-9.032963486372737327e-02
-2.594903311491901787e-01
-2.690404534950673332e-01
-2.533523184818035623e-01
-1.523048700170080150e-01
-1.371362816179799160e-01
-4.604802951902692287e-02
-1.641994661676234382e-02
-8.788442903125736130e-03
1.372546693776759141e-01
4.169533770834508643e-03
-3.514425390037303476e-01
-1.192644521290032456e-01
2.140025506076661047e-02
-1.406843626899645650e-01
2.158629390516690338e-01
1.913630458200939466e-01
2.471074930351373766e-01
-1.096153230614340703e-02
1.071358261751202412e-01
-2.211151451711457910e-03
2.170923625190714079e-02
-1.507224084358429750e-01
-1.608872056492666736e-01
-1.522460638172172011e-02
-4.142949061493000212e-02
-1.008048650218214409e-01
1.069691660997205696e-01
-1.664374606984345417e-01
3.676484319528633415e-01
-4.563331500186681294e-02
2.742749740992277974e-01
2.523581526452282203e-02
-1.306142431153660410e-01
5.930678950239310840e-03
8.608195933769085401e-03
-1.243964465356555138e-01
-6.393949200275565736e-02
1.734486961302226238e-01
3.866588707968140332e-02
3.423805529667799802e-02
-1.207778014772549063e-01
5.232178115377267291e-01
-3.782182260601608670e-01
-2.794938903705148150e-02
1.065905221510807799e-01
-1.628353531239161156e-01
-8.396010523846247908e-02
2.198861441690065643e-01
1.296379927837979507e-01
1.931046239207065765e-02
3.299693582481799670e-01
9.566044356074983324e-02
-1.941155603648040684e-01
2.054004416414943468e-01
-1.445332061662124301e-01
1.185981508242486410e-01
2.214823063337502951e-01
-1.412204800914264868e-01
-8.157577449065528397e-02
-1.001118579954400345e-01
-1.881062015329645343e-01
-1.291273937053550591e-01
1.632595599571401435e-01
1.016889181661540797e-01
-3.326088552123084852e-01
-1.717037827411863338e-01
4.764662505248124652e-02
-1.161868890475649951e-01
1.540278640355610407e-01
1.607739432375991928e-01
1.039084912065361965e-01
-5.205133054255738079e-02
-2.013594921178442909e-01
2.339686384809841757e-01
4.769217415753042311e-02
3.542723781332290239e-02
8.317359419231497297e-02
-4.482281731425854510e-01
4.695758146255600562e-02
1.875052077251605220e-01
5.805689841798281764e-02
4.197118556066098960e-01
1.659821421278894205e-01
3.582402969984084529e-02
1.140772851597873644e-01
9.635345058713125355e-02
1.151442301699154430e-01
1.619466215737468406e-01
5.290698138067475437e-02
-1.051456619412556859e-01
1.683619922180258632e-01
-1.859749969735675825e-03
-8.007051853214522397e-02
-1.684600101988203980e-01
6.520354093913040272e-02
-2.656239630689926634e-01
-1.110266255481690417e-01
-1.078295619504171798e-01
1.507795442288089871e-01
1.426247394483301512e-02
7.203388471119047398e-02
-2.378507684526700583e-01
3.630083080594593420e-02
1.957058038979231362e-01
1.215489624381279887e-01
1.362784973603371752e-01
-1.310033334361939972e-01
2.916654219143555715e-01
1.666149649333140692e-01
4.389880893734621203e-02
1.007555249603309111e-01
-2.058654973591756143e-01
2.634307372295570659e-01
9.091128184641589227e-02
3.211355807492987657e-01
3.042532653405455867e-01
9.013349302883885694e-02
3.789933837608751022e-01
-2.317952523476998587e-03
7.943309563512693239e-02
-2.721835905003721079e-01
-2.173356143203088522e-02
3.283450190844569572e-01
-3.015748907916575294e-02
-1.006116462177743531e-01
1.653662408140627038e-01
3.466799823993177432e-01
4.586232746471695099e-01
6.438181347050016268e-02
2.189059754118403422e-01
-1.527608194983894052e-01
-7.406851056161034563e-02
-8.879946393396444260e-02
-2.028077259730237114e-01
3.387493933421564796e-01
-9.300918742868968803e-02
3.667918284060713019e-02
2.015357366030995634e-01
-4.459835172668079328e-02
1.274733141715359008e-01
-2.214950239547123362e-02
2.235807017970665722e-01
1.105822627546908243e-01
2.247720452922660761e-01
1.813635823257030433e-01
-1.607988189422951963e-01
-4.654001952684346799e-01
8.626247157151405165e-02
8.867655646893884969e-02
1.943047962085587554e-01
-5.242201431489988683e-02
-1.808605006253940772e-01
-6.307779713585064119e-02
3.966732477264471590e-02
-1.500285987432365027e-02
1.490329022992624604e-02
-3.082920008394945954e-01
-3.385501682095991977e-02
9.663096726454430130e-02
3.200572548346808932e-01
-1.421130967638225828e-01
-2.067644304504744623e-01
9.636469827817673028e-02
5.264889787784045316e-02
1.863765601338577271e-01
-9.213040455334386980e-02
8.009666726039522261e-03
1.377346247850576022e-01
1.563936883247825094e-01
-6.630957945873414139e-02
2.915457229252773133e-02
4.361857063103903309e-01
4.446075062822873458e-01
7.016735691013778475e-02
4.692077176498960500e-01
7.739320740110029462e-01
1.000000000000000000e+00
7.669131174897022563e-01
7.765423145228512736e-01
5.922708610768842030e-01
1.802550516469955955e-01
3.035332411547361220e-01
2.451091492809523709e-01
1.245224026475562767e-01
-4.669792131477053937e-03
-1.547097095014621781e-01
4.337383211379788328e-01
3.832610971946175393e-01
5.471370981922007992e-01
4.502885095388279857e-01
1.299763363005180805e-01
9.720028503090630267e-02
-2.211654177935063748e-01
-1.503175309759056666e-01
-3.718284291133399158e-03
7.535410606259310314e-03
1.513686203870723834e-01
9.085170694045174855e-02
3.084898061745118825e-01
1.028510835233573395e-01
1.692791653409945474e-01
2.340534790626001560e-01
1.995724367913551955e-01
2.371473876240286216e-01
1.367577625607886878e-02
-2.037222620158758157e-01
6.629491700269532495e-02
3.812892723968223235e-02
-1.866964323484728294e-01
1.221603609927395147e-02
1.831607980736554286e-01
1.024547422513113759e-01
-4.994874633554893806e-02
-1.870731739291244256e-01
8.238055312752910753e-02
-7.783808734670800977e-02
2.179442132031732260e-01
1.215913939306537996e-02
1.936850901587828799e-01
-1.327518790811509919e-01
-1.118902305993708796e-01
4.051183953734451698e-02
-1.753714642395848844e-01
-8.996163710748994458e-02
1.241567167540854888e-01
2.176873673484732569e-02
8.791143379253858747e-02
-1.343088751664908709e-01
-4.569281991565189022e-03
2.399462075817735962e-01
2.055968813535743178e-01
-9.565360409530090143e-04
1.940020094247171117e-02
7.149318674195748180e-02
2.073789559662449905e-02
1.142994822816710415e-01
2.129175015080685407e-01
-1.517756606787009910e-01
3.513642794148235660e-01
-1.466799587623004129e-02
1.324507974227779605e-01
-3.603874395315408430e-01
-2.930523944541829628e-02
-1.176508257643979483e-01
-4.416130052792310162e-02
1.497313231681940138e-01
-3.558540997297674480e-01
3.212943095210093331e-02
-2.570099454320791676e-01
8.953425459603001069e-02
4.982411093837514904e-01
2.743450796548631554e-01
-5.935822462643748632e-02
3.396016429759039501e-01
4.337632694126030142e-01
-1.069757018626464745e-01
2.779640559057663766e-03
6.241702860189553281e-02
-3.460718144221843623e-02
-3.567625412754345943e-02
-3.326746877467686159e-01
1.498004687044650618e-01
-8.706959126442243013e-02
-1.028981783288102081e-01
-3.368210693337286149e-02
1.738211745441308187e-01
1.328714110477401122e-01
1.858351862429167556e-01
-1.570736059356736547e-01
-1.600964665928428787e-01
-1.411886060829069534e-01
-2.174163164416980099e-01
9.874538299052816603e-02
5.447344818622125440e-02
-7.482119240406982785e-02
-1.291536139766752411e-02
2.400832677772450630e-02
2.139860569721926120e-01
-3.312166246507159406e-01
-8.619622357903539145e-02
-9.707082391331632587e-02
2.124904382507320499e-01
8.471053215545262804e-02
2.832937104955852159e-01
-7.795288189814214563e-02
5.205746092080825588e-02
-1.284266973604098958e-02
-9.752215952359627460e-02
6.510985662301362054e-02
-1.265084250017233791e-01
3.195691982212353066e-01
4.568385585235918978e-01
-9.767205680789141364e-02
1.500119353564905722e-01
-1.849749827167718186e-02
1.937329256395632637e-01
4.621756576128693839e-02
-3.245420895179610549e-02
-1.114186859827448056e-01
4.590810065230312154e-02
6.709903924169742517e-02
2.584744230040391111e-01
2.232148371395584890e-02
9.537000755512602471e-03
-5.810721413145489983e-02
-1.887482853840042885e-01
-2.257758378207989913e-01
-2.071899498605439260e-01
-1.415667994170747568e-01
-2.945117872920117730e-01
1.943515972469372355e-01
-1.810708941081820914e-02
-6.280344257605006975e-02
-1.086120645492232167e-01
-2.068802594443104881e-01
-4.780038081630208491e-01
-5.887675085879694875e-02
-3.529627964151368924e-01
4.980220131963519065e-02
-2.012509164679070206e-02
-1.526760455235024183e-01
2.203723493885620388e-01
-2.954430195192666586e-01
2.032990682481216616e-01
-1.123737732518016313e-01
4.100406144740735837e-01
-3.184156708151194559e-01
-3.948409552384790633e-01
-7.648398842214464144e-02
-5.217577014733598695e-02
-3.137499057452348139e-01
-9.837798316256536613e-03
7.825025502444744874e-02
2.314833445860714489e-02
-3.179457033491316920e-01
1.415523211485784083e-01
-2.707635081571501678e-01
1.385360688242768812e-01
5.683028553834126306e-01
5.831226260138162171e-02
3.736251253117578996e-01
-1.909544497547590591e-01
-2.935420927868725646e-02
3.424929517141487439e-02
1.108195123035691509e-01
1.872872836244520445e-01
-3.062168511030420870e-01
-1.470094520756197731e-01
2.338248244920471675e-01
1.405106163270667119e-01
-3.129664764304357361e-01
-1.473415790835101991e-01
4.519729639240162300e-02
-1.034010620620280374e-01
-1.346843315104418459e-01
-1.223330029210154685e-01
-2.341606326918740655e-01
-1.920487959320581750e-01
-1.527469014238833356e-01
1.298775929224693301e-02
1.168158797768956286e-01
3.957604794907711998e-01
1.097330318160267409e-02
-1.618095842876025869e-01
1.412902742092742858e-01
-1.991671360570907712e-01
8.136537373127991635e-02
2.527565067404273225e-01
2.916047126558892200e-01
6.576953007106428606e-02
3.353915609604847803e-01
2.068463710954946203e-02
-2.479802121389612923e-01
3.206933882492220278e-02
-1.157328599594425328e-02
8.561049187284476558e-02
1.120847072999464622e-01
-7.283069124535500316e-02
-2.215607657428303456e-01
-2.146097949182630693e-01
-2.653797211795036470e-01
-3.347289270681315654e-01
1.951786399954532070e-01
2.642410426740039453e-01
-1.993342800503200840e-01
-4.715173665201415065e-02
1.607759631864008609e-01
-4.515506774841738236e-01
-1.683399414871940558e-01
-8.356674189648656548e-02
-2.218692963195125212e-01
2.847172135670269499e-01
1.017995083412515656e-01
5.338583573895282902e-02
8.024788173725820595e-02
1.863883505331532242e-01
5.208850030711281026e-02
2.025367824719976340e-01
2.910638892895205387e-01
5.873071524776191793e-02
-1.317874490238241840e-03
2.444269648181798815e-01
7.802498787874294350e-02
1.837886382782680239e-02
-3.596468889383303558e-01
4.889166201658329963e-02
-2.348693092765513912e-01
3.312822374865272146e-02
2.989597596215501363e-01
-2.814111054945540036e-01
-2.458850708870355395e-01
1.095792322784310824e-01
-2.608289426649177956e-01
-2.391696803669166316e-01
-2.462391505687805404e-01
-1.660906476005656607e-01
4.256210138832293155e-01
-1.323288536833218954e-01
-5.350482870349714676e-02
-1.723060911978160081e-01
-1.086440462841516408e-01
-2.186861919159466261e-01
-4.565148519758751577e-01
-1.001065838352341864e-01
6.467679434777479086e-02
3.850118034634080616e-02
1.081782578924380123e-01
-1.893763101307577856e-01
-3.690962425337019903e-01
1.538962322699847785e-01
-2.188685395751037432e-02
1.085771774541665347e-01
-1.331209449377873492e-02
