6.087289831713388333e-02
2.999515061715901307e-02
-1.075423773194809501e-01
-7.777596373538707419e-02
1.173845597955949435e-02
1.372029838686207592e-01
9.338510209682741869e-02
-5.736963203628689389e-02
5.296416029539546128e-02
2.923400756115237739e-02
-7.502023140120170352e-02
4.190701164690070757e-02
-3.014829371568363437e-03
1.528772505487294153e-02
5.960993550803257539e-03
-1.005228101646409994e-01
6.171005451662709557e-02
1.784455097342464019e-02
-1.357241969257257930e-01
1.398051912281210452e-01
5.814098892911551131e-02
7.021807905469533428e-02
-1.576579492756001177e-01
-3.808120403547599064e-02
2.639715166564444646e-02
-4.379020371986525745e-02
4.941706790651026471e-02
-2.551514761374727019e-02
6.169178081304965700e-02
5.564662228537288480e-02
-3.035549046527603878e-02
-7.813030851729485526e-02
-1.190302744763061249e-01
7.371948718463694483e-02
2.558050110883957912e-03
9.444922914514411461e-02
-9.603480879609971842e-04
-1.360258731624207906e-01
-2.179913502535687879e-03
-4.116611931815829413e-03
4.357290471595436782e-02
-1.306822132506827577e-02
-1.690979061135749334e-02
-8.396709683864546359e-02
4.499546662417999027e-02
2.317884325085760658e-02
7.736656707218128592e-02
9.321011260552214493e-04
-8.590555725050905145e-02
-4.278773065956063132e-02
-6.521044930558385355e-02
1.600130312154323664e-01
-1.018216493929976485e-01
-5.936186909812304902e-02
1.128999988048590315e-02
-3.857584686229514892e-02
-3.479360346860031067e-02
7.518951945531446301e-02
-4.740776000964747744e-02
-2.553903387668284355e-03
2.156716565656233153e-02
6.828692986802087361e-02
-1.734513631989633708e-01
6.990335174548529575e-03
-3.955930457627375441e-02
2.270680337956363509e-02
-2.199969128717683964e-01
6.005654356745888933e-02
4.547842945075486476e-02
-9.317604548838792633e-02
-6.779516412737879305e-02
2.474540269905967788e-02
-1.325829370690824634e-02
-8.283955381974937582e-02
1.606273944090603756e-01
-3.861496153881432275e-02
9.307935990304005980e-02
-3.255272517727704484e-02
-1.915157210033213708e-01
-1.748929163326062575e-01
-2.516614337748702187e-03
2.473450386468751747e-02
-1.685724476628409352e-01
7.306322699208757376e-02
-5.908180595418750618e-03
-5.070447330740313063e-02
2.256659309960942772e-02
2.508638425035105146e-01
1.680610469422472997e-01
8.363045264864699124e-02
1.061843324877767281e-01
-8.131088001127348072e-03
-9.986080107864674094e-02
-1.065337011387630928e-01
-1.633047047382181760e-01
-8.527146118868292324e-02
-6.989548107891919992e-02
-1.530489460479338704e-01
-3.365402938963128754e-02
8.560235120634336614e-02
-1.294461036027750589e-01
1.507761936624305299e-01
-4.719769146477016675e-02
-4.279203579058350054e-02
-8.147542475234784143e-02
-8.407833186895566704e-03
-2.292533777631498848e-02
-2.327320074077164971e-02
1.967941407104606688e-01
-8.916117647349383613e-03
1.088002870106494734e-02
1.062519263013144283e-01
-8.877373824945380965e-02
-2.219136610172789403e-02
1.300062925646605638e-01
6.946451051873317462e-02
2.717918393644258232e-02
-1.197658084826374453e-01
1.240905992541695320e-02
-1.602516890633017554e-01
1.417667835477218891e-02
-3.182314639866998252e-02
6.337991037561732655e-02
-1.771938139174066007e-01
4.852753057758448646e-02
4.954771122861616195e-02
3.313832353801478281e-02
3.623654512398157695e-02
4.097122394618095409e-02
5.160234392122910879e-02
-1.547226682131772890e-01
-3.470001002245125254e-02
-1.102383208153773636e-01
-1.081141809176699720e-01
6.393010291625232829e-03
-1.103467912880176788e-01
-3.530939008634009779e-02
8.471759735634981636e-02
-6.393744958210675899e-02
-3.927089479247604376e-02
-9.824548763333480761e-02
1.514685711560913028e-01
2.176698924487503392e-02
-1.333862648671350071e-01
5.522040267981329770e-02
-2.665593296463187462e-02
-8.043109421624540512e-02
5.498704885982019612e-03
9.277923059589066046e-02
-1.666578145179702444e-02
3.055069671870696002e-01
1.895161261943709430e-01
1.733578351167550657e-01
1.974146544617939869e-02
-1.238873199809418651e-01
2.265558967811331925e-03
2.254225228242568227e-02
6.089572072346820936e-03
-1.151699685407449048e-01
7.621607875665757648e-02
-1.134672888905897542e-01
9.142169523183842073e-02
3.033009818853093717e-02
-8.766085720401110837e-02
4.501620442998204019e-02
2.179690342557320804e-02
1.016354450373193330e-01
-9.110004523310638591e-02
5.301490004683672569e-02
3.687392597701184133e-02
-1.111014284056483087e-01
1.500764895413981004e-01
-3.321690223097331640e-02
-5.964417892866334669e-02
-8.196299552792449261e-02
5.726855355495899524e-02
6.870058514032437169e-02
-3.049708754706015670e-02
-8.042780502712483862e-03
7.908990116101709267e-03
1.069391056122142858e-01
9.573780801475363644e-02
1.233044438727832473e-03
1.299964623119568841e-01
-1.283055487070947076e-01
-1.896748432341049256e-02
-5.153364028299092098e-02
4.995116106747859303e-02
3.072498168627469523e-03
2.736673729076800204e-02
-2.828299005422037563e-02
2.368778396847541212e-01
7.158547751111847546e-02
-2.756024415289308471e-02
-1.219725179895647833e-02
-3.587892483522728444e-03
4.887260021530837051e-03
-4.420365062261946698e-02
6.493959742343222152e-02
-1.317225243636008514e-01
-3.149593576056583522e-03
1.180246456327703891e-01
-3.628007509749719278e-02
-9.168303508146394276e-02
-3.408386072529879379e-02
1.991337601032397431e-02
-1.653065328787952648e-01
7.813876909027574202e-02
4.002684138561412447e-02
-1.673501789720788779e-01
-6.104383734897315429e-03
1.265596901432526067e-01
4.564176699043735741e-03
6.706406426004338228e-02
-5.291401777653108318e-02
-2.846825483621937686e-02
-3.561304335864024645e-02
-3.396945042713286900e-02
-1.637689332010609441e-02
-7.004382327302592637e-02
-6.769456227401951520e-02
1.233879567535913629e-02
-1.129123152335722718e-01
-9.210312392938493908e-02
-5.114992331231047601e-02
-5.911294045285569315e-02
-6.589840106359735883e-02
7.835940953062144054e-02
-1.501109003509441819e-02
8.670749092055347884e-02
-2.687195673723345377e-02
2.836777530739295963e-02
-2.415190287935755145e-02
-8.149436773591535454e-02
9.344803075042063326e-03
4.820264574940653912e-02
-5.738067356090614801e-02
-4.713485700922369348e-02
-6.240565143755124472e-02
-1.093708993753573222e-01
9.850093933906915733e-02
1.111668077295588225e-01
4.825259561624946347e-02
-1.559673491777343983e-02
-6.728952598250410866e-02
1.664149591041341192e-01
-1.558398633586067887e-02
-1.907470429503776710e-01
5.255106445246991026e-02
1.970350711626973894e-02
1.293402898843646898e-01
-9.259167552167289761e-02
1.479227228787889092e-01
6.022458872226602589e-01
7.984417334340107031e-01
7.988774650720963377e-01
1.000000000000000000e+00
5.221443057028450907e-01
1.803873048870572038e-01
-2.542429721719519781e-03
-2.055364063298762561e-02
4.562178183166611806e-02
8.500346399169196598e-02
5.078353378805570972e-02
1.677800448673220923e-01
5.938271179097326380e-02
1.582223402013849256e-01
4.885092543679283444e-02
-9.144000673861479855e-02
3.559603960746284684e-02
-4.986491664970146148e-02
-7.407561635014456303e-02
6.127259373562517208e-02
6.937975982512016582e-02
-1.535219580172129394e-01
-8.900463904856277531e-02
-1.896752384651790094e-02
9.779520762755396224e-02
-5.638829404816055740e-02
-6.512505166793794951e-03
-5.081526315673491612e-02
-1.413111394291300393e-01
6.942570712860076862e-03
6.709167446623261200e-02
9.377998991547772945e-02
-1.096920451853627965e-01
1.446071936351474470e-02
-5.824193140363649601e-02
2.061387001595473348e-02
-5.363865294850637955e-02
-1.723049716448971092e-01
-9.509304210421787307e-03
4.632353535106221998e-02
-3.587749418946404451e-02
1.012630262026572026e-01
-1.637579838393152798e-01
1.265751022279108275e-02
1.463173120489230095e-01
-4.563025436699646303e-02
-3.052701712994086020e-02
4.448440856005022453e-02
-9.419171263884743017e-02
5.606644115496608322e-02
-5.300625522523141203e-02
-5.133668678202142621e-02
4.677129804920472644e-02
1.418055139975298584e-01
4.830513687339769990e-02
-3.151913334781496212e-02
-9.346227680087032183e-03
1.393793709242237278e-01
8.421451979738311944e-02
-2.344251119590081561e-02
-1.726906656511827398e-01
-2.230263429895289889e-02
1.572862014408365483e-01
1.140187574895474426e-02
4.977051295320757823e-02
6.532832164479283887e-02
-1.275558929342516731e-02
-7.392944212373986357e-02
-4.157846512684048451e-02
1.820951431968658440e-01
1.870765893801029922e-01
-1.860336421408897642e-02
-6.368971680657246892e-02
5.174393431954078804e-02
-4.692556963020236976e-02
-1.774360505907058433e-02
-1.638703688600262609e-01
-7.517417776320405032e-02
-3.344752254807669203e-03
-3.677242935200605856e-02
-1.111447586632493753e-02
-4.353776651164581457e-02
1.498743706973187928e-01
-2.294223136151881878e-02
-8.752753472665886214e-02
4.401093364509271744e-02
-9.989348707803704860e-03
6.937730444162176768e-02
-1.954359015068426741e-01
-1.034025728951789604e-02
-1.581164660825816470e-01
-7.065411179085145932e-02
-8.931903974622949771e-02
2.003634164524569980e-02
1.419681999449446952e-01
-1.359626394052120268e-01
3.286226685478580312e-03
-2.587713724318812386e-02
6.544690978591706509e-02
-1.106166312337314855e-01
-1.311344790227295110e-01
-6.000639232986828414e-02
4.168915734925930476e-03
-1.154108751224557361e-01
-5.207111268359299050e-02
6.857062853566099625e-02
-7.844796116653074414e-02
1.869639651854131113e-01
-5.996510096690473024e-02
-9.963123012080785101e-02
3.159986136263751022e-02
-1.638370821231667773e-01
-6.482861288680906442e-02
6.164030145411360240e-02
3.716551738487400280e-02
3.417248148034337379e-02
5.011126434331432400e-02
4.008319402370948137e-02
-1.842038844419029708e-01
-1.403550094041296735e-02
-1.725365794621035870e-02
-4.185169124596268934e-03
1.300476755128995333e-02
-5.586563120976371401e-03
-3.601839787033320889e-02
4.166850552336608116e-02
2.986111265323684871e-02
-4.791975064863880640e-02
1.367819316414570219e-01
8.748321690381483107e-02
6.358422334360956663e-02
-1.555602506985892357e-02
2.315128607794932070e-01
-5.141393531836458558e-02
6.882518546976497398e-02
2.026711451296500655e-01
7.382242585214014718e-02
-6.296233501503253893e-03
5.700456566982975426e-02
-4.676046782242881256e-02
3.577519775276425534e-02
1.195750048966835871e-01
9.458936909760973233e-02
1.954026377476300938e-02
6.060169569051504501e-02
1.487028455781711292e-02
-1.506212232054149336e-01
9.031407314995409941e-03
2.799200803751052472e-02
1.238141478403257806e-01
7.759353123753233439e-02
-3.034923038430295539e-02
1.565950044147262910e-01
5.091309694651595386e-03
3.021243593881197537e-02
7.200939027895042130e-03
1.328299784909546255e-01
-7.378697897429677480e-03
5.268382081698790020e-02
-5.847990425397183584e-02
-2.962829073004371039e-01
-5.085047868734981352e-02
1.147808487729003873e-01
-2.506417045187308429e-02
1.375470895494553501e-02
-4.511165258721953203e-02
8.680346070398611835e-02
-4.602384111350412560e-02
2.723856678961293978e-02
-1.558358703419839703e-02
3.067294721885111680e-02
-1.652488724851170765e-01
-7.209355188209838616e-02
1.156126312597183653e-01
2.085677107073930989e-02
-1.130676445771669134e-02
2.396645760389639473e-02
3.535249100656209231e-01
1.238868761926082140e-01
1.403754740529431499e-01
1.076047718069797834e-02
1.269733936574058697e-01
5.345866628739441052e-03
-1.097401607068637652e-01
-1.439423861830077880e-02
-5.148013361134614468e-02
9.859514427673191778e-03
2.268989439216114595e-02
-7.493625983819089675e-02
9.344414260889534474e-02
1.283493782549498530e-01
-8.675535682948928851e-02
5.364076102735451657e-02
-1.225007065273534951e-01
7.624939833318428173e-02
-1.156159122957441110e-01
-4.689056043388298289e-02
3.783137737490665370e-02
-2.276668494634144849e-02
1.353360733767751400e-01
-2.463669351608826774e-01
7.174182350336437246e-03
-1.214970375973158240e-01
-5.293186805752136265e-02
-7.170502731157696319e-02
-5.007327813731752425e-02
1.232554592860445747e-01
-7.431147615806781015e-02
1.124216222802565607e-03
-1.873991452208551359e-02
-3.051267337664889320e-02
-5.976262234427055092e-02
8.872486740291407603e-02
3.391934418773653870e-02
7.900265116296249779e-02
3.547482927166825672e-02
5.271671697091132036e-02
-4.763686598652189935e-02
-3.750793923741251035e-02
-3.003284393228870808e-02
-2.341494051280286481e-02
-7.503413429443794858e-02
5.703683206687050478e-02
-9.808340814977816596e-03
-3.344757925831819828e-02
2.928608790787596769e-02
9.420602730766669541e-02
-8.742060246483791819e-02
-4.058049767641121880e-03
-2.302602535934538536e-02
-9.435630325907666538e-02
8.851843470906956002e-02
-7.885196839950120440e-02
7.997810425083702601e-02
4.550274818228364909e-02
-4.373331577331682901e-02
4.464683993131978584e-02
5.939940776062393318e-02
6.545883767883417526e-02
-3.845771963159557577e-02
1.061377726145636829e-01
3.679895061079644508e-02
1.852365533071571521e-02
4.988890933435068120e-03
-6.360962898726728321e-02
-1.177830814180736291e-01
1.274242260937469007e-01
1.417958197516331065e-01
-3.096017277993604044e-02
-3.384497738575684145e-02
-8.166308795726925918e-02
-5.056759402521677355e-02
-7.536274273860583961e-02
-1.147344827600621092e-01
-1.311785044662454602e-01
-3.652093343735827308e-02
-1.228347523282450476e-01
-1.776100111307638701e-02
-2.483652160433329203e-02
