-1.394508345816378725e-01
2.306453890707728660e-01
1.805043112455630150e-01
-6.479848770229700017e-02
1.410710572379594852e-01
-2.758517866319800116e-01
3.708080732183902106e-01
-1.108986314741946533e-01
5.684674148129870846e-02
-1.803478630319474418e-01
-1.574539199549425117e-01
-2.815763150941314463e-01
2.421398979932603002e-01
1.709737330015338036e-02
-1.438761187950095555e-01
5.969916793830749163e-02
-1.330467367734449735e-01
-3.013968774343235915e-02
-2.152869338500000909e-02
-6.588306653395309409e-02
2.666880792648961274e-01
-5.397123034353577820e-02
1.269474056102597448e-01
7.848106819723714433e-02
-5.229944126357431722e-02
1.680709048065834876e-01
3.182877195129223298e-03
-3.874683274445918646e-01
-1.515079181878002113e-01
1.973681190223715853e-01
8.908087103257557315e-02
3.695308274179874286e-01
1.127090822204492304e-01
-6.446718296823263084e-02
2.225864246359663401e-01
-1.675947243927641828e-02
1.504753089271354538e-01
1.847656562724389884e-01
-2.110799668002043272e-01
1.049412036245632451e-01
-1.211361200224281703e-01
2.838981840988772931e-01
2.463240716160241053e-02
2.708907089963933160e-02
9.974186630459801195e-02
2.612988692004238334e-01
1.980848745103885519e-02
1.468018437099757600e-01
1.827533156917577062e-01
2.821543024767314556e-01
-6.584548475505005993e-02
8.568349933121552353e-02
3.992742537919552470e-01
-3.132062333897620565e-01
-7.800149968481097373e-02
1.767827194894385223e-01
5.638423900661714699e-02
-9.873446953374481749e-02
-1.906274175087940490e-02
-1.152115256962577411e-01
3.104711022874900306e-01
-1.068806385172651890e-01
1.870148963806256004e-01
7.033352266633008387e-02
1.134945478859298446e-01
2.769781830445691151e-01
-2.597022160724550277e-01
-2.057915359307138092e-01
5.055849745005221857e-02
-6.069018175642906104e-02
-5.997737652860632984e-01
-4.057330250328585602e-03
-2.107117498486351659e-01
1.424124093826945325e-01
3.321200285565459320e-01
1.671979615058322433e-01
-2.675138933276933195e-01
-3.023236077047499193e-01
-2.947746438516070655e-01
6.856134716136491614e-02
-7.140981090291317890e-02
-9.329815413228118026e-02
7.523693381432486338e-02
-1.194696425994877798e-01
-3.410401444868406684e-01
3.049321186902331782e-01
3.967540044105626745e-02
-1.570258871140886858e-01
-1.308089009764667326e-02
-2.972635365820977538e-01
-4.285274060805729923e-01
4.402072189300016564e-02
-3.716835100509854883e-01
-1.621649372207727424e-01
-3.942740495067673101e-01
1.355964942010198793e-01
-2.940726750394684688e-02
-7.322381751241345549e-02
4.634894098521862710e-02
3.211006952364811595e-01
4.119340232460570045e-02
3.708188020762114966e-03
3.133299438623624589e-01
4.883985064759532348e-03
5.672716278463622343e-03
-3.657801952347376762e-02
-2.987323376427894125e-02
1.502761108619671548e-01
-5.810751225137472664e-02
-1.368553348408435566e-01
2.357734230933986319e-01
-2.125255873975945980e-02
1.740919915775514526e-01
1.913667234569555592e-02
-2.843191046546177381e-01
1.968750408940684593e-01
-2.663570903179402621e-02
-2.691404660714875607e-01
5.205469912262634252e-02
-6.121050965732226668e-04
-1.722739811231624452e-01
-2.710369940046506443e-01
-2.831151708357871333e-01
2.051727938572044385e-01
4.441034628552851388e-02
-4.597215664715631478e-02
2.156744134843482652e-01
3.880355344051382160e-01
-3.674361204878896781e-02
-1.264861735231456452e-01
4.701186466931968344e-02
-4.390846140386430591e-02
7.771347133794812012e-02
-1.922747289700378337e-01
-2.566306766352887125e-01
2.103690227369450216e-01
8.515736554104889888e-02
-3.465249791972598303e-01
-1.948183833619942379e-02
-4.347231339060845245e-01
-2.218482723636428511e-01
-3.298563969514203276e-01
8.042678870564270999e-02
1.320227869768685058e-01
-2.591253934762252076e-01
-7.138525389228846108e-02
5.367466221599322823e-02
6.645208394131776886e-02
-3.908420811505972786e-03
-2.616696545329540990e-01
-9.551051944754053447e-02
5.933390602382745266e-02
9.111133544364566003e-03
5.180269984362478874e-01
-2.232644701453609937e-01
-1.471668834860532793e-01
1.634624397579885480e-01
4.618716043033723184e-01
3.364012473690082272e-01
-5.324919775611317019e-02
1.422178945425773000e-01
-1.619731343460133199e-01
-5.833083342773607433e-02
2.685557260126726908e-01
-1.728123722040234705e-02
-3.229019225584210950e-01
5.926468625988849659e-02
-1.269320303359121882e-01
8.979659012327232195e-03
2.157069978222279083e-01
-8.020563943538831786e-02
-1.136526122890469011e-02
2.333092444815315358e-01
1.709275842940750079e-01
7.242327115106746149e-02
1.551857800198394310e-01
3.779184631754808898e-01
2.246446922436666493e-01
-2.862542355686699680e-01
-1.913873020947270687e-01
1.064363840951512291e-01
6.617355154671707151e-02
-8.200791926999119463e-02
2.221986000376615158e-02
4.851756739904619087e-01
-3.155761371311242847e-02
4.884026194187745390e-03
1.223463394569370283e-01
3.007800963438693742e-01
1.921848668336988836e-02
5.757995096562910226e-02
9.560782874299639245e-02
8.574221546454630083e-02
-1.199795234977174552e-01
8.083856865454690233e-02
-2.809131520431624729e-01
-2.179207495036253606e-01
-3.821391758791656962e-02
4.242313048096977290e-01
-1.043136683212821658e-01
-1.318185190305591059e-01
4.013061950716407256e-01
2.726905939485473884e-01
-3.769803198882808459e-01
-1.763188091566808002e-01
-1.186229433678695905e-01
-3.616314841087901466e-01
-1.233563929815084809e-01
6.855698185717488957e-02
-3.334225481723006035e-01
2.507545169501926852e-01
2.211460288939127439e-01
-8.696634339881095799e-02
2.846956944601036765e-01
8.174476585460140055e-02
4.257463553610213447e-01
3.335597621469152951e-01
1.875159681164948189e-01
9.957068903569225859e-02
-3.422213691664297563e-01
-5.210451432158812457e-01
-2.790665610957951959e-01
-2.646484383975428178e-01
-8.378426554656999425e-02
-3.928701658025010590e-01
7.905844437633255395e-02
-1.245324256874978247e-01
1.770424067101784293e-01
9.470001933356328450e-02
2.566110323978189611e-01
-1.390780092541727408e-01
1.650497810889109129e-01
1.868816936606263468e-01
1.490016218612264243e-01
-1.380607611856441708e-01
5.501676247614496751e-02
2.250155463114639209e-01
-1.017368229266863294e-01
2.985591912479430010e-01
-4.426660121447955482e-02
1.804501253961556667e-02
-4.099202254301800297e-01
3.581719300794621308e-01
-6.381598235415296416e-02
7.504352243503750741e-02
4.275209323202100453e-01
-1.046551657129139376e-02
1.336701013050870523e-01
-6.531182868131386876e-02
2.795747862461933075e-01
2.503368347988574674e-02
-1.023701136051335253e-01
4.714861935300594942e-01
-3.739401925117789936e-03
4.781423402968648095e-01
1.000000000000000000e+00
6.086271592477103809e-01
8.630369445899668257e-01
2.484266532034001551e-01
-2.207894658152168704e-02
-4.408058807328570361e-01
1.066834767421557389e-01
-1.037833600546258783e-01
-4.642788865854832053e-02
-1.800336715789439546e-01
5.075274290847601316e-02
4.900634431550590468e-03
2.532309759198101973e-01
-1.561555360952739668e-01
3.254451567612329232e-02
2.423966750112026280e-01
-3.512248981201753772e-01
2.300860462156072428e-01
-7.005428939960363366e-02
3.430882091563030034e-01
2.030489722134807551e-01
7.722878004915900881e-03
-9.549930142120452436e-02
-1.947660980039070955e-01
-2.665309910427506729e-02
-1.002269269243849237e-01
3.594406772286134477e-01
1.900934830725269364e-01
4.801357534448161823e-01
2.695599904423511273e-01
-3.456562029632588851e-01
2.531823822237200955e-02
-4.429224642941706480e-01
2.383418895202023269e-01
-2.659942344004737058e-01
-1.222262424682465931e-01
1.129036044702931701e-01
4.497351568148458267e-02
3.010920808752130529e-01
-4.723870814821049535e-01
-1.092900282336886804e-02
2.401490175595896726e-02
2.902363725256336124e-01
-1.379535257433578410e-01
-1.188651919769735388e-01
8.532961255108301168e-02
4.234968421662652638e-01
-1.871444506011747111e-01
6.171690613972962564e-02
4.582890056579913551e-01
-3.611842470437862662e-01
-7.736438617042398769e-02
1.676300902691572614e-01
-1.276630587465243938e-02
-4.829765636427756775e-02
2.468641456745352958e-01
-1.022310714932525566e-02
1.127672110512128456e-01
-7.229939616074147757e-02
2.341852329499121907e-02
2.335089587049752335e-01
-1.312178089851155360e-01
-1.840956577277894357e-01
-1.717062856101668200e-01
-1.170331220287179619e-01
9.269649532498182298e-02
5.044774163100045339e-01
7.903790473419866625e-02
-3.420548561362758699e-02
-3.141400100769207171e-01
1.629353633198415419e-01
-1.343933146114940080e-01
-1.810215223038232901e-01
5.357050149421732632e-02
-1.701989481701131068e-01
1.963844053494297470e-01
4.377099953948154765e-02
-2.797203914163762795e-01
-1.792709899018218866e-01
3.263702809320855325e-01
-2.190310225264502642e-01
-1.462517347490671291e-02
2.499760199854160203e-01
-8.807744309105829117e-02
-8.557676776414067541e-04
-3.755833226258747937e-01
1.117583456553651183e-01
-2.736984405514463758e-01
-3.081541447600605332e-01
4.363566845181558740e-02
-2.576960475379187487e-01
-9.341588950032503336e-02
-1.311461877669277409e-01
1.321138517860743211e-01
-1.611369013204637934e-01
-1.891795751702145534e-01
-1.516214416548022081e-01
-3.513250077537589666e-01
4.720776346657566680e-02
-3.306446120068363692e-01
1.526667866645743943e-01
4.853536665569487818e-01
2.404339387620538226e-02
2.031375158850164120e-01
4.009442588210989505e-02
2.263120975811470925e-02
-2.653230065976848739e-01
-1.004233307653389640e-01
-2.280722118131046638e-01
-5.274285178780042244e-02
-3.989930118409834026e-01
-2.227037396281932868e-01
1.932249770687364046e-02
-3.627850617758082707e-02
-1.483849792537189904e-01
1.906604678946834108e-01
9.059075600628730546e-03
-1.741285545635057608e-01
-9.922915616658856131e-02
8.682943511730652209e-02
1.262928161456469515e-02
-1.791430951339803845e-01
4.391636663867322377e-02
3.981502115902860184e-01
-1.124764007078738332e-01
3.626383009868155427e-01
-1.735451223168359425e-01
-2.191401991275405622e-02
2.335101407198109102e-01
-1.026507295331347408e-01
-7.542016189286444849e-02
-7.582961894153822380e-02
6.702611601820930576e-02
-2.254553457607920697e-01
1.137943380232556007e-01
1.175172689022145889e-01
9.723558720648964315e-02
-3.141864832770659977e-01
-1.618950157511054311e-01
3.837970593303531852e-01
1.037661885016843803e-02
-5.336970095240877593e-03
1.782435500096327397e-01
-2.024204831476419386e-01
2.141191514476074864e-01
3.194293848902302613e-01
1.203181050346080472e-01
-5.864182677193178345e-02
4.581916116946416762e-01
-1.602038653389823986e-01
-1.612668796216804590e-01
4.363761876768550985e-01
-9.413626504405210593e-02
2.460460993760257009e-01
7.318603508704595029e-02
3.854651790636248743e-02
-1.156939731007793348e-01
4.693186818817771111e-02
1.191761903218838820e-01
-1.211500426043953249e-01
2.325527870945727493e-01
-6.536136919224289077e-02
-2.417411115019576506e-01
-1.398420710975444708e-02
-3.002364515019491087e-01
1.520514022168836521e-01
-1.637649874062864106e-03
2.674635574580440101e-01
-2.250132258202328928e-01
-1.331077235629752331e-01
1.804353756827709043e-01
-2.514339763455005275e-02
-6.420123403276459251e-02
1.810791736967149734e-01
6.381232162692666854e-02
-8.337519756303632401e-02
-4.983169460673143036e-01
-5.493380966208791932e-02
-2.048376761059516882e-01
-2.218515716315551667e-01
1.988192652577171551e-02
5.055728542037838530e-02
-7.125042784830788734e-02
-5.675741838365688796e-02
1.727057036789457142e-02
-7.610740322073493436e-02
-1.439217579160183835e-01
-2.559873836650300438e-01
1.901801788726666942e-01
2.526574276045565927e-03
-1.152236378314192289e-01
-9.147190088474473069e-02
4.904872854092415246e-02
1.346569345328435530e-01
-2.284453475656530660e-02
1.185951595294502392e-01
3.429140805551714744e-01
2.133794145717188284e-01
1.779462062468604652e-02
-1.928892829574677809e-02
-4.465869932557965383e-01
4.195795946846034297e-01
-5.971711770750420117e-02
1.252113641925445275e-01
2.205752734798474002e-01
9.724940121962553918e-02
1.428884976182467625e-01
1.302024512992754415e-02
1.817119144971852396e-01
2.510969237320224701e-01
1.489844300261724541e-01
-1.394191069280188433e-01
5.615691157635501612e-02
2.015860281450605196e-01
-7.924713751502870940e-02
-2.709173959457574776e-01
2.500416225605943121e-01
-4.374014579858855056e-02
-3.102971706279469277e-01
8.998522777096085168e-02
-1.534317862412249156e-01
9.059597012304143604e-02
2.425538511441481249e-01
4.595951400534820097e-01
1.132197261395239546e-02
6.802601200984536656e-04
-1.271524338997492565e-01
-1.994259551396903030e-01
1.715689097095165205e-01
1.519816325749423769e-01
-2.102057929454498320e-01
-3.506466952716829066e-01
-8.970814547703795383e-02
-9.038991803988852269e-02
6.478809393634601954e-02
1.133069268973994626e-01
7.314621266675624955e-02
-2.498958576907099050e-01
4.689956922950409002e-01
2.685228348685347322e-01
-1.402169278003795594e-01
1.374281787890113682e-01
2.936750291583898331e-01
-5.195349667173090324e-01
-1.641233571668815894e-01
-1.654995342908829603e-01
-5.106673112333778158e-02
2.533401826217643871e-01
-1.626499806120942082e-01
-5.817030948772334426e-02
-1.214506108719632521e-01
4.296570492271885311e-02
1.865634996585854577e-01
3.387664646424385917e-01
6.249458384482324547e-02
-1.172959102799557979e-01
3.526992597482099812e-01
