-3.804189168094577328e-02
4.189902976412162444e-02
2.731998699133525998e-01
-3.178445827970993731e-02
1.774547433315446787e-01
-2.316564403526496507e-01
-2.735579593598755910e-01
-2.209487443530775419e-01
-1.921344913049162495e-01
2.709282587192969882e-01
3.692097559725969480e-02
-1.982269872758739560e-01
-1.976939450397996734e-01
2.309699820993837138e-01
2.672846824494706230e-01
-3.371758742507092177e-01
2.050525995046225958e-01
1.114763760189582120e-01
3.890395398364936835e-02
-7.313343843457542626e-02
-1.321706437585507821e-01
1.439480773373766065e-01
1.954163800923038041e-02
-2.239479438258433486e-01
-2.534485533602443552e-01
-4.172180028700911980e-01
-2.477177896824949987e-01
1.964185979911129420e-01
-1.711947837984468812e-01
-5.294868925928777198e-02
-2.918755520899760092e-01
2.146413611896906271e-01
9.890791147742240830e-02
1.006134960274728540e-01
3.418682008203373646e-01
-1.833947695858440807e-01
1.458898239313076162e-01
-2.262161792243140290e-01
-1.883019782176737211e-01
-3.928302044921639508e-02
2.358593980487303302e-02
-8.312403209983952601e-02
-1.408612448583314303e-01
6.400004061324045257e-02
3.144693985909393641e-01
3.167230192225221064e-01
-4.233207817752692587e-02
-9.056787468526637797e-02
-2.653299083886159759e-01
7.687814063255356267e-02
-1.020897513709397714e-01
2.561315183094009171e-02
8.234538247438255576e-02
7.105741388204402098e-02
1.689943108416269435e-01
4.673540825157837530e-02
-2.000551350978294340e-01
-8.892076459345063522e-02
1.048077414079355840e-01
-5.273289649470300038e-03
1.642269235381259296e-01
6.067771787107636983e-02
1.053977623088391685e-01
1.375193493839342029e-01
-1.421597313699896614e-01
-1.016812720449046525e-02
5.203171922911156710e-02
2.857477416446303486e-01
2.544883186392413732e-01
3.765935030456016384e-03
1.750568242518962814e-01
3.359116875790026796e-02
-4.326358172845193306e-02
1.488971921942902968e-02
-1.654036553998634584e-01
2.266756770407604704e-01
-1.029482442910887273e-02
-3.455358423327933304e-01
1.455532180004686371e-01
-2.997988972457181142e-02
2.154997909061405759e-01
2.952622819990811665e-01
4.876487422817928075e-02
2.148621657001905383e-01
-1.791334181538328796e-01
-5.817263325731591994e-02
-2.058343039204943783e-02
1.978513068663116936e-01
9.549376105096615830e-02
-9.387299744434756885e-03
6.242866816628696996e-02
-6.712038881066871576e-02
1.137993669130431401e-01
3.707814327433586188e-01
-2.038291820746519593e-03
1.773456883721358790e-01
6.799112374840100836e-02
-1.686862421429624337e-01
1.763740424514943436e-02
-5.426590396968387908e-02
-1.369897385385047128e-01
1.091526834001309981e-01
5.564681899207479104e-02
-8.409188559383676265e-02
4.487277509809453613e-02
-1.294240651872338999e-01
6.481424182021701397e-02
4.532484954263319571e-02
-8.578547301542018000e-02
1.025016986541141652e-03
-9.367276871250361514e-02
9.368959722550117275e-02
2.552241696931269455e-01
-8.279526369367493088e-02
-5.263152002319426009e-03
2.759854417172417640e-01
-6.486338725328516519e-02
2.928823723616720207e-02
-1.886539416818815151e-01
-1.565132370690585917e-01
-2.561770506662407881e-02
1.891753650643595436e-02
2.051073601304408411e-01
9.353516113028466361e-02
-3.647271675213995673e-02
-1.081274969765109312e-01
1.632755648132079851e-01
-1.398781482412952666e-03
1.028214128770639502e-01
-1.379789686509557689e-01
1.455254945205061989e-01
-4.827109066005587645e-01
-3.048180943504385509e-01
-1.299012454732903776e-01
-1.180506209023276520e-01
-1.237116608900720865e-01
1.744113461306242840e-01
-3.570711965496797258e-01
-7.161696098729029457e-04
1.871496248216206471e-01
-7.590357062164226898e-02
-2.017183352290750631e-01
-8.665849697789465567e-02
-5.155053521098289515e-01
5.193499331541975806e-04
-1.824887150434842675e-01
4.312839574021092859e-01
3.920649983346091022e-02
2.893813325327555461e-02
-9.458503837173826839e-03
-8.322895823676265681e-02
5.986356283604243184e-02
5.851034134963332967e-02
-1.436343788926170151e-01
-5.812388145615100810e-02
-2.644199774879701925e-02
-1.089427943774593371e-01
-2.180806935735997709e-01
-4.141078017429429270e-01
-2.447732738823334420e-01
2.187929046353804252e-01
-1.067746391780125814e-01
-7.671137366495177357e-02
-6.120929938796546010e-02
3.646570947303844901e-01
1.026171287867106985e-01
-3.636961931522601776e-02
8.178088753529373645e-02
-2.242939599022400476e-03
-4.467974966261689662e-02
1.251767439885859146e-02
-1.024064662162630368e-01
-1.654010018499079138e-01
-4.917893957303260538e-03
-9.182846928852808621e-02
4.183928873115703821e-03
3.522218881029799686e-02
-1.356462397091535155e-01
6.613712218821908573e-02
2.988972677173442616e-01
-8.629692993525225203e-03
1.383118256751818542e-01
4.324328947981769811e-01
1.829595236542911063e-01
1.875773464515540778e-01
1.046113564048587602e-01
2.105776192101361244e-01
-1.451701441629910661e-01
6.841511102507835673e-02
2.174695261102442198e-02
2.103519585013171600e-01
1.195987580868137640e-01
7.153501941862515368e-02
2.030932927289592349e-01
-1.433952098713018597e-01
-2.100858027990020194e-01
-5.312032184832583825e-02
4.603171400888186326e-01
-6.860365253593860013e-02
1.989185490950103885e-01
2.770241869182257788e-01
-7.126773674104310008e-02
7.436104433699301797e-02
-2.524427669161238286e-01
1.806436839507739867e-01
-2.701963218225546942e-02
-1.399428038485264758e-01
-6.581998638529630574e-02
-8.717652484763563359e-02
-1.770564156486622090e-02
2.185976209564912676e-01
-1.143238023695684058e-01
1.673104244725317352e-02
1.158914618214317849e-01
1.877902723956409448e-01
-2.182303258561958323e-02
-2.363627998963734305e-03
-2.236450035068141273e-01
-1.745534154419445538e-01
1.547903326537449810e-02
2.007129800029976430e-01
-2.320147352877066083e-01
-4.163036752921124850e-01
-3.337563962034785225e-01
1.283313593966013411e-01
-1.895445617375992320e-01
-1.408225794021470689e-01
-1.188906399360078747e-01
-4.366537779713707684e-02
1.300534387157310789e-01
8.434115718808261886e-02
-1.443896855210738128e-01
-3.910528156140016809e-02
9.637845949571180459e-02
-3.912484516368415766e-01
1.501006153829962386e-01
-5.315929456005852316e-02
8.122837433401251805e-02
-6.430931669602026057e-02
4.767897049354869604e-02
1.511981884696702860e-01
5.341610668387403171e-02
1.121684238138949963e-01
3.984452976903662264e-02
4.432605620823005799e-01
1.120724621769013107e-01
4.704921831913064234e-01
1.055383920128789496e-02
1.002765674504498827e-01
-2.748563791787277943e-01
-1.910420827557209045e-02
-1.200661738367710812e-01
2.529019933885566229e-01
2.332214257336940877e-01
5.649658091051534825e-01
6.856143408854366017e-01
1.000000000000000000e+00
6.387655032989616455e-01
2.319930317301436840e-01
5.200553771449716034e-02
1.500571399004473061e-01
2.347583282397548710e-01
-6.544661552132771676e-02
-1.335264161905866109e-01
-3.488854284764836972e-02
4.377903286536726779e-01
4.285166828725363482e-03
3.064228567722748764e-01
7.620084612036814864e-02
1.059646035423470883e-01
1.304710380891730692e-01
-9.952156211001107755e-02
1.052059005974538414e-01
-2.242503009412680562e-02
-1.991944052589148528e-01
1.265789338288724752e-01
3.994237653842568070e-02
4.376363526368210605e-02
1.843198963312799032e-01
1.316998111712817665e-01
-8.848549217350396012e-02
-3.864536840204255141e-01
1.502243312812474307e-01
-1.336160001847765955e-01
6.703942698665153743e-02
-1.596394666730347467e-01
-2.795150495596752660e-01
5.683028789162535704e-02
-1.468429705607455366e-02
-2.024016488263692681e-01
3.458488493132541586e-01
2.373418288621097771e-01
7.025230030020097882e-02
3.110481841875965547e-01
-5.995537429237258326e-02
-1.541752215482205257e-01
-6.895959712999572694e-03
2.237931192289276117e-01
-1.366703034504080372e-01
-2.107517414285907040e-02
-2.185870777423765399e-01
-1.871027419248890988e-01
-9.800451990814720848e-02
2.443182343393895672e-01
-1.490464707696140534e-01
1.416653041252557421e-01
-2.021594882182551622e-01
6.868916497734357807e-02
1.981611721202026014e-02
1.398911228604791390e-01
9.439550676041323640e-02
2.595247287431290753e-02
-1.639761407598152587e-01
3.660918877327734577e-02
4.114954822839682613e-01
9.957786040827595886e-02
-1.295480780805779719e-01
3.969086209139213728e-02
1.448605608246748278e-01
-3.167303137479093172e-02
2.068765564153289896e-02
1.173373050607842971e-01
-8.012999095072520506e-02
4.891816612524136354e-01
4.731576292781022874e-02
-2.038017164606845122e-01
-8.092917779138032730e-02
2.694246627412015191e-02
-5.395245718538903279e-02
6.208185223918509348e-03
-2.167545121207499221e-03
-5.674675858278326566e-03
7.737214293793965789e-03
-3.347875854842334853e-01
-2.739387117167106922e-01
9.652505806625390206e-02
-6.663263023627730153e-02
-3.276211316049300049e-01
-7.629785694205283575e-02
9.660527796109276422e-02
5.852077546577505278e-03
-3.653617738483982413e-01
-8.195289836558748708e-02
-2.552556266890428360e-01
3.008011993561046094e-01
-1.487308315973992490e-01
-1.038451018326496944e-01
2.119552550737524577e-01
-1.246877155966544803e-01
1.265335988650073962e-01
2.727996312006511492e-01
-5.011694738114359782e-02
7.675115667327397917e-02
-7.820706542550745835e-03
4.210568066975736712e-02
1.537753422305403184e-01
1.606745245299841529e-01
2.346444016913794839e-01
9.763950500057740067e-02
1.140847111388054030e-01
-1.503194569705486039e-01
2.628019119958865946e-01
2.143749401108802910e-01
2.275956548856857276e-01
-1.363471596601345259e-01
-1.234323254889631571e-01
-5.778874619379955127e-03
7.519439386299253680e-02
1.371520848187319230e-01
-1.905502507076186625e-01
-1.120813796675736856e-01
-2.700773327836031301e-01
1.819354804338999820e-01
1.362104538810996190e-01
-1.115742014301575463e-01
-1.806620071086500329e-02
5.348212167166651460e-02
1.267127873742745214e-01
-1.232385222128200009e-01
-1.663189560465980765e-01
-1.147038530016493835e-01
-7.207399268880060328e-02
4.527732166465118190e-03
8.603891394771710777e-03
-3.027705665145043190e-02
2.473774399752826647e-01
-1.223962235775385710e-01
1.374024928113738164e-01
9.631028290128257341e-02
1.527366329410909662e-01
-8.476915958515879312e-02
9.943881262773521246e-02
7.086221741683615405e-02
4.547825100647988339e-02
2.077265448826247363e-01
-3.021786702154875548e-01
-1.724110729389974894e-01
-2.306074451659037572e-02
-2.831124865365773347e-01
3.324865147653276870e-02
-9.002985312568084764e-02
-1.037011414214155797e-01
-2.688597986728092915e-01
4.058079068279927398e-02
-1.699055485213792904e-01
-2.312368583727111848e-01
7.512580740870994367e-02
-2.744915988663462203e-01
4.111121015021310804e-02
2.428244744092620533e-01
-1.711935439584313379e-01
2.364028566046607049e-01
3.563459907880526384e-02
-7.889444575660700676e-02
-9.677159235247360936e-02
6.234779784887617415e-02
2.016614189641385280e-01
-2.557597825583887152e-01
-1.188597509680572491e-02
-1.315635391972737843e-02
-9.921938507834987542e-02
1.036026963689275215e-01
-1.740754154361575934e-01
-4.361958680145226058e-02
1.231149559281547179e-01
-2.102270532279062742e-01
-1.877353421614873230e-02
1.640006226671548717e-01
1.564469464443273561e-01
2.684607236842001532e-01
3.960243072353642618e-02
3.726722967107949369e-01
-2.317768830284391846e-02
-7.944285065626593978e-02
1.309242856809212652e-01
3.959118662199388045e-02
4.055118720065731264e-02
9.622854817369523920e-05
-1.601810840700366445e-01
5.328309337906585175e-02
6.224059724056767162e-02
-9.966170608452366853e-02
-7.901064164614005070e-02
-5.835320469520420550e-02
-2.926472508831714503e-01
1.456073076828515722e-01
2.232732421383021582e-01
-1.823712947045713351e-01
-8.553684242062903342e-02
4.341711718912694140e-01
9.348165573512952353e-02
1.673177101324297422e-01
-3.041357640823438291e-01
-8.195398942933161679e-02
-1.818772354406614222e-01
6.433528413630980325e-02
-2.252721712109675423e-01
-1.351543471820724485e-01
-1.476148580883871464e-01
-2.102077207472386258e-02
-1.663736602400419928e-01
-1.697439072457380396e-03
-1.487900231710118926e-01
-9.629551339059294612e-02
-1.505851968454681722e-01
-5.881051954684791971e-02
-5.001232849976877670e-02
-5.190323860778790419e-03
-2.492824412883681839e-02
-1.555160206556616964e-01
-3.226501568056021618e-01
-1.214530660652057836e-01
-7.703890223108893209e-02
-9.473124596226464855e-02
2.393263594742791600e-01
-3.761754068509279812e-03
1.178171645478874041e-01
1.363907898864851753e-01
2.946415255417821066e-02
2.169221061808223605e-01
2.267207817023268179e-01
-2.340459889225780798e-01
-6.502371417819052812e-02
7.847027518691174208e-02
1.363049505059948374e-01
-1.248272193777619568e-02
1.135888180446704560e-01
3.359879137093534779e-02
2.219488967581897676e-01
2.659090240934591093e-02
-5.126433255144347001e-02
-2.452012565958488488e-01
3.870325847822932430e-01
-1.050359676157143346e-01
-4.997970777974865969e-02
-6.257404145014658359e-02
2.830879093872037400e-01
5.143845591825881025e-02
6.055527259415956209e-02
3.680140105386334737e-01
-1.376343661587392520e-01
2.464729530493619536e-01
-6.518976832329201332e-02
-6.461211849919790140e-02
-1.571170581160705529e-02
7.564833808059138673e-03
1.816086484623011255e-01
-7.707300335385502965e-02
-1.682850246738273603e-01
-1.533054964280695376e-01
-1.650331683881254008e-01
-2.578192003143829347e-01
