1.377984823482062415e-01
-7.586085215705112850e-02
-2.579581679780869330e-02
-1.018915780572946378e-01
6.164930700195738736e-04
4.231982463260044493e-03
-1.198522668639363520e-01
5.176214809575914455e-02
-4.367451820640061433e-02
4.865597975973088435e-02
-1.562319443061705414e-02
2.524605332618447620e-02
1.541622627329934658e-01
7.326575941634319578e-02
-2.520551679462875935e-02
1.331615547307196112e-01
-2.463337008967360353e-02
-1.015540475899722322e-01
7.337896483683621629e-02
2.335477471870580236e-03
8.472641089712804052e-02
-5.327863807412402952e-02
1.773115587140032881e-02
-2.643899454712327762e-02
2.066175163203658530e-02
5.463415868699861982e-02
-6.880869935790570428e-03
3.396944531712357135e-02
-5.214972442902845312e-02
5.557560384096255079e-02
2.262972358424293270e-02
-9.205859452797866826e-02
3.442614045100711451e-02
-2.021368461724748836e-02
5.032650731349983019e-04
1.770834053381513118e-01
1.211345328582544012e-01
2.322041319025417230e-02
-1.379054611542401484e-02
9.095156047060207194e-02
-1.261255928607745401e-02
-9.554565909232824727e-02
-6.879952950112704600e-03
4.965188480838929330e-02
1.056319753107344689e-01
-3.938621402908888680e-02
-1.354909272541322263e-01
-2.238306092419336812e-01
3.353993439739019755e-02
-6.720865156689337372e-02
-1.827220562748431681e-03
6.796007456033310856e-02
2.839756268702619321e-03
-1.181828367155567383e-01
-2.626614919153027333e-02
-2.729723718093748919e-02
-1.140276563383159636e-01
-4.292049522994721006e-02
7.584248280639645234e-02
2.660653527629013027e-02
1.172628589700939750e-01
-5.900478035757069500e-02
-1.039403448618272940e-01
-3.668189132941838959e-02
6.115767180479266332e-03
8.529628887511810087e-02
1.011199244563929824e-02
-1.324592691382417940e-02
1.713588903560274157e-01
-4.589761988782876945e-02
-1.218215395704768701e-02
3.655619017208440111e-03
7.565260780828446385e-02
-6.980276579180595513e-03
-5.919674114984440488e-02
4.759342775921419737e-03
3.067732174850579599e-02
4.995540114344673710e-02
7.678754958945577247e-02
-4.552786294597602201e-02
-9.649207761666472871e-02
-1.380874075065034734e-01
-2.890157179376600521e-02
-3.531760481742907132e-02
6.782605751181386422e-02
-9.006082518459876396e-02
3.850107593516976373e-02
9.697214302041279321e-02
-8.348769359660222766e-02
-1.797032972015574215e-01
7.666382373173991072e-02
-2.303536058849982998e-02
-7.177365373071412091e-02
-1.056986149027479421e-01
-1.173481329295627124e-01
1.339180305277845595e-01
1.011154963719316374e-01
-9.795769620979394299e-02
8.789666631662532148e-02
8.047180130010568588e-02
-2.282726340214535563e-02
-2.559473246236232749e-02
3.298181571596758149e-02
-5.811660255257271313e-02
-8.627255932578299646e-02
6.927627376375694590e-02
-2.250003669374090187e-01
7.323463402113715437e-02
3.001110879698299164e-02
-2.791215337402227006e-02
4.368725283541858434e-02
-1.082872793613138679e-01
9.734343579719417772e-02
1.043532526731072302e-01
-6.907180642803664727e-02
-1.261840332850675331e-02
1.080919179648254652e-01
-7.206499858998630104e-02
1.091509004840227198e-01
-1.707272178244860494e-02
-2.041087060269972109e-02
1.301519848294555894e-02
3.119248800900043667e-02
6.100244885214943513e-02
7.257860753432108895e-03
-8.302571647834666030e-03
4.803453178495840220e-02
1.722662988013398955e-01
5.055943103372708552e-02
6.697609964221630692e-03
2.036890515260749400e-03
-1.683402542288656503e-02
-9.834718743757817072e-02
1.781662827936323842e-02
1.292202715903326138e-01
9.729674654353200058e-02
-1.534686114885161663e-02
1.520861750951434666e-01
-7.267572061836115316e-02
2.652998090230997488e-02
-4.198466487198303232e-02
-5.099356861775622418e-03
-1.306197718410010700e-01
-5.869310377864461054e-02
-4.460212920759134593e-03
1.371002044394079855e-01
1.401937781824318628e-02
4.802153595074758197e-02
-1.691486658882895844e-02
-1.566562966308958360e-01
-5.602524803185061908e-02
-1.220523431202893451e-02
-8.339206777785623803e-02
-7.410764579204907887e-02
-2.983595662234759388e-02
-9.581500955499889019e-03
6.303755582045250661e-02
-1.065648208875258698e-02
-1.120054988906076243e-01
-1.785646874776695980e-01
-6.686623803473944194e-02
8.381423691232407769e-02
2.029777216430169243e-02
-7.178513630637778364e-02
-2.428328138479481368e-01
5.860718955439171013e-02
-6.909046337188344544e-02
9.522682366092993789e-02
9.294619041496010592e-02
-4.277613951615538007e-02
1.286435411178412647e-01
2.336738208106434525e-02
-7.479826942429690373e-02
-1.525303399483407818e-01
7.600870491390762651e-02
1.243814729763555518e-02
-9.422008452292578162e-02
-4.202649479805835309e-02
-7.365791835630565443e-02
1.382044932783439706e-02
8.069484349566552472e-02
4.726483206811125243e-02
-1.271666373979440934e-02
1.220659172286925886e-01
6.917809736343662717e-03
-3.766615112429504836e-02
6.148275288471390793e-02
-5.854723596716378264e-02
-8.580795577084182613e-02
5.037692961835905057e-03
2.197625580497810163e-02
-1.397891414955244492e-03
2.988339544458510494e-02
1.499202605282087819e-01
-6.826123776271697530e-02
1.465165814168072622e-01
9.962555972531962623e-02
-1.656762360979091853e-01
-1.182292955619463209e-01
-4.975104785050708800e-02
-1.922706114646228343e-02
-4.819170630000530614e-02
-6.958064525517028420e-02
-3.014756315040284865e-02
-1.650990697089603776e-01
-9.758494162181713741e-03
1.241045080460606992e-01
-1.922327916096009531e-02
-5.033811582742797608e-02
6.458697320660074237e-02
6.720715382405210991e-02
-5.248204995785762939e-02
-7.239393803074345088e-03
-6.624180869566076435e-02
-3.962603172265045243e-02
-1.583660711569106691e-02
-9.768244027012325248e-02
1.036965754439597986e-01
-1.570052684939662185e-02
1.803936156366874599e-01
1.222756191399782949e-01
-1.143515472240890368e-01
-2.970764583623231730e-02
7.245964022110386316e-02
6.744731712852508609e-02
-1.447136449262110547e-01
1.432978039331452014e-01
1.308828718205924113e-01
1.610530047575380388e-02
8.310681288397672728e-02
-9.610347847646560915e-02
1.184606738734723941e-01
9.518389381638343860e-02
-2.586033631517578937e-02
7.629072188169051805e-02
4.258213218265038263e-02
-1.512288220323664998e-03
2.316696406934802902e-02
2.665533522220174881e-02
3.397348144713295548e-02
1.184388763697657165e-01
4.802557091990887483e-02
-7.008141646569765459e-02
-5.324022078540992936e-02
-1.701755041126112519e-02
9.628475257528217035e-02
-8.483501703437897057e-02
2.243052185548973995e-02
1.316920396189844022e-02
1.500614067921230421e-01
-6.781987608002201795e-02
-9.058277388873899050e-02
3.142577624258559299e-02
5.217247701050540393e-02
4.557371110248324420e-01
1.000000000000000000e+00
9.729177866615509318e-01
6.548565117909947997e-01
3.347667543610755025e-01
2.358951909250558976e-01
5.218437292624000801e-02
-1.385747458055094361e-01
6.773753949293957743e-02
-2.803991187919821840e-02
7.711330050552545057e-02
-8.124419014466445488e-02
1.041530876450449811e-01
-1.305159168883838483e-01
1.634917264164547079e-01
1.384217677768888044e-01
1.543830831857342586e-02
6.315030390895973178e-02
4.602269109665603833e-03
-3.706879079572269337e-02
-8.237759609090714030e-02
1.620512288196803152e-01
-3.154235620835246778e-02
-9.628943370905511390e-02
-4.599450365975153027e-02
-6.413787051994061794e-02
1.979200500702029200e-02
3.116170706385268385e-02
7.090041387423082209e-02
-7.291150450361957858e-02
-3.843644528258809319e-03
9.160801193587934932e-02
-2.311817118412206468e-02
-6.220629663058300368e-02
-1.190504060800121472e-01
-1.420783589431525717e-01
-5.382646324304709434e-02
-9.347985916272225082e-02
9.452469487662691627e-02
5.692767787748294166e-03
-1.086141956033180728e-01
-3.255212776327341684e-02
-1.916881821468721550e-04
1.499884277336070715e-01
-1.367828274979155101e-01
-4.502030464840062196e-02
-5.702142631884335455e-02
-1.634691288774571885e-02
2.041127688207997407e-02
1.143185819576897078e-01
-1.228008295074497352e-01
-3.488971887731725369e-02
5.662668142165652729e-02
-9.728978474523447550e-02
-1.801730517457118819e-02
8.084490663270942068e-02
3.028638847389836242e-02
2.793543449920394411e-02
7.414686079436288470e-03
-5.735132392515879252e-02
6.217436355350539068e-02
-4.007259486128933457e-02
5.298545218280038827e-02
5.106724115409838616e-02
-5.468493512327069622e-02
5.362939071450561340e-03
-2.826721596862753413e-02
-1.144224814881471090e-02
3.093348598874046465e-02
-4.285791908330902761e-02
-3.170600497768087146e-03
3.806918340653872579e-02
1.124029841060060486e-01
3.911734735209108915e-02
-7.258774907616558081e-02
4.976699541195696991e-02
1.301132184173764417e-01
-3.465157247699332532e-02
6.178998347611400904e-02
1.509398207891692323e-01
-2.328040347524495957e-02
-7.293286609087383521e-02
-1.656330693713095950e-02
-3.859595102447722914e-02
-1.111594479872589358e-01
1.665554234007753931e-01
1.094570774705727473e-01
-1.316733201752806059e-01
2.367807394514798852e-02
-8.054597880417765920e-02
4.983885197560516261e-02
1.050751655395222445e-01
-1.194379029800288067e-01
8.447837286618702438e-03
8.027443354270823173e-02
-2.071216104186890741e-02
-9.255910395837025489e-03
7.255352469573635166e-02
7.323447598643156864e-02
8.120714591718897202e-02
1.982734946502902676e-02
-2.162192968054060804e-02
1.078243898351102237e-01
-1.237342747739618998e-01
-2.214037312006731859e-02
-7.256636375167169195e-02
-9.833682503507097661e-02
2.952727808428672052e-02
-2.279466757946900166e-02
-1.087894237286518018e-01
2.165248775850264502e-03
1.239817692248834369e-01
-1.690642962407164565e-02
2.101746145652965553e-02
-1.914004417223975074e-01
-7.264046349265470409e-04
8.836595622371502465e-03
3.836527355062215039e-02
-1.286443713761044050e-01
2.702076138017235965e-02
-1.333814396898605759e-01
9.608529786286483521e-02
-1.679631844981737537e-02
1.466617951836444826e-02
5.644959674858056331e-02
3.304840309451734237e-02
8.790877122409912481e-02
4.834462853703091340e-02
-2.443253525533703799e-02
-8.815184825930076629e-02
-1.550574504922352416e-02
-1.331745802020025959e-01
-7.262364233255930168e-02
9.017633974584547685e-02
-1.050102802521404449e-01
1.432726615212419063e-01
-8.991267520626365639e-03
-3.266563015935048525e-02
-1.841007358139251648e-02
1.036877297825440497e-01
2.415238531637205477e-01
1.486322563127083496e-01
1.275029631251317630e-01
-8.545586873628718827e-02
1.362812383081711196e-02
-3.457727455095733517e-03
3.139909799575364008e-02
-6.828115382059367355e-02
-1.086566895314071274e-01
5.457874013640759414e-02
-4.678920916932476082e-02
7.878947026647380170e-02
-7.655299175843456724e-04
-1.193091677356445356e-02
-4.549075108491292679e-02
-1.005903655332898300e-01
-5.749958480373079314e-03
-4.408078377134350828e-02
-1.767596898451199300e-02
-4.967522404685714016e-02
2.346312426428717388e-02
8.794661365548739340e-02
5.438137005731395746e-02
-2.513576511896941507e-02
1.058170407774350619e-01
-3.625579188618806986e-02
-1.382295813163219034e-01
2.696941946895627454e-02
-1.354225195828013878e-03
9.755937483629482931e-02
5.363534696830727505e-02
1.119928190302259680e-01
-1.012554096763287892e-01
7.672573587634926029e-02
-2.430683764624010784e-02
-1.515906801304051921e-01
4.031126506632851103e-02
-1.110493130757650160e-01
-1.201670873349288196e-02
7.397951436060085095e-02
-3.258946422734850662e-02
1.286959175400702038e-01
9.129278493958183083e-02
-1.031689906238633936e-01
1.707377428393933305e-01
-1.962379331072095293e-02
-3.956304339680452586e-02
4.452370144807542979e-02
4.783627077912271791e-02
-6.574043889057294698e-02
7.199020339752172648e-02
-4.195433777627177729e-02
1.762899493870470407e-03
1.215622527880617573e-02
-3.140808501532602742e-02
5.041216864989225138e-02
8.468208648023256568e-02
-1.326448890871243132e-02
1.393008175456444085e-02
9.080083797493680720e-02
-1.395136906643926200e-01
2.094901717898976778e-01
6.384180053496552043e-02
9.066583505073710914e-02
-4.947588221637740091e-02
6.154640637343675863e-02
2.123848674793541585e-02
4.495488598275773628e-02
-1.757257028213033423e-01
-4.804010616717461352e-02
-8.187310946318901439e-02
2.835942325017475063e-02
1.567996154163865397e-01
4.104837244305868660e-02
-1.442067969442906439e-01
1.482832150394129342e-02
-6.755303104615770216e-02
-1.920273961043018549e-02
4.615705424640984683e-02
-3.720608386242087867e-02
3.287331274920391594e-02
7.392647625805436051e-02
-3.712139182096867163e-02
-3.004666350316103143e-02
1.489848187625907733e-02
2.456966787005145092e-02
-1.582864828104244836e-01
-1.153292503391852297e-01
-1.563130371744200081e-02
-4.654058748456108702e-02
1.145987164690970284e-02
-6.748406655179006730e-03
-9.306231072702988993e-02
-1.079006033371684437e-01
-6.847630365770678885e-03
-3.045437691918269352e-02
1.674978555912829958e-01
-3.888328349097966430e-02
1.285592614059043355e-02
-5.894751121137733465e-04
-1.973896932174695057e-02
7.075507576730784287e-02
4.164708451290316527e-02
-1.838791122261962049e-03
-1.821332119068645033e-02
-2.703648685146036595e-02
6.562679412583898551e-03
-2.322693046672112162e-03
-6.291814290921669828e-02
7.762262388444390870e-02
-2.413479407269119095e-02
-5.204462829536541518e-02
7.794802918961224458e-02
-2.856685653008743386e-02
-2.998470852747987456e-02
3.976742623123937642e-02
-1.870878634835228815e-01
1.656575734045424159e-02
