3.182282644951950901e-01
-1.341025627653209540e-01
-1.925414304753431949e-01
-1.566645676473115700e-01
-2.836550749157594753e-01
-7.712808624149844472e-02
-7.598728416045421978e-03
-4.846476753280021949e-02
-1.844424208072638627e-01
3.806562922095462626e-02
1.361059329965527698e-01
3.446050226752424561e-01
9.411169000280868169e-02
8.447527893517126074e-02
9.029168788101231413e-02
2.352069342716827868e-02
-1.568292324475298039e-01
-1.095987024081366140e-01
1.616765881731014320e-01
-2.544368772305087047e-03
-9.767840160093389790e-02
-1.646184332837312136e-01
-1.089008257073090652e-01
-5.432996202630319127e-01
7.760804875440809047e-02
-3.745124743708790754e-02
2.498332773695735864e-01
1.239102741590718260e-02
2.150366232636331462e-02
-1.849977315109808673e-01
-1.648342877577306798e-01
-1.263868175622737816e-02
1.334856704387041848e-01
-2.641779395052080634e-02
3.061827946513642207e-01
1.617814528007290864e-01
5.322304670606108762e-02
5.974377743923368206e-02
-3.707742040684369189e-01
1.877657706831180051e-01
-2.346032077454301701e-01
-2.277866618616155858e-01
-5.625742279858155642e-02
3.121931447771436607e-01
-2.116615599842264217e-01
-1.372442089548483179e-01
-4.041533865338906711e-02
3.032219723555701352e-01
-2.344726555263492440e-01
1.093759520188015560e-01
6.249500483845941978e-02
1.354684962038616436e-01
1.081606514927340307e-01
-4.131232787449716781e-01
2.190394524336071458e-01
2.356953736861031323e-01
-4.445610271642837508e-01
7.441014957645895878e-02
-7.984465407857745112e-02
1.635465369432171912e-01
-4.401219127555904276e-01
3.938783130110706243e-01
9.801961401830196208e-02
4.547291373996477093e-01
1.472139128269761565e-01
-8.270618043824329302e-02
-2.215692540090672194e-02
2.138529732899283053e-01
-1.626998728744095679e-01
-1.102573616089571051e-01
-9.260834663638686792e-02
-4.228584395072337160e-02
-1.786508742082049406e-01
-2.455204737122717307e-01
-1.507975255548553439e-01
5.095416140144946870e-02
6.017948779784821484e-02
1.592833174722773637e-01
2.838272501041742557e-01
-1.759553016660319047e-01
-8.976169035290904041e-02
-1.640266686236815652e-01
-1.036607330458321451e-02
-1.238969912176004495e-01
1.615492537241941806e-01
2.213448844491140710e-01
-4.113486661045716031e-01
-2.113789132701491824e-01
-2.414829154768526331e-01
1.381029795561695139e-01
8.055155729815197119e-02
1.979325373531538867e-01
1.087429804094081076e-01
5.938883317024490696e-03
1.922307070419777830e-01
8.027042671459891365e-02
1.351358049283816476e-01
-1.965728730382009792e-01
2.176559200914383874e-02
-1.429413469695033356e-01
7.497452500545830067e-02
-2.865058349105197300e-01
-7.207635578271935628e-02
-1.042440208262536000e-01
-1.302066109236542923e-01
-4.242827558909450375e-02
1.660426412181292000e-01
1.840226874307329397e-01
2.868594225778802187e-01
1.086365485008441711e-01
2.921593474699678283e-02
2.110085873996507197e-02
-3.337095738502841580e-01
-1.110677026825039049e-01
5.473540024973797685e-02
-3.046065215998669876e-02
3.519707028937488769e-01
1.982534541901073352e-02
-9.541003121931158903e-02
-7.707782411305520720e-02
-4.972325491139158171e-02
-1.047109458636440449e-01
-2.060148375490673534e-01
-1.614114277763229743e-01
2.019539364950579396e-01
-3.497989542614491909e-01
8.378729220427096058e-02
-2.757068802715323397e-01
1.006250481041393030e-01
1.076951498313837990e-01
2.520093950329407306e-01
-1.933186254373018068e-02
2.760523628169423427e-01
-5.755798397539086536e-02
1.868474304201496738e-01
-3.618439576525010748e-02
1.805413605783089820e-02
2.737146126144840430e-01
1.767493431388614256e-01
1.055974671679783539e-01
3.198750815939976899e-02
1.266611537916785268e-01
-1.335930654191758854e-02
9.997182323610503962e-02
3.271988292392428721e-01
1.961796013474085831e-01
1.081177246537338293e-03
4.701581985745719727e-01
8.768200617899647720e-02
-1.458680635503511319e-02
3.058078856728489447e-01
-2.585101057692111293e-01
2.442334969920434973e-01
4.064095213627022529e-02
-2.705578753840080508e-01
1.304394019830954765e-01
-1.907396652632990519e-01
2.643283957152330332e-01
4.841021958161684929e-02
1.489649521378949293e-01
1.396736587460371271e-01
2.215145614136394270e-01
-3.841471189432422717e-01
5.213667996785723707e-02
-1.860803239518449836e-01
-6.698079873581812282e-02
-1.463591531824272041e-01
1.154289229237821235e-01
1.870219435860659418e-01
7.406152632073975672e-02
1.907663574599285650e-01
1.284185038303881088e-01
-2.546493188665238661e-01
2.392978864904400302e-02
-1.632238856910233626e-01
-1.428224634687057584e-02
-2.696987883125684382e-01
-2.413124296800038190e-02
-1.749419130831138258e-01
-3.046370160148141326e-01
-1.924257578786069400e-01
5.267693508633961019e-02
-4.271435715327026039e-01
-2.110941522941000015e-01
-3.256604232345085004e-01
-5.789265515405090518e-02
-3.515843687713634397e-02
-1.759394051904274517e-02
1.058160340352926054e-01
-8.457047730847988554e-02
-2.809578102801198463e-01
-7.121207103789978232e-02
1.821171004027727913e-01
1.904418797064767049e-02
1.081396050474946330e-01
-9.889707334820159457e-02
-3.585747621270965468e-01
3.705308198561849120e-01
1.548943724375171083e-01
1.595856765637116564e-02
-5.897826421013351895e-03
9.448786890628523005e-02
1.845341203959681153e-01
1.301803190523428966e-01
-4.096695334987307535e-01
6.415461667574169635e-02
-1.356979794894403735e-01
-2.981857422113415312e-02
-2.467127097320690951e-02
6.453683758958266015e-02
1.057102002581239708e-01
-1.951245932418762749e-02
5.977879847336944191e-02
-1.431939432095751530e-01
4.390080735290619735e-02
1.442372001551196492e-01
-2.298716494072688132e-01
-5.089068583451837602e-02
-9.105944638186715123e-02
-3.773323258494105659e-01
3.756427215056478142e-01
-6.296087412028773811e-02
2.580465778625781748e-01
-1.105826481945750006e-01
3.086002177207515795e-01
4.751388536724600320e-02
1.799462220169885940e-01
1.428764773337831695e-01
-4.029073569013614381e-02
4.109235781569145485e-02
-1.237272726489245800e-01
1.310175855842578840e-01
-8.826020547480460665e-02
-5.082679149682824832e-02
3.851513820554933187e-02
1.999722939999197535e-02
-1.757962697004702979e-02
-2.718786516619223215e-02
2.558848153523834990e-01
-2.766938201616143608e-02
1.096791207089722053e-01
2.134883634571267674e-02
4.238815352091417910e-01
2.954682979303371315e-01
8.317737900134332396e-02
-1.734928557457579845e-01
1.363510959082925023e-01
-2.511596284875025273e-02
1.690962918245670840e-02
-3.035165176300405263e-02
3.791697006319870444e-02
-1.122386807897208100e-01
2.780388189745959249e-01
1.727132498836592978e-01
5.525667871958575006e-01
1.000000000000000000e+00
8.290598132037008128e-01
9.060620251924894619e-01
7.171123302948197997e-01
6.403570721654470999e-02
8.989007101122178933e-02
5.764587718174947299e-03
-2.101501565247367725e-02
3.023941736250770895e-01
-9.802109469316465373e-02
-1.406620247139288293e-01
-4.314918661453375770e-01
5.863733340525272703e-02
2.714581727755782312e-02
3.656204495855691072e-01
2.054916022244064333e-01
1.608409816496209066e-02
5.943381515630302703e-02
-5.951333730111826176e-02
2.813278162122388459e-01
5.003429546174782000e-02
-1.960992853472660891e-01
1.039123341560285602e-01
-9.572192225508886765e-02
-1.880597975881156125e-01
-1.929138637199499795e-01
2.602666148686038627e-01
1.947281835425441199e-01
-9.641860269315205567e-02
8.008314818825745807e-02
1.436962030003721136e-01
2.559074611365793062e-01
-2.432185056725013894e-01
1.718205651271645720e-02
-6.336547210081941439e-02
2.772432552227007130e-01
2.122803973781958731e-02
1.982791616133272317e-01
2.115191221973662383e-01
-4.033355152456676723e-02
7.530868123427441468e-03
1.541482455694727083e-01
-1.594241463740244669e-01
-3.431675631228332801e-02
1.826661931060397093e-02
3.115308360915137742e-01
1.319345345292323446e-01
8.388160800707391423e-03
2.161054532954881646e-01
-2.078271195008777883e-01
-6.792192868782588600e-02
1.827026470895943000e-01
-9.680874321981818020e-02
8.135520707960562647e-02
1.716907358519829951e-02
-2.325635915569457257e-01
-3.774947420559819633e-02
2.150382874309660769e-02
1.758405729780080640e-01
4.072923550195617359e-02
-7.319610261197827261e-02
-7.630345071132171864e-02
3.307791668980996636e-01
-2.186212890888077076e-01
2.010123427703942867e-01
-2.085661520006894809e-01
-5.772284383081237313e-02
2.931901112410106869e-01
-1.636413322403600101e-01
1.760024742345780990e-01
1.323242017099426904e-02
-9.850247718442066425e-02
-1.618645541877070104e-01
2.170874512367665932e-01
3.112821580536777599e-01
-2.108328718930482237e-01
-3.971413600883492157e-01
2.516644949242802798e-01
-2.961474307129473293e-02
-1.229527553422950087e-01
1.980687830762907498e-01
8.400258060489523837e-02
2.206323361199185457e-02
2.589394481012123883e-01
-2.338476226221205267e-01
-2.763547315032967022e-01
7.648806526574290776e-02
1.195067510170503555e-01
1.134271649753047367e-01
-1.376859708699576801e-01
-5.195353168748314543e-01
-5.112740124471062964e-02
-1.139401072538988452e-01
2.284505541915299864e-01
1.020587204422915700e-01
-4.006874603535384161e-01
1.910816551674379693e-02
-1.421335102683612683e-01
2.763450338596600275e-01
-1.613640730963977754e-01
1.474938280554515257e-01
-1.421879688626495886e-01
1.136415449229568053e-01
2.329312370215561034e-01
1.412835970400885821e-01
3.679330591776360238e-01
1.215529657430652888e-01
-7.348206939694848505e-02
8.255913356324182106e-02
1.220069078529113504e-01
1.754213831848713823e-01
-1.351717275983243538e-01
1.536623051404088225e-01
6.750837509992267671e-02
1.831426371224074423e-01
4.950333218179740064e-02
5.493236414462053518e-02
-1.591475321241287710e-01
6.647362020395294890e-02
2.408271896341075136e-01
-8.407069664925904962e-02
-2.360434977134262535e-01
1.865205799461860242e-02
-1.375044144861421458e-01
1.045626515755185421e-01
-1.296467613744164971e-01
3.322743505945962017e-01
3.701432512103706302e-02
8.238544564197047837e-02
3.311717415545237797e-01
-1.676451039159939510e-02
1.513997755603028322e-02
-1.211898366120860299e-01
1.242791036822592926e-01
-2.376942814848586882e-01
-1.598891426585420661e-01
-3.349214390390850560e-01
6.232180320170740973e-02
6.560265371324934536e-02
-2.049493058425235978e-02
2.507340003710030463e-02
7.963591988234175467e-02
4.143926033947407939e-02
-1.146397367446830851e-01
-1.835800423034274764e-01
-3.436455007037326759e-01
2.977086297991804464e-01
-1.717653897643205418e-01
-1.016091855481395662e-01
1.202649748714779143e-01
1.426325686470195434e-02
1.043588108795224512e-01
1.058436408334358647e-01
-2.165397812187187798e-02
1.496498779692244652e-01
-1.058370961752039402e-01
-1.541548598016226623e-01
5.077331841542909174e-02
-1.336828034792589270e-01
-2.747236697094545751e-02
-1.529908417038990387e-01
-2.182686739686558186e-01
3.420826810937730583e-02
-6.566585034781623198e-02
-1.129975634720337546e-01
1.123066440517868081e-01
1.394499167172326137e-01
-7.958136171629925926e-02
3.538640203919598548e-01
-2.845204502031264404e-01
4.615733991944130643e-02
9.707147290644126125e-02
-1.270238791777895393e-01
7.295291687450590479e-02
-3.973985811161801635e-02
3.475496831436367118e-02
1.690819305719050702e-01
-1.621407653614631572e-01
4.091973861034960830e-03
7.209999662596099090e-02
-1.354297070208489440e-01
-1.556591177695582084e-01
2.508969348930231019e-02
-1.196596475813076731e-02
4.394396229264136977e-01
4.469414499597970658e-02
-2.701389829467940040e-01
-5.991430488920630043e-02
6.206135485741497149e-03
-5.855049865640936380e-02
-9.592310170812982928e-02
1.212602756080343042e-01
2.870211192330378580e-01
-2.525532062181756396e-02
-3.797981109328645299e-01
5.262600458380185114e-02
-8.723950495658709670e-02
7.414750036927672538e-02
-1.880305307545521165e-01
-2.370807890397945705e-01
1.538910982036549926e-02
2.561179644861460991e-01
-1.326619079058119488e-01
3.098621820408125616e-01
-2.293396944659401859e-01
3.885534773018330945e-01
3.494743496790218840e-02
-2.963738660156625127e-01
2.861834816830033934e-01
2.008942142175707685e-02
-1.412077680496255302e-02
-9.520358997685046676e-02
-1.696939512195606847e-01
6.990798858653141101e-02
8.477493249924566987e-02
1.708840251978918923e-01
7.282001373409922873e-02
1.768259230481733502e-01
-2.801816008800498969e-01
-2.439525771583656577e-01
-1.483914860740822017e-01
5.191634121824674486e-02
2.731284391577972204e-01
3.179361022488601529e-01
-4.211448443891432913e-02
1.256777011019526505e-02
-5.220295046770170172e-02
-9.930845810937881726e-03
1.829111705359547924e-01
7.426824582681015863e-02
-2.469389942910765745e-01
-7.064149672798561430e-02
-2.044709685511680586e-01
-2.491826046266098493e-01
-6.238366921477049576e-02
-3.583691461292541347e-01
-1.152737702581276974e-01
4.084234056754336151e-01
-6.624850867840677282e-02
-2.332374502479231670e-01
9.741921022099922500e-02
-1.416500230613424449e-01
8.819001677269808215e-02
8.337820994810203612e-02
1.398001393118557256e-01
-5.902414704386059474e-02
-9.523461914652729676e-02
4.334350686054094792e-01
-3.263707672543307570e-02
-2.103598823334823509e-01
1.896161284420284643e-01
-8.014755021105789785e-05
-2.107581695862757176e-01
3.150378852734816437e-01
-5.948651414341692839e-02
6.448691784076267253e-02
-4.109949665684788367e-01
