-1.199770234222675008e-01
-1.821331482632553012e-01
-2.013433925225468213e-01
-1.078460765272983846e-01
-8.463642112309634202e-02
-7.905174034522156890e-02
1.281774145346669946e-01
-2.320807026120930705e-01
1.055640367673380403e-01
4.073186865849312555e-02
-1.568597287431531540e-01
-3.266666148359219091e-01
-3.884241891596773577e-02
-3.390925727145156499e-01
-1.752614574512057211e-01
1.392032105871901793e-01
-1.125921045920029728e-01
-3.255201982391908722e-01
1.936064133791666197e-01
-2.587906418011443610e-01
-1.269336297212289855e-01
-2.257423195966709040e-01
-7.677708607319017053e-02
1.319008232655302926e-01
-1.239085568154914968e-01
-2.403975877297166719e-01
-1.128683835554496334e-01
-5.139130942062805629e-02
1.725400465449586640e-01
2.358073013486340630e-01
-6.927818580288330752e-02
-2.384575858880297883e-01
-2.206553834319979202e-01
-1.722724658389646335e-01
9.440176052937622464e-02
-3.327389828434453301e-01
2.727961431210322862e-01
-1.022448061468987923e-01
3.656032798177434318e-01
1.962393250244848508e-01
-4.348611224307178530e-02
7.702036913543471551e-03
3.788786028503159098e-02
-1.053154646309041598e-01
1.508206879032386594e-01
-1.942393490290767188e-01
-8.129919453242780147e-02
-1.818796096059106526e-01
-1.083049743532159825e-01
-2.257629174851369658e-01
-3.062730080495626450e-01
1.273401795570844042e-01
-1.504312107913022833e-01
-1.847380301755845444e-01
3.949784105843262560e-02
5.449858597460205401e-01
-9.517715548498383027e-02
4.100248034050208989e-01
-1.541847216954031208e-01
3.764334279111576642e-02
-3.142435586931287966e-02
-2.603256595050711386e-01
3.177846368313810843e-01
8.892024413724863852e-02
-2.652475676412630046e-01
-8.013314593733862970e-03
-5.692763912642997970e-02
1.487527092820658224e-02
-2.505863203879583612e-01
-2.506674691496691421e-01
1.832291880569394960e-02
-8.961200138675715077e-02
5.205923586933908220e-01
1.898168561702630874e-01
3.971118517029294942e-02
-2.482107141252031246e-01
1.247485686547621653e-01
-1.099662082870678514e-01
4.520929116496254230e-02
3.290563331247311485e-01
8.093365663729311377e-02
-3.012946585793177187e-02
-6.708464530386894220e-02
2.869762353636771679e-01
8.069833560295513325e-03
-2.911603927080323034e-02
1.370958317273741900e-01
-1.918101314044534265e-03
1.514026233213039696e-01
-8.070070450051418376e-02
5.509655059796095267e-02
-1.605629527295400205e-01
6.700880104974186666e-03
-4.392980321332406318e-02
-6.951641263849872576e-02
1.803824175498747878e-02
1.036266675375762877e-02
3.800553311998521866e-01
-8.919498531838153041e-03
-3.313531282475061235e-01
3.060669392795520652e-02
-7.790957359508587921e-02
2.288688110667483691e-02
5.773834025379880330e-01
2.203457650480836194e-01
-4.740671066375342635e-01
2.264952385427000670e-01
8.717679023286806217e-02
-3.662983485868231970e-02
1.227166009970693805e-01
-8.480403970191396912e-02
3.167956519083395955e-02
2.596949783118074340e-02
-6.310393119044264976e-02
-8.658391435363121946e-03
-2.289409902014848952e-01
-2.793132898555244006e-02
2.053200397405791633e-01
-2.213039504494804799e-01
2.523299256150140502e-01
2.148672207217386110e-01
2.436227451052249693e-01
-4.734257615324296564e-01
-1.251875819063789363e-01
-1.633423669551391233e-01
1.382680656620537130e-01
3.472689457400003898e-01
-1.170651618527851316e-02
-2.629943059171162001e-01
5.594581379343147032e-02
2.115550168095656214e-01
-2.951841721793891926e-01
1.030221946726590371e-01
-2.625647751492394752e-02
1.013834594842206449e-01
-4.880546942174561753e-01
-2.835569490178806995e-01
-8.169833614453646253e-02
6.694392663973526558e-02
3.433349583910645375e-01
-1.557267547397130081e-01
-4.080263713067453640e-02
2.008828817569643099e-01
6.228419680883644227e-02
2.143491302138904320e-02
8.731361694507631943e-02
4.373604327108109868e-01
-5.667216462344418920e-02
-4.272099790130213237e-01
-1.180604865687309574e-01
-8.280863645909461446e-02
1.499813454967138526e-01
2.150664641754452822e-01
3.724067601446010012e-02
1.957658434190365782e-01
-5.896389161941182483e-02
-4.164153140453322188e-02
1.333090050235647139e-01
-6.068377556954377555e-02
-1.675298229840322395e-01
3.111054856707652916e-01
-2.114961804819167068e-01
3.282175088282598963e-01
-1.673179527919515033e-02
-2.428832337638274219e-01
-1.006911580286733998e-01
1.778868470139876312e-01
-1.424520867644132049e-01
-7.279923905948254559e-02
-1.140084045277819924e-01
-3.926184687848371935e-02
-1.465508255924652115e-01
4.566496833141601153e-01
-2.195937773561148221e-01
-3.268643005992833972e-01
2.607874741474516256e-01
-2.616019540908645635e-01
-6.892493794696823162e-02
3.951208167134389465e-02
7.285379055184239283e-02
-2.323147462183331458e-01
-3.068268087685749879e-01
2.205955369801927690e-01
-2.101235831026515913e-02
-1.030357974813679578e-01
2.313607790350053484e-01
-2.038726882892843428e-01
-7.045618892567667713e-02
1.284310931467692596e-01
-1.009500527301250838e-01
2.201401293301112894e-01
-2.133857766465615743e-02
-8.027422284877117065e-02
-5.477309422124299054e-01
-6.435257755871033603e-02
1.239597197379289362e-01
9.574612496377336510e-03
7.679133805400174817e-02
-3.685095885987219599e-01
-2.300547457032026399e-01
2.923729233996773952e-02
1.339278513832558581e-01
2.044665616872070046e-01
1.236611835897745010e-01
1.263668109208156143e-01
-2.611592643520428414e-01
1.973780365874609477e-01
2.141375049425625066e-01
-2.449588861428406705e-01
-1.134156170667450225e-01
-1.756522854286570595e-02
-4.776028486397109196e-01
3.560878458310372252e-02
-1.491193496619330483e-01
-1.270447057127087609e-01
-2.469799146267944237e-02
1.465799062736461988e-01
3.493336094814001869e-01
2.627147580778959601e-01
8.224060985525585843e-02
-4.677045800555688915e-02
3.702850807749884926e-02
1.571939793974083677e-01
-2.219071734493492931e-01
-1.552072010744868225e-01
2.933918288322734380e-01
7.369057739674164664e-02
-5.611407570900973224e-02
-1.724277796505293003e-01
9.443558332415944931e-03
-3.062261413303145607e-01
1.129290712762059251e-02
-8.027201045374783572e-02
-8.297383607089409141e-02
-1.311130308294473079e-01
-2.790686394797287084e-01
-2.249552981992646861e-01
7.321318911133460616e-02
1.997105667299012288e-02
-1.421860367678207671e-01
-5.396698542508641255e-02
2.300277003011856058e-01
-1.588640798118465536e-01
8.206476477246232859e-02
-4.377196210852712238e-02
-2.299211676061420073e-01
-2.290149486793440214e-01
-1.748554687218648318e-01
-5.173969210857310395e-03
2.352012112490465823e-01
-9.092351262920657373e-02
-2.629727384257630751e-01
1.890313258459820345e-01
2.712615769099218643e-01
5.080933069737610941e-01
8.577986965294567279e-01
1.000000000000000000e+00
3.239226385670413988e-01
1.710671024159280962e-01
1.399449118407833544e-02
-4.720194917463731848e-02
-2.260427882303334413e-01
2.020798968094680570e-01
-9.605710558098262686e-02
1.828438702009045902e-01
4.652443589819028891e-02
4.183864716867165962e-02
2.480342956830363654e-01
-2.547388090756439252e-02
1.013355599049985262e-01
1.632278821331109298e-01
-1.842741622157361564e-02
2.697494283518929448e-02
1.736793811841037816e-01
2.636147913124402553e-01
-1.706333568898229028e-02
3.810196742780135731e-02
3.281637589686263456e-02
-3.322493913966818591e-01
-1.795192418273470203e-01
-1.652741010823938206e-03
-1.790171424014859736e-01
8.590381423960968821e-02
3.037633203077608757e-01
1.599878757966244347e-01
2.312740326684990522e-01
8.581914031338631899e-02
1.003270412292936870e-01
6.076041266334465674e-02
1.665213890137653141e-01
1.274307932202287802e-02
2.197678609383012585e-03
-5.231261694881884639e-01
1.852612953167266097e-01
1.469311832952264196e-01
1.167307061668374224e-01
5.243374671155017624e-02
-1.980881409815510863e-01
-4.671446851698346503e-02
3.495079352226924119e-01
-2.280079843338513601e-01
1.854610568805039883e-01
1.723503457248845849e-01
2.951613022519015972e-02
4.163723825273060175e-01
3.416757652689348945e-01
-4.955063190191523470e-02
1.239142391257249537e-01
-1.561456296034645641e-01
2.502826494957594572e-01
6.579443637129073208e-02
3.614160687097062175e-01
-4.007560640655700168e-01
-5.085987069039392683e-01
-1.240124775118305323e-01
1.802832261086602383e-01
3.250590677576067344e-01
-3.686332976081931490e-03
-2.760594981117049374e-01
1.419495889226302654e-01
3.038613352213958563e-01
1.529251680348268916e-01
4.659872202914575601e-01
4.250988787500183108e-02
-1.959052109648198869e-01
-3.237422556330033906e-03
2.005405592815585336e-01
-1.121762650511037990e-01
6.242361743153134607e-02
-8.362184998959504290e-02
-1.335327699462063589e-01
8.030344348472695515e-02
-1.412064440904715890e-01
-8.738839034301436326e-02
-4.473604476921912432e-01
-8.957156192043408405e-02
-2.570346032199784525e-01
-2.797144759921000312e-01
-3.487083527692598217e-01
-7.538092917287628203e-02
-3.952927626180264414e-02
3.876798629727590262e-01
3.032387571251801139e-01
1.003043009231917027e-01
3.846680960657222204e-01
2.612674913320390258e-01
9.433965868608673588e-02
-1.104218891263641505e-01
-1.270852784134890445e-01
-2.066725954372684027e-01
-2.710058891267755777e-03
-3.379702408219193432e-01
2.518039130683021876e-01
7.153277502460428372e-02
-1.285872218784128718e-01
-6.271774569011487332e-02
-1.217456682282945235e-01
1.456852324433590973e-01
4.020488986904437179e-02
-7.526909015048705021e-02
3.033501469804092410e-02
-3.350978572232962693e-02
9.183244516062284701e-02
-3.251947002067152037e-01
1.269570078315333250e-01
-8.652474994002516684e-02
-3.195139403608637796e-01
-2.940711729882805048e-01
1.405293823068581027e-01
1.962760327542661110e-01
-1.901888529468662714e-01
9.438718011001293040e-02
4.252403062302872461e-01
-2.445806505970894162e-01
2.041706733007185234e-03
8.647738655909169292e-02
1.512487622340205895e-01
3.235509386004464250e-01
-1.459543380234299137e-01
-2.111279323423311538e-01
-2.061430543658764880e-01
-2.122130034063645643e-01
-2.692477350967653615e-01
6.791716204154685244e-02
-2.156359778186270684e-03
-1.369439900034277180e-01
1.080266026888948017e-01
1.249798534875320721e-01
1.452458612970723983e-01
-8.348011536596308679e-02
4.188981564896467336e-01
1.119948054630561379e-01
-6.111560990522642289e-02
5.600470873055027332e-02
1.698584090324562201e-01
1.817479527796372202e-02
4.927416445470887696e-02
1.109265655622360541e-01
1.426349652758077680e-01
-3.060709957419179839e-01
2.400744251465633528e-01
-1.625389975158622047e-01
-2.594098629559640767e-01
-4.836042561778260834e-02
-2.908910944489040418e-01
-5.724486326011198924e-03
2.927116053113583138e-01
-5.484914791610854407e-02
2.035477997926177229e-01
1.016404973633580969e-02
-3.305958624965678050e-01
7.659831864137547908e-02
9.553553255240231079e-02
-1.986335436132864452e-01
-2.581136251863827558e-01
4.807438219306561233e-01
4.697780874373717018e-04
5.344810791288927276e-02
2.191247702574918299e-01
1.054317431714249659e-01
2.661254283965202583e-01
5.540276351149423656e-02
-4.458707649599216033e-02
1.167248670013533579e-01
1.236752526193674734e-01
1.726302898076186587e-01
2.554880268791979714e-01
2.003357532117328310e-01
4.712270546608273158e-01
-3.540140150326715612e-02
-2.775893572975112258e-02
-8.722978956745817969e-02
1.403742050899180194e-01
3.150452717353149738e-03
2.858717109575332760e-01
2.919454617119505713e-01
3.432258882226132957e-01
8.996336311379249384e-02
-1.153979875000956806e-01
-2.322561278305793897e-01
1.271014729602593374e-01
-2.099304341684331832e-01
-1.312159502943557876e-01
-1.194117758525249096e-01
5.542802775067828813e-02
-2.697374857207230844e-02
6.618786003773603488e-01
-1.443006025513381974e-01
5.801939709232920017e-02
-2.276324792931941343e-01
-1.239016047321781777e-01
-5.232938806270318738e-02
-4.924542357997990782e-02
1.628652033299276269e-01
6.930709490076317203e-02
2.826402866978005093e-02
1.343295202886140016e-01
-2.271540773701637150e-02
1.780912432999738892e-01
-1.380306153976733063e-01
2.440456699638774707e-01
-6.330061236222334076e-02
-8.885953858117862092e-02
-1.290628808901735924e-01
1.160645833040759717e-01
6.589528675608369301e-02
-1.142651184627366673e-01
3.204830805989053455e-01
4.444271519916291081e-03
9.802463713380570043e-02
-2.410004608426828399e-01
-3.281452931643726312e-01
-1.322108864219777025e-01
-2.478971043558405862e-01
-2.427553548774932235e-01
1.011734723137564240e-01
2.695815443386548327e-01
-2.181208265067666463e-01
-1.384189749441976924e-01
6.318126133776558184e-02
4.179434498961857036e-01
3.504047006196524955e-02
-1.002454578752251940e-01
-5.805435073992862294e-02
2.861236253072955149e-01
-1.312726294763010282e-01
-2.876347050818531259e-01
-7.497964178296429028e-02
7.753826987202193377e-02
-9.401265821258555921e-02
-1.554605364850780475e-04
-1.035964735859714742e-01
2.857974059529045374e-01
1.871173320520207878e-02
2.774501071239675043e-01
-5.625058752299186282e-02
-1.028764336749023317e-01
-2.467810664817292887e-01
1.597137233884757257e-02
1.414704747237099103e-01
-3.751516188855668621e-01
-1.274034778358989484e-01
4.455727232050495090e-02
2.747727160978929994e-01
-9.988066828294943356e-02
-6.756323803256834848e-02
2.580208511706327257e-01
-3.757852398305779745e-02
3.644204421210639477e-01
6.759377815833102210e-02
-4.219449120329938352e-01
1.233146462564670698e-01
