-7.124364893411698485e-02
-1.248132283353003136e-01
-3.880547802464303642e-01
3.799736952443791282e-01
4.917653261249529950e-02
3.591635848821548294e-01
-2.828384317061945208e-02
-3.691572402882138948e-01
-7.977951396917648541e-02
1.524318677487462026e-01
-2.312761013261552812e-01
4.827025029389662124e-03
-4.440338254681983066e-01
7.820559521245054602e-02
-1.369982913671390634e-01
-3.864600455510455723e-02
1.594449290680168552e-01
-1.448122271980459563e-01
1.740327742794548771e-01
-4.452139681427527695e-02
-3.008254908930941274e-01
3.061524391149233471e-01
-3.154172701495114861e-01
-1.097458947974098570e-01
-3.046873283179928893e-01
1.108252258326642148e-01
-2.579333676450337731e-01
-2.927295093268127424e-01
-2.438412467987990245e-02
1.660502243844259873e-01
-8.605755373728753155e-02
1.250791847363823817e-01
-8.302649803674845563e-02
-8.236546194387335540e-02
3.041451343419667164e-01
3.741299868713604537e-01
2.091380664317308014e-01
2.991823244738511245e-01
1.214999323897339306e-01
-2.694585261513599561e-01
-3.428167810034738472e-01
2.512337885560416706e-01
-1.554016326231896783e-01
-9.124593673580751185e-02
7.949280033627818820e-02
3.596657045558587229e-01
-4.734197045827713557e-02
2.235668894608390245e-01
-3.208785934629260761e-01
-1.437100174243080009e-01
5.146220211716718840e-01
-3.262813396813833422e-01
-3.243935579962092808e-01
2.388360860960991594e-01
1.065432809270584202e-01
2.233559738245687598e-01
-2.510888675082900701e-01
7.391790513673409876e-03
-4.357414271150587548e-01
1.170881400751895562e-02
-3.836665553420405550e-02
2.297926021952765574e-01
2.661307842379765920e-01
2.169436477113666217e-01
-4.350070506699336148e-01
3.196066781039012122e-03
-3.806049657525727992e-01
-4.050203016291739067e-01
-1.253719369042315401e-01
-1.216821082455425140e-01
1.519086713477720285e-01
4.970920460498864241e-02
2.070045020483639031e-01
1.741457723709742555e-01
-3.655196329000398037e-01
-1.471747065323256720e-01
1.490389538458671836e-01
1.120092891546611430e-01
-3.040255413559089792e-01
2.021139009651358176e-01
-5.290422532037654391e-02
1.360749496620299037e-01
1.132755338414915408e-01
-3.601963713319578098e-01
-5.081846170123288653e-02
9.267822945488671943e-03
1.819101307642451426e-01
-2.812232701761745446e-01
-3.544038584252657831e-01
6.222545723010481505e-02
-4.104846944524383895e-02
-3.356354863182191561e-01
-1.901338671897729871e-01
3.008616123022021527e-01
3.042637902702831632e-01
5.384807503449923205e-02
-1.068037041027210948e-01
-2.452386975476861797e-01
-2.061001514287726932e-01
-1.005650576659829071e-01
1.806230842851553886e-01
3.268522904545512753e-01
4.384280487201095977e-01
2.130887054538018743e-01
-4.102745904697183144e-01
-3.522772023606682984e-02
4.314976420755336356e-02
3.807851240333020582e-01
-9.899817570466455663e-02
-3.152257603302415778e-01
-4.697776527636857713e-01
-5.591485992681001493e-02
8.654104600696294058e-02
-5.465200994206734220e-02
-4.375985507182847400e-01
-2.265548757033567229e-01
-4.282955598176158701e-02
-2.217979158591694977e-01
-6.369888854497766928e-02
7.878239833208422471e-02
-1.156175750650013379e-01
-2.577835671734411416e-01
-5.511560344386447208e-02
-3.952211238266092191e-02
-5.456341987121221537e-02
-4.864852851752580337e-02
-7.603343475893330206e-02
-2.438208359857063981e-02
-1.771234687440702282e-01
2.670355806236818230e-02
-1.479415811414896698e-01
1.209706445722295992e-01
1.040849885380150802e-01
1.768617448292083838e-01
1.496122036186752768e-01
9.357221240405051710e-02
-3.825393108714489343e-01
-1.037454379039009777e-01
3.381294560095388091e-01
-3.932466742372953683e-01
2.028512914141949175e-01
-8.977293251110210481e-02
-1.539348255781887720e-01
-2.241543037769032909e-01
-5.836485064616159235e-02
1.003517796213945212e-01
1.427306261668631338e-01
-2.044626258296624866e-01
2.387151565059430769e-01
-2.497145845791236551e-01
4.617758385074259564e-02
-1.707099053003469369e-01
2.125942318166408329e-01
3.740773849026917675e-01
-9.526588682908940231e-02
2.250342887303108663e-01
-3.733287780535999301e-01
-8.802892328965278290e-02
-1.186372093287560991e-01
-3.131717253299814291e-02
1.600224301752800615e-01
2.123210352426975825e-02
3.150514949188722991e-01
-1.033014617454213468e-01
1.054663886879314005e-01
-2.955344630811544970e-01
-4.853320254285116708e-01
1.148184308347799942e-01
7.239108553745862706e-02
3.967618120537298732e-02
1.648645853882347023e-01
1.203137011690717240e-01
2.391399489008382562e-01
2.565862488221347104e-01
-1.192874690908971302e-01
-1.613087192955953986e-01
-2.479158265445377818e-01
5.346728500796799066e-01
1.587314496512109430e-01
-5.367207285216523543e-02
1.380228630621581631e-01
-2.508035962426644616e-01
-6.621532444924527194e-02
-1.583977789073255926e-01
7.516725311932498377e-02
1.632402578993216169e-01
2.424976150436251865e-01
-1.158987665462593054e-02
-3.783095343547787648e-01
5.992742435391243405e-02
-9.117265979223547478e-02
-3.848915027145578122e-02
7.086154529910516919e-02
2.667020352839560293e-01
-1.407371157660919081e-01
-1.480372355515154059e-01
1.504691700371120211e-01
9.651887648661028329e-02
3.621400398871965631e-01
7.062411715218339103e-02
-6.828465390084198505e-02
-2.486518868052667655e-02
3.428212079993311900e-01
-4.074298837400473494e-01
9.591765481921364633e-02
5.003725780103209786e-01
1.576040704605012333e-01
2.409985213609025789e-01
3.301128298980257614e-02
-1.197953757970207818e-02
-9.215680586211211223e-02
-3.191289898133418679e-01
5.347293755662292369e-01
1.080430091887325111e-01
1.129595834397204845e-01
-5.895287420336111500e-02
3.982690300854598298e-01
-1.623271930845029687e-01
-1.309890568697247848e-01
2.487279069290923017e-01
2.452264683225806596e-01
4.234356630360454066e-01
-2.584560881117785591e-01
-2.860609625283568880e-01
3.901929068379441506e-02
1.357979590118986724e-01
3.147093598230241707e-01
1.500389313317211371e-01
-6.195003576460230560e-02
-5.199111411354422063e-02
4.896562678687325643e-01
-2.509331447919881386e-01
1.746810247876685041e-01
-3.347133754540655426e-01
1.738710977371474564e-01
5.297433610484235389e-02
-6.178023725153841683e-02
-4.447690795999040825e-01
2.764484761516481925e-01
-5.560114909006184103e-01
3.986853621659253721e-01
-4.111517241014628898e-01
2.923583935488364149e-01
-9.491982821536065762e-02
1.787047926356724603e-01
3.105430039602373737e-01
1.831233399026737929e-01
-1.340188752397427074e-01
4.587587628540488495e-03
-1.504973046139715664e-01
4.402114407458330714e-01
4.920573791380776218e-01
1.510739979329135396e-01
1.000000000000000000e+00
7.958283634366711823e-01
5.673925450891122990e-01
6.419036658383834304e-01
5.311508212072261204e-01
8.145301845956431919e-01
4.375058639201792610e-01
4.927613090275719254e-01
2.906106702036584735e-02
-9.120963134414532270e-02
3.167309413919769390e-01
5.832022902017580668e-02
7.696789359048222812e-02
-2.601237429770438814e-01
-5.281952694002019222e-02
1.521099295614068703e-02
5.221753983878292538e-02
-3.967109931742580087e-01
-5.446976816102955254e-01
-2.670797923484686254e-01
1.585963468960678580e-02
-1.205702642355317572e-01
-3.543191600449094314e-01
-1.431062787413884818e-01
3.225844002915099762e-01
-5.210487360137112250e-02
3.400656730378875947e-01
-1.912917034632123092e-01
1.972662889145867793e-01
1.933418345865927368e-01
-9.446847042823465490e-02
1.281742956697405622e-01
-1.688512397363879300e-02
1.760196369041242548e-01
-4.856012008702634830e-01
-2.384066022974501986e-01
6.571745207246339204e-02
-1.438349444681214784e-01
2.215755620893179387e-02
1.363069083120933833e-02
9.147517546576171277e-02
3.248540805749600691e-01
-3.675792223522051372e-01
-2.431184052102931259e-01
-3.389472551875516437e-01
3.682769404973630922e-01
6.201468971147371806e-02
-2.215992993462483629e-01
-2.701519122906347881e-01
-9.827103277054660690e-02
-2.648365716940907499e-01
2.451015518058659026e-01
-1.913117029199601490e-03
2.709754564664541565e-01
3.714343615714552072e-01
2.838458578486736661e-01
-1.537543141430688098e-01
-4.826152195242727067e-02
-1.515608295710648701e-01
-1.222024069328242757e-01
-4.960202684394516837e-01
-8.834196545064845751e-02
-3.543002744026827605e-02
-4.663035217775945290e-02
1.417735214234309427e-01
3.298728237051540280e-01
2.511338088757841258e-01
1.823864253878283159e-01
1.499591717463507057e-01
1.238010110972421335e-01
1.088104654952687378e-01
-4.296644380525100476e-02
1.988050932181579800e-01
-1.660184090774317889e-02
-2.020423413238316701e-01
2.183687348815915308e-01
-3.032762006542726319e-01
1.809341066651249663e-01
2.829424529278114220e-02
4.386544679557827231e-01
-1.522804427588972664e-01
-1.249186543260535770e-01
-1.482595302700893958e-01
6.918014245365237957e-02
3.213071043389503223e-01
-4.683013701271499518e-01
-1.550401761732166928e-01
1.689486964775100408e-01
2.093309088175817623e-01
-8.295490253052935359e-02
2.393249866054085184e-01
3.563558796456961497e-02
1.962980463103847217e-02
-1.689056164311521831e-03
4.266493346616916926e-01
2.092796075881122320e-01
1.545932666822311674e-01
-6.138050851045641354e-02
-3.177776660480013948e-01
-3.071806588268748486e-02
5.108108716975742203e-01
-3.379775022039127053e-01
4.279020534217505278e-01
3.032912137548300358e-01
1.418441650612227989e-01
3.737002135730845276e-01
4.206547981268127234e-02
2.267975769514045115e-01
1.989981153029442562e-01
2.077387516761330655e-01
-1.669505222167480540e-01
2.322155710023873776e-02
1.667011610799990773e-01
-1.697305709620144654e-01
-2.548994247579167705e-01
-8.198638687741155451e-02
4.276110614640432801e-03
1.364781154596801938e-01
1.097446534293555903e-01
1.547631180768743453e-01
-4.749648742535407531e-02
3.211713057283429040e-01
-3.044762750911821914e-01
-3.519798090462922247e-01
-4.568611954632739725e-01
-1.479147618684611143e-01
1.198214801395371121e-01
-2.287000412224432233e-01
-2.127089153830462320e-01
-3.466046664374479447e-02
1.063318048936990889e-01
5.276222549253151844e-02
8.705301144325679197e-02
-8.221136778334503514e-02
-1.152308434348979921e-01
-3.879077099566715509e-02
-3.852225946935244894e-01
2.311039827592538398e-01
2.875977411272894260e-02
2.230858678146728225e-01
2.058787198321316847e-01
-1.275749815306458368e-01
2.734281333731652386e-01
-1.114219781497229611e-01
3.157996511715667753e-01
4.562166213277945581e-01
-3.717593790767586559e-01
-8.164560540234190589e-02
-3.021371885004614510e-01
-1.293764362797056588e-01
3.164832657301140384e-01
-3.398837167834624085e-01
-3.917189317265679094e-01
-2.083743261542911618e-01
-5.929790885587195026e-01
2.284762725553003693e-01
2.947047454779462838e-01
2.175562697613501462e-01
-2.537074933459610993e-01
1.415933696322673185e-01
-7.229916821072689126e-02
1.722901065116915972e-02
-2.871550503313383684e-01
2.008623984814007501e-01
2.057874330468183466e-01
1.994433287919450404e-01
3.432359644056023895e-01
-4.842408774476016919e-01
-5.552640855171326884e-01
-8.122307614217186278e-02
-2.117053740232679726e-01
1.027825655229484686e-01
2.567868006532064706e-01
-1.120733165976472573e-01
-1.371256947121461504e-02
-6.659686340356495149e-02
9.796584413487781362e-02
-1.764856243955514048e-01
5.128703872139628306e-01
-1.944300481768723027e-02
1.277337565678134668e-01
-2.450604068928107782e-01
1.560188508408671126e-01
-2.241442464880119279e-01
-8.897267127814999232e-02
-2.560542893819026666e-01
-1.426003413129782738e-01
6.000840021560659848e-02
-1.211934826712283420e-01
-1.014121359673648692e-01
-4.291639043340134824e-02
3.222826738041400518e-01
2.917843718526221264e-01
-2.469673194600057187e-01
6.474836345530315951e-01
3.643688040466586675e-01
-7.934817527773492529e-02
-1.954108100717599425e-02
-2.741784931433541850e-01
-2.557084951760861258e-01
1.588988053306143733e-01
2.135535681135020125e-01
-5.707587495196544403e-01
-3.097992193697884367e-01
-3.124461662189056410e-01
1.431090561272589656e-01
8.387106605824309891e-02
2.537299304296454228e-01
1.671482041239762129e-01
1.828178380150623505e-01
-2.728620259128375913e-01
-2.417353975588163451e-01
-1.511242984499095998e-01
-1.759880309912820462e-01
2.037373931219489120e-01
2.314968163329860495e-01
-8.660987465439451416e-02
-4.561851967540389574e-02
2.281245455776442776e-01
-1.349148753455959859e-01
-2.463191641878519633e-01
3.125364973443285344e-01
-1.668660882442881688e-01
1.062255327976613789e-01
-3.965021396735101677e-01
-2.241644031742053012e-01
-3.101877487275019885e-01
-5.158440713631834429e-03
6.995868828434118614e-01
-2.340507580364132798e-02
5.239201273892051675e-02
-6.235410030301485190e-02
-2.011867285261733918e-01
-3.059919721133040338e-01
4.657584268077308992e-02
5.885289048557043601e-02
-1.859367156545134459e-01
-3.779931819545865879e-01
-1.719157115098460531e-01
-1.938098736864278804e-01
-2.347566639585608461e-01
-2.114558264519323660e-01
3.143284659747389576e-01
4.077483894742729986e-01
-8.753248447298812573e-01
-2.477375887712574276e-01
-1.995380458981911020e-01
-4.374381067696318272e-03
2.935802413065644739e-02
-2.370646060060212224e-01
-2.418181711481049712e-01
-3.391783380371455325e-01
-3.161093569436526640e-02
1.889167517962137555e-01
-2.506292925143634998e-01
3.934048146955115288e-01
-2.544003296152612670e-01
-2.440555027792209314e-02
1.635499266584969635e-01
