-3.156149694967660402e-01
-2.018876515704516872e-01
-3.087500457373950624e-01
-1.816787447034818315e-01
2.916910616675331691e-01
-4.985546405517182200e-01
3.114378392493913905e-01
-1.194175268583500503e-02
2.728647340310567243e-02
3.431969262928610126e-02
-3.181644165745163844e-01
3.053011305233861439e-01
1.082387429453536901e-02
-5.121474303417061780e-01
7.814108516255596770e-02
1.237813550824207603e-01
2.148065718776433208e-01
2.653665931452771631e-01
4.143144675001362437e-02
-5.611134016721402301e-02
4.552359479871473380e-02
-2.980810335283430243e-02
-1.310094137771958267e-01
1.524156287195097548e-01
-5.938026313994173577e-01
-5.043949372086720118e-02
2.203925257565280127e-01
5.356885684634825340e-02
-8.380369783143959417e-02
-3.244140092644817730e-01
-1.597273099611503933e-01
3.809497012477062183e-01
-3.757531170272093157e-01
-3.580331580828399751e-01
1.471850581871374242e-01
3.476290109259826400e-01
1.693580145158138650e-01
3.662600807602214847e-02
1.521633323690596562e-01
-1.086702532586451310e-02
-9.047341936469630030e-02
-4.469819044263460550e-01
3.975836225171787697e-01
8.480412105920080712e-02
3.528826202128058087e-01
-1.600951386328783865e-01
-1.147148164358888917e-01
1.679372573257264731e-03
-1.066656863834372360e-01
-7.814945996460543887e-01
5.042013811752110025e-02
-2.030527717511286245e-01
-1.019473599243903156e-01
-1.156425646741732205e-01
5.549468923382364777e-02
2.906753599035610813e-01
3.349578806059626268e-02
-3.158978315490399980e-01
-2.447217580385696242e-02
-5.074114818603470828e-02
-4.739533554730764042e-02
1.544542604337341973e-01
1.201943024964829271e-01
-2.607974069826264341e-01
3.153865376322905201e-01
-3.215285188643097758e-01
7.264388127071443046e-02
-1.040481734153049231e-01
-2.303777637176123438e-01
-1.642401344643579508e-01
2.232699018103245503e-01
-2.556643330321707319e-01
-2.083199613734567079e-01
3.388557429072824867e-01
9.646430818789041017e-02
-3.589221820774809307e-02
-4.545570921169325151e-01
-2.120690021263492431e-01
3.665122381550844355e-01
2.717614823354063680e-01
1.855216075165523892e-01
4.075701043343671337e-01
-1.505175157858580290e-02
-1.181882283843523618e-01
-8.589194157206847535e-02
-2.781269172793053232e-02
5.588365556560773717e-01
1.747254735024284522e-01
2.751569467883789866e-01
3.611083691407952490e-01
2.201158017296328540e-01
2.628003697634889724e-01
-3.930201966970398725e-02
1.189341250289260160e-01
3.345513226289190678e-01
9.593394373795673113e-02
4.156361351159088002e-01
4.677462150273366537e-01
2.544881806568581317e-01
8.062666784214761462e-02
6.076323543664333693e-01
-6.668629114389100498e-02
2.595916148534980761e-01
1.626457449295396485e-01
2.083052702362841180e-01
-2.025322889063038423e-01
-1.376366321067691023e-01
-4.556199672662343547e-02
1.597359506239411434e-02
1.150090527995519113e-01
3.195594450928034708e-02
-2.843184096673544436e-01
1.108552705853936976e-01
-2.105313888077528506e-01
4.770738519862706140e-01
-1.020365330976143320e-01
3.657492110783195360e-01
2.506840221006264580e-01
-2.598579303048175748e-01
-2.242882277230107968e-01
2.343319522982266478e-01
-4.764563959621586076e-01
-1.338884326646198053e-01
-4.031187710784335521e-02
3.179395988031900044e-01
1.263149915919825617e-01
-1.757873978412283489e-01
-3.799857726848127060e-01
9.748260774433763556e-03
-1.954417664934885168e-01
1.638013618418469042e-01
3.370181975328641055e-01
3.874049203185631618e-01
3.366912342926491886e-01
5.244555147712435250e-01
1.028927051366893969e-01
3.353198554826186673e-01
3.024270300138227063e-01
3.667161421266663113e-01
-1.507481218620126406e-01
-4.122975451812792985e-03
2.913608070445369153e-02
-1.139150566210637809e-02
1.315269787737604334e-01
4.473877204692219278e-01
-2.324668487689665330e-01
3.411935790146541914e-02
2.388572619144550546e-01
2.833422086215586777e-01
3.921401475067000653e-01
-3.474677660009579949e-02
1.188584475539778973e-01
2.316903899904063646e-01
4.422434208410688794e-01
1.156674346838202222e-01
1.670554375872790875e-01
2.907089074500719961e-01
-7.304923077178469837e-02
-3.813711101671232173e-01
2.030541400323027934e-01
1.121159508148137224e-01
3.126561804880392259e-01
1.204827947507617208e-01
-1.197038981708922478e-01
3.165511499895934944e-01
-1.268207955704711565e-02
6.536500648128996949e-02
4.018771506051961873e-01
1.664272828559007489e-01
-7.713873046316802040e-02
3.376465613265236532e-01
2.394876020291650809e-01
1.551540105113787260e-01
-1.911298641171758350e-01
6.993004651881391809e-02
-1.145026736928434763e-01
-2.791504838856584403e-01
2.416413777160730369e-03
2.315512164430084171e-03
2.103172042535207398e-01
2.749721687170598727e-01
-1.820534889741440981e-02
1.240199416107849451e-01
3.271403931258838327e-01
-1.003915864413624515e-01
1.446478423107568079e-01
2.929770904598058556e-01
6.520758033935259990e-01
-2.407144616533123116e-01
2.953508843978676079e-01
3.316491196617535331e-02
1.145335522412524176e-01
5.925633952487889544e-02
-4.377201928238503292e-01
-1.089198311452626855e-01
2.170596163554738556e-01
3.214480716451749154e-01
5.193888240896473718e-01
2.057043194483437198e-01
-7.204963327552926788e-02
2.352232058716073881e-01
4.894763372456222283e-01
-6.201219535938393840e-02
1.865317138048319945e-01
-9.531400863098499210e-02
-7.506196631192345314e-02
3.293687401769443412e-02
1.592283318829996741e-01
-2.588107419525960684e-01
9.344268094542565462e-02
2.953500430871243698e-01
1.197651731466670838e-01
3.010692713271201915e-01
3.973223256601682851e-01
-2.389388701055209993e-02
3.732438427039205808e-01
5.754715013369325616e-02
1.411879260605692632e-01
-3.307373479577326858e-01
2.820029486482036885e-01
-9.406900948317253874e-02
-5.958723626004814450e-02
1.969669138460850843e-01
3.425715247516812889e-01
-1.716193234674568135e-01
-1.979522259973299711e-02
3.579138217531707689e-01
2.777875322686063075e-01
-2.185054338458773115e-01
6.040422042753192111e-02
3.298979905167913063e-01
3.727887912182696606e-02
2.928413768036760567e-01
2.975543219108404691e-01
1.745121198764993872e-02
1.693041959356932358e-01
3.478451460989163135e-01
-1.573534364474243330e-01
-7.041036167068799589e-02
1.811165483017979083e-02
5.194837259281790548e-02
-2.083216888443310544e-01
1.033785988264700195e-02
1.418667829792175927e-01
1.678184198146381867e-01
2.098771877749056602e-01
5.951921099452899266e-01
1.449965400206752741e-01
-1.067048742550464613e-01
7.974041222229169557e-02
1.787662422660096784e-01
-8.834910920687351343e-02
8.255935766640375428e-01
7.758811707558834758e-01
5.318530281517031000e-01
4.647626355846450896e-01
1.000000000000000000e+00
2.854087128309013566e-01
5.299282461372520903e-01
2.718340434175038345e-01
4.378012259483141100e-01
2.498929084048974736e-01
6.473811118525311936e-02
-4.449566041974683528e-01
3.814445434809165744e-03
-1.191935906307582810e-01
1.352809776923725449e-01
1.515760380076655867e-01
3.261022400064991222e-01
1.169841138151278548e-01
-1.278046165707808768e-01
3.467590237867905212e-01
-8.538462093815034348e-02
-1.698241170837747893e-01
3.054134618145843971e-01
-3.599032903294847041e-01
4.616893889714651644e-02
-4.788862299484617641e-02
-7.158476729292639722e-03
-3.847997488913604824e-01
4.269409823888357242e-02
-3.701820042776836350e-02
-8.224410119296353405e-02
5.285514013381279463e-01
2.155986013982510996e-01
-2.109706088250304923e-01
4.265513706950359585e-01
3.139123604641610998e-01
1.077210530785148723e-01
-2.097952735518395506e-01
1.492745563015610566e-01
-1.469931535046606515e-02
-1.726366232157043601e-01
1.720723904589238976e-02
-2.921544312409473099e-01
1.110487453406336505e-01
4.165404612014204644e-01
-4.079124358095507219e-01
1.758847877864935447e-02
3.204903451041229423e-01
3.426520065440346458e-03
6.885170000414760072e-02
1.233975863558693931e-01
-7.733481884941344198e-02
6.135710816638770271e-02
-2.445771032558739511e-01
-1.331219209813406246e-01
5.309230085344171512e-02
3.674029839050911850e-01
9.138201600036895134e-02
-2.490589004418200178e-02
4.323856682823415398e-01
4.490465809483299986e-01
-5.057832512836028804e-03
3.810369328261741240e-01
9.930674271163505984e-02
-1.663456636910009417e-02
1.680777352890693854e-01
-2.355583091605287227e-01
-2.026169668877944308e-01
2.434679562747716075e-01
3.524520557330414194e-02
-4.703768724178133964e-02
-5.461930665727473405e-02
-2.003583269342534556e-01
-1.028151616802686907e-01
3.093995359609715279e-01
1.863722445085244095e-01
1.834119179441654479e-01
2.397100445019355597e-01
1.318367425237746138e-01
-6.831800107510073439e-02
9.690784906086090389e-02
-2.136336183231214714e-02
2.114970347184092769e-01
5.859501052220000145e-02
1.686830603282780672e-01
-2.459959484968184118e-01
-1.172398011109177102e-01
1.331622528871846400e-01
-2.052269131207305197e-01
-1.153473918448651853e-01
1.062635213692578705e-02
2.075754521571141209e-01
1.421506505551460575e-01
5.464954789565694415e-02
-1.577034832914779583e-01
-6.688108672699524457e-03
-4.786075049974587020e-02
-1.567999600873989929e-02
1.279701931285716354e-01
2.328111500099265818e-01
-1.865661732138049755e-01
2.648621198078645045e-01
1.931600620831478154e-01
-1.461437348015508231e-01
1.905128247239527839e-01
-9.664738449063023373e-02
1.668098218118582443e-01
3.238328771370702075e-01
2.955420891325289956e-01
-1.940981408150348753e-01
-2.015449725223707189e-01
-1.544509208930921751e-01
1.325845066435660802e-01
8.037852813447912692e-02
-6.909603719717002934e-02
-4.120294745086651167e-01
2.937638964214547496e-02
1.438065291895671283e-01
8.238684805856667792e-02
-9.679877922836760407e-02
1.327978292462707322e-01
2.931328111147827875e-01
-1.423805263140792143e-01
1.473891661594717017e-01
1.984648648374620628e-02
-1.728082839255226100e-01
1.767205017290283675e-01
1.244471293658805655e-01
-2.053541340937097837e-01
-1.274129526832287196e-01
5.576854571802635635e-02
1.257379969603314995e-01
-3.509010059802807578e-04
-6.920316147250847594e-02
-6.165004680057744463e-02
-1.325625655692240154e-02
1.199767682784794592e-01
2.611911509755329153e-01
1.398198227947359262e-01
4.610885786655902902e-02
1.799387996952480362e-01
1.093631821029909801e-01
5.528943106657777801e-02
-2.519541466635002447e-01
5.054903823430390020e-01
2.964877884729635871e-01
-9.326512203642334242e-02
-7.343669822873206965e-02
-3.447689794282232101e-01
-3.643709400270565835e-02
1.354800030739171102e-01
-2.755597376309071866e-01
1.792624451041656755e-02
1.964671946736396280e-01
1.407856188327754887e-01
1.392790739778481668e-01
1.240723213580125911e-01
2.056816539690673740e-01
-2.335768562078869848e-01
1.881500025519192432e-01
-1.623219187229775484e-01
-1.430904119085554815e-01
2.205236892484788713e-01
7.387003809469873394e-02
-7.985034004391368401e-02
-1.517930901046260217e-01
1.314490262167228585e-01
6.401203668583115014e-02
-2.679554577977200647e-01
-2.636565035084502129e-01
2.176272668701197122e-01
3.290930834362733922e-03
-3.356850433164156045e-02
1.647284727701403551e-01
2.148745032198437210e-01
6.248274677592729337e-02
3.458789061923133734e-01
4.657817555010977661e-02
-5.395882402690375251e-02
-1.014664881373556204e-01
-2.062396728278567126e-01
-2.957433357228296256e-01
5.783870886987013682e-02
1.972430852002184098e-01
6.054446906323630168e-02
9.200314654623738264e-02
-1.678818071533364764e-01
2.699425550378767857e-01
-2.419889359711574484e-03
5.272291398526150058e-02
1.065178402486768733e-01
-1.270651229502101943e-02
-2.737411408222635567e-02
3.513747211621786048e-01
-1.676203460834147507e-01
7.136326349505395239e-02
-3.393106248590748719e-01
1.703170750063248973e-01
-4.077631468794628011e-01
-3.221720909763913475e-03
-1.819741019919239589e-01
6.599214556590241032e-02
1.128296676247862208e-02
2.537328528003358202e-02
2.540841459581900108e-01
-9.040897769053897470e-02
2.621627596116300751e-02
-1.192724242863981710e-01
-1.356633831993144246e-01
1.089235439611330042e-01
7.577818135174091592e-03
-1.881289310945195581e-01
-3.461998387480826056e-02
-7.645693654920260318e-02
2.722920059367045509e-01
1.670566919610738388e-01
1.823408444651851423e-01
1.410719257037405527e-01
-2.044513611430856803e-01
2.493164613844615074e-01
2.107773602161370011e-02
1.732099230793940070e-01
-6.348191712363897288e-02
-1.782775306849989638e-01
8.450573707670171186e-02
3.425714350528876184e-01
1.121472232791993068e-01
1.716321163655518400e-01
-9.761095535753289143e-02
3.032327184057919105e-03
5.499799169392427522e-02
-3.052267830355162581e-01
9.288334371637882447e-02
-2.557015496442941460e-01
-2.110914429224727829e-01
1.153693892502371254e-01
2.393055997385916747e-02
-6.332022265615860901e-02
-2.587477687760972866e-01
2.106650555911492306e-01
-1.115880962115995967e-01
9.408130261801331273e-03
-9.551909752377285567e-02
-1.708507956753219093e-01
-2.467062091097338341e-03
3.611610853739292970e-02
5.785081564616974259e-02
-1.922427738251010487e-01
1.691762132276529718e-01
1.056480672333306309e-01
-2.591498618800272546e-01
-1.881598751330826602e-01
1.659902033725847992e-01
7.403147865045624221e-02
-3.303309707875932283e-02
-2.172251249543852014e-01
1.591552977038225847e-01
8.887813860818219447e-02
1.759656287865159208e-01
-7.947195979372944502e-03
