1.509420036898036221e-01
-1.378797990418339538e-02
-2.021632305729659934e-02
-2.147693706827589200e-01
-8.605054936884669325e-02
1.031495200338116286e-01
4.876532268519698926e-03
-1.530302114111928569e-01
-4.752154073946776580e-02
2.983656037209272416e-01
-2.126298868553931354e-01
1.154624644146996434e-02
-1.778912971486933461e-02
-4.855967510068431858e-02
-3.311776759624217026e-01
3.106079588148051851e-01
1.003855850761219692e-01
-1.978522533046934428e-01
-8.059004152950373367e-02
-1.271041459196963486e-01
-1.172754859044384534e-01
5.720172674756415082e-02
1.113845392427386255e-01
-2.572693824963599996e-01
-2.109181400206519563e-01
-7.386667667178675734e-02
-1.029546098575268021e-01
2.341968930998051049e-02
2.985814466987972149e-01
9.468067858829348066e-03
-6.338363879995648036e-03
1.335772518535559283e-01
-1.021070035597676506e-01
-7.185811239578314413e-02
-3.992042295748175762e-02
-1.483385725173431702e-01
-1.669534819724697028e-01
-1.711540311788798882e-02
-1.439680539873939569e-01
2.070287878158526829e-01
1.125973521690911416e-01
-2.405233370906391666e-01
-4.592282485465209313e-02
-4.054195223591582076e-02
-2.306111835487595005e-02
-1.038955627671853399e-01
-1.028263839111410866e-01
2.690695358225111272e-02
-7.174957078746965755e-02
-4.764345136863471636e-02
-1.271540758882380995e-01
2.738386181245881512e-01
-2.057004028622683514e-02
-3.077657361040504469e-01
-4.600920164742539759e-02
-2.457709238040020339e-01
9.764797702466541940e-02
-4.923518231485028013e-02
-4.138310393361210870e-01
3.258554067587013381e-01
1.570797305954164669e-01
3.666678303575614944e-02
1.214521049197935659e-01
-7.315043129978859859e-02
3.216933048936230777e-01
1.148541281006867747e-02
5.562822677317835057e-02
-5.698408113834044220e-02
-2.807454717430957116e-03
1.680818348608824342e-01
-3.657031533076294250e-01
-4.387365166377005243e-02
-2.011803461397793924e-01
7.916534148311474284e-02
-1.279166445763118241e-02
2.164075611423968148e-01
-2.332777473937160673e-01
7.916129351590153740e-02
-7.010350441563199808e-02
8.978694511956752944e-02
2.107102019235669588e-02
-2.721870284051486899e-01
-7.002094734308937640e-02
1.782685034386712053e-01
-2.914411274931634210e-01
2.318159763199263007e-02
-3.087765315672363342e-01
1.036665859100704412e-01
-2.789183750737893042e-01
2.287717278614359862e-01
-1.655234717060104777e-01
-2.672792192824869351e-01
2.774963988713017859e-01
5.196769883553339388e-03
5.279759936078760874e-02
1.879808682816284104e-01
2.808328310072015777e-01
8.777681335386475214e-02
-3.159274051706184028e-01
-5.597815585382493256e-03
-9.359960730288720623e-03
-3.337710793262403941e-01
-1.051100421872427360e-01
-1.007436857479634129e-01
-7.445388211359003916e-02
-1.350722358279402291e-01
8.175484124212498149e-02
-4.632265233184729158e-02
-4.887232692081716623e-02
2.310032190579383859e-01
3.011089867111749752e-01
2.531968295370965460e-01
-1.579801666995071796e-01
-1.855030230962069204e-01
-3.040292180050479520e-01
-7.074718339013220947e-02
1.271319482062950035e-01
3.113212974543184131e-01
-1.423292846856245020e-01
3.503719603055508447e-01
-9.899830804497961392e-03
-8.774640134682133719e-02
-2.354214854237701021e-02
-1.109771341954445822e-01
-2.562887955329386236e-02
4.809574154497986420e-02
3.470187876949760997e-02
-2.084180379103335867e-01
2.891454614531171474e-01
4.755969119100130621e-02
-2.074065577062692844e-01
1.144909907545048761e-01
5.708320958368003073e-02
2.771071698175084017e-02
-1.202963608828715864e-02
4.220885107524909724e-02
2.982331840495881098e-02
-1.992975122132195076e-01
-2.284101896960194777e-01
-3.021801372977201416e-01
2.964638155555265331e-01
-1.043452679626280521e-02
1.322833805793253437e-01
-1.740396568658207632e-01
-4.491255465039672296e-02
2.322040022061771514e-01
-1.366253144730581078e-02
1.005190153439001338e-01
3.873848252421077110e-01
7.376222016428357620e-02
-2.176090757824024891e-01
-7.747076137531158646e-02
1.148397456332328655e-02
-1.165316582679991747e-01
2.509201410800979692e-01
-5.693085670849854646e-02
2.683999629693402666e-01
-2.847659958713582573e-01
2.042545349321531478e-01
2.095549885854216254e-01
-1.176522355783016505e-01
-7.119582984008894500e-02
2.893095622110232468e-02
-5.007859628303754779e-02
-1.116001168400750226e-01
-1.707090684337697617e-01
2.834047004220655638e-03
-1.259177286646345761e-01
1.452478247490271712e-01
3.833907730982122342e-02
-1.297128281644608083e-01
-1.990483587859670500e-02
2.632617016091520212e-01
1.748555022965053996e-01
4.125026665486426769e-03
-5.662354813511675210e-03
6.534657968241218418e-02
3.172425406044077772e-02
-1.229719170757464231e-01
-3.832643759151659890e-01
-5.139487573924182012e-02
-3.407804418468688423e-01
-3.220623931128326900e-01
3.050869899534251473e-01
-1.573478176427913211e-01
1.844503317284279797e-01
1.531663421786195189e-01
-2.228799383071318196e-01
-6.764141661922133675e-02
8.811673530694758005e-02
-1.717126067483324900e-02
-8.190335377539606498e-02
5.644166734380622330e-01
4.649930758594837399e-01
1.632724776674837897e-01
-2.329465909963718828e-01
2.063379027166891422e-01
6.081567971546935486e-02
2.456174503157259048e-01
1.803595409026396701e-01
2.420893640010914338e-01
1.107641814380039280e-01
4.924884695523143452e-02
-4.095749996852476177e-02
-3.474042588989704750e-01
-1.456217144413400055e-01
-5.185421272454961150e-02
-2.346732991437058824e-02
2.254986455102844095e-02
2.106488127345200745e-01
8.116708030239702665e-02
4.846029367164287477e-02
9.606730922314211940e-02
-2.795088296184706222e-01
9.317965821712986818e-03
1.259491980218745977e-01
-2.091267126069049909e-01
2.503243832099953936e-01
-4.489813940666005365e-01
8.994219783249274291e-02
-5.327261946788899166e-02
-7.851281446081061210e-02
-5.552637448393730329e-02
-8.337090674241608157e-02
1.300785737789692809e-01
1.310178450754489188e-01
2.550096434586378649e-02
6.653836902795279284e-02
5.960276778511111595e-02
5.618630083311769051e-04
-2.424652625575483555e-01
1.305973061488868714e-01
-1.478017920641332139e-01
8.561015011034713018e-02
-4.498507568947257562e-02
-1.692333892934213546e-01
1.786456710802746262e-01
-8.083641203043236134e-02
6.994195011242654303e-02
-1.203117758988736935e-01
-2.514622139819750954e-02
-1.421939445576849148e-01
-7.876726033941501212e-03
1.567027677940678321e-01
1.560336597816523174e-01
-2.466876756451666375e-02
7.844589236666060783e-02
-7.363356935543945159e-02
-1.848416384088074627e-01
-8.306317051886617786e-02
-2.223622028095146863e-01
3.186460961169003681e-01
2.755157743496525202e-01
1.582955078820116879e-02
3.689049135444584793e-01
5.589401029728893189e-01
1.000000000000000000e+00
2.845114524461897498e-01
-3.050920541552020263e-02
9.328100859162420655e-03
8.859544449883642592e-02
-3.498683253205771559e-01
-1.265891727921363563e-01
1.563361077992550252e-01
-7.764697719117562291e-02
-7.969557976468200078e-02
1.259099585886839234e-01
2.342704094965654127e-01
5.997675508891717189e-02
2.054570573212824436e-02
1.627501689437229337e-01
-2.421788922852265435e-01
3.771521191632396658e-02
-2.223916646951461518e-01
4.754904601404930098e-02
-1.025137554976668364e-01
-1.473266894649895853e-01
-1.483051011906541816e-01
-2.341378936090915686e-01
-5.159950073362362666e-01
7.866511369036238710e-02
-3.723199965586151960e-02
3.037310296895852635e-01
-3.016952682884785006e-02
-3.739587356214365416e-02
-1.019176401376971075e-01
3.915477148340598679e-02
5.508908679820050808e-02
3.442040068712318851e-02
-1.122648042759131076e-01
8.030667560113702308e-02
1.260145663532869775e-01
-1.853130051722290395e-01
-2.867718211839864195e-01
-4.336936907156111604e-02
-5.649723065364917196e-02
1.139466615775855673e-01
1.355185033940502735e-02
-1.987676025750838293e-01
-5.344373763333016836e-01
-8.847192241406071078e-02
5.154267050773057163e-02
2.432542860619482938e-01
4.649899599815261048e-02
-1.041081800488818931e-01
1.283078041689364457e-01
-1.500789218955536908e-01
2.828277292503115214e-01
-8.382728765485012931e-03
9.611549279548315533e-03
-6.103443081833671846e-02
-2.122169117719914511e-01
-1.510933239515078463e-01
4.193854327732785547e-01
-8.488579507703014615e-02
3.553760983698979747e-01
-3.277014337815700035e-02
2.233137609774801247e-01
-1.736105201525834085e-01
1.312815101537568863e-01
1.134707903530779161e-01
2.045596571302017719e-02
9.789223137025969412e-02
1.000068567770857897e-01
-4.429025909322736321e-01
-1.467638557108819908e-01
-1.538108062905163831e-01
6.689493934369217243e-02
4.656648731716578338e-02
7.819487304221810209e-02
1.075946548785840923e-02
-1.769130204858854888e-02
-8.401321623525158377e-02
-2.825933982072167949e-01
-1.229998802367363586e-01
2.716520876544839536e-01
-4.599202529882779333e-01
1.304158021270987178e-01
-1.064499934708593581e-01
1.085893081366262336e-01
3.206345497998608352e-01
3.959399787569369694e-02
-6.057811468894751944e-02
3.268212893811440339e-02
1.799096844528739747e-01
-3.035206591986893687e-01
-1.214222030522296714e-01
-7.343165089630157571e-02
-5.219168610249850238e-01
9.506261594964345030e-02
1.600958027055952859e-01
-5.006831040487195184e-01
2.837781475760381422e-01
-1.062734050456310836e-01
-1.113593700832433281e-01
-3.128717512568097159e-01
1.365702763993507929e-01
2.782922258182999875e-01
5.809171429022481903e-02
-2.053742006471301895e-01
-4.607054279260346941e-01
1.398933243949461169e-01
-2.335818744973338842e-02
-9.198750733723448647e-02
1.563019434445260814e-01
-2.315535528130747422e-01
-9.752707977978544718e-02
-2.747080072066873310e-02
2.115147943665598163e-01
3.561998733584120780e-01
1.385480244275092421e-01
-2.461587600292160782e-01
-2.423305920509901401e-01
-1.195875184770499450e-01
2.085703371398853756e-01
-1.627930851272750556e-01
4.595497182351153120e-01
1.300536465933489483e-01
-2.119688117724362678e-02
-7.311142840076501059e-02
-1.407254760755709960e-02
-5.988143953154184684e-02
1.126162293556667165e-01
3.173848242350246762e-02
7.839284253819457648e-02
-8.750630909189696660e-02
-9.911858247906457642e-02
3.501191510914189280e-03
2.726748290112519513e-01
-1.029136819788907947e-01
-1.218935698156512343e-01
-3.319910296285465048e-03
2.222171593388735378e-01
4.017050921455110890e-01
1.917116031546552413e-01
-2.133040631140039889e-01
7.043159320609997109e-02
-3.692873765447267365e-02
4.710211803998818336e-01
-3.806281322855934596e-02
1.318367044673570410e-01
-1.565590897578729712e-01
2.402580041260908017e-01
9.552759863078862101e-02
-8.584292473597529560e-02
-2.694342487638905492e-01
-4.081651414477081852e-02
-1.453683672890188627e-01
3.236272042636396257e-02
-1.478571931271595030e-01
-3.705692508068171298e-01
-1.776142343253150901e-01
5.801232243602858635e-02
-1.677832741939397701e-02
-2.145790640339715061e-01
3.499796196192276887e-01
-5.414525195527420537e-02
2.369889491857474773e-01
1.382530808474624791e-02
-3.302698988223762289e-01
-1.528838138985126084e-02
-5.229448963479053220e-02
1.698773556002186047e-01
7.973905549337721721e-02
4.471599244701494058e-01
4.049257637274018135e-02
9.875201180853739047e-02
3.332650752022074392e-01
5.503210370200769530e-01
3.927235970536134824e-01
4.089579731526429840e-02
6.171711129939411872e-02
9.924082579897369749e-02
-4.253825863831237619e-01
6.991680979934378204e-02
-2.343206285102295700e-02
-8.422362664479263183e-02
-8.095839142468000404e-02
3.314661678298318481e-01
-4.323154846615356872e-02
1.340355836793556410e-01
-1.955965815962403265e-01
2.387452387791005881e-01
2.188746894414626224e-03
-3.727323283369921025e-02
-2.711511545616712704e-01
-1.694964081570295988e-01
-8.707416664221508118e-02
-2.264350596755134171e-01
-2.980708116557954646e-01
1.724904735410345280e-01
-1.174889556960307113e-01
1.138197212283559440e-01
1.053314153450039259e-01
1.477173842168588713e-01
-1.073478418686514002e-01
1.373598719136849555e-01
1.522100963407177314e-02
5.844209853169921726e-02
8.005523002174666503e-02
1.435975728798379591e-01
1.946378596484018841e-01
1.071533854012375192e-01
-1.801969622732106369e-01
1.862898094895493739e-01
2.528942591088064740e-01
-1.581744680525274879e-02
2.728610668134004782e-02
-5.396899078101111830e-02
-3.335125127330527683e-01
6.553775396056930880e-02
2.761610672443583908e-02
3.123394817765241110e-02
9.773942060869285353e-02
-2.431283663118754060e-02
9.029091665264620675e-03
-1.520449220381183963e-01
-3.117951158487953789e-01
3.111034081585556735e-02
6.523790054396036431e-02
1.226622159539620394e-01
7.826993503665803653e-02
8.344666720464992415e-02
-2.206402745067023718e-02
-6.938232149531044224e-02
2.673588844217288096e-02
1.002872994610040924e-01
5.098327557730485127e-02
-2.041623694736501848e-01
4.487705711290732036e-01
2.358830275657463130e-02
1.879265396882727479e-01
3.064692688362905537e-01
2.480284132632138150e-01
-7.074100560307483576e-02
-4.542241562830353491e-02
-1.009558162968159784e-01
1.159879296272289459e-02
-1.721286246990219870e-01
-5.943792180565350691e-02
-1.714068779936142317e-01
1.730760276086069915e-01
1.776960130927505432e-01
3.736203452214436616e-01
-2.479477980650347801e-02
1.242762258392205582e-01
3.037456004230631446e-01
-6.691176408295564093e-03
2.320160453370088416e-01
7.587233282281598268e-02
1.052861039610049620e-01
7.287006282070493390e-02
