-1.028406993475147885e-01
-2.713802905230605286e-02
9.301993318158596757e-02
-8.979286246603584987e-02
2.620804835709391895e-03
1.183434329729125996e-02
1.097542521621432468e-02
1.126863247630363607e-01
-2.333766974402195771e-01
-2.344812851930686837e-01
1.264422273871808160e-02
2.045431884561219327e-01
-3.603514587096904864e-01
8.734968790897129631e-02
1.008215006812707148e-01
-1.809634167342976940e-01
-2.738346048732250709e-02
2.418741552081167256e-01
2.881728954552169042e-01
2.705429277811600697e-01
2.133328463215774795e-01
-1.396799722096388023e-02
8.008892721864534214e-02
2.174437664765889733e-01
-1.180605646201157710e-02
2.460361084850810065e-01
2.044888334324939938e-01
1.921271153864403114e-01
-7.458460283440601635e-02
1.472041729486113504e-01
-9.637092151732616629e-02
8.084791648018092858e-02
8.058406493739657395e-02
1.308861321962946807e-02
-1.720116400385033328e-01
7.816017182325828150e-02
-2.782428138985759691e-01
-1.277419175378017857e-01
-1.290757969843049080e-01
-5.698174120112732555e-02
1.289065065469175431e-01
2.827048358354679602e-01
-6.974013850781474178e-02
1.456776037872444807e-01
-1.269378918206651163e-02
3.228925348954272273e-02
1.852086312857628980e-01
-1.294305102348031478e-01
2.778061117799530688e-01
-1.451187617317443723e-01
1.018811817011366222e-01
6.381149733563562521e-02
-1.602519658655525425e-01
6.277511746845644731e-03
7.337628420398918661e-02
-2.473882211327730340e-01
-2.386987779709717761e-01
1.871755954504903188e-02
-1.969276229034128967e-01
-2.025033986825154342e-01
-4.235587321016434648e-02
-3.209143289364582707e-01
-4.634478900470091062e-02
-1.967837812387906171e-01
-2.123003768329487922e-02
2.360771133119383136e-01
4.030387764682490798e-02
2.916112293247778986e-01
4.967393267065479262e-02
-1.451712175677739303e-01
-4.647932532072984041e-02
-3.052351920051185954e-02
6.368802280723870161e-03
1.775441663526356739e-01
2.112209447966859055e-01
-1.365945210652013408e-01
1.605875473216741012e-01
-3.310022579639559231e-02
-2.863110307218413864e-01
-2.204951998839524974e-01
3.846066757516373308e-02
2.190369910868904257e-01
7.474519997314424402e-02
1.244942342771334920e-01
-1.535912476660572686e-02
-3.099134057882873550e-01
-1.168860612789009157e-02
-1.923067527076805505e-01
-1.612340727844152888e-01
2.636840333999534991e-02
1.083329206023746216e-01
1.253205393440356974e-01
-1.321812958483740974e-01
-1.562041343145466055e-01
-9.839167545039091689e-02
1.502733624245013999e-01
-1.661564380369817684e-01
-1.042003507089355602e-01
2.129410136779185114e-01
-1.455638125690877915e-01
4.846429030367482155e-02
1.489523008176754093e-01
-4.018239438355012544e-02
-1.106415318238343493e-02
2.278832843424098975e-01
-1.486318585085056876e-01
-6.092413025270728560e-02
3.974533810565531941e-03
-2.059492749486246388e-01
2.748353874686888521e-01
-7.096558708466660370e-02
3.244862218644245511e-02
8.568070650354690787e-02
3.850486630435762114e-02
4.958549427140795246e-02
-1.964517562382906146e-01
-1.186828741365791862e-02
-9.067000335898403596e-02
-2.921973686696054950e-01
1.820361025004502142e-01
-1.216352530070086424e-01
-1.221393148955257774e-01
-2.080654513222447155e-01
-1.585457087119094832e-01
1.411967835874256838e-01
-9.404737934241573505e-02
1.020443487732330956e-01
4.418309975714414528e-01
1.587522198845396637e-01
-2.610499191326315915e-01
-8.407129148085726311e-02
1.457481529060902503e-01
-3.981608449643398440e-01
1.592236211115248268e-01
-7.392961994523346292e-02
-8.083747127794506382e-02
-2.594029251882926101e-02
2.600064828789990790e-01
-2.279280451096528104e-01
1.871317911195471972e-01
7.366335482414877733e-02
-1.195057823201796654e-01
9.058911708648260952e-02
2.560977007295164865e-01
7.850402077554333169e-02
-9.600386740898973065e-03
-6.296710266874684658e-02
6.003516843166291361e-02
1.476633440363264932e-03
1.043776660637602965e-01
-7.328698512872479365e-02
1.151671458578293616e-01
-2.418854996626912945e-01
-5.757499714002768665e-02
3.423268497135637661e-02
5.368791908281787817e-02
-2.801269898942997452e-02
-2.886069841842814690e-02
1.155148341261600514e-01
2.054172114497999913e-01
-1.786754759437770845e-01
-1.980742652545934845e-01
-2.819276145401507574e-02
-2.731561385457887195e-02
-8.064957382619045156e-02
2.766165090224377565e-02
6.713077427407772302e-02
8.796721787350272881e-02
-1.938286181941444308e-01
7.678291035906140150e-02
-1.907374013329241752e-02
9.434195444195331293e-02
-2.537737743520999123e-01
-2.340839736121422612e-02
3.217665647887380659e-02
7.809880472220282789e-03
1.168965739331629013e-02
1.170583053865239115e-01
-8.941520931577716380e-02
-1.120786755981436761e-01
-6.302843502719525370e-02
4.283701163559608394e-02
8.778183902492964208e-02
2.599138301831617134e-02
1.810617352740526709e-01
-1.055149394906223885e-02
2.600545752781042164e-01
6.226684830445904095e-02
-7.065862599530510491e-02
-2.002866673672726583e-01
-1.493747966168951780e-01
3.308499437841813662e-02
-4.955462777259315998e-02
-4.415715821253893281e-02
-4.555654957151463597e-02
5.197250622914120072e-02
-6.323981112268133378e-03
-7.532620681691469533e-02
-1.306691987710186520e-01
1.017816407669107220e-01
1.195936177405082373e-01
1.159831993355830426e-01
-2.020516429814782911e-01
2.362321662192505001e-01
7.913825554315477573e-02
-2.886539538682281192e-02
-1.244163236209712697e-01
3.568214628576109049e-01
1.026225199190370363e-01
-5.553595933474824581e-02
-3.571495037864818450e-02
-3.283038740261525201e-01
9.807860440872467889e-02
1.858463852509664727e-01
-5.922456454977174933e-02
3.399162367977272975e-02
3.782772599256385704e-02
1.302031780120435911e-01
-2.820097091350368124e-02
-1.995546412044637841e-01
-1.171752151630915256e-01
3.335012641470230244e-01
4.041008250389560574e-02
2.165425146195657791e-01
1.135723622978979247e-01
-5.860020689896940776e-02
-1.468793128486617638e-01
-6.281295506112061222e-02
-1.214697579211392875e-01
-1.861239990604714525e-02
5.548773251361175697e-03
-3.058830969619879062e-02
-3.325126808710454074e-01
-7.531724291639571925e-03
1.999754545723558818e-01
2.620330284593962514e-02
-6.093480396152199663e-02
-2.510740151539937459e-01
-1.524312568413040692e-01
1.469236233092451605e-01
-1.145322898610519162e-02
-4.388342955293531022e-02
-8.536519269304973512e-02
7.681866139200080323e-02
1.054455632496231615e-01
1.609541865251598591e-01
-8.161639194953146381e-02
8.809041341778672818e-02
-2.259376659752715399e-02
-6.188633999585977513e-02
6.703929985727886953e-02
6.608211390749306469e-02
-1.487223323309143086e-01
3.894070908040621060e-01
3.948154790161950700e-01
6.842180077969519658e-01
1.000000000000000000e+00
7.374810441774087844e-01
4.724180424204658113e-01
5.549296822604862789e-02
6.032812720404656659e-02
1.126812600288105981e-01
1.089616551030977848e-01
1.138161932419787595e-03
-5.335863448559021588e-02
-1.405076599451305919e-01
2.341771914648262468e-02
4.173117483210007084e-01
9.287857588578429802e-02
-5.229216672030229801e-02
1.611001656141463900e-01
3.635020767372725350e-03
2.779971063096336459e-01
-2.383149984317333436e-01
8.266973148684528261e-02
-1.086596127822116176e-01
-1.252741458129434660e-01
4.832515902045372153e-02
-2.328271865831731211e-03
1.928408301491616184e-01
-3.809046520956842208e-02
1.574389523240241062e-01
3.663864115773636521e-02
-8.216985474715799223e-03
-7.577248977891609671e-02
1.500125126649285157e-01
-7.102648391045249254e-02
5.540970326872821095e-02
4.307528185287143319e-02
-9.732946912083514923e-02
1.976581120496386651e-02
-2.866515853002937209e-01
-1.034165700073882421e-01
1.377582725414625564e-01
-1.399212316924909882e-01
2.708366556176764472e-01
-1.800345078896146978e-01
2.379023931623393540e-01
-2.608306817322090798e-01
-1.458958461880213546e-02
1.810708567397253665e-01
2.101426623828125863e-03
1.983697303288446331e-02
-1.019678541246494680e-01
-3.102866210282614889e-01
4.889385984405083922e-03
4.779788476104936124e-02
4.585256079813550961e-02
3.187488224442491108e-02
1.302501335811848682e-01
-2.432132460137164665e-01
9.666391563578353996e-03
-1.187387607755677615e-01
1.056903190031741567e-02
2.439152009087053596e-01
-8.710737805604447381e-02
1.599526179632697054e-01
-6.342297015696655993e-02
1.859614036580653496e-02
-1.646534013649657846e-01
-1.054870296430435034e-01
-5.168171609179383202e-02
1.184017827722416843e-01
-1.286781990109787388e-01
1.085386321593306697e-01
1.412709471985577336e-01
-6.095521184510457186e-02
8.213737908022897272e-02
-2.729499090661143823e-01
-5.153236745378508843e-02
-3.188937454733076771e-01
1.251933273072836361e-01
-1.144448869924974410e-02
1.750715815433239730e-01
-1.043876629794679017e-01
1.145513446109923394e-01
3.293261642934539046e-02
5.123047342044784874e-02
7.972089212708566297e-02
1.865417208467687604e-01
1.599802957722838981e-01
-1.569716074186634433e-02
2.022810054656627721e-01
3.216660218563208856e-02
-1.045640223635707633e-01
-2.180706739412448525e-01
-9.905917017562296256e-02
-1.601399137971168396e-01
-1.484696786178133221e-01
-1.739064825281856075e-01
3.667211661871108350e-03
-7.774406213027935941e-02
2.912991149129742774e-01
3.437778122366542677e-01
1.686954222607966181e-01
1.675962938339869146e-01
7.739004579239290582e-02
1.097347486828238738e-01
-4.854929506985700138e-02
-1.336674512427474815e-01
-9.680788571773786544e-02
-1.096281871510995931e-01
-1.721938674553052384e-01
8.612871818325290585e-02
-1.197661079588737409e-01
-1.408682069939873049e-01
1.690340910646469241e-01
-7.008619335315532939e-02
1.647503716639837634e-01
-1.829395296990078690e-01
2.814180206658067895e-01
1.544331146028712909e-02
-1.115042008263441436e-01
-5.798823155518167960e-02
-1.845918063013319010e-01
1.806462204924728643e-01
1.444069465664947309e-02
-6.462306893856696599e-02
-1.215492654441017173e-01
1.430187891835088265e-01
-1.855634710416375066e-01
9.744618694699347383e-02
-1.784317396939641698e-01
-3.848917989335373657e-02
1.434083005199032756e-01
2.655508208008833942e-02
-7.105960534767474151e-04
1.083485563423527420e-01
9.968280202496031250e-02
3.153769050849664773e-02
2.384369622611411457e-02
1.337763407882446298e-01
-6.626062851362568562e-02
-7.254611667784779949e-02
-1.729543187895642240e-03
1.267921065383287860e-01
-2.533381744192981025e-02
-2.994875183810119523e-02
-8.195919848557398687e-04
2.623072005683581009e-01
1.414249995114796321e-01
1.191709826820565726e-01
-8.689854189333028056e-02
-2.259166240530339764e-01
3.929017172118420831e-02
-5.751071996606930622e-03
3.588030963880710789e-03
1.241609019767657140e-01
1.088354209273546987e-02
-3.049020578961006978e-01
7.285966283204516059e-02
-3.046599960101166182e-01
-2.797508951853130421e-01
-1.195433171265185973e-01
-7.916794563214732405e-02
-1.638984896562518945e-01
-2.755908504163320435e-02
-7.229460650121898035e-02
-1.787423495099728366e-01
7.211187810671146337e-02
-7.872564492825309679e-02
-1.300808195908323243e-02
-2.410240972127835613e-01
1.293402367320004021e-01
1.015723006028122072e-01
-1.346818376443147669e-01
1.230129254997145150e-01
-1.090047757408524332e-01
-1.030504549247813068e-01
2.447286471950713693e-01
-3.530382656185557938e-02
3.760163713303681376e-01
2.430963563566535535e-01
7.076000737859461376e-02
1.541767053674493737e-01
-1.606371345863769062e-01
1.090946365621284914e-02
1.488429914743309157e-01
1.029173369381599784e-01
2.919279420945862166e-02
1.248001672442521776e-01
1.747893206919728590e-02
-6.700594228313511147e-02
1.625077798456070477e-01
3.117642874935245764e-02
1.071138500642444258e-01
3.550855535321353340e-01
1.223253839502124879e-01
-6.724059800812419441e-02
1.882213007857980736e-01
-8.756381731249010536e-02
-3.497459524948958506e-03
1.513217637329759835e-01
1.158850986211332028e-02
-3.883562933051810939e-02
-6.191946371791699072e-02
1.258413328616357074e-01
-5.279507836585927566e-02
2.160039539422617394e-01
-1.534686583178517527e-01
-3.782036186218838414e-01
-1.847378263311774960e-01
1.344671632985627308e-01
-2.025194055040203944e-02
1.068971554791806229e-02
2.210193659742635819e-01
1.923724783527349658e-01
-4.535567792502499113e-02
7.734633024321878325e-02
1.744277213086453393e-01
8.235984308762225869e-02
-1.069277132427059601e-01
2.599371927108344860e-01
-2.005369252997388219e-01
-9.584523373541450897e-02
-1.003346036326801249e-01
-2.785293570070645000e-02
-7.238100277079573264e-02
-1.306338155038900273e-01
4.288905876495582858e-02
8.975010959410210931e-02
-1.756295330731249826e-01
-1.177133470142210508e-01
5.545467106206498908e-02
-9.648017650681524338e-02
1.062555513987506473e-01
4.245606340964479253e-02
1.925857255997410478e-01
-1.599029233518567128e-01
2.494846731224259762e-01
7.532490924722379244e-02
-2.700611565271386905e-01
-1.395905274048550859e-01
4.175556107842440939e-02
-2.450405755351533609e-03
-4.688020495673194538e-02
-2.687653970682069016e-01
-9.101154511885059528e-02
-3.178512081049512245e-02
-1.014915995742117216e-01
-9.630158440365399475e-02
-1.954665864758729776e-01
5.539310046685070460e-02
4.584293533107847152e-02
8.485347531560438750e-02
1.271778262060348497e-01
-1.055185500838499123e-02
1.320002626390497924e-01
-7.103387665844096421e-02
3.964123624503528009e-02
2.171646496485188024e-02
-2.038919875054812370e-01
