1.499758102942265747e-01
1.338354958845894560e-01
-5.648408156549943743e-02
-3.539688973090798513e-03
-1.754411340524057172e-01
-9.884059189900103182e-02
1.118458984210860957e-01
-3.707389815073151851e-02
-2.924815710992720655e-02
-1.797699176881856556e-02
-3.801181168651248665e-01
-2.178255579870435055e-01
4.199841935103393320e-03
1.984613201145862815e-01
-8.230824095105311600e-02
1.881840094459215351e-01
-8.817395013467209386e-02
7.782532624460718196e-02
-2.070033943141710298e-01
-2.363542068346751734e-01
1.035569627980608004e-01
-8.101208007502561440e-03
1.461763338474722507e-01
-1.781339617188458513e-02
7.769140523768724993e-02
1.066454360353729369e-01
-3.473939381267505955e-02
1.790340022297419176e-01
-1.320273403826761616e-01
2.050521401425786649e-01
-4.274586492050112124e-02
3.473578221268788790e-02
2.547559087325412808e-01
-1.224429966391465119e-01
-8.915040953214483851e-03
-3.629312888648639473e-03
1.726211641865978419e-01
5.555483178090952351e-02
7.614748014964928258e-02
2.983691591458462883e-02
-3.328875614441957342e-01
9.640411265623481663e-02
-1.643187909725482010e-01
-2.910347420535043805e-01
1.984515936321259999e-01
1.680313019637206529e-01
6.944386778948184735e-02
2.627513219563584190e-01
9.669555267403250054e-02
2.429520009198332109e-01
1.057782452166016185e-01
-2.039887845634270058e-01
-3.344904487644706492e-01
-2.292995691632256361e-01
-6.678217660064468542e-02
-5.494631337492789612e-03
-8.910328085521701524e-02
1.964528264032406046e-01
2.213537742938663511e-01
3.062002437409334088e-01
-7.660735057110866497e-02
2.043366278620625531e-01
9.063672413781162507e-02
1.309114347793544075e-01
1.432216963380038288e-01
-5.234805147443094553e-02
1.742347879983830450e-01
-1.404725062545686964e-01
7.469850458338617161e-02
-2.298001250760712544e-01
-1.406210497628366807e-01
-3.414193391525845861e-02
2.004316162363918574e-01
8.265432326081077752e-02
6.113407156682344468e-01
1.160737430039309043e-01
1.367636167497515709e-01
2.015755819320860232e-01
-5.487548169120502056e-02
4.463204353466173058e-01
-2.283638175483601040e-01
-6.218224358705412569e-02
-1.119443087084906613e-01
1.125907212595682327e-01
-2.124698869256372649e-02
-3.069698184184415854e-02
3.105631898979006045e-01
-1.377621553945317656e-01
-3.182993229304491301e-02
-2.357002966737726801e-01
-8.215802173298347721e-02
1.410948485748210746e-01
-1.405922769870193156e-01
-1.987096479513568437e-01
-1.306770921532063312e-01
1.364426529762859941e-01
-5.610703156058469837e-02
1.669756943373169600e-01
-8.951182880237942840e-02
2.532259288808848957e-02
-1.951743751862757351e-02
-7.511910185098556736e-02
1.135397639742218856e-01
6.648177965285914648e-02
-6.546003544621792347e-02
-9.535166412673456993e-02
-1.442083179241052393e-01
-1.347115157147230069e-01
-1.321602513805687218e-01
6.789828990736271330e-02
-1.223778425296366285e-03
-9.841279283298969005e-03
-9.979388465556313093e-02
-1.452051141526181366e-01
-1.634516948688571848e-03
6.537717239010121251e-02
-7.365601864979123836e-02
9.547269955427944987e-02
3.219023043254182898e-02
-3.939893184355636180e-02
-8.144980924526415422e-02
-5.810446738792146570e-02
-1.029809573110428700e-01
3.267664607444430436e-01
9.151660591086671626e-02
9.371542825310272273e-02
3.590608102508686117e-01
-2.234598617574848345e-01
-2.139345819174445686e-03
-2.200040879134727012e-01
-1.883216699714543030e-01
5.101239330705843386e-03
-2.706915977456050837e-01
9.506329243244716898e-02
1.229903801847158640e-01
-1.854398006604390803e-01
1.111149273802838622e-01
1.004216950441460220e-02
1.652129695113088437e-01
7.787329614810514777e-02
-2.076275071467409417e-02
4.840612667809812003e-02
-3.447681234652060778e-01
1.396867989564991308e-01
3.263707743097394864e-01
2.513726472497536668e-01
4.854137908657796957e-02
-1.660237767730486091e-01
2.137115915010716002e-02
-5.513396125464394698e-02
8.268818552937752531e-02
1.081907154407026478e-01
8.025574747392776043e-02
1.678245274792599662e-01
1.268674355697235745e-01
7.109562682747402884e-02
1.143296348839279580e-01
1.535895556521888472e-01
-1.193047498699091047e-01
7.926502783148241249e-02
-1.893999737875964873e-01
7.354515671347344741e-02
-2.389381070387414374e-01
1.508051852908852408e-02
-1.324335094599863628e-02
-3.635958616120150283e-02
-5.840634222851449203e-02
1.732139870943148474e-01
-4.601434039552132482e-01
-1.025068327634160170e-01
-1.359228813631152277e-01
-1.093691020621142124e-01
1.402115281146142783e-02
1.053391864204870909e-01
4.244015892554379721e-01
-1.452610266339554035e-01
2.616464110365152376e-02
-6.003263407885162106e-02
-1.137809396605936746e-01
-3.489560114579919048e-02
1.735607820874948415e-01
1.282810220035941230e-02
-5.601444317320340011e-02
6.695652726172218738e-02
-1.329701327611616524e-01
2.550979814569567239e-01
1.757307890143980089e-01
5.479367128366508660e-02
-2.259863068693789348e-02
1.384178451169566781e-01
-3.199034842566168546e-01
-2.710408640564362232e-02
3.327079025983500360e-01
2.533771696721853206e-01
-6.582679827074665313e-02
-2.506713716739674691e-01
-2.029406899275220111e-01
1.697597381257582305e-01
-7.961210272882991712e-02
1.350667046376415881e-01
-2.982843670576978273e-02
2.998133024727963059e-01
-3.285369816570655188e-01
-2.252176905646278149e-01
1.282868021012425752e-01
1.593590048398911552e-02
-1.085518905466264193e-03
1.409355488512478161e-01
1.569620818470779736e-02
1.269150611649684790e-01
8.893549642852330295e-02
1.533707132746692792e-01
1.604551108152317551e-01
1.451898247993227420e-01
6.635737193068630413e-02
-5.738712856323489875e-02
-2.653720291246038088e-02
1.037013644592510303e-01
2.685595523471677806e-02
1.071146022007789522e-01
2.578555709644360650e-01
1.003677880373643194e-01
1.708370548485935447e-01
3.994920101704554916e-01
8.105976865810315957e-02
-1.970915991441092932e-02
-1.459146777656923633e-01
-1.812266212184804048e-01
-1.127200917070605019e-01
1.256391715646772989e-01
3.161149366240726954e-01
-2.390489449081316942e-01
1.603276959817199754e-01
2.221682105770081683e-01
1.383651103051334597e-01
9.233406902917638825e-02
-1.833676192561325136e-01
1.731933962017186135e-01
1.133988874827468879e-01
3.628175373974481532e-01
2.413031439903087494e-01
-8.638373810294291966e-02
8.547336724547180409e-02
-2.075841220176392540e-02
1.103187240472702363e-01
1.739882910489154444e-01
2.245506619028307671e-01
2.918436446647721793e-03
9.793103438473618749e-02
8.478040032032539697e-02
1.347958784281719780e-01
4.805171049958877755e-02
8.377505817653199682e-02
2.214149073785381117e-01
3.915219559394853555e-01
1.000000000000000000e+00
6.899777536051453497e-01
2.093918128800461298e-01
3.196675106533398286e-02
2.611503693750619748e-01
-1.006018542129093751e-01
1.468662115741063701e-01
-2.251068297794944217e-01
6.508571264849723204e-02
-2.732183349503696998e-02
7.554779022840159286e-02
-9.609236164999709895e-02
-1.063140812298458415e-01
-2.220287869695308780e-02
3.091706875108778396e-01
-1.226141905056780390e-01
1.420809967828480513e-01
-3.017896687444136805e-02
1.873740657019841993e-01
-6.637291712124436527e-02
1.112326386470784689e-01
9.333619086390632091e-02
1.169002898196810358e-01
-2.499988021675103866e-01
1.684036296998482340e-01
2.076453207099177856e-01
-1.235416749582462087e-01
-2.213650847708868372e-02
8.015583956994336290e-02
-2.115390516257190101e-02
-2.035739207248151994e-01
2.096110924323238422e-02
-2.501527565610716097e-01
-4.377014107643322771e-01
-1.025542846085603227e-01
5.863841219128205356e-02
1.335375102457710406e-01
1.614889043423099468e-01
4.760062644995347730e-02
-1.702094263697367660e-01
-1.709395185120628213e-01
1.383881934426744453e-01
-7.729505425339379399e-02
-1.503486737717616983e-01
1.010084070984900023e-01
-8.002614684036180037e-02
-1.243618206034707158e-01
-4.491137116260814355e-01
1.990383628695072404e-01
2.059586925862456896e-01
2.409528499350708508e-01
6.009451699218950477e-02
-9.876657438613863083e-02
-3.451973475840409145e-01
-2.291172257497240128e-01
-3.823432942379100669e-02
3.807271483617827856e-01
-2.037076482578508707e-01
-1.229324914760464155e-01
1.810356715671063155e-01
3.920117435007048484e-02
-1.604216563694468578e-01
-1.729464994843757028e-02
8.705158418942844645e-02
-9.871663029604958728e-02
5.567029010812991896e-02
9.595107733574025077e-02
8.032119615577786031e-02
-3.632585181124909496e-02
-1.512228429908198946e-01
-3.723306676374227298e-02
1.007592244301820927e-01
-4.166089012540397964e-03
1.355215696942321246e-01
2.522397330656311332e-01
-9.355537550892650822e-02
1.035924810526455409e-01
2.998531560483543856e-01
1.797242242646290844e-01
2.268003212050024447e-02
1.078303308709337854e-01
2.930170730569780363e-02
-3.123491695707978910e-01
-8.978903007469471453e-02
-2.202542347593443306e-01
1.195050202217027430e-01
7.812256728743743883e-02
8.689017916870163394e-02
-2.139138861616816656e-01
-1.810829934528838392e-01
1.950446291424867140e-01
4.552325054998104803e-02
-1.406465424268244467e-02
-1.786073535941868906e-01
-2.471263666146811255e-02
1.089409720802098497e-01
-1.495804925774737570e-03
-7.149290165216190540e-02
-2.714924807078564206e-01
-1.640897237780209739e-01
-9.990364696063347427e-02
-1.375678809510941063e-02
-1.833795133990907822e-01
2.938516935611186140e-02
-2.914169407225987163e-01
-3.562395202303102193e-02
-2.238957199683422050e-01
-3.373404070777670793e-01
2.078074569866888155e-01
8.385635256645938840e-02
-5.441726521499986452e-02
-4.259284860274550888e-01
-2.291999139045443890e-01
-8.462060341338918656e-02
2.626310821889545899e-01
2.279693334453950782e-01
3.477014835063132470e-01
-3.172145236611138841e-02
1.241906911410247116e-01
-2.374521538977193424e-01
-1.691279219683374246e-01
8.846373620721553754e-02
2.559456995869898721e-01
-6.714120685312181813e-02
-5.553582927829758820e-02
-8.854474661148185877e-02
-9.291471380827402704e-02
-1.793185929170627579e-01
-3.809284672806596550e-01
3.625864737318774261e-02
-1.996414021696171215e-01
-1.033891806737472080e-01
-1.398527167600172733e-02
7.148100954995605105e-02
-1.669835345504064967e-03
1.393911318125361509e-01
9.291649975364747738e-02
1.804852797589796831e-01
-1.292027544021593644e-01
-7.313416287270103205e-03
3.144214783738363828e-02
-3.639776083502109516e-02
5.168145239998581802e-02
-1.178379709408357845e-01
-3.081514718048458112e-01
-3.345429869104614151e-01
-8.970608289069749441e-02
1.334981747285552967e-01
-2.835867358108934075e-02
5.009522732291996766e-02
-5.312864202087547866e-02
-1.600160296231546361e-02
-1.922478070799330252e-01
2.448488637737245704e-02
-1.556564094095372885e-01
-1.355026944790004712e-02
-8.907098290969574228e-02
-5.243007073654021993e-02
-2.332412528716562919e-02
1.210146967246734581e-02
-1.634763099777077344e-01
-7.675217543576583201e-02
2.036752931816744328e-01
3.890345727721762348e-01
2.940505541359982322e-01
4.293722276443324645e-03
-6.425714696587679631e-02
-3.808011600106426392e-02
-9.112353759896979488e-02
-3.808799621555913201e-02
8.651149928547149925e-02
-1.874705151427303318e-01
3.829437937906239875e-01
2.311619251809987619e-01
1.126554418772883065e-01
-2.549303043355256593e-01
3.912087024537547197e-02
1.091830057900784329e-01
-6.011738106802604932e-03
1.726676130378564794e-02
-1.218332721828499221e-01
7.435448378005958536e-02
3.447294760445800132e-02
-1.733471977201699321e-01
-6.574999003616138760e-02
7.660344431765009517e-03
2.585312984166008854e-01
-3.281092989455556275e-01
7.627256058780600839e-03
-5.826814507201748261e-02
-1.070518798365774904e-01
1.126279578635040468e-01
-3.960357811512033727e-02
1.181315412122712766e-01
5.385661500626684126e-03
-1.972977053080215287e-02
2.538372324163672422e-01
-1.642206376735793338e-01
1.723180266916629899e-01
-2.925720922209273933e-01
2.934955024224515374e-01
-8.632848813044313729e-02
-9.820303912065582452e-02
1.662004720366275778e-01
2.693496187191850577e-01
-7.515725360906201635e-02
2.056955760330958505e-01
8.833149091010858434e-02
-1.069344275989596998e-01
2.696832117148805982e-02
1.114441188684455047e-01
-1.590681649151704513e-01
-2.655976970797164216e-01
-6.984137872760341759e-02
9.287654117519555941e-02
2.012272455315810837e-01
2.119089820241254474e-01
2.960627206594910743e-01
-2.534560124159536687e-01
-2.045586261445487275e-01
-8.246876068943008453e-02
-5.014830121030697946e-02
6.789455792381925148e-02
1.419976232034470542e-01
1.036534633029598251e-01
-6.920808237502898419e-02
2.120214956033286968e-01
1.943741878489263497e-01
-7.257721649910170436e-02
3.274734799564085058e-02
2.926116493604598023e-01
-1.501961557826428928e-01
1.555524469783037822e-01
2.114682901577360774e-01
-9.301818632957493949e-02
1.565523782368039296e-01
-3.308697218142959695e-01
-5.857272535524581797e-02
1.353727703487241640e-01
1.277579061918570069e-01
1.464743131615902673e-02
-1.618722191744985661e-01
1.242490105882304713e-01
-1.566603119569627001e-01
-7.940349850827327360e-02
1.063237544049803335e-02
-1.194803872522333249e-01
-3.533950311413957233e-03
-1.586822476024652984e-01
1.507609194875442205e-01
2.721276712006236442e-01
2.520469453127195322e-02
1.129740018768335130e-01
-1.869914945762157221e-01
-3.928610557731694874e-01
1.204819568136862723e-01
-3.229031240058229391e-01
