6.186234480738152242e-02
-1.369427666544444921e-01
-7.473665708833715504e-02
-2.370274778823821538e-01
2.100369221404320141e-01
1.591106496842968621e-01
-2.745561023173815896e-01
-1.555101016012248316e-01
7.606703820900037605e-02
-2.056557546905602718e-01
1.857263711633156678e-01
-6.858153896650105719e-02
-1.864701208261567988e-01
2.258567959882730736e-01
4.219875243613881444e-01
4.663896642334889875e-01
1.323138677075658687e-01
2.459307345200614225e-01
-3.162822675751774532e-02
1.585349412090937271e-01
-1.490861664771712392e-01
9.076479392673270086e-02
-1.750205744886919601e-01
2.655723533816238199e-02
6.102540623283705945e-02
2.048121047546203333e-01
2.334742431936273899e-01
6.635602608268268421e-01
1.176854256327854453e-01
-8.380284456820535910e-02
-8.693761850526672275e-01
5.082153056788735884e-02
3.869700710051771075e-01
-1.366677496214718790e-01
-2.524026254697578908e-01
-2.821148937139179025e-01
-1.481634526440731292e-01
5.199650072531283862e-02
3.694616415139701515e-01
-1.802360218502692679e-01
-3.868379331529880893e-02
1.185904891026873936e-01
3.228245363435643944e-01
-2.317548606464296945e-01
9.103172874530361669e-02
1.984925858753006922e-01
-1.333487406638263484e-01
-5.077616560276950741e-01
2.392511749535909671e-01
-2.666365186293691569e-01
-3.798138685891369049e-01
-4.481492646371774136e-01
1.214699812076218133e-01
1.936728761764869300e-01
1.578853622252715250e-01
-1.555417779166443359e-01
-6.756686693490534558e-03
-2.767417818310861644e-01
-4.756814999186227966e-01
-4.156739652391220341e-01
4.136104353765044372e-01
1.388512919137059320e-01
-3.646945024914265837e-02
-3.894631122452295313e-02
2.492374015845534030e-01
3.085719031355010911e-01
-6.713323583520619531e-02
5.738634167364048411e-01
2.334700825771305055e-01
-3.321266334303153711e-02
1.891843045937469103e-01
-4.933431770217206469e-01
7.555816681928863299e-02
9.573111406349672781e-02
-1.682953944426259230e-01
1.002806198879217792e-01
3.274067672746495683e-01
1.003522119637072774e-01
-1.164722397932287656e-01
5.984439327526808877e-02
-9.189326806308192874e-02
-4.067921073127671039e-01
1.369467712954225702e-01
2.467049148375473622e-01
-1.271606002484482745e-01
-2.284118031702728480e-01
3.581409561889375981e-01
-1.868813703756033173e-01
-6.845456013771535064e-02
3.651850724142274851e-01
4.304153441712830763e-01
-6.399489112606913943e-02
7.812268523690259203e-02
-9.612120392026111959e-02
-1.692485958436159565e-01
-3.573569674489556203e-01
-2.485769653869945583e-01
1.076548836063179193e-01
-2.604853629994531850e-01
2.792512119376077129e-01
-2.311413167191173901e-01
1.898363192409809053e-01
-1.510774938710578719e-01
1.032032968090232650e-01
1.868208336381646795e-01
2.613030674690794974e-01
8.229410376176023167e-02
-3.793259575125045857e-01
6.044276339681134425e-02
-2.395865305993753192e-01
-4.349169732646641917e-02
-2.377381310642265044e-01
1.693301535724422713e-01
-7.769105121890687582e-02
2.866603158027994369e-02
1.933526521873802639e-01
1.140029026452238706e-02
-5.797984860268472077e-04
2.827401282473728794e-01
-7.837365249628779063e-02
-4.596944986252581716e-02
-3.020541674517225883e-01
5.871850461576298523e-03
2.196173005921255722e-02
3.356937804281456272e-01
-5.295218136017594279e-01
1.355300565292462747e-02
2.015534938331189907e-01
1.146334096619505000e-01
-1.779655985950273078e-01
-2.457266730400525512e-01
-6.637690400552660741e-02
8.642843843886739708e-02
5.508660669533973486e-01
6.262097831888433497e-01
-8.071739278041706322e-02
6.525549167863388400e-03
-2.916461733935336031e-01
1.101365577402319829e-01
-2.429367205609983815e-01
1.283620967368548360e-01
4.247927088144677898e-01
-2.421742468688534988e-01
-1.207777994142826376e-02
3.151777494238972577e-01
-2.266678607738733253e-01
-1.423952383662903387e-01
2.025565753924564449e-01
-1.431851286950527324e-01
-4.505699761430776579e-02
7.969632403197879356e-02
1.087353610229755546e-01
6.049224730598847660e-02
-8.080891365224900091e-02
-1.964271304249024519e-01
2.412237795732165013e-01
-1.340416444201694701e-01
1.546804948917326061e-01
-3.042474338683033297e-01
-4.561914920327262424e-01
-3.492870089556663338e-01
1.945685287281224973e-01
3.762425054999182783e-01
-4.367546915293014087e-01
2.752604167672265123e-01
8.343690229225739219e-02
2.246212060503022245e-01
-1.665906162022504078e-01
6.632591322413439183e-01
-3.025816538376927423e-03
-6.139815542104055078e-03
-2.163416213140949007e-01
-8.630274616488840811e-02
5.666021058945878153e-01
-1.481785226211830737e-02
-2.601722258352930084e-02
1.299289411274455741e-01
2.003011859866464239e-01
4.929987076445351279e-01
4.052081672937713486e-01
-7.855019702234808388e-02
3.092078571827746453e-02
2.094184880329260506e-02
1.319473470770023693e-01
-1.414836776787680994e-01
-3.242257318057948923e-01
-1.321332022039980181e-01
-5.032836793444284140e-02
6.549115402013178100e-01
-4.733164266920347751e-01
-3.431070498169448979e-01
2.594818455519059541e-01
5.187346076860616106e-02
-1.402910571581464649e-01
-2.947208510106919532e-01
-1.074741599344936904e-01
-8.567695940672764854e-02
-1.035119072135970431e-02
4.162619759684894061e-01
-6.268321199398086893e-03
1.645473877650585892e-01
-1.737371092580996257e-01
-1.489965105147782465e-01
5.398120821948313580e-02
2.863031713586403626e-01
1.301504126969824093e-01
-3.779179082224896069e-01
6.151878301007348421e-02
3.349358447483646861e-02
-3.720191441068005506e-02
-1.833130187943266542e-01
1.335060101909197328e-01
-1.611390187768592941e-01
-3.177317675620585508e-02
2.696008186655107774e-02
-4.602372965602907068e-02
3.449366287706203127e-01
5.764112156664048109e-02
1.824482858632112681e-01
-6.555106040831834568e-02
-2.914390249631020335e-01
4.052219542273859387e-01
1.380994933299025673e-01
2.128060715369849976e-01
2.409297834731663479e-01
6.113112756167821127e-02
-7.282470935428534409e-01
2.350875587304273595e-01
-2.071760697666520101e-01
-1.798599975847343102e-01
2.803509828824993222e-01
-2.780512422776927894e-01
-3.392973560383246157e-01
-3.831704001170982421e-02
2.164214131958040743e-01
-1.427809534627659249e-01
-7.805321310836324522e-02
-1.897050213100774374e-01
-3.901254122804140301e-01
4.297275507604058076e-01
-2.998673809785377675e-01
-8.515196448232809079e-02
3.580545031893603292e-02
5.817518775887796645e-01
2.690246919005422899e-01
-4.498017097815526499e-01
1.047505677587058232e-01
1.887450031398369421e-01
2.394108379950214693e-01
1.131407502411185123e-01
-1.793685202653855504e-01
3.054664989318419677e-01
8.076657728457212748e-01
8.196546372467243824e-01
7.675797215845086008e-01
3.612650359272090439e-01
7.156303397106678066e-01
-7.988057846708092324e-03
8.350172448163363237e-01
1.000000000000000000e+00
3.773634930507224206e-01
4.531917931387433041e-01
-7.138827386789664553e-02
-2.725445143921346181e-01
2.735634408285617658e-01
1.150218905781397877e-02
7.246991766736700369e-02
2.949835446797445804e-01
-5.734177394919781623e-01
8.931339624438916491e-02
3.654632767149371686e-01
1.298028711335466046e-01
-1.319981411608440458e-01
1.728050768991533370e-02
1.156150355967499044e-01
-1.164917550658638584e-01
6.724106578365635078e-01
1.047833919276710268e-01
7.237001739426818236e-02
2.024178663185053351e-01
1.615242743653341750e-01
6.370804101635604288e-01
4.607646025627572250e-02
4.027300766768147633e-01
-1.622319780430076241e-01
-7.967334666947303856e-02
4.356983811830851712e-03
5.157688904882380687e-02
2.250219141021777558e-01
-3.513314091597930216e-03
-2.488025802988206303e-01
4.107159439705868054e-01
7.322113915161421183e-02
3.626701542423535485e-01
1.435932849485099527e-01
-1.142143974497993042e-01
4.390456564836540676e-01
5.653839602705407197e-02
-2.840254398581371076e-01
-3.601321250972200905e-01
-4.195924576234245085e-01
-2.136803144486718875e-01
3.397861363108710675e-01
3.831383445024291734e-01
-1.884732775274972627e-01
-2.388342021556311423e-01
2.729197158698350167e-02
-9.367461511392148610e-02
-2.117067773743352144e-01
-4.254711718401167908e-01
9.037721392083487848e-02
9.181291886610959407e-02
2.895320054225931639e-01
-7.832077384540175533e-03
-1.509459409023471976e-01
-3.511330137214520586e-01
-6.524658732452014165e-02
-2.239030292243954223e-01
5.496590508550684012e-02
4.061006498519109664e-01
-9.905119417716454211e-02
-3.980036351676830564e-01
3.034272637150492273e-03
1.573202879643612051e-01
4.045476914572231908e-01
1.688872858758326267e-01
3.387428009102202986e-01
-1.464244460883535603e-01
-2.333624778096000940e-01
4.779476913738251592e-02
-2.970944263206428682e-01
-5.766276181086276154e-01
-1.578754783602613065e-01
-6.252024376917157678e-02
9.919605729724799426e-02
2.360087723586532654e-02
3.197802236121518038e-01
-7.670817836825667702e-02
-4.093571446616641185e-01
-5.258686916552589991e-02
-3.411387048761213570e-01
-6.376054101785173511e-01
1.271665216215383809e-01
1.802193806393076470e-01
-1.390317395083705831e-01
1.559092259113782908e-01
-3.427366312083344191e-01
1.812568570940626886e-02
-3.826252594185214906e-01
1.415507895863763743e-01
1.415417167490406192e-01
-1.372645992601068121e-01
-1.493419687661120231e-02
1.153738915240165031e-01
3.472647611096234266e-02
-7.333706598367416979e-03
-8.249130715504659345e-03
-2.498322278281619457e-01
-9.481036294706658707e-02
2.409433313881386984e-01
-9.115823462737891736e-02
-3.843225907123412610e-01
1.691438600471849574e-01
-3.003814996661403891e-02
1.061926299652804218e-01
1.120793273340525836e-01
3.063973531475814305e-01
-2.142970692635288998e-01
-7.762657435432981923e-02
-2.369739969328361895e-01
5.342623831292480502e-02
3.140066190762623721e-01
3.506823386325910175e-01
3.277452705492150398e-01
-3.323657209979126170e-01
3.650311077464432619e-01
4.481979366871276238e-02
2.832798189402904732e-01
3.708278692401649201e-01
3.493176313893046059e-01
2.140681832092731704e-02
2.589963874128930477e-01
-2.811964429012261957e-02
3.993639785793217101e-01
2.606652123848059444e-01
2.812599270562406439e-01
1.660903990359558768e-01
1.294324289051284604e-01
4.630683123291368108e-01
2.200853063090891792e-01
-1.711444634935582187e-01
4.485215257904618391e-01
-4.073523684151269530e-01
-5.310372370730081365e-02
5.460212944932804069e-01
-2.761740219595141821e-01
9.898351860870979735e-02
3.274798592173808892e-02
1.783204656779487640e-01
9.471170449927794610e-02
1.645275753055416013e-01
-2.136427386311339632e-02
5.771774489593718416e-01
2.629965117134765995e-01
-7.763911437207687838e-02
8.327852071512641119e-02
3.866727822294847572e-01
3.113019465443031542e-01
1.470997116651508174e-01
-1.362742558431098983e-01
2.951847493723210869e-01
-5.045133130367072116e-01
3.531102691785259484e-01
-2.412229512713344182e-01
7.570376301446375689e-02
-1.685894141625004505e-01
-1.194132259651966982e-01
4.485279239457602984e-01
3.123831140553919028e-02
-3.697818469738098357e-01
-1.451324615001572393e-01
1.100905755599315694e-01
-2.021520262757476594e-01
4.142026400157747257e-01
-2.489414874973652492e-01
2.770195060078827973e-02
-4.343499155672232714e-03
-1.672445366529553556e-01
-4.198868360401587091e-02
2.932176104532828731e-01
-1.176520736905414290e-02
3.992363784153100947e-02
4.220179065213582881e-01
4.625892490036675325e-02
-3.308012541024772935e-01
3.058341437961100695e-01
4.974045243186592941e-02
-2.271544494922075885e-01
-1.170104336230456954e-01
3.375291210142475906e-01
1.395944657320335736e-01
-3.540260773611664802e-01
5.511514931144567003e-02
-2.903573415246590295e-01
-1.744342145249716536e-01
-2.826849619837311089e-01
-1.027249762460004795e-01
-1.626698926247463761e-01
2.276443539984920883e-01
-4.397353953370083945e-01
-5.993841306930881851e-02
3.729205010535124876e-01
-4.798484669856682427e-01
-2.272996148897135638e-01
9.737146726196828361e-02
-2.024962987833823502e-01
-6.513482319553551281e-02
2.506946451837832948e-02
-2.130856505261654321e-01
-2.480296296229444197e-01
-3.692385082501284943e-01
-1.457467397575704371e-01
-5.373872325913445908e-02
-3.205381282549123467e-01
-4.528562528911848212e-02
1.422033577133588744e-01
-3.186180375816729526e-01
3.777288594821568979e-01
3.303382543946703498e-01
-1.115664231005140533e-01
1.341515483255699285e-03
5.566865055776876875e-02
-7.135185766901883664e-01
3.593635833247938068e-03
-2.274632231488230849e-01
-6.192409391220553283e-02
-1.975269077153773145e-01
2.799496159429868958e-01
-1.332300076255537036e-01
-1.203706870449553212e-01
2.525344359863778143e-01
2.331720088900172960e-02
-1.644142721643649108e-01
1.222169775614990322e-01
7.745568856290974136e-02
1.951017803716929011e-01
-1.907347506274995053e-01
-1.945756254100806382e-01
-2.427648964767667450e-01
6.757816445350877110e-01
-3.885799653461384229e-01
-3.038317328610445900e-01
-1.421333793447030758e-01
7.663818347293632760e-02
-2.096702084758323703e-01
3.550762775182428332e-01
-4.361069934878896576e-02
-3.601876345323330453e-01
-1.856119138230100107e-01
6.107706316699280935e-02
-3.777814181718294057e-02
-3.157857918471140835e-01
-8.772637185544274185e-02
9.094139027546609133e-02
1.366088324292466516e-01
-1.545902669203408353e-01
-5.582935840388378868e-01
-9.659295691374022996e-02
-2.061000328791487701e-01
-3.382299957389868772e-01
-2.441718139462744491e-02
-7.480502734792016106e-02
