1.066694498804757613e-01
-1.974625244072382713e-01
4.754058606590493355e-03
8.072537098718572668e-02
-2.448460696767096670e-02
4.854207641128810424e-02
1.586523596999610828e-03
6.941680285543078144e-02
1.978444473579008822e-01
-1.565467829235470676e-01
7.146037422529762095e-02
1.598089535364890720e-02
3.213415419105764004e-01
-1.441752463131019957e-01
9.080603215537867701e-02
-6.946303823083263551e-02
1.654453082499831584e-01
1.110461344455120208e-01
-4.219867387954952254e-02
1.391690486158732656e-02
-1.576657401098335021e-01
-2.324630792119660727e-01
2.787135960997633513e-03
7.120087112068859692e-02
-1.418162593380232483e-01
6.756133321381953272e-02
1.328754588981214402e-01
-2.912118794570963537e-02
7.361160565556054691e-02
2.046556852151959760e-01
-3.556963488859484629e-02
1.872958171304642538e-01
-1.382553702821009700e-01
7.178772665712354617e-02
1.149122950969533874e-01
-7.119293191655064190e-02
-9.346556515838043422e-02
1.127166946842827477e-01
-4.649486188091906530e-02
-4.080263610574308419e-02
1.543577771023362244e-01
4.148561347521043108e-01
-1.552314490231759270e-01
1.519752884712960161e-01
-9.736197184031787633e-02
-1.063700998271375903e-01
1.494667587883227906e-02
1.450244066020202338e-01
-9.629489331661678087e-02
-1.872831336784729628e-01
1.153015390982738142e-01
1.021681955596467489e-01
2.883405445987096208e-02
5.220317074326998735e-02
2.482934667939685480e-01
1.285430838013831151e-02
9.198448747609343223e-02
1.923880157215784314e-01
-5.066797715312690298e-02
4.235574559137484513e-02
1.376038939594056709e-01
1.815394541463439398e-02
-3.298192699530492766e-01
-1.262488869183398532e-01
1.327908309783084884e-01
8.876167416872506044e-02
-6.177097586535514051e-02
6.356617566015750065e-02
6.496453066206217541e-02
1.633441962500902234e-01
1.072265624864563865e-01
1.321090175137344669e-01
2.915145237732489347e-01
-2.179529035118667191e-01
-1.208495477078343899e-01
8.873772430853756055e-02
1.199652622619065689e-01
7.008331344290451292e-02
-1.821100162489293697e-02
-7.758322533769419771e-02
-1.333908981537798022e-01
1.400362138856918459e-02
-1.774666649669012219e-01
7.895661787256481878e-02
1.230338604011650405e-01
-2.693356672858646106e-02
-1.026060896825959773e-01
-2.178989149309517315e-01
5.084075732399101488e-02
1.708493155013739717e-01
-4.359910521511194820e-02
2.014650205468762889e-01
-1.464170298362368339e-01
-1.670532516050173832e-01
3.629363245878390598e-03
1.377499851732407778e-02
-1.503412342177714855e-01
-4.670134902003316574e-02
6.894496464565061378e-02
1.508009767802641621e-01
-1.167510474485388278e-01
-1.492341589622664111e-01
-1.463543729610823629e-01
-1.185728714244703580e-01
-1.700182997288652575e-01
-2.750003652222956507e-01
-6.487066154773762916e-02
-2.123128186048773292e-01
-9.927580369584640754e-03
7.315004255827381452e-02
9.473232514409073157e-02
-7.257012380173588628e-02
-2.686989408687681657e-01
9.283301093127427350e-02
1.715848553412617494e-01
1.338779902116435938e-01
-1.090686046815686344e-01
-1.155696955926991676e-01
4.328882075940068686e-02
8.504591443067278933e-02
1.761014783261787703e-02
1.890311990585348267e-01
-1.862823951818465551e-01
-2.108432695363962883e-01
-8.701489850551720473e-02
3.984926651156855959e-02
-2.705138344715486975e-01
5.185819820623704945e-02
1.379578963678540666e-02
1.192132169261705434e-02
-8.283659078122997121e-02
1.600167841049147666e-01
-4.351007146001487080e-02
-6.960251755534928308e-02
1.667872599247543497e-01
2.912614398770654520e-03
-1.193771234153637034e-01
2.023613126196399936e-01
6.644696786144202449e-02
-5.335852412315426896e-02
8.578556431558000128e-02
4.898123253320996184e-02
-4.298703141278777118e-02
-4.005911521679392413e-03
9.601928203783798021e-02
-3.161728212135714311e-02
-5.790573293352664630e-02
1.971110741856639190e-02
3.920304579700287229e-03
-3.399168176519302281e-02
-1.225777247836161293e-01
-8.653211739568685001e-02
-1.010329357028801611e-01
2.066888839544152034e-01
2.243146062098802240e-01
-3.473628320772215172e-02
9.042765484711499935e-02
-6.874743572425860705e-02
-1.008385378043244740e-01
-5.167884738592648519e-02
5.785941231352422637e-02
1.033770615983301139e-01
-1.995059524007763430e-01
5.837589583838090519e-03
1.135753408380211216e-01
-3.392151520986939894e-02
-2.183037240149906799e-01
-1.010118823778090869e-01
-6.707291600091589041e-03
-2.526039347144432706e-02
-1.113348411649497105e-01
1.013110160837545487e-01
4.942343760420114807e-02
8.777096085253593971e-02
-1.699489197903368831e-01
8.236282224499887061e-02
-1.542523644697910423e-01
2.581568554263935500e-02
2.541353209927634665e-02
-6.303576344229097628e-02
-2.178349347542798131e-01
1.432934569098040165e-02
5.764080234917979412e-02
-6.944421365337219432e-02
-1.354486899936784838e-01
3.969189260272400210e-02
1.475572748353057573e-01
3.128442600281694519e-02
-4.688601752842470188e-02
1.724103253446986894e-01
-1.485871710885607877e-01
-5.083654389407777502e-02
1.688791579080785032e-01
1.068358001473526248e-01
9.113616229306553684e-02
1.322368680754299197e-01
1.593346322277630345e-01
-1.514888519274353584e-01
-9.812189747110804106e-02
2.805829435665931852e-03
1.022247758477893703e-01
1.190482462390338447e-01
-2.780589666764302081e-02
8.708830587533399059e-02
1.648965926950166361e-01
-1.976721367024066311e-01
-2.452339366640890472e-01
9.131880936362350709e-02
1.217668866989315840e-01
7.175730690152230806e-02
3.807993408992946943e-02
1.556270376838915226e-01
-2.638488152238784717e-02
1.472833865731923153e-01
6.941834574027039295e-02
-6.729369263292808712e-02
-5.392993340615168107e-02
1.751803200559962637e-01
-1.909803097335053268e-01
1.396649452940547931e-01
8.258552094320199821e-02
1.119319401477820650e-02
9.739777591340535723e-02
1.996428368472232817e-01
-1.646899350016394481e-01
-3.572897533944030535e-02
2.382352331999651116e-02
2.034455164737858715e-02
-1.351292405504235794e-01
-1.088747525053677251e-01
9.693398915792593440e-03
-1.714660005302004811e-02
2.226755351479827935e-02
-1.262640251079675813e-01
1.103126405904971130e-01
-9.775423120604420646e-02
1.385803189238575019e-02
6.295390682159286710e-02
-3.128059755598363266e-03
1.677551180613525428e-01
2.707477318686402068e-01
2.993497182663953371e-01
4.341224456949648869e-01
5.384460682769820483e-01
4.463456151033655672e-01
3.266495211002539145e-01
6.287099952157286786e-01
4.525964505111532699e-01
3.876950704841586881e-01
6.853066933525753246e-01
4.654658637987603709e-01
4.153468860198664681e-01
5.779841909824142698e-01
4.104766208212954348e-01
5.345283460643722728e-01
8.437908539609179082e-01
9.262439967444683342e-01
1.000000000000000000e+00
7.471620042808697626e-01
7.805319193716628856e-01
8.314602104907289348e-01
4.986067078140653530e-01
4.989019665026667716e-01
3.576407953993995803e-01
6.260294824637543387e-01
5.842110765300059239e-01
3.308534403988407369e-01
1.508425926038672038e-01
7.544356460357773408e-02
1.467651662684758308e-02
1.368320101908576947e-01
-5.035808013902697000e-02
-2.157832202137630745e-02
1.355936421161774985e-01
1.724095936237276250e-01
2.557561532560775897e-01
1.670835035023039983e-01
-8.067660257623147924e-02
-6.545763591343657650e-02
1.499368456200687594e-01
3.455285538715097138e-02
4.248773978275315749e-02
1.167588252011082656e-01
-3.650877437009591303e-02
5.611838069153258363e-02
-7.125380501241652953e-02
1.907396583843080362e-01
-1.515403036969469042e-01
7.641848350386776581e-03
-6.526837557113610022e-02
-1.141156018152797852e-01
3.098643644155745225e-01
1.665884471532989297e-01
7.613808020041726299e-02
-4.189425283428249713e-02
8.651060042203649603e-02
-1.070420838598593744e-02
-1.255959077022229253e-01
-5.114705056396380567e-02
-6.430318534874200631e-02
2.098518845495146723e-02
2.868760213990732832e-02
1.196008554916101196e-01
2.929181383965938079e-01
3.160179911241411260e-02
2.154212882399212381e-01
1.076678072155556332e-01
-4.953883984883994743e-03
2.044419415638813742e-01
1.735906832739660399e-01
2.368707163341390171e-02
6.338839490262934695e-02
4.958954697662902589e-02
2.275866450628192400e-02
3.293912789215537509e-03
-7.987693014571042860e-02
-3.942349575379670845e-02
5.814935972077378556e-02
-5.453158871963668247e-02
-1.694551957804818487e-01
-6.626201900713055148e-02
1.074062490884496179e-01
1.743449830456316602e-02
1.141321699272482143e-01
1.148376710464254630e-01
-1.353291906247801324e-01
1.694721384132847480e-02
2.110820209729979691e-01
3.704703791662176254e-02
9.172220990154446307e-02
-2.552208411404923716e-01
7.884310080846208824e-02
-8.276609485095277885e-02
-1.880121093829450682e-02
-2.498644500927484913e-01
-3.902821778776895123e-02
1.873972268787773010e-01
-1.959890267453317514e-01
8.594677702620165394e-02
3.393342658794695210e-01
1.829761733313333139e-01
-1.023347898918061660e-01
2.674012600110611468e-02
-7.344666130391513947e-02
-2.531429899021118701e-01
-9.213753816336790747e-02
-5.519395567742754055e-02
3.653978253540989679e-02
-1.544336546541596744e-01
4.046527011981021493e-03
-1.162694888862101650e-01
-5.956326817910059628e-03
-1.532115956566887094e-01
-1.116915309452999466e-01
-1.191908784374691443e-01
1.252326375875958270e-02
-1.576280909549041542e-01
4.746930557136139900e-02
1.861393360903289829e-01
-9.635918735881010555e-02
5.774507504793734147e-02
1.983204537444202276e-01
3.501039890635399910e-04
6.058178178355918403e-02
-3.362458253363622557e-02
-9.743198274579308038e-02
-9.240526135798186880e-02
-7.766946911340220916e-02
3.318156636386393465e-02
1.481991096010927718e-02
1.562567987607835218e-01
-3.048658314470562014e-02
-9.817761169956645828e-02
-1.858292136261417704e-01
9.543652750878986457e-02
-8.036757489998496914e-03
-1.373188496206914355e-01
-1.340835201796908571e-01
5.051451760586356254e-03
2.796803820187759304e-01
2.691076003809060591e-02
3.584311989175191782e-01
5.887114860600801969e-02
3.476609917431085911e-02
1.251095713724394431e-01
-7.097366320229907266e-02
-9.106745331289352319e-02
-7.846036345803542034e-02
-4.382325508172910805e-02
-2.924244331091932839e-02
5.763220122430112030e-02
1.076306095007478619e-01
6.952717668825646180e-02
2.741248455464538256e-02
1.071717020441455559e-01
-2.477027026555261580e-01
-4.547700314322336568e-02
-6.808694682797256092e-02
-1.154800915681995221e-01
6.493894363482734244e-02
6.740848720543558825e-02
-5.181810712712943412e-02
4.717236385750409045e-02
-1.842418604875378785e-01
-3.166916982157510357e-02
2.370158034426338156e-01
-7.676600905112288507e-03
4.682991585834646309e-02
-6.138394833810872225e-02
-1.918014624244109706e-02
2.598651785177678863e-02
-2.059883711483908308e-01
-1.037661014607155346e-01
1.400445057634196189e-01
-1.296179878581823208e-01
-1.995790245288490139e-01
-1.848536844000032292e-02
-1.614649995024217688e-01
-4.645684072874009529e-02
-1.115906914663894745e-01
-1.430956394244463359e-02
5.035729035139812487e-02
4.436216510463396323e-02
2.586376222403202058e-02
1.572405939773498240e-01
8.266205083818650712e-02
-7.138956760032409699e-02
2.363522655550047424e-02
1.586358664455047862e-01
-1.019465947128822547e-01
-8.281209196278369045e-02
-2.160735356699881315e-01
1.742437600082031857e-01
1.236279330633999751e-01
1.914035133311058068e-01
-4.236732586510096737e-02
1.032956595463304338e-02
6.366461266636916361e-02
-1.491337218293819489e-01
1.316761943826971204e-01
1.362972315891695374e-01
-3.789273194095956615e-02
1.037675100719124416e-01
4.340158802730105514e-02
-1.175056372509208497e-01
1.371034623956003951e-01
-1.087558537546483017e-01
4.078020137026558412e-03
4.559808484842380744e-02
-6.377357465208542686e-02
4.556877158273461045e-04
-2.238020853404376065e-01
1.548780000573273530e-01
2.686280820439274075e-01
-1.259623481838810788e-01
8.124095948596338213e-02
-2.251108821760511858e-01
1.161164749773482829e-02
4.406079624434875580e-02
1.075264162026649817e-02
-2.492782713814689077e-01
9.633627411256989737e-02
-4.827521017366379064e-02
9.103753348651744126e-02
1.498816379332445483e-03
9.257616670325367891e-02
8.180399626500296784e-02
-7.392049964038510668e-02
-9.168958264442290951e-02
-3.816308946509720801e-02
-2.457559033418633410e-01
9.371412219211419647e-02
1.066949884837029294e-01
-8.778830061183151567e-02
1.284540152781795952e-01
-6.740126101911286631e-03
-2.482189647435552038e-01
3.212601004722271530e-02
1.489480045214245686e-02
-3.020458541677290554e-01
-8.491073112691876687e-03
1.559376237966665080e-01
1.410211329060502561e-02
-1.759915817978590646e-01
-2.650938410882829749e-02
-2.776608276133954445e-01
1.624188748926035097e-01
1.517925684296571320e-01
7.638898218013912000e-02
7.212143339098624206e-02
3.897939111141534019e-01
-2.613824200162134445e-02
-8.033229459081729640e-02
-6.599307002911938835e-02
-1.811582642990764158e-01
-8.549075700202971029e-02
-9.301289574035001562e-02
1.742961711000029154e-03
-6.693796421428578787e-04
-1.219289531306388813e-01
1.300682697079285910e-01
8.474912836667237992e-02
-2.111916720573807915e-01
5.479119260111761300e-03
-2.042013727633276987e-01
-2.721750127703571054e-01
1.427705034895590808e-01
-2.730791923644824634e-02
-4.871904337407816782e-02
1.122408258723635865e-01
-4.948232601775594958e-02
7.404520056404892414e-02
