1.100034590873385648e-01
-8.928572694602668336e-02
-2.002244001474574181e-02
-2.286049969451353081e-01
5.733957694685779538e-01
2.265212491644480741e-01
3.866425683173984051e-01
5.538636454399028519e-01
1.903423682882265586e-02
3.230848687067539582e-01
1.826458359426604006e-01
-1.409009081757916504e-01
-3.646028832406802422e-01
-3.913632331667243336e-01
1.081902024675171770e-01
1.659311247206786133e-01
-4.065199249583046903e-01
-9.893120771348594411e-02
-1.506822339476450168e-01
-1.485246328082852063e-01
-7.128262925255817173e-01
-7.882589034820635110e-01
2.969655965509452877e-01
-1.573487827276225381e-01
6.273035717703647762e-01
9.357096962306363230e-02
-1.581408479296838310e-01
1.485161735018545870e-01
-1.363592975565177667e-01
-2.930499357725143139e-01
-3.741552769339495099e-01
4.823251684847700005e-02
2.511528753228757238e-01
2.248578712649905789e-02
-1.537468759326936496e-01
2.907119560750949256e-03
1.343227727703545371e-01
-1.557065093057399263e-01
1.190133948806506164e-01
1.972900009572622296e-03
2.413001569092430854e-01
-1.955832551285032472e-01
1.891828975860201656e-01
1.763230082909637841e-02
4.591375492106046785e-01
9.589348727567556518e-02
-5.755885718224871272e-01
-1.249786504301445972e-01
1.102562210618260596e-01
-2.984286506018273832e-01
2.804132781043616185e-01
-2.793242514896061568e-01
4.807502033264470787e-01
2.484368563277986400e-02
-5.626165552865531466e-02
3.053418316506449903e-01
-5.965947934983820838e-02
1.357719317646487733e-01
-2.876195814073228552e-01
1.293077672922073595e-01
-4.477074125100607427e-01
-3.707428930968548197e-01
-6.055957991627467646e-02
-1.308383798550782351e-01
1.676991071702414390e-02
-5.208309980981179477e-01
-2.481867706602134960e-01
-4.619349322263026636e-01
-4.340200696160023131e-01
-5.610600889535090341e-02
-3.241326148958016684e-02
2.445828109495518932e-01
4.997488966750323613e-01
-2.512929087065391975e-01
2.563745360357642111e-01
3.087993105165265720e-02
-8.275220824932377761e-02
3.558432272064199903e-02
-2.635496323662427920e-01
-2.952750954238189673e-01
4.220121136887194369e-01
1.566550802376321661e-01
2.284304077794471199e-01
-1.984048418163388838e-01
8.576658347935174342e-01
-6.612888543527815910e-02
1.033801535578574571e-01
-1.755749213199232495e-01
8.489829245584445960e-02
-6.623755173418274800e-02
-2.895149565550008686e-01
3.438960421264820599e-01
9.447218644432181511e-02
-4.862933638468470154e-01
3.243521244799173475e-01
-8.902660710380677633e-02
8.054139997877697577e-02
4.085524484570406123e-02
3.180518087889597223e-01
5.090214541869343690e-02
-6.093405958306569170e-01
3.491968608320463185e-01
9.025555551295888490e-02
-6.806260197184982319e-02
-3.123326466362440490e-01
-1.312540684933864998e-01
1.147129952780987922e-01
3.228461328597556079e-01
-5.442054074593738466e-02
-3.240940383445833906e-01
3.919194600358316127e-01
4.116259645949530976e-01
-1.222127801133986724e-01
1.327528141079142854e-01
9.520669844739327800e-03
-4.467750372392854663e-01
-3.313987043595715831e-01
-2.954523879664807118e-01
-3.914412749046223827e-01
1.778596169289041184e-01
-2.061883869633670818e-01
-1.028769251846954197e-01
8.149961369945375456e-01
-1.829435954923341531e-02
-3.490587978161797666e-01
-4.101149885652088933e-01
4.477601612102355411e-02
-5.489153393771740719e-01
-1.450081448277895646e-01
6.340803958321823697e-02
-7.548338005334354062e-01
-3.536863125702231492e-01
8.191033324858311426e-02
-4.180335536449430456e-01
4.020683852189888691e-02
8.211442033847422550e-01
-2.551655833926810835e-01
2.535396997239092731e-01
-5.000967015933797111e-01
4.197576883913541335e-01
5.617522168479511802e-01
3.764856424853497696e-01
1.035186034659011777e-03
-2.087739071562515480e-01
-6.091442782076755824e-01
5.376429072091746253e-01
-2.187054364489030706e-02
-3.078664084027770143e-01
2.320212004140252415e-01
6.789633066426066232e-01
5.419576800529164740e-02
-1.291248594055216248e-01
1.358535164040827747e-01
1.703020433251913046e-01
-2.063041876786387563e-01
-2.741770895679149223e-01
4.964054787877940078e-01
-2.184210307047379507e-02
-1.401209278199623820e-01
-2.650749402950225431e-01
-9.021159878004121613e-02
-6.351009634509714452e-01
-3.209078201879188019e-01
2.521064670226021154e-02
1.039442087989537883e-01
-4.019801998252590935e-02
1.072215727033424687e-01
-7.842239743177081834e-02
3.639084042020551690e-01
-3.259952860397015151e-01
6.243927806612270537e-01
-3.941163319078996863e-02
2.641318731179314039e-01
3.018472321944660197e-01
-7.215260925580088691e-02
5.975119708183886935e-01
2.382187708765277911e-01
-1.313466702472841641e-01
-7.870016941375265196e-01
-2.553696178435054809e-01
5.645102732908350296e-01
4.939979379120746500e-02
-2.892427812259203979e-01
-9.506149360773365198e-02
-2.734288015049045062e-01
1.479801219926831501e-01
6.305364863500953487e-02
6.037314298504166121e-01
-3.736534900688339711e-01
-4.799695021711002096e-02
-2.212576215680733260e-01
-3.627109054706746383e-01
6.833941640224047154e-01
-2.162118459147264193e-01
7.302600189383616491e-02
1.077339884085164595e-01
1.667486213937134643e-01
-2.249416468909467282e-01
-3.096085077688360415e-02
-9.031876054985066293e-02
1.261170840260580628e-01
-1.558335697956434174e-01
2.065129153106593229e-01
5.395876408150012127e-01
6.247369310436067247e-01
5.397986640680874082e-01
-7.865928899836614752e-02
2.186887895835405715e-02
2.390831023149780354e-01
2.606058240291017625e-01
-1.325440792040500498e-02
4.994135308071432355e-01
-2.888725198698634533e-01
-8.119933338594594041e-02
4.689251357590067393e-01
4.855652996668257670e-01
-4.936594246432063349e-01
4.559132880751225192e-02
3.297343336877569531e-01
3.056983094942600787e-01
-6.411479760523400295e-02
1.909097647055710001e-01
-2.054979507349830592e-01
-2.760480038852040630e-01
-8.002395691598427341e-01
4.012110351754623605e-01
3.827180113900451874e-01
6.838208284339009069e-02
-4.617770530833987253e-01
6.267614535765946293e-01
8.394776565428233028e-02
1.607235871812542627e-01
-7.387569081364761536e-02
2.800973255910654824e-01
6.003052139778266572e-01
-2.260270480111535030e-01
-2.095166139001203298e-01
5.606531778294516766e-01
5.983213624344277948e-01
8.021380358684380152e-01
3.101548410504085806e-01
3.003419200317553051e-01
5.729861474696158474e-01
2.801028098641882291e-01
5.682556448269492355e-01
5.914058858097532845e-01
1.921559084578436383e-01
-4.284956575360362452e-01
2.355197795690669726e-01
1.992537736239413104e-01
6.267835848062881521e-01
5.329529299419478727e-01
7.040423137322932012e-01
2.006311031791294663e-01
7.185707891033399353e-01
2.635605863692403461e-01
5.034421433097231446e-01
1.000000000000000000e+00
1.972785610261365008e-01
1.066911510814429892e-01
8.052383013673236611e-01
-3.528248446209787947e-01
5.685273348357373635e-01
4.087113878789024324e-01
-6.334059270566110011e-02
6.571544804728113309e-01
8.531283980102210007e-01
3.453535488379400609e-01
4.063141287749690855e-01
3.535606450201919104e-01
1.249879057668882992e-01
7.342337813925300383e-01
4.940207412821667754e-01
2.417900045423197752e-01
2.714857034539095437e-01
9.251692104436780306e-02
3.098254933441087489e-01
4.618445970069308126e-01
-2.809888503235058455e-01
5.096548148132168388e-02
3.289875986768511229e-01
-1.428638904036327595e-01
-1.269903116586832414e-01
2.185148871013231631e-01
7.753334791426290395e-02
-2.804979349134520406e-01
6.186350684391671573e-01
2.358371880432840184e-01
-1.826835609403604510e-01
7.456999515158363456e-02
5.804330163567744671e-01
7.322870093691417059e-01
1.292433148844277513e-01
-4.586927550835889766e-01
-8.067255180193096120e-02
1.927500544166447782e-01
2.756939380998904565e-01
-3.426578724054686331e-01
2.659747350899126506e-01
-2.694915288872073433e-01
-5.245409403027185835e-01
-2.260215152149773754e-01
1.687220382341686198e-01
-7.227109945054964735e-01
1.772711493351756262e-01
1.285274956629148257e-01
-1.084995878591074516e-03
3.776192372407091158e-01
4.198987264405285580e-01
2.783157127410973986e-01
5.735800992912583052e-01
3.121456884875172672e-02
2.267049480526868166e-01
-5.136282522851054466e-01
-4.754510422161907501e-02
2.391179563713207584e-02
1.829716891800601264e-01
1.518594942527444480e-01
7.623201125210175011e-01
1.988086252023698042e-01
2.685790377029045883e-01
1.947621523972575541e-01
2.780716382351255400e-01
2.178763815919951274e-01
1.322109941885060008e-02
1.570672258841187274e-01
-7.795662235476569224e-02
3.861086593180029086e-02
-2.677358258276504518e-02
1.641172856442163763e-01
-1.786530556342801612e-01
-2.431529828071675725e-01
2.059355618774134089e-01
-2.652672782191410894e-01
-5.478094280927651993e-03
6.074120092725642239e-01
7.629759029675971249e-02
1.123500492508572313e-01
1.338491837291577446e-01
-2.652106326844566250e-02
1.855351337125875702e-02
2.178532311535426591e-01
-1.760188564407420275e-01
-4.185788265111406448e-01
4.243222067437914524e-01
4.048856935272043267e-01
-1.884754406700837881e-01
2.536076949880161080e-01
7.718633404267730147e-02
8.588939311069097859e-02
1.617571060602057409e-01
1.671225712654995366e-01
-2.557382291014829168e-01
6.074287603211295239e-02
-1.541728537049611991e-01
-1.147828008880998618e-01
2.578469980385257251e-02
4.480427637894932036e-01
-1.755336194410136164e-01
3.224570960395446717e-02
-3.567792010376944489e-01
2.375949224291304118e-01
-2.383489520590532373e-01
-1.112194711413780172e-02
-5.013483981797634513e-03
-2.150702431483463850e-01
7.780932756382512583e-01
2.970309709859704772e-01
-4.730339400515659043e-01
4.429285560295917468e-01
-4.484455086206252106e-01
1.096986206892722748e-01
-6.427584188390542685e-01
2.003784867736702890e-01
-2.887742397509370784e-01
1.190838167915156398e-01
2.969427372504616636e-01
4.157489815197448063e-02
-3.012544112160580601e-01
4.419433763999860432e-01
2.980370199762988337e-01
5.010635210117041494e-01
6.497028137256269376e-02
2.437844848806122733e-01
-5.863453220687832035e-01
-1.104027094495704797e-01
-3.537056774470154763e-01
-2.088099189895267771e-01
-3.844529011542382468e-01
3.566810033311215156e-01
7.318029652280762590e-03
-3.078778068353848693e-02
1.180824270026658712e-01
-1.084853972093575841e-01
-6.085160548764851490e-02
5.640915755490838457e-01
-1.669010794201256087e-01
-1.128043850948582255e-01
1.140806049312580867e-01
9.617726204032217563e-02
-1.790510295843371069e-01
-9.180247537137836700e-02
-2.274886801259531632e-01
1.810180254003849742e-01
8.001685085915276330e-02
6.297444207415946182e-02
3.064648460888674819e-01
5.692305422781098606e-02
-1.164201724483357736e-01
-1.142222331149171134e-02
7.417522439691956460e-02
-5.239505314277769221e-01
-1.251971478961145801e-01
7.063524622661963848e-02
-2.965714713192234009e-01
-6.529634412602804971e-01
9.082461657255343906e-03
-7.191151058721569900e-01
2.631629036023609425e-01
-3.022473561965163813e-01
-1.544739549739592710e-01
2.735941471374639389e-02
2.625353181163128657e-01
-3.736838234918717361e-01
4.405351310554489475e-01
-4.588147611872154391e-02
-3.146940396113809824e-01
-2.191427784041264093e-01
-8.184210986760002970e-02
-2.669553671976362397e-01
2.522698230765433314e-01
3.187982313138305011e-03
-1.945680333945317697e-01
-1.824212379027037034e-01
-2.789408376458345495e-01
-3.011134702128586138e-01
3.577363622565889467e-01
-2.477368175133437822e-01
-1.344125741464246293e-01
-4.188634749607704766e-01
-1.818190082300085494e-03
-1.570346260621374723e-01
-3.028869294376127508e-01
-2.526703353980758737e-01
-1.043072532810814385e-01
-8.680615526731978726e-02
-3.926860597871139058e-01
3.224782981052480846e-01
-2.834548327623800379e-01
-2.702701988962649682e-01
-2.657892550326930170e-01
-5.159325214060764830e-01
5.579111373634444426e-01
-2.029519784567582891e-02
1.829317946938531503e-01
2.097970253119768869e-01
8.641156401619287664e-02
-1.599577446325106123e-01
-5.760156590294249201e-02
3.468009605978501497e-01
1.779275151017833123e-01
3.650090447504598656e-01
-5.604131947471039377e-01
-3.904795855099418289e-01
2.864380695663230614e-01
-7.400551088120209051e-03
-3.142121514211946853e-01
-1.683729035325799706e-01
4.970341804834550459e-01
1.092122188665917842e-01
-3.023620891800197219e-01
1.320669884677136696e-01
3.686345387812119401e-01
9.347700886393434105e-02
-4.014531276004398158e-02
-1.826364350369322764e-01
2.454240889504037404e-01
3.522972233317420709e-01
2.886582302647973108e-01
-2.953623585638640026e-01
6.566324133884468561e-02
-3.165095773089322551e-01
1.683608040527264371e-01
9.112873384573091373e-01
-2.196586331896550545e-02
2.369741801311509855e-01
2.150823396346246245e-03
2.873316666508778927e-01
4.627375145888258934e-01
1.770836647497383287e-01
3.733760099701678992e-01
4.911228600456963855e-01
1.208262146127716263e-01
4.693741667882572743e-01
1.889330960564278017e-01
-1.035846393944214461e-01
-3.488217607257648734e-01
2.946256067797887734e-01
8.415607098710316258e-02
-1.269739074074893170e-01
-1.090600327675907838e-01
5.430453130500637743e-02
3.589094632237940230e-01
-3.636606489939998854e-02
-8.334067588821708616e-02
-6.691774818719246065e-01
-1.183689828893297324e-01
-3.311264805526904498e-01
-2.629717937029902863e-01
1.744764501244870925e-01
-6.608897231679017326e-01
1.024869446572463927e-01
