-1.583801746947678390e-01
-2.840104046116850162e-02
2.182890200593314012e-01
-6.069700864651293715e-02
2.978870340353481985e-02
-1.826978000806323832e-01
-1.433045186098585166e-01
-1.325993056131246906e-01
-7.192787369803817742e-03
1.693716925736707402e-01
-2.360893994301623833e-01
-1.092267150084584755e-02
2.094894095468594897e-01
-6.166929083167695808e-02
1.905253838427250213e-01
-5.818620198054649979e-03
-2.952896282446648701e-01
5.042523716084638258e-02
-2.355871839504417586e-01
-1.322373174764944828e-02
-1.607907381469077246e-01
5.296629351367258126e-02
3.993947200132081932e-01
-1.665739307321830731e-01
1.369534552980520292e-01
1.618425153474330469e-01
-2.383447846124798000e-02
2.159748143668742959e-01
-5.938496996435108644e-01
-1.089248897823721501e-01
2.177568256253876733e-01
-1.387598003168979133e-01
-1.397045643654595548e-01
2.980439822995792701e-02
2.072426264518296424e-01
1.075279007661224528e-01
-6.472249449785556774e-02
3.008337380629245161e-01
2.122665841624344352e-01
2.927842846031012414e-01
-8.807351212819851394e-02
-1.153617867704345157e-01
2.193729752698857782e-01
-2.319671825854515146e-01
-1.151088349991161580e-01
1.246713328863928716e-01
5.762023034143281403e-02
-2.153587789504310401e-01
1.562263167312894496e-01
-5.660968606423661537e-02
-6.045966313845525797e-02
4.077619921339774578e-01
-1.944815076629159353e-02
1.120673241901696537e-01
-1.946893372974112801e-01
1.605566655782823260e-01
-2.160488895314710278e-01
2.030826749663479647e-01
9.090247384217464699e-02
3.266342747044570505e-01
1.187203872105547647e-01
-1.087654617194303286e-01
-4.506013440225550837e-02
-6.382208209445233704e-02
5.423766937466554389e-02
6.894028074506634851e-02
-5.088967841152061133e-01
2.238765315054160390e-02
8.269992465327412334e-02
-1.721633703331417187e-01
6.418733555964488413e-02
3.213696566565639734e-01
-6.113369933237020742e-02
-2.821974984161361721e-01
5.245717003198414191e-02
-6.725182875769780688e-02
2.391831944376105606e-02
1.045525196548672819e-01
1.690806266008796632e-01
3.832963761076184639e-01
2.592056435822877661e-02
5.556744822303828074e-03
1.951983239991225416e-01
-4.142465848321942867e-01
1.267590181469319122e-02
8.141488589049882332e-03
-2.289337476963304863e-01
1.561726025935724904e-01
-1.974025420402028899e-02
2.250874055357055242e-03
4.574349119893070248e-02
-6.551464562022886184e-01
4.115262467444308347e-02
1.486982718601818076e-01
-1.585171074735440555e-01
1.425565021415392264e-01
-4.121043896342621027e-01
-3.114395101409010436e-01
-1.756717935629069360e-01
9.053197850846284034e-02
1.327867855909738437e-01
6.205137780545266768e-02
3.640278606415328078e-01
3.257813263410522242e-01
-1.508392817025626664e-01
-1.338066749231027475e-01
-1.032091261215269534e-01
4.959668188519818222e-02
-9.298267809154296681e-02
2.743574572042979942e-01
2.313417135509131251e-01
-3.740038596075767607e-01
-1.946069789949647633e-01
2.434266732588596660e-01
3.087338724197626338e-01
2.525390922338872635e-01
3.989968280100057718e-02
2.399752726690120297e-01
1.141500359305363949e-01
-6.368475575217832528e-04
-1.651836955002981833e-01
8.745513454895570415e-02
-5.102378599379057134e-01
-4.018985580659427126e-01
3.010623106694133508e-02
1.310186725725285273e-01
-2.501158111135970419e-01
-1.497421810463547553e-01
1.362447082950573873e-01
1.607699165920335391e-02
1.179723999779873495e-01
7.070441470306963738e-02
4.656404331249542339e-01
-1.914383193503008396e-01
-1.914729289421987779e-01
-2.819040791699361503e-01
-4.978418883537721329e-01
-2.863930083952909711e-01
-1.581176833045661034e-01
1.314806989208876231e-01
-8.436973543510863094e-02
-2.051199509232274343e-01
-2.827150278927379953e-02
4.718573887234281394e-02
-7.328050842529690301e-02
-3.802920131607301357e-01
-2.165570704383871781e-01
-2.161475170595903578e-02
-3.470332201729590671e-01
3.443146204595084470e-01
-1.873521291231410035e-01
1.628406962091556998e-01
-8.497436266486996237e-02
-8.674918757790890667e-02
-1.140593059271048371e-01
-2.712011372104652929e-01
-2.528579080134096824e-01
-1.638357243296771626e-01
4.994315103786307192e-02
1.134446037567452270e-01
-3.029975392452547572e-02
-6.720654086478353162e-02
1.259664376038903688e-01
3.574605593159330130e-01
2.154983027251373973e-02
2.216691075544450495e-01
-4.112345305843859850e-02
2.084718204877318570e-01
4.435701538481627848e-01
4.636099109524395856e-01
2.225445575290319333e-01
1.413969827592643780e-01
-1.476371511481472665e-01
8.265556668109927396e-02
3.212197682125055853e-01
1.227873602895887366e-02
4.117218393202285442e-01
-1.210516580817239674e-01
-7.997641117502200803e-02
5.915009373595498943e-01
4.281190871213030325e-01
1.529666587198741552e-02
1.787257966968777700e-01
1.342170024615717966e-02
-6.248338485321385666e-02
2.561380026863321890e-01
1.523283644728380161e-02
1.703467961561216659e-01
-1.622218457224284538e-01
-1.184525416240290452e-01
5.727059868814660115e-01
-1.314823602707025640e-01
1.165256039030328206e-01
-2.023980023612014234e-01
-3.084301254720391364e-02
-1.577094659841163926e-01
-1.519846181742328106e-01
-1.377768765239355438e-02
7.372271777981080632e-02
2.213734109439791375e-01
1.606278584747852511e-01
4.792419647786915204e-01
1.162377578692934676e-01
-5.826982044721054632e-02
-2.093609449026571367e-01
3.693461801730963945e-01
-2.373665813299767006e-03
-3.732925758778182779e-01
-2.019851480760333218e-01
-3.616777195685737939e-02
1.926177300921676216e-01
-4.019798333604015367e-02
-1.015260346575123790e-01
-2.397876218918273405e-01
-1.653133470434075269e-01
-6.415334352562136744e-02
4.096894256711935411e-01
-2.428895231703161184e-01
1.333482820938556856e-01
2.930130140860120469e-01
-3.795375594880991826e-02
1.972902021246871751e-01
8.278000559145477777e-02
-2.880660921165442145e-01
-1.634677910307407167e-01
1.259267165964203239e-01
-5.747125045277477751e-02
6.120256019841104900e-01
-4.314100767270617753e-01
-1.276278474489608294e-01
-3.886050701309416017e-02
-5.184115359657667094e-02
-2.192075971075867213e-02
1.851666600913899896e-01
4.194655137715757459e-02
-3.832102830688781658e-01
-5.585260785428995955e-01
3.092024145553411429e-01
1.252146674182279817e-01
1.351553506713642772e-01
3.435388304198020437e-01
-1.069876876299762428e-02
-6.541545811125111520e-02
1.289807679471788038e-01
4.377754491851777036e-02
5.698267737495493757e-01
-2.826439374822704020e-01
-5.404046632459168914e-02
-6.744342457596616547e-02
3.553724451624410974e-01
7.457649725366604088e-01
5.249414542294537078e-01
7.189008061486850121e-01
8.483803957354180136e-02
1.157122753299433676e-01
1.124812032862424899e-01
2.708935627460160589e-01
-1.982128101033968082e-01
2.695210023802777632e-01
8.738944831339613417e-01
1.000000000000000000e+00
6.268457505899018845e-01
3.423623889658087283e-01
-3.037683001205079142e-02
-8.470033263502554921e-02
5.117660247775462218e-02
9.316928507676003335e-02
3.287516921807134840e-02
1.799943321795616502e-01
-2.429126004496014180e-01
2.717935146063571450e-02
-1.668856258206580512e-01
3.284076636107935432e-01
1.743166700661698543e-01
-3.953726920980626391e-01
3.298600213969763405e-03
-1.021100517526255802e-01
8.790287044251192394e-02
1.256869988339043565e-01
-1.135134081066814689e-02
2.837370930973810434e-01
-6.420951848095905745e-02
1.386896801584903277e-02
2.869316640726365386e-01
2.591264216990155078e-01
-2.140865680588639741e-01
-6.068369872856745062e-02
-2.810120930113356175e-01
7.897399427464904531e-02
4.932999432412972229e-01
2.060424308333067001e-01
-5.876703205555727783e-02
5.307454416564771210e-02
4.958862887409455633e-02
7.009438506016960058e-02
1.415979157620390616e-01
-3.180210070310977577e-01
1.703405460583895248e-01
-1.664439312634268808e-01
-9.112503307920959139e-02
1.231853724910222381e-01
-9.247574973800153086e-02
-1.876615468473365467e-01
2.516681653527770290e-01
7.532571565162540783e-02
-7.822646645463984805e-02
7.033438116620575886e-02
-9.893070747992885328e-02
7.073844229987501231e-02
2.989978810682973609e-02
2.824585245639107955e-01
1.969276459308372529e-01
6.106158522644759834e-02
1.200413906046380180e-01
-6.959659539945703410e-02
1.370175440852264837e-01
-2.479759944971396124e-01
2.209228156910509056e-01
-3.309712065364927569e-01
-2.880174008312369471e-01
-8.032563846986356948e-02
2.458318279708443799e-01
-4.863410773392271014e-02
7.032851695621912536e-02
-1.455433170370984582e-02
1.400572227450496421e-01
3.239830319340202824e-01
-3.260640636481197674e-02
5.247302920685048555e-01
1.468141145411421267e-01
2.998893282670261895e-01
3.307926889660545156e-01
5.565843392081101793e-02
2.078089307187382939e-01
2.678590777379516452e-01
-9.673971977950765466e-02
-4.150444210132241407e-01
9.770199027921072643e-02
3.039884741594953144e-01
-2.423208403219598572e-01
-2.856380866137956526e-02
9.856836243177570511e-02
-2.791946675115110008e-02
1.044042253628139627e-01
-1.553957473965593972e-01
-9.980899783282486115e-02
-9.375649441855592181e-02
5.447669759789074834e-02
-2.727766422537433177e-01
-1.862956098130158777e-01
-5.202782777961713345e-02
-3.728445553137254564e-01
-1.655823858558973793e-01
5.452388329436894804e-02
-2.294352293626858719e-01
3.456604028290395925e-01
-3.877839491781271408e-01
2.706527063013807188e-01
-4.343365767726519167e-01
2.566981707267232959e-01
-1.725434369208191654e-01
-3.079782587147139594e-02
-6.846914255532696170e-02
3.804208320575822033e-01
-2.235194626198189760e-01
3.513286075596939728e-01
2.290274888774202489e-01
1.948948527210731807e-01
1.099100667620114269e-01
6.679966704513354281e-02
-3.342999648023671222e-01
6.129864606396865506e-02
-1.361812307387273435e-01
-1.660106566239684112e-01
3.546293048947849608e-02
1.740120790870233192e-01
-2.087606826210968991e-01
-1.741529430140374007e-02
1.499528217784616702e-02
-6.827113216703449561e-02
-3.566208299230350653e-01
-1.931261679772513229e-01
1.307449904683309627e-01
-4.235008708752317497e-01
9.895142754306489319e-02
-9.972985314242718835e-02
3.572859804595755473e-01
-5.000270169323831060e-02
-2.688530051383981601e-01
-3.275743740959719541e-01
5.476510664568690762e-02
1.494582544410498481e-02
-3.532134963078227274e-01
3.329209795968750552e-01
-1.749434106351051288e-01
-2.421037317148648227e-01
-7.068708537828019556e-02
7.318588761994804064e-03
4.280184668694138328e-02
-3.690404342345729449e-02
-8.008725549688183731e-02
-1.633463886061091996e-01
3.532663588182466952e-01
3.401509694958636254e-02
-1.004675289806744448e-01
-2.361442775580644970e-01
-7.567860964407115143e-02
-2.471717564001049694e-01
3.415033802850566125e-01
3.704772135359307716e-01
1.212495949451630473e-01
4.410578238962121200e-01
2.271150732813829731e-01
-4.552077232039102306e-01
1.687085940432700992e-01
3.898051112423865372e-01
-3.039346627472961915e-01
6.159244487088420122e-02
-5.521134089314076038e-02
-1.439022757997506785e-01
-9.044892828242229177e-02
-1.361732915988383419e-01
1.408868028316296872e-01
-6.637177345347473889e-02
1.121440776450868121e-01
4.774163420154013959e-01
2.677695204360113768e-01
-1.451621193481174299e-01
-1.442064808911517060e-01
-9.709508962788315767e-02
-9.172372527800400424e-03
-3.144387580489248213e-02
-3.521149786259481496e-01
-1.155895230774685589e-01
2.503477768128306927e-02
-1.274616252552658313e-01
-1.845228724838985923e-01
2.351110795319386743e-02
-2.986583403485064056e-02
2.146139267168420059e-02
1.896961390277860648e-01
4.181976728863184278e-01
-1.214266629269565145e-03
5.534816851202204596e-02
-1.774165762666125579e-01
9.626502482070624367e-02
-6.989097620145158507e-02
-1.105111933248975747e-01
1.854631863345707239e-03
1.185527922653082378e-01
-1.694328437080268313e-01
-5.902136555264234641e-01
5.997560059900029251e-03
-3.681542186347015466e-01
1.406148110085104000e-02
-1.015918694299509928e-01
-7.989199059671960035e-02
-2.020984532155003233e-01
-4.181673246410958500e-01
6.068493468518253164e-02
-2.496244371833039599e-02
1.577619615878441406e-01
1.997546441868495448e-01
-1.948210005152856417e-01
-8.572445013537838276e-02
8.800034790330540924e-02
7.143733337839454356e-02
1.516565031572756628e-01
8.977507792616548632e-02
-1.794322512972839623e-01
3.669170625351749759e-01
-1.962046250697722094e-01
2.370962240094009466e-01
-2.007518041803535436e-01
3.129848551609314411e-01
1.224585584071461869e-01
1.809869271748178465e-01
-1.859491469873538749e-01
-2.791541178155239680e-02
1.667647824673565982e-01
-1.282618083827289091e-01
-1.268328896083115997e-01
-8.984969713878324105e-02
2.850556420008464320e-01
3.211068363067511866e-01
-5.325798412791712400e-01
-3.395816124661768520e-01
1.531632444866163900e-01
-8.117424719313309778e-02
-5.536047021578173466e-02
1.651972355449897734e-01
4.951476007157451509e-02
2.350798290432101756e-02
-1.100797017497025026e-03
-1.297511531894567915e-01
1.315523472872355826e-01
-1.106343164267817314e-01
-4.512324266758610536e-02
1.454212097302430007e-01
4.261690705897228093e-03
-2.202315703705776118e-01
-4.781011351383624569e-02
-9.571156629059188181e-02
-1.920987672827365600e-01
-2.910708069318061475e-01
2.040477328439660176e-01
2.323808173573625180e-01
-2.782941298367951899e-01
2.588128616658446832e-02
2.339662352532365375e-01
-2.153788640330938919e-01
1.305034697924434828e-01
