-2.289624326349679398e-02
1.430981398980148978e-01
8.821838498696822628e-02
2.223781651622602218e-01
-2.333905672943075160e-01
-9.478533686471030117e-02
9.805870263863736280e-02
1.132055791608261863e-01
-1.636488864585554648e-01
-1.021225842734052591e-01
5.209782967086538930e-02
8.894109301677530222e-02
-1.494580699172363414e-01
5.875864576164928008e-03
-3.966412882969518744e-02
-1.343026097045610101e-01
-2.661361296975546242e-01
-5.696477144462730458e-02
-8.051057601944658360e-02
-7.995168188519834185e-02
6.736731933589023939e-03
6.268424941120480896e-03
-1.659496368281926648e-01
1.636200518075640320e-01
1.207602764676459217e-01
-8.221339550771381011e-02
-6.284981520060844984e-02
-1.603756807552175478e-01
5.455318297271355421e-02
-1.825943194481038576e-02
-4.312592368256155939e-02
2.294297864488474836e-01
-9.891853061151614779e-02
-1.758701618337761563e-01
-4.628531104642620575e-02
-5.163498137640598618e-02
2.759975031695351133e-02
-7.232147920963989673e-02
-1.813753036276186115e-01
1.434748861322290674e-02
2.123359641041435222e-02
5.841782147485897331e-02
-2.605303104846364293e-01
1.326826882968515919e-01
2.480162024436829982e-01
-5.909322073175295176e-02
-2.025280710971679443e-01
1.354884094885929792e-02
5.925710897667960803e-02
5.405849763592406737e-02
1.978990010349212791e-01
5.119652846637170671e-03
-4.720504716095956510e-02
2.920496806696311065e-01
-1.976641646511830275e-01
-6.897271988580840063e-02
-1.740687987861120889e-01
-3.913645978022416844e-02
3.325745768682970838e-02
2.663025990513299274e-02
-4.856477107101319496e-02
-5.391875737211367092e-02
-3.253530258052422103e-02
2.911616276713411069e-02
-1.711438601804484219e-02
-2.767774946182113491e-02
-2.053468827565608501e-01
-3.922282885581293761e-04
1.792060958453762787e-01
5.317755700971404237e-02
4.349896764567971058e-02
-1.227328421792249352e-01
-4.944551869018771334e-02
6.246111438680582162e-02
3.585960225854430833e-02
-7.137719831762286138e-02
3.896273724255930326e-02
8.923298674494352378e-02
-2.487528938279183754e-01
3.953453103841475524e-02
-1.244961335149447623e-01
1.742791011746711027e-01
1.990678571804949670e-01
-8.944836240699777230e-02
-6.603640118868286946e-02
1.048790064088175530e-02
-2.109063360776015361e-01
-1.524055296480567312e-01
-1.712339777879591241e-01
-1.497383077472316804e-01
1.391250309575204139e-02
-9.474425197912295094e-02
3.332137697374323165e-02
1.518098660098008423e-01
2.269109185172279650e-02
-1.816334790844217340e-01
5.732671184352509941e-02
-6.935785460248239387e-02
9.635599043618429949e-02
1.735449518183275197e-01
-2.158570927153519448e-01
5.227906298847604522e-02
4.089063314502702946e-03
8.584432214233857217e-02
5.307097131148681007e-02
3.302973528666983127e-02
-1.062445189183976180e-01
1.048301825987470459e-01
5.794792217435155990e-02
-8.397202232770037411e-02
-1.561976651728101406e-01
-1.861232134601475681e-04
-9.742713467409548633e-02
4.386262979257245231e-02
1.390880344880895403e-01
-5.679449693597243831e-02
-2.315800013273703467e-02
-1.532521837640915818e-01
7.071013344830204446e-03
3.077214462823151322e-02
1.340727312905722890e-01
1.830266096011453070e-01
-2.326172819491429886e-02
-2.223670917962324370e-02
-1.664656958723982399e-03
-1.019872717995417982e-01
1.090960616598522920e-01
-8.533198749654437310e-02
1.754131802483980401e-02
-3.606090943448190395e-02
2.189590100335535860e-01
1.004402609479043279e-01
-1.701215187775076965e-01
1.544459593293664446e-01
4.332478474458408002e-02
-3.555176959751280008e-02
-1.509759673896335919e-01
2.104844318569198680e-01
3.915114416735669678e-02
2.843522293358168307e-01
2.566976202540983132e-01
9.788064881453528709e-02
-2.720700831680794227e-02
-1.503006867903992905e-01
-5.218789741513891328e-02
-8.513820306193906062e-02
4.513720310472166958e-02
1.524127991692121598e-01
-5.971073158202366143e-02
1.945625248821320485e-01
4.122252079473583825e-02
-5.799952141030539216e-02
-5.290748224729920936e-03
-1.496070564651483248e-02
-8.776468862179738484e-02
-1.307035854741442002e-02
-9.139446858605462798e-02
-6.173729715609768687e-02
1.178135512955090919e-01
1.938630963017894948e-01
1.862561730756875644e-01
-9.320945507170501354e-02
8.606085525705677031e-02
-9.560486729545222828e-02
1.370281099695594140e-01
2.039450600844545380e-01
-1.763044742109783070e-02
-5.595413711316816335e-02
-1.472822681384547971e-01
7.651591624249129420e-02
1.804034749772381874e-01
1.082857314101457469e-01
-4.400792026522868370e-04
1.120578419178761137e-01
7.762284220554971359e-02
2.053762605183721141e-02
-8.576692476226037420e-02
2.364958247661639590e-01
-3.236927376742353797e-04
1.011900818806918123e-01
3.028689142680969781e-01
-1.603103406026997468e-01
-1.285728710925690410e-01
1.375434101267748732e-01
4.518682104470121350e-03
5.846503020774778672e-04
7.949830893657748240e-03
-1.779584912704839095e-01
8.200108966903056976e-03
4.235020633350086022e-02
9.142924780657395167e-02
-7.311070133901922952e-02
3.482092233581652457e-02
-1.524037710201443796e-01
-9.100694796861494296e-02
-3.521657140285700677e-02
-2.632499617231263947e-05
-1.571600676986652512e-01
-1.031133242854538959e-02
-4.912704282836662106e-02
-1.440590097394395253e-01
-5.270934711030427627e-02
2.597725625072727640e-02
9.112034223501778996e-02
-5.555580244203726925e-02
2.128306795867828394e-01
-5.720455166189665486e-02
-2.767685936556049317e-02
-9.695469393523729884e-02
3.428296249507318833e-03
-9.703674563828530719e-02
-2.034923554416071256e-01
1.017697838424095336e-01
-4.222614276868745520e-02
8.971954422168126886e-02
9.485336774386353420e-02
2.145028530113793630e-01
2.428287569765788523e-02
1.125077677285352996e-02
3.185304079159764074e-02
-6.569916236248617321e-03
-1.334228055559550652e-01
-7.329575405245349930e-03
-1.548430184797147391e-01
1.467764411784374667e-01
-2.740070293737890128e-01
5.339604175938010566e-02
1.383321713031663291e-01
1.072032054692903663e-01
-2.027331787901911209e-01
9.240800821580168189e-02
2.281949095035867292e-01
-1.656599486231761370e-02
3.119235944782358314e-02
-3.721364895547333435e-02
-1.206235137551935413e-02
-1.366968315391978994e-01
1.846638800250097467e-01
1.574322019190564984e-02
1.334764142818340438e-01
1.646010158928344624e-01
-9.667132158807633865e-03
-8.851779067418034941e-02
-1.095333980452884923e-02
-1.017864711424599534e-02
-2.416457565673142682e-02
6.813460061895616759e-02
2.253418361739831927e-02
1.845060816944326665e-01
-1.835232738495776450e-01
1.116999166077083244e-01
-1.952073548613892512e-02
3.957382437798462882e-01
6.658036385746157748e-01
6.421413027795378481e-01
7.372156484858387593e-01
1.000000000000000000e+00
6.878020468732676251e-01
2.524823855865408473e-01
1.740935359810902583e-01
-1.251133440723577461e-01
2.395451897746288250e-01
1.558174838928816364e-01
-1.027804238859708202e-01
-3.970468806849201254e-02
-1.116368448773946837e-01
9.087496993629609610e-02
8.842994817055040147e-02
-8.300692282591741467e-02
-1.369846397727393639e-01
-4.080972143066188829e-02
-1.001133467404183713e-01
-1.895295025592462768e-01
-1.771664274098960767e-01
-1.689078407963324757e-01
1.084472292212866201e-01
6.135348621196917013e-02
-4.458420705686955837e-02
-9.218723465842068587e-02
-1.988395258490134598e-02
-2.725349739936520563e-02
-1.115940711802507201e-01
8.791814370455879046e-02
8.748004850992704973e-02
-1.319647596278754678e-02
1.508988799056275032e-01
6.651514641352702928e-02
2.907191483007795854e-02
1.886225531083957907e-01
-8.379509419890596167e-02
8.296915462988401282e-03
-1.033723874541299381e-01
-1.035472084103914031e-01
-3.399319994075317153e-02
1.494118107216320102e-01
-6.134787315546501307e-02
-4.892869038155384792e-02
-2.801136047099114790e-02
-1.663878926829545635e-01
1.595563802114204621e-01
6.351089275121694910e-02
-1.123282687883571940e-01
-1.059006367171514730e-02
-7.425713578448368823e-02
-3.518683134029645249e-02
1.480066967371747866e-01
-7.047425947484106667e-02
-2.323382169918296672e-02
3.636755736614643436e-02
5.781143575342558016e-02
-1.320459999861577360e-01
1.921071448931379599e-01
-1.416965596637809743e-01
-1.084281336694746176e-02
-1.815193458572162549e-02
5.019791794125143952e-02
1.356605959617621371e-01
-3.134377269375449721e-02
-1.615805243147944853e-02
8.236475420025474170e-02
2.989762714567515550e-02
4.682699974070996668e-02
1.740639622384112239e-01
7.031878229888427478e-02
-1.080926980286225914e-01
9.565780049670694063e-02
7.906934136844394334e-02
-8.312271948749254402e-02
1.130920934611079065e-01
2.211877240385299870e-01
2.350974862825992717e-02
-1.081209207220611423e-01
8.707963901317658517e-02
6.136290096464898369e-02
7.171473357175649210e-02
-1.691704287277740193e-01
-2.466227126000423986e-01
-1.002401022109573187e-01
3.693654177769873509e-02
-1.751869889735371000e-01
-7.120879484525564906e-02
7.625712429512324086e-02
4.952181706212025608e-02
1.831248369628348804e-01
5.516274306510243058e-02
3.158241072131761501e-02
1.597386750677263767e-01
6.021451488423668064e-02
2.503482918015726387e-03
-1.238271738960869395e-01
-1.082012245795012512e-01
2.833582331112398205e-03
-3.956006812777094345e-02
-1.015007517922624780e-01
-6.463590859074910822e-02
9.279127189618802118e-02
4.186758596857571239e-04
2.336947328216805730e-01
-1.559101623546714499e-01
-3.314022996689493239e-02
-4.131686138092024313e-02
2.979896581031187264e-01
-4.037171195725148404e-02
-7.175444208326716561e-03
5.684548928458374450e-02
-1.227917268411917451e-01
2.793725960446125089e-01
1.056309964696948989e-01
-1.971667715561612189e-01
-7.474643282916079712e-02
-9.243546459320037267e-02
1.121350684450607149e-01
-1.325039069361029324e-02
2.144925912916487432e-01
-3.702712384926806072e-02
7.190580512556835058e-02
1.811926437323095884e-01
3.160753451990780394e-02
6.826521110762794053e-02
-9.513532166210243723e-02
-1.744139165883819287e-02
4.498694849053674893e-02
2.684473975882445754e-02
3.561261096463782388e-02
-4.633259884427140540e-02
-6.355550572727619585e-02
7.909378964240987298e-02
-6.329227974066881091e-02
-1.073993707344670645e-01
5.084784426540163438e-02
1.654390113794739214e-01
4.430478379467697736e-02
1.144112365677638354e-01
-4.975753906145784222e-02
-4.548259379229338539e-02
2.701594560369967590e-01
-7.275957952682471364e-02
-3.180319570289487363e-02
1.322101567142270340e-01
1.470997681305313658e-02
-1.742411049911847809e-01
-2.259300983485486997e-02
-1.117329435019504269e-01
-8.171754646897601282e-02
-1.624644667951287771e-02
2.943545488808003707e-01
7.264093029939390489e-02
-3.208397508453023766e-02
-1.082999942656156719e-02
9.569413949518034215e-03
-2.546550574858462423e-02
-2.167826521605841980e-02
-1.336928458228321681e-01
-1.238934575191733001e-01
5.222619389148296792e-02
5.003581442185008749e-02
-1.092645457832304712e-01
-1.506914187110706682e-01
-7.088293723711543669e-03
-2.334442307568121780e-02
-5.585449966817073592e-02
-2.509558403193954401e-01
-2.530469524532523717e-01
-5.466552200206430123e-02
-3.972149612254803619e-02
-6.267169668270371197e-02
-2.240155226696396648e-02
-5.382400413704702125e-02
-9.493149520195595659e-02
-1.162114149384116807e-01
-5.038640551705175774e-02
-6.262004978453604431e-02
-1.403571877507620580e-01
2.036710041393144655e-01
-1.299039539482077787e-01
-1.551132150569536905e-02
-1.063645625074662038e-02
2.268304086694325761e-01
-7.642053632410431008e-02
1.225322421020964662e-02
3.302812707378145751e-02
-1.235272754985386884e-01
1.185102028384538292e-01
-8.101500821147261666e-02
-1.330823538149076765e-02
-3.928824766838059923e-02
-1.698269763251664677e-01
2.486861478895826746e-02
6.887207422409701019e-02
-1.774037360051784196e-01
1.111987547529733056e-01
-8.163238508876713428e-02
-1.042286760170340609e-01
3.964203917980798492e-02
-4.475464222565457562e-02
4.851562755219686329e-02
6.513856619766250633e-02
6.811872013061921749e-02
-9.358132001755832541e-02
-2.044305884217451075e-01
1.514751559924771285e-01
2.288583360750515161e-01
-1.328277382059247190e-02
-1.123364931519266890e-01
-2.850956818615843838e-02
1.559528554007963974e-01
1.592826029945372257e-01
-1.780819017003773541e-02
-8.385767834143656452e-02
-8.227589905158420869e-02
4.331236247801252548e-02
-3.235742532140983840e-02
-2.851839313543532567e-02
7.678480412689871193e-02
4.974306294432657288e-02
-1.965586431116730093e-01
-4.713758905362043505e-02
1.853636137852328683e-02
-1.111995966498137839e-01
-1.031163784394814771e-02
-1.526933912559141904e-01
-1.188065681276705837e-01
1.542454786826180924e-01
6.781597487930939028e-02
-2.727422244814932673e-01
1.900614926500483470e-01
9.483603970276835438e-02
6.330553790406555359e-03
-2.544149174045258824e-02
-2.073402767334709407e-01
7.497384410182381109e-02
-7.190946718902448132e-02
-2.172217649919407079e-01
-1.435460041020331368e-01
-7.528247099748196225e-02
-2.785213049251339390e-02
-2.207566418432975741e-01
-4.470604597057238616e-02
1.261180324481432592e-03
6.547622561426917230e-04
9.726127771028941771e-02
-3.947086950469015643e-02
3.733397044771143841e-02
2.294960865139816508e-01
1.654578408848335624e-01
7.412539388841818400e-02
-2.939535555283276022e-02
1.722789835257435356e-02
2.001408883072005873e-01
-7.228539094235059137e-02
2.273400900580417050e-01
-1.371285893113973198e-01
