3.453526397871202192e-01
1.034477868919269627e-01
4.332132617682069586e-01
-2.436018545382753475e-01
-4.012203475866505525e-02
-2.964399243768623404e-01
-3.049986486383169937e-01
2.808151271375872865e-02
-3.100896347008388343e-01
1.095545388744296467e-01
1.177330315001549471e-01
1.515009037190233609e-01
1.473175656056045502e-01
-2.060075484501160403e-01
-3.445331796119476264e-01
-4.203392572246315156e-02
2.077969098822155525e-01
-1.543257720433671987e-01
2.503594164482070283e-01
3.742477644972250772e-01
-4.505130932024566798e-02
1.716047249208365807e-02
4.881500115441781557e-03
-7.688110005620384102e-02
2.627426423622074569e-01
-2.620736070239734067e-02
2.281470470339555523e-01
3.031574182740189860e-01
6.763647841389630599e-01
3.965555164852585524e-01
-9.721091373433900229e-02
6.607930743403493679e-02
-6.776676635023173856e-02
2.483874062959957538e-02
1.892396628645646658e-02
-3.113855247337686261e-01
-5.657875978426286229e-02
-3.452323908816055109e-01
2.976812644409534414e-01
2.447797195196693351e-02
3.186093982348673498e-02
-9.676742748473360356e-02
-3.968547771080266351e-01
-1.715292236373484047e-01
3.661455499526388574e-02
-1.129392330531120842e-01
2.692684815014044775e-01
8.766752467880571664e-02
5.062276007949315648e-01
3.690200449611077405e-01
1.417388088708956551e-01
-9.212500459713193757e-02
2.624655221672841376e-01
1.096360439545923660e-01
1.043452105951429842e-01
-1.984094867333640599e-01
-3.301731574845869210e-01
8.178094346682091009e-02
-2.773312232124952037e-01
5.728790246751813697e-01
-6.257660367565157089e-02
-7.374808080629192963e-02
8.591548339446120064e-02
1.560999953562485117e-02
-1.451201313828902328e-01
-1.878162267139220631e-01
-3.998733028023471747e-01
2.168192326810934878e-01
-2.824300789325849825e-01
-2.339371994988875270e-01
7.323381250590949021e-02
9.245606054275661012e-02
-9.919034611707726323e-02
2.824090259783521017e-01
2.430510529438764666e-02
7.810928235165430500e-02
-6.425358585983342863e-02
-1.505865537369001084e-01
-2.938463371124266921e-01
-2.285382481685603040e-01
-1.235085163512460033e-01
2.512689096297730101e-02
-4.388775543351370323e-01
-3.204756871216558195e-02
2.758409754238480005e-01
2.869441914105840263e-01
3.632336416671753110e-01
1.581257082844627349e-01
3.581474343597974147e-02
4.211361384837146449e-02
-2.169964116717756908e-01
3.748710719235434086e-01
4.520168275691229150e-03
-9.635062452111531339e-02
2.540049028165782263e-01
3.456978961077641910e-01
8.661786923911882208e-04
-1.240965353367283891e-01
3.692410050351247613e-02
-9.778769139559456702e-02
-5.813924661752963886e-03
-4.666752672545833591e-01
1.303787257675836087e-01
-2.756226058352532760e-01
-4.333656192944041474e-01
3.211242824345873492e-01
2.872700543516953572e-02
2.255150581648058816e-01
-3.144386033716297657e-01
6.969552896998179592e-02
2.685124765535520930e-02
-2.554459846707846649e-01
1.236108279161519524e-01
-2.786156607354112746e-01
-8.135185300570497990e-02
5.060093225738123562e-02
-2.276796799863092802e-01
3.366642069664612102e-01
-8.977899111415088562e-02
3.277359838543122961e-01
-3.688814594217030840e-01
1.570432614610353106e-01
-1.171895336510509200e-01
2.440771616387470977e-01
4.199534202686410617e-02
-7.316369929618153634e-02
-3.680333424434572565e-01
-1.832795514365043732e-01
3.251358255917074502e-01
5.622212736551542717e-02
-1.932870062682826018e-01
2.048779989438294646e-01
-2.959415698328535585e-02
-4.464520617021257576e-01
-1.487727519115485397e-01
-1.890354774062169840e-01
-3.276079041418390458e-01
-6.155460296150119803e-02
3.882493179123605032e-01
1.812617623163143565e-01
-3.300452088069646406e-01
4.483119918932132464e-02
1.714868377808472302e-02
5.922277034218246389e-02
1.353175828950500294e-02
1.110975960895568965e-01
6.678705346328418779e-02
2.367768409438989752e-01
-2.229692071405757481e-01
-2.144553462361374063e-01
-2.887696509150835533e-01
4.045767486275857888e-02
5.011493659018367852e-01
-8.284672982008331465e-02
2.126721843145192026e-01
1.647661817697660680e-01
-6.558517327501793837e-01
7.341535471359511567e-02
-2.736781487676149816e-01
2.188969265374557660e-01
1.394741050546216554e-01
-1.433066815338550626e-01
-2.866825856786660298e-02
1.220474160264867908e-02
1.746292446561532041e-01
-7.665846510774150871e-03
4.864189374349076750e-02
-2.433873708284109080e-02
-3.051868634404785938e-02
-5.712166503257399587e-03
-1.041807865129135563e-01
2.627637717283651808e-01
-1.894851592557546607e-02
-1.178304968368900363e-01
5.697143548035058652e-02
5.834897138397263094e-02
-4.569824190840371947e-01
2.362520765722636029e-01
-1.394725187975256742e-01
-1.002217651845763030e-01
-1.019015401009823185e-01
4.879287245936780870e-02
-1.483286163322510287e-01
1.723741157560886028e-01
1.812623412507489984e-01
5.927894541869759004e-02
1.095890529673607394e-01
-1.261855797631843967e-01
4.097307550400056814e-02
-1.119811909054270332e-01
-1.004100191809460807e-01
-8.610130639058719004e-02
-1.129181036869543742e-01
2.762933484093466618e-01
-2.409488613211661912e-01
-1.318635131099371027e-01
1.819135994215637098e-02
1.488933846816990411e-02
-3.406351675549907920e-01
-6.493796983268327327e-01
-2.142617883563056047e-01
-4.302184955927547128e-01
-6.069238153151787496e-02
-3.643595925486557419e-01
5.202448938688888219e-02
-6.008504037843920981e-02
3.291042971617708091e-02
-1.772202285851530168e-01
6.321249595284324230e-02
-3.043852681045099429e-01
-1.311695192125102334e-02
1.587914540842063627e-01
2.004599790088980871e-01
5.787873145315169943e-02
1.702163720418231330e-01
2.797049276478977275e-02
1.176590756458917864e-01
-3.954339265431544015e-01
-3.933544570329077783e-01
2.850470703442182022e-02
3.102873449555439145e-02
-2.286038415984240901e-01
1.329904227077909618e-01
-2.563360861062048413e-01
-4.025751876787850292e-01
4.268176327652901947e-02
-1.974646566335745354e-02
2.061562332172240108e-01
-6.526882746829130999e-02
-2.203265082209106968e-02
1.022924559155169583e-01
-1.180786337804479863e-01
-5.237278245950062472e-02
2.761994052854928605e-01
2.887220870100846160e-01
-2.071345455048528017e-01
3.376331930849973406e-01
-1.165675795070575671e-01
-2.120802791065044546e-01
3.737427762094078787e-01
-7.661296007069494374e-02
2.061775579968228855e-01
8.387439241065040851e-02
-4.763970194711526773e-02
9.088006216920903324e-02
1.161311399608418726e-01
2.947079152293561877e-01
2.501243984227092820e-01
-2.385101172061268593e-01
-1.843471740832446637e-01
1.073890978377881888e-01
-2.059803954755612121e-01
9.528657497115684827e-02
6.729905982369727147e-01
3.831982748443863995e-01
1.000000000000000000e+00
7.970134659617821304e-01
9.191079836827515948e-01
1.668895994986382414e-01
9.578859088562544088e-02
1.632962925651743578e-03
-1.594325362715909022e-01
-1.692313432381370164e-01
-4.503102469726483204e-02
3.360925923981091246e-01
1.866557932841730050e-01
2.203924684538574597e-01
-3.709115360393906990e-01
-1.967469206225034434e-02
-2.262654188049990521e-04
4.848849158689887973e-01
1.960363032142318496e-01
2.503786293699218346e-01
3.014292867535571172e-03
-9.966592878194063809e-02
4.130546410336721763e-01
-1.723219241146236314e-01
4.389501240731185083e-01
5.811277422062476328e-01
-1.796074364051013506e-01
-1.204997609865469665e-01
-1.960619476328805677e-01
-1.667240563981199353e-01
1.161678520792457647e-01
1.068769526552367996e-02
-2.538682637621266641e-02
3.024756284998602607e-01
3.523021817861575200e-01
-6.769102637565631297e-02
-2.303538399160042632e-02
2.832855084229336518e-01
1.581512106233023407e-01
-4.663695300527464366e-02
-2.053002794153669097e-01
-3.050614636040774666e-02
4.615151813216477050e-01
-4.118725418929659599e-01
3.671226419700406307e-01
2.260856483488711821e-01
-1.258823940673180763e-01
3.977805407495541568e-01
-1.133860436523825149e-01
2.173777367977841879e-01
-9.433051364651937054e-02
2.864733336947044573e-01
-1.541021276662269124e-01
7.932412272478111051e-03
-2.196685935718550031e-01
2.573391541904052060e-01
-2.033038090581229529e-01
1.378173917211184263e-01
2.376528148493179393e-01
2.812243597742457579e-01
-1.699896616027660873e-02
2.673748021533271513e-01
-8.689402264019366329e-02
2.056127975118803367e-02
1.552126097686867823e-01
8.411940041796997503e-02
4.121272500496094005e-02
7.864625050294464514e-02
1.677956844838397396e-02
1.141894210025305861e-01
-1.238781948430501406e-01
-7.699976270460805183e-02
1.005865062523009917e-01
3.358639184126769317e-01
6.076977966254095732e-03
-2.414823400935173781e-01
4.966898715530169983e-02
-1.919940886087013465e-01
2.041431084064387891e-01
3.965373306125654501e-02
-1.845370456665148054e-02
-7.298908006298157614e-02
1.570119724424825017e-02
9.776210159988658888e-02
-2.884291037711212424e-01
-7.530939579366732750e-02
-3.528568773815347615e-01
-1.454228316178575731e-01
-1.821524912924425699e-01
1.829436417846574681e-01
5.585952841104316335e-02
-6.782410660153405380e-02
-1.213377787370894523e-01
-4.675655641034446308e-01
6.141646759930727978e-02
2.840902718893343892e-01
-2.238467355434537939e-02
-1.195820138097551666e-01
-6.961507380210103790e-02
-1.953421155362421724e-01
-1.661212132359358995e-01
-1.557589271673334164e-01
3.591142390419871933e-01
-8.479930658165697743e-02
2.824026761366807761e-02
4.020091803639089800e-01
5.594187577611064999e-01
1.743974417344971439e-01
-2.372895520821018955e-01
-9.275655673558386161e-02
-1.732790742021525499e-01
4.723433443189984510e-02
7.978552173259383096e-02
-6.779505295489667016e-02
6.685627706258755187e-02
-3.996535286604481485e-02
2.732812844673138675e-01
2.261786059390767378e-01
3.337976928386597320e-01
-1.105136151620508822e-01
-8.580068646884135564e-02
-3.801555783045526549e-01
-1.204196795839812262e-01
2.107160346711526092e-02
-2.148410514258875317e-02
2.704393490735478300e-01
-9.043545088467649928e-02
-2.030597319615399243e-01
1.129478442246137221e-01
-3.180423237745604870e-01
4.501508818084999364e-01
-1.335332434215660280e-01
-6.398235578869561346e-02
-1.049782119392016211e-01
-4.217715814004761032e-01
4.090730982062718013e-01
-8.015416135705956402e-02
-2.133840934199285055e-01
-2.946241430177282683e-01
2.850608928712544676e-01
1.594118437600877958e-01
-2.729762986639894598e-02
6.418478334280981745e-02
-2.271673925089744139e-01
-1.494974728259784447e-01
5.554999867512583345e-02
-1.297088121642777092e-01
-1.080609935533922428e-01
-3.572191603838416607e-01
2.362081756706609081e-01
1.905795577163658938e-01
1.257881523007944591e-01
2.418772380538370681e-01
-1.003339272300832891e-01
-1.006039967676749733e-02
-2.774922380667359523e-01
-4.607544377583805972e-01
1.805493959426781453e-02
-4.760218393615851112e-02
8.208101599880915367e-02
1.393870618269607842e-01
3.077156064385587753e-01
-8.154850827708361172e-02
-3.144686110072819063e-01
-4.207520918375199925e-01
2.158987558613880420e-01
-7.711466285944204579e-02
-5.762145636183418212e-03
1.050624380670514280e-01
-1.516142176167468436e-01
-1.728155460600157844e-01
-1.357797829391275690e-01
4.349439005717626872e-01
-2.220844872897930200e-01
-3.166534761514396279e-01
2.299314905533616504e-01
2.257325539153508531e-01
-3.609854843478697561e-01
-1.873924376864785357e-01
-1.241277554641760233e-01
1.660699914419490678e-02
-2.548804556396883636e-01
-1.999531848117991062e-01
6.334369394367556257e-03
1.712312385957154293e-01
4.368399818251673117e-01
-2.450491502998536006e-02
2.068416689331825931e-01
-9.927451044489615795e-02
6.632252336620916289e-01
8.089818007154242485e-02
5.204577531589280048e-02
1.759419226272359027e-01
8.270448265260696777e-03
-1.400717837484032752e-02
-2.294413350374581440e-01
2.313484089540903885e-02
3.166430032445389370e-02
2.855117560115674191e-01
2.067518718238924857e-01
1.972806338737924658e-01
-1.085469727993346317e-01
1.613825617420957259e-01
2.463447916718568553e-01
9.792189665638491303e-02
4.495799007975232464e-01
1.309381061720701067e-01
5.350383499914450613e-01
1.852774988049918914e-01
5.024315665486706051e-01
1.841421419904599663e-02
3.660695961283695621e-02
-8.358260589115128203e-02
1.284998002009359597e-01
-1.778503570460224781e-01
-2.035362613094856554e-01
-8.865606121232148806e-02
-1.347760326912784135e-01
-4.470536292831892022e-01
7.372357848418124859e-02
1.181296444747799851e-01
-4.521319503438872567e-01
1.184323012178823027e-02
1.872847019473145580e-01
1.417730729274448709e-01
-5.034908873244439004e-02
1.300371153887395770e-01
2.213323463028300520e-01
-1.283037166868727375e-01
1.798266045803165181e-01
-7.584802652780275010e-03
-2.714828601390584240e-02
2.103129195893473080e-01
5.630472219273031653e-01
-1.859890632400316990e-01
-2.741314599697971532e-01
-3.255224387426128990e-02
7.494034492864527081e-03
-2.955570348028755956e-01
2.578288886240144295e-01
4.223903895466347147e-01
-2.630410386443677098e-02
-8.604938657448817085e-02
1.369519867319850259e-01
1.719138065429077350e-02
8.703084099211282065e-02
3.813486687331038016e-01
4.352074406264569428e-01
2.134636807663832514e-01
-1.489385352066091052e-02
-2.625467627280133054e-01
-1.637954370589418951e-01
1.141985615998618829e-02
1.230009683059611197e-01
-5.348541413589840143e-01
3.759875716177475957e-01
-1.455364331132928124e-01
1.200801093784841372e-01
-2.131229079535823245e-01
