5.001716030949836939e-02
-9.825171124882658980e-02
3.667732885293926298e-02
-5.758327124057394109e-02
7.406188809177495502e-02
7.343545467610212985e-02
8.606772742276877497e-02
-8.069963809465417748e-02
8.286195802956136669e-02
3.700630128104609451e-02
8.826698670144909886e-02
-8.802453438692696419e-02
-1.362477099335270281e-01
3.099736086891832776e-02
-9.400493001386130143e-02
-2.415261220448104013e-02
4.540827245336461621e-02
1.268037466361208732e-01
-5.748265709399218854e-02
-4.291550857833696664e-02
-4.971311408951064464e-02
3.347903045016917961e-02
3.957058184732006878e-02
6.460829256006973831e-02
1.148805088376198824e-01
8.013836989886978512e-02
5.692136054061130990e-02
-1.165669942551207511e-01
6.966108281779113433e-03
-1.251935495057280960e-02
6.681205144756922898e-02
3.499025295517519535e-02
1.699222975224208565e-01
4.126657661620376089e-02
8.975414039875512229e-02
-1.451433420795275771e-02
-6.922715519091203473e-02
-8.841818080623836673e-02
-8.311680383027381103e-02
8.659098585183006708e-03
3.252506776080665851e-02
4.406671953830738203e-02
1.123627242291589529e-01
-3.942437640600706533e-02
-3.087517224637750107e-02
8.292646660145773507e-02
4.133414636877290327e-02
-1.607968908052292978e-02
7.349394013823787319e-02
1.979061955649561236e-02
1.310174314881457358e-01
-7.628918674816380363e-02
-3.284612050618982565e-02
-6.457640896122433588e-04
9.515912653425091794e-02
-3.929220828249253145e-02
-3.128080344374643829e-02
-3.406444307391275073e-02
-9.153235890183930579e-02
-5.941011858773641990e-02
1.021595169233744105e-01
5.179415748968544536e-02
2.271243151486530137e-02
-6.098747241715958556e-02
5.842951241241425148e-02
4.663848527382532388e-02
-1.812126827357157452e-02
-4.524107829008497395e-02
7.215991020255138610e-02
2.356418093645663153e-02
-6.146670120311785446e-02
1.033477570261725903e-01
9.794422349762982316e-02
-1.895201952066597265e-02
1.328230585263101005e-01
2.411398394046384078e-02
1.161422614562179212e-01
2.519258232144543433e-02
8.545765078479686250e-02
6.180799839744777202e-02
1.103195979038430891e-01
4.007669485581861341e-02
8.253730088590491287e-02
7.563153461745858452e-02
-1.231574239836294715e-01
-3.266442832805111635e-02
-3.213113806852271187e-02
3.502316974000639627e-02
6.655052588910968792e-02
-4.633175124817313223e-02
-3.527982734387914709e-02
4.344563273279788626e-03
1.006356095093598191e-02
-1.046445180290512915e-02
9.328124108405869142e-02
-8.268192263439447937e-03
9.046004327226515873e-02
-1.361314107826156958e-02
-4.607489071784654638e-02
9.085512339345780397e-02
1.569391035500737608e-02
9.257968185259553284e-02
9.004240839177247990e-02
1.784660278188623939e-02
2.167579167275078891e-02
-1.994056428377240925e-02
4.059190160728086416e-02
-3.911807216758061978e-02
-2.789580181757822606e-03
1.181386507841533789e-01
-2.560549576159331861e-02
-8.928364173626367195e-02
6.903516212571354782e-02
-9.054852642952292141e-02
-1.566452671154290044e-01
3.892590423053804427e-02
-8.860614658623536255e-02
1.768132409663582608e-02
1.344213301837114960e-01
2.674014298789972530e-03
-6.314631556297488346e-02
-6.677721445844364556e-02
8.978998602881253788e-02
8.663679714463133619e-02
8.346558146757694641e-02
-4.184917382510706246e-02
5.128474698721192243e-02
1.453770922875914084e-01
-5.583947442117736387e-02
1.215908818717440637e-02
1.048002766608068514e-01
-3.047728616288048267e-02
5.841432939197223340e-02
-4.446539531054437841e-04
8.063835581975763167e-02
-7.614216644282922886e-02
-8.492572363614242503e-02
-6.805114563200391486e-02
5.900619491269099015e-02
-9.253826086682400342e-04
1.535687366975231616e-01
-9.097222222989741203e-02
-7.216877738772992101e-02
2.824496328214021537e-02
-2.213541847895332884e-02
-1.644045652513550018e-02
-9.100678539858074456e-02
4.668913209645603191e-03
-4.213315016500537857e-02
-2.204980302844481224e-02
3.066804814966481857e-02
-3.936754678025373988e-02
-1.290283102241993607e-01
-6.764558060235825732e-02
5.571626740218765111e-02
-3.475870618677707330e-02
-5.250350840096650214e-03
2.080587367030383578e-02
-4.782062694959043209e-02
1.288309347381120552e-02
-6.792050573569040350e-02
-2.506331026227662587e-02
-1.145798593631864454e-01
9.468867010516468508e-02
-4.329591611581319610e-02
1.192681974691100905e-01
1.332705064745636769e-01
-2.563417288223330051e-02
-2.462317261141734256e-02
9.988638120641619988e-02
1.030425698298064602e-01
8.353607533909597482e-02
-5.475723561208132098e-03
-7.379054805794230294e-03
-9.001537795797136254e-02
1.174135878136196333e-02
1.867180618882840560e-03
-6.551246682689611245e-02
2.708665913001919237e-02
3.143562054889403184e-02
-3.727200063895472204e-02
4.551658709414840333e-03
8.698367348270069632e-02
-1.506800639614669923e-01
8.247396607126183943e-02
-7.679124914311624694e-02
-6.926913471811207111e-03
-8.146019322498428139e-02
-8.139259511481865272e-02
-1.080977888951202143e-01
1.774274313026293418e-02
1.930656504936134610e-02
8.398850761826824954e-03
-4.904502934226136895e-02
8.626858234091276667e-02
-6.848392572280623258e-02
7.130333505978406206e-02
-8.079151977779660751e-03
4.852347306570611862e-02
-1.639551715211996427e-02
-3.423152883605831698e-02
-3.821833845439116459e-03
-4.267107709507025892e-02
-1.890125081480007255e-02
-5.282917960853106276e-02
-1.244180831914985241e-01
1.301968558589133851e-02
6.654573797806608015e-02
-9.655020116393747340e-03
1.353479927391278981e-01
4.408885365993082256e-02
-2.934178726215714433e-02
6.582916114546907838e-02
-6.521210535170599010e-02
3.622615804677455781e-02
3.218364738057375579e-02
-3.369076285982183783e-02
-8.848342403264505482e-03
-9.927824901003788616e-02
-1.809909634182134408e-02
1.304642081072528714e-01
-2.856064986873594475e-02
2.149491669862852155e-03
-2.120572310046063905e-02
4.569320514228021601e-02
-3.032127609243225747e-02
1.600006807919182247e-02
-1.177331994878803995e-01
1.381581694911502949e-02
4.738921408995935836e-02
-1.127923630957508999e-01
2.179316833933509778e-01
2.909050999586167835e-02
3.784101334263757083e-02
3.899622795648373386e-02
4.387097083432286299e-02
-6.385564353963572859e-02
-3.836425853943687542e-02
7.394416096493977575e-02
4.276531808522206907e-02
2.350819422934023392e-02
-6.081663852248780228e-02
1.188909550901566942e-01
6.640744749320599827e-02
3.734074384578483369e-02
1.944464285225055988e-02
-5.912663850576826280e-02
-3.113854269185898499e-02
2.017120363274104433e-01
-9.074714253727551860e-02
-5.278722579592912828e-02
8.677169561019666688e-02
1.515464667587274050e-01
4.608456699114044652e-01
9.618357796060275078e-01
1.000000000000000000e+00
8.527105841880940895e-01
5.301346433539280145e-01
2.160853755514228758e-01
1.296904660840210444e-01
-1.844320452771311403e-02
5.857776791646585046e-02
-7.779041587638740873e-02
-2.723577984373644692e-02
-6.153926682243633650e-02
-1.111505054207021226e-01
8.542890233018544596e-03
5.003004944764536527e-02
3.833216073893010861e-02
5.250271981125227694e-02
-3.593522618241640210e-02
6.061477188043615932e-02
8.656584009903818544e-02
-1.050875129875345065e-01
1.048179631625333619e-01
-4.290409567846314998e-02
-2.556682999043606921e-02
-5.705813728005255242e-02
-1.357736329810959874e-01
8.940951188359644655e-03
6.007845352409661721e-02
-3.051068975310595316e-02
2.349908158131593094e-02
5.644754990236270503e-02
-2.551577298234572813e-02
-6.119230068531236050e-02
4.011376623205156755e-02
3.062415965098632883e-02
5.683661636633060427e-02
6.091818035750361238e-02
1.465692076921029825e-02
8.148073737495625801e-02
-3.815858262638762571e-02
-7.009154634153411112e-02
5.567086958137433539e-02
6.729364192682954493e-02
-6.159342282132623109e-02
-4.810529849058294179e-03
-1.691262515349733486e-01
-7.768684925325369806e-02
3.328157864713397057e-02
-1.734216481781744590e-02
-4.357265305231124847e-02
1.026471683225221448e-01
-6.767955651076166049e-03
4.468802002551357927e-02
5.340547425201171150e-02
-2.503961955585567653e-02
4.811244855527078111e-03
-6.137863426025268188e-02
-4.488862783752805424e-02
-3.017726497883702758e-02
-1.079103004679927841e-01
1.103197881577889540e-02
4.925328405386753677e-02
-1.198305243484836802e-01
-2.055547609545620852e-02
-2.098361478946250344e-02
7.909062128119069557e-02
-2.994894450743872810e-02
6.127714072521543015e-02
8.970088403368951802e-02
-8.818901268994358555e-02
-7.890371448776402341e-02
-1.074145920214229361e-01
-6.078480449255454707e-03
1.184465600733183507e-02
-1.955651731788517547e-02
-5.092464152283002893e-02
-1.764077472804383064e-03
-8.114956897584230111e-02
3.769055848161071559e-02
-3.668949353208717651e-02
7.326238883757430409e-04
-1.538783800659913360e-02
-1.229431978482093540e-01
7.665696170615844685e-02
6.286496055802542893e-02
5.333629592571723782e-02
-8.111203442554082432e-02
-1.601880659841653509e-01
-8.238728939355519434e-03
-4.078460361238037818e-02
-9.518496018544088388e-02
-9.357006235318034160e-02
7.390491034007050548e-03
1.045955015848882425e-02
8.139648000607542511e-02
-1.151631652090040481e-01
2.248491615197154014e-02
6.623443787288470219e-02
5.692953859126899559e-03
9.890799523940037308e-02
-7.498295793061875159e-02
4.469241093021753680e-02
9.378988120517306459e-02
4.213242794661731239e-03
1.404535371415856215e-02
-3.379625471650181401e-02
-4.271612282836151136e-04
5.460112390378909358e-02
-9.114099218602748909e-02
7.667793152306448534e-02
-3.572964006841617551e-02
-5.711092101851933389e-02
-1.430179699277669796e-02
-1.211030359989581362e-01
8.685554652020754940e-02
-9.209793098327331839e-02
1.284042949140348222e-01
-1.087697146569261142e-01
2.947925980000865379e-02
7.791875213488887175e-02
-2.394014115702825657e-02
6.629447046729324000e-02
3.062695616076040184e-02
1.165826099093338238e-02
5.964708350384421293e-02
-4.667944995652947848e-02
9.277215008800177715e-03
-1.061685552880399161e-02
9.040979609894450597e-02
-1.000748199159931656e-01
-6.616416831856222758e-03
-4.313719933464551376e-02
1.526810499671223294e-02
-6.929708499349387929e-02
-1.325996727831897648e-01
7.292529269733563635e-02
-1.075958890729026597e-02
6.200405595201226305e-02
5.843925529710460726e-02
9.888686945572203180e-02
-4.827335434055263219e-02
-1.044553589431321261e-01
3.296738750685875713e-02
8.536676534411001549e-02
-4.489934905927769199e-02
1.299620417344559686e-01
-4.891891456580141524e-03
-8.671700892921235804e-02
6.323135410604778517e-02
-3.954690562268689535e-02
2.961771855076140297e-03
1.183888265274809781e-01
-4.220436242896132700e-02
-2.721057981517507884e-02
1.875623742983308431e-02
1.392355234244594710e-02
4.548095314634719583e-02
-4.214578716777098166e-02
1.562857941282961780e-02
-1.228757793361529571e-01
-7.460153260266710884e-02
-3.373169603534709269e-03
-1.030748566809583516e-01
-8.333702307457431513e-02
7.687759850515414606e-02
-9.335530864763022995e-04
-5.389477069470895859e-02
3.429980886882550567e-02
7.996317510037427578e-02
1.096758340996808190e-01
3.329180361095344237e-02
2.616971582796739915e-02
-8.562494480563488664e-02
-1.693535513693005673e-02
-5.902040770830702110e-02
-1.787575755837133434e-02
6.081870215804837526e-02
1.040995272641133673e-01
9.322159108080863704e-03
2.064148044007668367e-02
3.553611569303526813e-02
5.073119749396784450e-02
-6.769732291902387511e-02
3.050325603341175196e-03
-3.486152441659923218e-02
-5.530432533221169532e-03
-1.433978446004925966e-01
3.617154360008129066e-02
-2.359226308697079475e-03
6.436344020270153704e-03
1.365221857686049478e-01
-4.869464306467106464e-03
-7.707127884731294898e-02
4.805419039387317376e-02
5.339162095559528420e-02
-2.312460601423751635e-02
-5.726284739155422521e-02
9.278766747002457904e-02
2.174858106985417747e-02
-1.078986134446899697e-01
6.754263918663870603e-02
-1.517180006801871484e-02
-3.336233867857299473e-02
-4.118376294114611119e-03
1.380994970616361839e-01
2.831181936853758435e-02
-9.682013279434959494e-04
8.166811709796847896e-02
-3.002439170932074894e-02
-5.087989120045401797e-02
-1.718631544041785905e-02
-6.129036881421209143e-02
-9.595138718501329544e-02
-1.720885602091125344e-02
5.302502890440309591e-02
8.864747150246825302e-02
-1.115025099609673609e-01
-6.035258354086056425e-03
8.272115625417583717e-02
-5.088856454215484777e-03
4.358498418808881558e-02
-1.086978532512435230e-01
6.101989264107389455e-02
8.175821325223557590e-02
-6.779356506596226351e-02
-4.747286515649221800e-02
-2.422581586970652331e-02
-1.286655450087627606e-01
-3.161380121078988248e-02
-3.378452988307781985e-02
-2.892480933263766665e-02
1.088764997678075136e-01
7.176083310001862836e-02
9.261933233036655222e-02
-6.240057316105988849e-02
9.623369957629590576e-02
-1.034956567199738636e-01
1.861633364498252452e-02
-6.649566906255205412e-02
6.624612016992235952e-02
1.083025426469083098e-02
-5.961695243595977606e-02
-9.166709030481270948e-02
-8.604137780769708851e-03
1.224835251862421530e-02
-6.399146362707296143e-02
6.782194577214450959e-02
-7.697977262249594554e-02
-3.519817579084911358e-02
-5.861648433624832427e-02
1.079285460094045884e-01
4.244772074686226082e-02
1.131322754941459924e-01
-1.392807424229385374e-02
-5.933306116884532605e-02
-3.084021515433592667e-02
-3.201947021828560613e-02
1.747553529018348872e-01
2.985448714636676840e-02
