1.624448785148362717e-01
2.650683674122519262e-01
-4.877723968712168734e-01
5.754750573688434123e-01
-1.830104628358155960e-01
-2.560912018985844751e-01
-1.001163073896027544e-01
-2.098232493344115712e-01
-1.182105189006069507e-01
-2.334029291215816426e-01
-7.154434722382674305e-02
3.017486725127861980e-01
2.307784947468361214e-01
3.921761420559210370e-02
2.373440017840589278e-01
-4.164098918048741993e-01
1.354346225470284826e-01
-3.579717229561171082e-02
-3.275201151354125706e-01
-1.603851299956291776e-01
3.126717329269332324e-01
-3.724097774261265342e-02
2.872644183929894471e-02
-6.479289317804076687e-02
-2.325104043519213293e-01
-2.153845589312978759e-01
-9.063999832856398098e-02
-7.937792934108335585e-02
-3.749536420953600846e-01
-2.950585090500073560e-01
-1.074451060443924050e-01
-1.821087660797568175e-01
-2.661504862170236962e-01
1.373175867773905323e-01
-2.078293282702318306e-02
-1.502913201462311443e-01
2.825264256977059671e-02
3.436772952678304044e-02
-3.833417850641595570e-01
-3.638100414870586163e-02
-5.601661348604241031e-01
4.049302635997278355e-01
5.157295760612856661e-02
2.631989731019836465e-01
2.357342333883835905e-01
-3.023867853771982084e-01
1.092447794256846960e-01
-2.874586769752401905e-01
2.300294834364843000e-01
1.171965214577079806e-01
-6.474736751406919011e-02
-1.829861539465084674e-01
1.326546937623793165e-01
2.771011449613790534e-01
7.973622085388328007e-02
4.611031330985911336e-01
1.091993268660086114e-01
-1.378832534505113894e-01
1.217106161716487557e-03
-1.887210314956526969e-01
2.297144922773425042e-03
-4.075674531498049147e-01
3.314699105609850149e-01
1.021678136223819894e-01
-1.205636679582002130e-01
1.362004839516763322e-01
-4.853093880835209623e-02
2.701365043176561301e-02
2.865872784977940152e-02
-7.610034162090198451e-02
-7.778039379315934698e-02
-3.458092994328245129e-01
-1.851453748729101068e-01
-2.492761393798108571e-01
-1.426505484006916069e-01
1.963458502626156399e-01
1.080830075316925876e-01
5.723285043024605584e-02
-7.368833248749532272e-01
-1.625593416163485516e-01
-3.485451545811086294e-01
-4.648724892730141667e-01
4.555723736774550808e-02
-1.280539166727419909e-01
-1.344926872406568552e-01
1.952097813873380702e-02
2.874651316350794739e-01
-1.360086046108726632e-01
7.859409875172215787e-02
8.463949736404685620e-02
-4.241984241264459832e-02
-3.552683091762639522e-01
6.542274043843555875e-02
-3.174426017993662863e-01
6.635344703224621554e-02
-1.539190315279857779e-01
5.406327908751228789e-02
9.243411416571786776e-02
-4.819454187304957060e-02
-1.229378457309354689e-01
-4.530690219817126163e-01
9.008436023753527144e-02
3.184256229850827014e-01
-5.952400239501312931e-04
2.554521174832518060e-01
1.716991062026066717e-01
-1.100139908312441558e-02
1.569101133262618131e-01
-9.485154156341277232e-02
-2.467796649224129890e-01
1.157315723403566504e-01
2.201968246335626322e-01
1.769487397343241439e-02
-4.433528471446469832e-02
9.008588997794763145e-03
5.830737298331860607e-01
1.899144235344849274e-01
7.360699979820971295e-02
-1.004421952661272849e-01
2.677237533956478011e-01
7.246939058497087194e-02
-3.442015113814115429e-02
2.166395119836355132e-01
-3.943257379556407982e-01
-3.898244471980297915e-02
-5.203572399388413094e-01
-3.660150437915681287e-01
-7.650182155677818230e-01
-1.609472645974101557e-01
5.776705110283672506e-02
1.530433973726472718e-01
1.387497548085529775e-01
-2.518467479555803329e-02
-1.443194542313637752e-01
2.167482387482043416e-01
-3.858743267710242064e-02
4.296708899385232594e-01
4.221071503774926903e-01
2.480878217466012392e-01
2.281494232612981399e-01
3.493597892396420601e-01
-4.360254320216416235e-01
4.330503829110880498e-01
1.430596932111290465e-01
4.640864544180123286e-01
-2.232373103637181333e-01
6.708675726115909121e-02
-1.771983337893130173e-01
2.612433327698578944e-01
-2.861263248860289599e-01
-2.019503363801475604e-01
4.817405941879636215e-03
1.677511794436743198e-01
-9.573367821857914350e-03
-6.557050695377263094e-02
2.732566485866764761e-01
-3.408643894514660350e-02
9.403302863695288394e-02
3.821508810571146164e-02
-7.452827457272820366e-02
-2.248834324369295146e-01
4.060274867231571383e-01
-1.722340185932428325e-01
-1.148581763658342164e-01
1.432652734248986669e-02
2.025472144948309849e-01
-3.302177572061823496e-01
-1.220662034678261509e-01
-1.271410735750794774e-01
-7.505159006753307771e-02
-9.267036222189851957e-02
3.484393723917414420e-01
4.176224113079386457e-01
-4.233541980733273036e-01
2.421818729279845983e-01
-3.437951276952007640e-01
8.621255062973240749e-03
1.854827420282090245e-01
3.158820140299854473e-01
1.681152803977132015e-01
6.410877824203205406e-03
2.326792534381672342e-02
2.336196396793283614e-01
2.263446089749195644e-01
6.109605629920440706e-02
4.403125853358512698e-01
3.216158469239135398e-01
2.138601786308806096e-01
4.648115370271626440e-02
1.414289692046072355e-01
-3.577611232714280470e-02
-3.031280454753755293e-01
-2.483107610464689585e-01
2.526911281032938050e-01
-3.106570714459618854e-01
1.011138700463335705e-01
-1.843257939781136863e-03
4.256772494561154030e-01
-3.359940236494022292e-01
-1.471837549712082249e-02
-1.453218653760174617e-01
1.022235140770181155e-01
-8.501668909243643990e-02
8.783274031328057452e-02
1.454475140082350237e-01
-3.162851234814471058e-01
1.625573169302404510e-03
-1.120735153794133743e-01
1.859396316050237552e-03
-1.063940458677418710e-01
-3.185428545307844583e-01
-2.032460423746593192e-01
-3.131023164866958974e-01
-1.049208963148941659e-01
-2.427918849988744410e-01
6.824233839719216765e-03
-5.377479345501012808e-01
-1.106455572224238210e-01
1.212995884942013464e-01
-2.006581404703104976e-01
-3.884933596163151620e-02
2.465169037112845407e-01
-7.665539354669818894e-02
-3.519020206023710795e-01
1.009949997444456599e-01
3.817717641445437793e-01
1.183821111667539144e-01
-5.789711092818409371e-02
-2.431486067906302173e-02
-5.128231350715209934e-03
-2.912761066140135413e-01
-2.602524141633945631e-01
-6.693452236967967206e-02
-1.093922116729268840e-01
2.705610227220435204e-01
-2.706551846216092086e-02
-2.942581639653692460e-01
2.953176113060958508e-01
-4.620429399054475361e-01
2.498358803255230076e-01
3.699070401445405179e-03
-6.295042999269664930e-02
-6.104651015148810506e-02
1.322016932975204617e-01
-9.315803442627006159e-02
3.131274387898595468e-01
-2.212304093615830580e-01
3.551383159266312262e-02
2.672598677530031441e-01
2.566597074583417681e-01
-3.297258504028918735e-02
1.160533859536947432e-01
8.431774625739971163e-02
1.355510586728218281e-01
6.292058051949980246e-01
1.000000000000000000e+00
8.149798683833312518e-01
6.182520948559886431e-01
3.711197371503927589e-01
-2.769595340838860165e-01
4.693440473378850120e-02
3.345207159594718593e-01
-2.162138931979469270e-01
3.030562977426953242e-01
1.704716677785772516e-01
6.242447701731300702e-01
-1.938342402332147718e-01
2.166723555765524556e-01
-1.038617400604067709e-01
-2.675074608078774618e-01
-1.497516456313835453e-01
1.248925444345617974e-01
1.757491716539690343e-02
2.721588194337669075e-01
-2.350305297600411014e-01
-1.892454924737220490e-02
-3.422163122391185808e-01
-7.389994124625464123e-01
2.438077810308161841e-01
2.016985334511003924e-01
6.276659863078468682e-01
-5.655166939554642780e-02
2.894135637383704052e-01
1.996374883795580812e-01
-1.560892213340547285e-01
5.182674030115093089e-01
-1.275536007186546701e-02
2.510473146533640509e-01
6.627606998207490052e-02
-1.612439964276289051e-01
4.845802284996205134e-01
1.660550641981858866e-02
2.919148002450453350e-03
2.782602215154585945e-01
2.748080942920986813e-01
2.446653310462329201e-01
4.591286577193966489e-01
-1.618020255128779505e-01
-2.528822684654792874e-01
2.094724558057613761e-01
8.206467430553851528e-02
2.006268831850622492e-01
2.182604579742600526e-01
1.070801053127855840e-01
6.435361810852843756e-02
-2.862360650524499173e-01
3.388309886301428264e-01
-1.139417188258931152e-01
1.140212357646773755e-01
1.573200323614171170e-01
-3.438599819669026312e-03
2.135733291742000772e-01
3.584060731824534329e-02
-3.968917232958085184e-01
-4.777974679213112807e-01
-1.161722681840929028e-01
-1.134861868952179512e-02
1.469060802391183029e-01
4.829949605823859182e-02
2.910775840907421641e-02
-2.371689831351187217e-01
1.823074981861098898e-01
5.083916421231247096e-01
-1.794796739384408313e-01
-6.668168671390807545e-02
-7.163709108737920106e-02
-7.046537243872860179e-01
1.536602190272307877e-01
-3.625800767452656143e-02
7.923791403792079802e-02
-2.984505797359858770e-01
-8.928356726049956060e-02
2.536054232285442911e-01
-2.189009077250820418e-02
1.602577549125898115e-01
-2.517671818459017996e-01
-1.294119359187933249e-01
1.035088466237383265e-01
1.860421812901145444e-01
2.213069072899830347e-01
4.371839118129212665e-01
3.837851523907878648e-01
1.234219646687951116e-01
-2.651876882683673609e-01
-2.948028111900284354e-01
6.433351909339417307e-02
8.777113744882515667e-02
-1.311473961285419265e-01
2.178343467833939173e-01
4.087529684236682059e-01
-1.714299441110806177e-01
-1.402967414044945793e-01
3.519642382235559919e-01
-5.554751410518906640e-01
2.937096292061033287e-01
-1.071651723993647110e-01
-7.244799767933131351e-02
2.659510723150649292e-01
1.033008993491125599e-01
1.763466636576193070e-01
-1.960056940073677811e-01
4.397037654596556155e-01
-4.294767125720239109e-01
1.689793489105844426e-01
2.339313097553288312e-01
-1.438368278410993018e-01
-1.331694816060283171e-03
3.238066787284936132e-01
3.336799252685133249e-02
1.460365585397866983e-01
-9.793991269839617819e-02
-2.787083625664769915e-02
6.669867108828485269e-02
1.694814476307434370e-01
6.517037466174528670e-02
-3.611506282393306955e-01
-9.952820315562622977e-02
9.570114037862231804e-02
-3.679529043294086921e-01
5.786661273057819299e-01
5.011452451374599493e-01
-8.277097157798249394e-02
2.440386620677978315e-03
-2.187380404207356632e-01
-2.407670892472272284e-01
4.172201733708238991e-02
3.488807979474342069e-01
-7.144700730890156393e-02
-2.720474617063318168e-01
-2.818412282979819161e-01
2.841301090736841339e-01
1.882612812919797485e-01
-1.824583780113173126e-01
7.566840897846708325e-01
2.529202429616442174e-03
-2.557931123402637508e-01
-7.258003052894118623e-02
8.233958333163111931e-02
7.953456216625807984e-02
-2.915692104142061924e-02
5.855326208885079653e-02
1.586281486655795880e-01
-2.152772635385575284e-01
-5.386667814250439140e-02
1.460118735314346605e-01
-3.067011010576916052e-01
1.209563311859064398e-02
2.450164156611222832e-01
6.780137865155708154e-02
5.105868854492773973e-02
4.409227765278963401e-02
5.903418134725779698e-01
4.468658907786681733e-01
1.090798535249502994e-02
-1.594079055311668769e-01
-3.007633114504426608e-01
-1.677059268720123841e-01
6.556329739403213286e-02
-2.739160725252018924e-01
-3.249255172716913886e-01
4.169491576164257585e-01
4.229248678840441533e-01
-5.168020242066967418e-02
-2.190194054375732835e-01
1.117438130725590256e-01
-1.013109440716652432e-01
-1.253310884611933962e-01
-4.385303444322659339e-02
-2.351451170834792104e-01
3.111641516032002674e-01
5.349657164670241771e-01
2.705705602298822954e-01
6.905420187345523431e-02
-1.939173210360969346e-01
1.447505468593092703e-01
1.667744873649842641e-01
1.607239804318615350e-01
2.877184790208453524e-01
7.698334820754018648e-02
-1.724089029621022895e-01
-1.340778897951388771e-01
-5.721917748341701082e-02
1.652981307422297930e-01
-3.948362433757734297e-02
3.012549829433869286e-01
3.852617283263917169e-01
2.615673400512506519e-01
9.453675684661773382e-02
3.206855713485255721e-02
-1.030148977608764532e-01
4.847489805482252945e-01
5.659616972915566119e-02
2.094251332485209949e-01
-2.335912059486169867e-01
-6.933335389740294397e-02
-4.574640337472567903e-02
-7.850745728600311280e-02
4.889173798466796561e-01
5.010157089706356315e-01
3.146802139601626025e-02
-1.450700431221165210e-01
6.732254416550766118e-02
-1.972418551944737919e-01
4.906243525462751776e-01
2.876047170397554309e-01
-1.164757484222015416e-01
-1.617508379471455648e-01
3.123015727569166677e-01
-1.861667778707910004e-01
-1.070581275728377524e-01
5.554711516103733732e-02
5.718505737127550503e-01
2.430171745619485318e-02
2.609458487016049766e-01
3.927701525513733680e-03
5.258254518682196899e-02
-1.928972032014535376e-01
1.813148362547199396e-02
-1.983180914537296946e-01
1.690016415937733718e-01
-6.816528281882427986e-02
9.280726155336078975e-02
2.685338240476657368e-01
2.106650550865151184e-01
-4.808883166817167626e-03
2.147914700589995396e-01
-9.263126129534503261e-02
4.540386219067679696e-02
-3.973436791054697492e-01
3.447699272502303125e-01
2.341968587355005293e-01
-2.442425352892425589e-03
1.540021447040567336e-02
2.406851455286919128e-01
-2.690727169414333653e-01
-1.784381069679857185e-02
-1.275413795473144020e-02
-8.182150059053828681e-03
-1.383575543918975914e-01
3.413347781247283441e-02
-1.191784569628378393e-01
-1.887050904455677969e-01
-1.635849963393708750e-01
-1.045366338390115168e-01
8.056798875719585473e-02
-2.479504000875216441e-01
4.092628914602786661e-01
-1.502026717410556433e-01
-1.171955175335058323e-02
3.041502719452678360e-01
-1.853420689975236388e-02
-5.075149871695905368e-01
