1.026938606398757753e-01
-4.475336712179345949e-02
-1.452549173176236885e-01
2.753894493604300275e-01
3.095412657258056824e-02
-2.582012676137342422e-01
1.609818424897812295e-01
1.190373394097748450e-01
-2.329239863937135335e-01
1.298377592798626579e-01
1.437020169120083457e-01
-1.559182224350172674e-01
3.149976965477093317e-03
1.600487723745834256e-01
-1.307477253492897451e-01
-3.971225992871950383e-02
-4.058983304660623154e-02
-4.074239809483914260e-02
1.848242158823769632e-01
-4.070248575019453918e-01
-8.469495720234505864e-02
-1.091043813878922603e-01
2.720242353841110794e-01
-1.424732515920416609e-01
-3.331624335248338786e-01
2.107838869562567163e-01
-1.078551687301648188e-01
8.210174656907261170e-02
-2.132752284942395216e-01
-1.324854197481993567e-01
2.168833473979323301e-01
1.046692637354393746e-01
-1.194602128839225841e-01
1.332222882768705277e-02
8.596272206185825993e-02
2.815286145202639534e-01
-1.056658553823797836e-01
3.865014004017277016e-01
-2.904706726455276097e-02
-2.739825894183018917e-01
9.904729380018188756e-02
3.448129698115713904e-01
3.440191268334013425e-02
8.569681949404296673e-02
1.031748770394155523e-01
2.037139204826053651e-02
1.567395325850833021e-01
1.307676879083199684e-01
-3.565397180029991064e-01
-1.687465864775971602e-01
1.224978903074987052e-01
-2.837996991984356732e-01
-4.677346154630387248e-02
-1.234846306651322528e-01
-4.153143687707678416e-02
-1.347997670289425853e-01
-1.326592832986483728e-01
-1.587322918921314219e-01
-2.901900005977954278e-01
-2.565650579037959123e-01
4.236787655042992956e-02
1.541082235886675755e-01
1.290412339445990986e-01
1.669656430982768003e-01
-1.850235668933832012e-02
-1.399014113421659551e-02
-1.318750243494787588e-01
-2.327418886889226213e-01
-9.480736171776196807e-04
-1.477152550499061801e-01
2.392190464970686270e-01
-1.188626962666973347e-01
1.453822551950068875e-01
-4.896006817415195222e-02
-7.516796198990009781e-02
-1.118856627071350002e-01
-2.836009900413282159e-01
-1.240775530156683071e-01
-8.341609789348668202e-02
9.140557142404906465e-02
-2.394462170949347990e-01
8.315345364917470228e-02
7.257538496341256473e-02
2.945844012033664860e-01
-2.317228032073768984e-02
1.285811550365556673e-02
-1.378094969396131686e-01
-1.694296602987263312e-01
-9.328777150325766321e-02
-7.757446228254068210e-02
4.251752810096353502e-02
2.551555070480647502e-02
3.659218041016164269e-02
-1.610435904692817388e-01
-1.805971466533073111e-01
1.516074759596150456e-01
1.154855183073841968e-01
3.352520677271813576e-01
-2.546524103694652874e-01
-7.173200749843092194e-02
5.106330754799002364e-02
3.687705916661631472e-02
3.595452430797456411e-02
-1.903668371731947750e-01
1.850966002636546259e-01
1.982021285205802508e-01
6.579990467100336679e-03
-2.166839726427274015e-01
7.478531284614357844e-02
8.839104046896882616e-02
-1.747764675609423668e-01
-2.756995340763300217e-01
3.791340873436916531e-02
9.079883712432282317e-02
-1.398781929925103640e-01
-1.701438839113993962e-01
-1.147349778215700361e-01
-1.083287489371638768e-01
-2.241330174505102441e-02
-1.355996830514132334e-01
2.822322043396675167e-02
3.773742964808484562e-02
8.623883336043310088e-03
-1.368281671796217625e-01
2.246072071416603255e-01
1.882941620912206293e-01
-6.593322384592867520e-03
5.273287536849698143e-02
1.187134107533303201e-01
-3.860291910404564653e-02
3.842134385371942518e-02
-8.964175342491932652e-02
1.524314396269429439e-01
3.592350972234524542e-02
9.089403883979219056e-02
-8.731826003350193210e-02
-3.321750991409297415e-01
3.246532917232419213e-01
-3.317720818204620836e-01
-1.501443289961137129e-01
9.849889842359731140e-02
1.103061564162216152e-01
-1.508830350204685145e-01
1.323357710398556375e-01
8.504644102759581492e-02
2.549672806028549510e-01
1.252124978282874723e-01
9.206925550107694645e-02
-6.220653663776149617e-02
-3.219400917174868315e-01
2.923882136979988333e-01
3.751169975140993817e-01
9.176728810275606996e-02
3.238702151422337416e-01
1.456860173569115013e-01
-7.020422026909237112e-02
-7.361089130444918582e-02
-3.942676051072523946e-01
-6.212480488786819438e-02
-2.403740942393260693e-02
-2.678089478315281297e-02
8.025533012861144067e-02
3.090591894401892303e-01
-1.777480171052301661e-01
-2.146230839150867209e-01
-1.519865779989292009e-01
3.883023059222711487e-02
3.693206868388851372e-01
-3.703872506060833930e-02
-1.577955394665557509e-01
1.630618638232965711e-01
-2.589610945116863627e-01
-1.513235063173236639e-01
7.609807860926554555e-03
-1.122983536882907335e-01
1.901022550216453777e-01
-1.812038597416919250e-01
-4.729175429361231336e-02
2.830076145548159339e-01
-7.998057816884199256e-02
2.953479740457423675e-01
3.350683736810437102e-02
2.067323648888786392e-01
-6.355033861553595342e-02
-1.500968885245048123e-01
2.014188017427001876e-01
-2.227566999309713858e-01
2.728276481505388373e-01
1.797166840912946817e-01
-7.047374151317688240e-02
-7.792696921648580022e-02
-2.514913481392293537e-01
1.375561552232315576e-01
-9.340291214188630939e-03
3.180734412921668378e-03
8.772031746163958324e-03
2.560720271608186716e-01
7.247314431759997906e-03
8.789661773791977717e-02
9.979379921205412673e-02
3.203920461931885396e-03
-2.062680286713133304e-01
-2.755148534436275849e-03
2.074778227206759695e-02
2.636640079631284439e-01
-1.404529371161873097e-01
-4.183579816082216157e-02
-8.546636651912099814e-02
-1.214927804722474164e-01
6.235495830188025196e-02
1.165836186968692983e-01
-1.880824232485923259e-02
-8.203650943477491797e-02
-1.868206654375001996e-01
-1.144218415599081856e-01
-1.356727034574149726e-01
-1.453964990688526027e-01
6.957600474294015069e-02
1.500117397805345032e-01
-1.975882971697375257e-01
-1.778171908458587303e-01
3.341224804805735527e-02
-4.851448299833282379e-02
1.473661416453580231e-01
-7.443571164946315676e-03
1.423681298576285059e-01
2.293233173046594076e-01
-1.224131997950329287e-01
7.416995204795516494e-02
2.884455488780450216e-01
2.502384904982999925e-01
-2.538789862377826001e-01
1.491628589346794265e-01
-5.837941273812822379e-03
2.157158373409755470e-01
3.701642178789121829e-01
3.733163407762153940e-01
-3.469486141661337966e-03
1.571274124445456999e-01
3.501612559831131233e-02
1.356855608502223302e-02
2.493527256487965138e-01
-1.642511467298292116e-01
5.429019525439354038e-02
-1.773928538118123843e-01
-6.817598447342948509e-02
5.238248397040810855e-02
-1.964703298466224379e-01
-1.680609490802056905e-01
1.812628563251919012e-01
2.878663244821890732e-01
1.378169359743437739e-01
-2.225892072191364840e-02
1.615719573994518210e-01
6.297521244907333671e-01
1.000000000000000000e+00
9.280828764891969618e-01
4.559781591706702497e-01
4.779299099211676838e-01
1.603530753600626302e-01
3.458250570189864703e-01
7.115296357338361799e-02
3.201294907297182885e-02
-9.363345464010534858e-02
6.803128528901256078e-02
1.289423844037169975e-01
4.894391823867379476e-01
3.315537759640608401e-02
2.149461167309914267e-01
2.086787549401171726e-01
8.492636455632443515e-02
7.625354963505642791e-02
1.200567063924534578e-01
-4.808416255169444681e-02
-1.046075100715172373e-01
-1.095161591427959869e-03
6.537995294171064509e-02
-5.491600362153966491e-02
-2.206064576945387656e-01
-1.201571278033854856e-01
-2.161287826181470806e-01
-9.165302251102806774e-02
-1.225481778004874206e-01
1.614111260281343718e-02
1.621816476195815926e-01
3.924980900456802313e-02
-2.503889238948632801e-01
1.333362334057217047e-01
-1.091871076234084484e-02
-1.132980581987326658e-02
-1.170356775081184131e-01
-7.264239790326983137e-02
-1.703338393019110941e-01
9.168550599241945265e-02
-3.847771849980680722e-03
-1.504968468873969963e-02
1.047893959030175154e-01
1.624351485953883512e-01
1.244922404425790607e-01
-1.444191299687863916e-01
1.399180993928189898e-01
-4.222273157894530782e-02
1.314683298772340199e-02
-8.092518828015939081e-02
1.225539705511513727e-01
3.715956524898813423e-02
1.098562606591031166e-01
1.389175866664886516e-01
2.353370028072468076e-02
-1.093065819531353344e-01
3.407559014145017384e-02
2.151525616415704556e-01
-3.233052596337242755e-03
2.544609861460965863e-02
1.049769786194882371e-01
-1.230641694455607699e-01
-6.041080287659918169e-02
3.254949988506044556e-01
1.784524267557304478e-01
3.668356811285211072e-01
9.654173718895964207e-02
2.983348307419151357e-01
-1.849091578486267706e-01
-3.223467780747298339e-01
2.939879450219906043e-01
-2.285245039004909495e-01
-4.281085288505075137e-02
3.909737916227062904e-02
2.316789360780406870e-01
2.511690315222006031e-01
6.286282184940367168e-02
-5.824806626501050077e-02
-1.799265963564568305e-01
1.946666428372022598e-02
6.267969819372849749e-02
1.156943915883319185e-01
-5.521724462986524889e-02
-4.384836360960243234e-02
-1.249714035400174977e-01
8.016571948161382855e-02
1.292687414305511429e-01
-1.576891476763828404e-01
-6.210692622193991069e-02
-1.701673963540940165e-02
-1.313384048958149974e-01
2.056640533581816956e-03
3.627732629256443658e-02
1.815366510637140551e-01
2.626046019307633553e-02
-6.832200175784791316e-03
1.515222315902444994e-01
-2.967134216049381323e-01
5.273964880513015013e-02
1.302978324344030159e-01
4.550479041483819487e-02
-1.377769447285848436e-01
-8.226128133742523219e-03
-2.503627819254914399e-01
2.523709777995891950e-03
-2.986080317399454967e-02
-1.039979126345768889e-01
1.555372964830176730e-01
1.432000996902152434e-01
-3.101724323862288246e-01
-2.772921635392883513e-02
9.768056262597066275e-03
1.722533479604732021e-01
9.556465971204328169e-02
3.192049650014363443e-02
2.012231121400211709e-01
3.159288553334217708e-02
1.194697886658929453e-01
2.267926446749495284e-01
-4.045514132845910715e-02
5.332299027814662445e-02
1.039940529358944349e-01
-1.111430755324418623e-01
-1.812448687603027131e-01
9.954877818537956596e-04
-1.725516707009836382e-03
1.168321542732501384e-01
6.471505734741966887e-02
1.054664359510903981e-01
-1.630121777055079380e-01
1.095338351430924922e-01
2.061445564172856570e-01
-1.791747759094376724e-02
6.129867022864964043e-02
1.135433938128232734e-01
3.877681998164966837e-02
1.405266361081730468e-02
1.511514324349301497e-01
2.118321026282441455e-01
2.284022640895404938e-02
3.643471359656959979e-02
2.950482070287070990e-01
-3.140774152407120878e-01
-1.439935893552369561e-01
7.432294392523158821e-02
3.662306063864640415e-01
1.628453529079511020e-01
-7.704321384604660705e-02
2.627804723583381658e-02
1.791359061945614894e-01
7.523412435413258381e-02
-1.344810824072082550e-02
-5.330189037561862408e-02
1.501828886732655965e-01
7.987876761202807041e-02
1.011223709456338798e-01
-1.387268542852241326e-01
1.167449375116770410e-01
1.215718852520630000e-01
1.977768500954677280e-02
-1.866762072754965252e-01
1.597082243280413816e-01
9.017969329482801444e-02
-1.357932146955108388e-01
1.747679499614829823e-01
9.791627540279515540e-02
-2.302771501940688859e-01
2.103751911199703561e-01
-1.801633082513073303e-01
1.129420514558714290e-02
-1.799356791185917348e-02
-3.261790188727586304e-01
-7.975015718523253971e-02
2.239647841944383128e-02
-2.195434677565227810e-01
2.191474176170994936e-01
-1.307569085468675008e-01
2.127836929539361210e-01
3.228660758018532251e-01
1.060034686745628743e-02
6.763911605963431051e-02
2.444222413176289077e-01
-1.372587951249300831e-01
6.587753043310271006e-02
-2.195604930499962804e-02
-3.002082213582212278e-01
-1.928808429399763921e-02
1.142306059224754977e-01
7.752414564045029266e-02
6.945269400173885443e-02
1.028222399498498682e-02
7.412145647633938683e-02
-8.393112188592102840e-02
3.235598118621026142e-02
-2.069537031555874762e-01
-2.181162744711649115e-01
-3.104909900255246047e-01
1.917329423473890238e-02
-7.239210998603039238e-02
1.443282814976138972e-01
7.681740858078220380e-02
-2.121124587352172727e-02
-1.447219669007352716e-01
8.158372928369890184e-03
-2.130542107595099210e-01
1.949109450256271969e-01
-9.863945931947024071e-02
3.227411558634260547e-01
1.552466119426316460e-01
-3.429604560094935695e-02
-1.787814186903604885e-01
-1.365013409010189527e-01
1.346733388545323373e-01
4.823919329745104956e-02
4.077693138542180518e-01
-4.313594269827316502e-02
-7.413788212202569727e-02
2.539415007766232524e-01
1.184428556206015282e-01
4.390671071079741555e-02
5.345464123048178362e-02
-2.758971565361199516e-02
1.450063474965710142e-01
-5.494495303177700241e-02
-1.596953877289360169e-01
-1.138296111144023043e-01
2.432013839985920634e-02
6.173872797004287954e-02
-2.314519824490143540e-01
-3.334575163794984559e-02
-1.886275627261819465e-01
-3.127677481239657942e-01
1.915024339162232567e-02
1.746439844021341892e-01
-1.491544310359262937e-01
-9.682540418783699976e-02
1.954307117642468949e-01
1.764554942812551069e-02
-1.220401578357077771e-01
-5.799297730331951645e-02
-2.687126147425166200e-01
1.206139666425313367e-02
-1.733897424705997947e-01
1.424040274454424146e-02
6.740684201421680288e-02
-2.597131220221419734e-01
4.942612758347420671e-02
1.038165678214589618e-02
6.035581245821177582e-02
-4.331554046084761661e-02
1.916536975517418584e-01
-1.300146554180493796e-01
-2.226466287179913045e-02
1.507360559451791093e-01
5.175758471742528816e-02
3.868622396090466431e-01
1.690667482185486681e-01
-2.189932351936083599e-01
