4.482774534459504912e-02
-1.918157327363995968e-01
-1.092162271843191007e-01
-8.059110603652168414e-02
-4.298016290605990303e-02
-4.168145507089089374e-01
-3.499105073722674764e-01
1.274428556719781232e-02
1.232355107705238872e-01
3.196101309535842039e-01
1.814624728468572090e-01
-1.467633478039855055e-01
9.030226776551378287e-02
-1.283865527811528517e-01
2.170439991556711301e-01
2.511387510755154762e-01
1.956572263880998475e-02
1.533368514852737341e-01
4.312548335354500217e-01
3.298546478356518402e-02
-1.613108408914883940e-01
-2.189173365582757491e-01
-1.604540652955437421e-02
-3.030876252958228934e-01
3.325985658253085564e-01
-6.342010082317184327e-02
2.116526540396660439e-01
1.721536937859443339e-01
1.349988610059411898e-01
2.133602520312337936e-01
3.203692588858964574e-01
-4.112927904962995762e-01
-1.381989548413448399e-01
-2.283259725984547739e-01
-1.525380258649793042e-01
7.235681191516710187e-02
-2.671140260372131259e-01
2.269223172326936544e-01
-1.473282381288980869e-01
-1.410147940590002202e-01
-1.324251682392443286e-01
1.955541460609960813e-02
4.017276167290491640e-01
1.147108776092184979e-01
-3.482088474110224263e-01
5.152059304972125275e-01
-2.081667405720676878e-01
-3.896807569428811235e-01
-1.898748777040646651e-01
1.397073341385826339e-01
-1.354613693803078389e-01
-1.471365557066603436e-01
1.515388449877279331e-01
-6.934971836943584766e-02
-2.222925578502401300e-01
1.647972160382767948e-01
1.095178614142547496e-01
-1.634001400012313199e-01
-1.597110995160578584e-01
1.524430341523032584e-01
7.568433756788288391e-02
1.351907902174857012e-01
1.333422542067358718e-01
-4.044451653097686505e-01
-3.690679378517421894e-01
1.578286561278689493e-01
-2.878243618122920955e-01
3.081858848626133768e-02
2.032168613564354631e-01
2.837851235649016188e-02
3.693246465174586102e-01
-3.663716802199120659e-01
-2.299506681422703036e-01
9.277751880434922938e-02
-3.278319395426634170e-02
1.326166693566427635e-01
5.962046723185998598e-02
2.829015940699428633e-01
1.110783365670109935e-01
-8.196097321632994648e-02
1.133689814621155340e-01
5.182775214372077333e-01
-2.512133097131672987e-01
-2.332811468603961103e-01
7.461788585020796838e-02
-3.009915839889109601e-01
1.489734641316763086e-01
1.411268041748401508e-02
7.391639560904590678e-02
-4.418396229405490705e-01
1.917147710939615946e-01
-2.733622306593537221e-01
8.357230085918731111e-04
-9.814971849889841948e-02
-8.330979784954714584e-03
-1.096860284126330437e-01
-4.951710495521990246e-02
-2.745723937695990213e-02
-1.684756043174630846e-01
2.118875429072784033e-01
3.758426648284361737e-02
-1.365151727699462914e-01
-2.660761900217983311e-01
-2.063319273386282904e-01
-2.140662616801677354e-01
-2.399590907276643037e-01
-4.186108934801702763e-01
-4.362395165714572781e-02
-1.376918213990844797e-01
2.926963650296267039e-01
5.658795952415838354e-02
-1.408338494491919168e-01
3.103712081321389205e-01
-4.762334522195783015e-01
1.033805302725874370e-01
3.013589015623088004e-04
8.145701782127016954e-02
-7.033923756912054126e-02
1.952890616749033970e-01
-1.343296463154046994e-01
8.682817665155774522e-02
4.728478053890061705e-01
-1.719116631553418706e-01
6.125556650675130499e-02
-7.542276532113359466e-02
1.524192182321499056e-01
9.883850670503685487e-02
-2.949039781935855475e-01
-5.620766525105359845e-02
5.422091269701268673e-03
1.488651828438112418e-02
4.375968379150637078e-01
8.625248471528963734e-02
-2.356543836150516436e-01
-2.929636167398640967e-01
-3.971842567230669113e-02
-1.954385466165571572e-01
1.970698987510836053e-01
-3.077383650389171055e-01
1.707044346013493197e-01
-4.030432592767184685e-01
-1.925614081738448446e-01
-1.075922955015762988e-01
-1.586278726705740120e-04
-2.017760852954018913e-01
-3.697519161838349055e-01
-5.034066632992376666e-01
6.570970485404641070e-02
-4.148589219430788844e-01
-2.759748773749190476e-01
-6.389630176095097147e-02
5.107084800273029024e-02
1.441170086008168871e-01
-1.210636735082487592e-01
-3.365420586017573990e-01
-2.709119975877977149e-01
-2.661103458741488348e-01
-5.852468125148921341e-02
-2.356362135222126938e-02
9.298326649158535073e-02
-1.055001944173488831e-01
1.912727260085171355e-01
9.259304025848630326e-02
-2.277086103452760080e-01
-2.231617550961634833e-01
-5.137499374087658305e-02
-3.436009816043627402e-02
2.537922085486008505e-01
-1.703135217072697105e-01
-1.292033737971912399e-01
-4.373852059045079121e-01
-1.721560877882417628e-01
3.888407663618014820e-01
-3.506961993792450522e-02
2.963810993113226711e-01
-1.059469619717277183e-02
2.578618438032045934e-01
-2.133387663144676039e-01
-2.887130687749071556e-01
1.613689957674531786e-02
-5.644563259818499157e-01
1.518219868721284727e-01
-5.915437134477863346e-01
-1.196831558080421742e-01
1.364632583324106897e-02
5.625127966859945483e-02
5.799537380781213947e-02
2.682054420151803176e-01
2.515166977042002528e-03
5.532522168217708369e-01
1.072594702622279572e-01
-1.802159024937681486e-01
2.164533489229237065e-02
5.525507265805928991e-01
3.869699824588015979e-01
1.156571987699103188e-01
-2.030732069692111619e-01
-5.534772508164007704e-02
3.219408781377119944e-01
-1.489369897915475416e-01
-1.535271168574376885e-02
1.490789250599272031e-01
1.394081375879115126e-01
1.161991646335469863e-01
9.046770668025679030e-02
1.241887571187811623e-01
1.552089650332202642e-01
-1.728045252305088486e-01
4.217829961609254608e-01
5.903593220630544147e-01
-1.961009536254255947e-01
-5.999419052071197633e-02
1.803413130103529438e-01
2.733704871774546019e-01
9.698637295930631619e-02
-7.868431115814021604e-02
1.277632625895745722e-01
-2.562969566566507540e-01
-1.320382291528773289e-01
-3.525106249512984236e-01
-2.948556932773264139e-01
-1.295067892593087522e-01
1.051807259745179690e-01
-5.074489083917965715e-01
3.433449513064045222e-01
7.275409093368377655e-02
3.143805632183995225e-01
4.656731956094953273e-01
-4.232002398722558428e-02
3.092845131637093903e-02
-3.565375473391727557e-01
-1.680361379102855712e-01
-2.223557591845540249e-01
1.317973250548817865e-01
1.397924257907195711e-01
-3.134025674997015787e-01
-1.863325856705437822e-01
-4.804306618630210801e-02
-9.768292572858630618e-02
-1.272448238654062536e-01
-1.885373750524702852e-01
1.431596474458287083e-01
1.556901252504134803e-01
2.504943814538008739e-01
1.999149816814803360e-02
-2.947725759396909728e-01
-9.468642058990033028e-02
5.831685854119967871e-01
1.017251574199633246e-01
6.551035972803855856e-01
-1.069981363984353201e-01
1.284537682290004534e-01
3.653325330578397478e-01
1.418620321933743156e-01
7.627870148023824237e-01
5.380595180462043325e-01
1.000000000000000000e+00
4.310679593016691902e-01
3.753384642569820850e-01
8.995242251018402413e-02
1.550304245176641338e-01
4.292623510475320758e-01
-2.826418214002277690e-02
-1.024579276481105694e-01
7.945274656475390107e-02
-8.111700042117173104e-02
8.804535734939078484e-02
1.022500882938648034e-02
4.003298742149168366e-01
9.593601621370721755e-02
-1.207314190476377336e-01
1.413552093393309617e-01
-1.588854662899203685e-01
-2.190390199029863122e-02
5.894600117196561323e-02
7.708200119636585135e-02
-1.442941068472488979e-02
-4.090827160063921497e-02
-1.265848444438475717e-01
-2.365520135728544637e-01
-4.441741743431590894e-01
-1.807626043405855532e-01
6.036276823052622725e-02
2.472674531483031179e-01
7.683708298482080923e-02
-2.316505048799394617e-01
-1.472674240760887265e-01
-6.918069499028064451e-01
-1.981952674071427722e-01
-2.116880018472037106e-01
5.385536524197477581e-02
5.610055909479143288e-02
-1.867072506624541106e-02
-2.561380450492409255e-01
-3.343745611279879126e-01
-5.581958791647077811e-02
3.696425335312043536e-01
-2.853340985035048710e-02
1.157013604730726258e-01
-6.223701217874740010e-02
3.060233029805333738e-01
-1.955745253563251629e-01
-7.589364099872146496e-02
-6.829772139065731773e-02
2.640461622691553725e-02
-9.710073838445598682e-02
-4.647690517455254078e-01
3.375170930020528204e-02
-2.738796400813693632e-02
-1.650684952631981395e-01
1.905041497564801192e-02
-1.763585019278809674e-01
-9.529626837850309340e-02
3.258003403101159545e-01
1.996451024675822139e-01
8.420830256652837853e-02
-3.392604365280013079e-01
4.948551437998607166e-02
-1.113220426394909979e-01
-1.292482355624844093e-01
1.089809505283975549e-01
-1.929243953358404096e-01
-1.585323808740369822e-01
4.249969739565198079e-01
9.943802296782421057e-02
2.670970815976381196e-01
-6.313207606081290280e-01
-3.149200191974955154e-01
-1.719422447657692199e-01
-1.398603849157619983e-01
4.423270418682208605e-01
-3.380011322404334884e-01
-1.542049641899842227e-01
1.930856019379393052e-01
-8.597299427287277696e-02
3.273862951093258200e-01
3.250876186778950960e-01
1.187988927386798843e-01
-1.181928071771811140e-01
3.330377300506033866e-01
2.588357701693245333e-02
5.599501087452523479e-02
-2.434557957146634144e-01
1.606119159274430053e-01
2.195466489164331347e-02
-3.658608447844397676e-02
1.369587724821595409e-01
9.079263807305423817e-02
-3.071794681368715252e-01
2.819978749908918503e-01
-1.211550926646063342e-01
-1.011675716645752954e-01
1.482811520813905326e-01
-1.340388388754868154e-01
-1.076532436792059649e-02
1.051021062371382542e-01
1.840410359153798747e-01
3.324204953952767383e-01
1.855587982014066384e-01
-1.884114810491951120e-01
-3.426262830909559270e-03
1.021219109604113717e-01
-2.389743543438545975e-02
-6.940959225118081832e-02
9.799466991409672145e-02
-4.507905317366633913e-02
6.849520925054955467e-02
-1.706282877519322283e-01
4.191265940287802194e-01
2.791359081619227411e-01
9.262788108619689209e-02
-1.235979069699517235e-01
1.548148155435261422e-02
-3.851320146712507997e-01
-1.234785402739780880e-01
5.061837569310503882e-02
-3.054906713934987250e-01
2.762890810472259928e-01
2.076838713279687831e-01
1.983391620568480604e-02
3.478496042336487459e-02
6.465009103190584583e-02
-6.690683185881426964e-02
-2.762191425105274822e-01
6.501576097691547096e-02
3.784045639125264288e-02
-3.896710532739204313e-01
1.478734628047508395e-02
-3.406252571363801440e-01
-8.452614570946644784e-03
3.186156054882912092e-01
2.254395233722296388e-01
1.836942160843628435e-02
-8.659524360017363531e-02
-1.524996107953613955e-01
-9.535427205046206889e-02
-1.470919558174288710e-01
1.498763085645817006e-01
1.196349531889981527e-01
1.261012751376178187e-01
1.958760253080354674e-01
-5.109773416438048166e-01
3.024718495688522024e-01
-1.408964934059662444e-01
-2.624908745333151550e-01
1.901665228958887011e-01
-4.462865809045585830e-01
-4.281339434637029817e-02
-3.026593011081644968e-02
1.427183746277913001e-01
-1.887263746916939544e-01
-2.585461142252410971e-01
3.841045135932171783e-01
2.572777797223992774e-02
1.604671333839418068e-01
-1.099623558945567875e-01
-2.165067591832920690e-01
1.180949430107213066e-01
2.738210338847337222e-01
-1.683837385687020627e-01
-2.742741642651115863e-01
-1.005934158567711456e-01
6.421192237023562455e-02
2.645868470465008171e-01
-1.172396565273050306e-01
6.374525719775984978e-02
-1.718875282405739613e-01
2.415585653857329693e-02
-4.704827711897049264e-02
2.567655189435832930e-01
-2.854638522713382476e-01
2.881369336577697116e-01
-2.648278619296166592e-01
-9.433887344469366401e-03
4.008454389532441903e-02
-8.046517172742546908e-02
3.242963345802683112e-02
2.016841526322491265e-02
-3.159462707923240028e-03
2.992614460151651889e-01
-3.379730336098760168e-01
6.259547325259787187e-02
-1.015838903142593647e-01
-1.369466546270076968e-01
3.838348242037152858e-01
1.444735171676662377e-01
-1.762273145638696692e-01
2.746845736685257430e-02
-2.786495233777038782e-01
-3.084492315480910629e-01
-1.318892830904899172e-01
-2.141504431813292392e-02
5.014217926598657504e-01
6.946833129627567882e-02
-8.743234660032653260e-02
-6.654454475893374632e-02
-4.204198761731021694e-01
2.700900209007826569e-01
6.572925487654332488e-02
1.930030738773302057e-01
-1.254980150437085551e-01
5.642389994210826876e-01
-1.952383306730138268e-01
4.207605869549424504e-01
3.370884129660866591e-01
1.993399359871332877e-01
8.589054850947880348e-02
2.415402004441303263e-01
2.960951084662434285e-01
-2.201195437195169469e-01
1.736119246779140868e-01
-1.072557264310902286e-01
-1.086201491592209828e-01
-6.891987501957697049e-02
3.202932027400603454e-01
1.797079917892847878e-01
-5.720999647222676510e-01
1.528244414949774532e-01
-6.466683566836836650e-02
1.094130938677456699e-01
1.626430602742856002e-01
-6.932065607472479019e-02
-3.660111676314521389e-01
-4.590738426955699725e-02
-8.239125302628107217e-02
2.395300784493225310e-01
1.574532861192890973e-02
-2.948400834774981827e-01
1.029171690595913763e-01
2.559084445475961478e-01
1.446418134494538987e-01
6.602310267390236465e-02
1.802513426904282234e-01
2.872348698986372240e-01
4.072227542461718391e-02
-1.239242149938900167e-01
3.408190280698054631e-01
5.835581115829807652e-01
-2.667031988254007779e-01
-1.885711246181909218e-01
4.940995345634431324e-01
3.687001928990180644e-01
-1.721108113299844589e-01
-4.348879134569080818e-01
-8.385183930028441979e-02
-2.068815738445214103e-01
1.619138138902698754e-01
-1.114713143768661791e-01
1.015415149404176737e-01
-8.072398989524093250e-04
1.833881092792546408e-01
2.088027949738940625e-01
