-5.951891356512445386e-02
3.971293091620838323e-01
-5.688585074871931047e-02
-1.295547499103363309e-01
5.776003130878440417e-02
-1.966846448965464955e-01
3.727002897143608801e-02
-2.400463747229181211e-01
-3.982454811868781364e-01
-1.278468459352870013e-01
-4.344859771796710790e-01
1.126102931561748510e-01
-9.622393487149837749e-03
3.110521526295224604e-01
-4.677608299505667949e-02
8.234551518329193479e-03
1.533664946761770509e-01
-2.853003118427402951e-01
-5.858416271855215740e-02
1.819052904320241082e-01
1.584650618658287047e-01
-2.199979960317831329e-01
-6.537386706988274065e-02
-3.920610417647434585e-03
7.233643468627438955e-02
-3.551207119863900030e-01
2.210804599233842926e-01
-1.880338757280186623e-02
-6.152959294475979918e-02
1.860643381950808639e-01
-1.118366202393943354e-01
5.105651789163008492e-02
4.949942199992972414e-02
-3.210967669921481193e-01
-5.325627025312767993e-01
6.356954619036071785e-02
-1.191768721940685144e-01
1.936643167056516235e-01
-4.044427263860139732e-01
3.091719613987256934e-02
-1.345539467564792757e-01
-8.201479927946866977e-02
-2.002679728981308360e-01
-4.997522969146211969e-02
6.863221191684441835e-02
-6.248107221304515652e-02
6.535046169030066243e-02
-2.765932335243194151e-01
8.240561604059193704e-03
-8.753464686698138320e-02
-1.258540651842620650e-01
-3.263868123083081274e-01
-1.988317498361482916e-01
1.914717073285780446e-01
-1.506898138621123595e-01
-1.580406950246067421e-02
1.890121911029649382e-01
8.893073064314854781e-02
4.033160183905869917e-02
-9.301858750680590260e-02
3.906055293020008201e-02
3.463639352840431340e-01
2.258235889164786347e-01
3.899315257602899987e-01
3.301813825650004586e-01
7.277092191605355476e-02
-1.748708814976704107e-01
8.017940036203499710e-02
1.096792619068792524e-01
6.302381104324852878e-02
9.043756997096209782e-02
1.378075394770258977e-01
9.362357564972362267e-02
6.912772889174274848e-02
1.849704561881893028e-01
3.695890306734098130e-02
-2.403239889383846084e-01
3.685238533835761415e-02
2.241004516894280416e-02
-1.758495757976816579e-02
-1.476342455956995148e-01
1.532516483857499778e-01
-8.399162006956435375e-03
-2.351212937942577519e-01
7.723397562033199049e-02
-3.001898620597478681e-02
8.501946056338524627e-02
-9.729968379102926779e-02
4.226186070670175376e-01
6.061816620817702533e-02
1.043604954201942658e-01
5.527345361809037939e-03
-8.171913835325142483e-02
3.904142924945862292e-02
-1.548926844191001947e-02
-3.995998143343505726e-02
-1.961316307353488386e-01
-1.512666599542889234e-01
4.530759524813569583e-01
8.668548041218467060e-02
1.349016200561051482e-01
7.378587554921552105e-02
-7.260945769537297152e-03
9.768210480045530497e-02
-1.339243556044496797e-01
-2.015097508081949845e-02
2.161495169911810676e-01
-1.355515508408174606e-02
-8.282261784987969555e-02
-9.212996147633325042e-03
1.949934071445431558e-02
-1.311261241194564553e-01
-2.257200455663074812e-01
-2.431616818679825098e-01
-1.415195326279075350e-01
1.540852492724068337e-02
-7.340463023120707975e-02
-2.764339981580686278e-01
9.857975106985640557e-02
6.537924319059522371e-02
-1.825055199656861193e-01
-5.056880420533612502e-02
-1.746643613291675584e-02
3.678940469591214790e-01
1.886160883477529249e-01
9.730631238650525039e-02
-2.508621789908783151e-01
-3.142579018696010831e-03
1.749344088389768320e-02
5.918317916739723045e-02
-4.974536709035543708e-02
4.368829752215241773e-03
-2.546669477952346328e-01
6.838692821406866518e-02
-1.136054771762169402e-01
5.165023500312417720e-02
3.239896751552006487e-02
1.043413827084933160e-01
-6.530196542213552446e-02
-6.978295614668172941e-02
2.306237482838425709e-02
2.392642316453630069e-01
-1.553231729055262918e-02
-8.278662752377307374e-04
-3.158202088459510087e-02
-9.667727841614726092e-02
2.021308908703442764e-01
-2.108994738476898112e-01
-7.053456839726110483e-02
-6.288432783825208261e-02
-1.321769243705214758e-01
1.015934352099881477e-01
6.425423378510977668e-02
-5.622746712737027031e-02
-1.102471115671526808e-01
9.953725687744811867e-02
1.068523805501710860e-01
2.860824668876251198e-01
2.001764507177244967e-01
-1.584728212782554879e-01
8.350790201629373910e-02
-5.366261983323189488e-02
-1.686986713435323360e-01
2.114758779331979976e-01
-9.693937280848660687e-02
2.279492681532016285e-01
9.508499829246741530e-02
3.603022263623702204e-02
7.362315698488954008e-02
-1.327071122719052643e-01
1.535710364094556614e-02
8.806766143598579802e-03
1.269617999554189247e-01
-2.146970459058268055e-01
1.135762756073506047e-01
3.195137765975433752e-02
2.109636380211224460e-01
5.988576539074109972e-02
3.906782645973407020e-02
2.167982647310892075e-01
3.326745037161644158e-01
4.326875834907192853e-02
3.923612164227705534e-01
2.531213478004441519e-01
-3.435614485245057637e-01
1.558225551263318076e-01
-1.770729841585491626e-01
9.781011341928241842e-03
-2.015210689605950387e-02
1.448355117742683718e-01
4.630396691352497984e-02
-4.193481268735770318e-01
-1.150021510412084225e-01
-7.745948422549880918e-02
-3.371152280125622736e-01
-1.015855047790352322e-01
-1.647622181365997196e-01
-5.764928572788930589e-02
-1.544214669356152869e-01
-1.134270961911593156e-01
-3.386077183514708822e-02
2.759224754771971710e-01
2.462789800297081680e-02
1.693828346637624715e-01
3.132748453423518931e-01
-1.167842373754954255e-02
-1.521414689948200616e-01
2.416472037872812451e-01
-3.215047260103815613e-02
3.297713675383605672e-03
-2.769102275437400687e-02
1.099007904620375869e-01
-7.002226815541602589e-02
-4.706789388749529381e-03
8.313692205851266892e-02
2.744814838352076514e-01
-1.447150315904742746e-01
1.968121627753166292e-01
1.497880833367712383e-01
1.116864909955608831e-01
1.092641884101522645e-02
-8.964933902604189930e-02
6.767248087046123795e-02
4.062841583255790701e-01
-3.192929703871606462e-01
-1.897942299745417061e-01
2.469015280020541922e-02
-7.942946613932673483e-02
-2.417672661489351782e-01
3.478972266673970304e-01
-9.311539805553832594e-02
-1.509061137645755987e-02
8.158343002444221059e-02
2.982961975562001961e-03
6.658096670002805473e-02
-2.403597697419978807e-01
-7.494225754460597487e-03
2.810761226560075654e-01
-1.622069189715158455e-01
2.619349657859605940e-01
5.590630172682323207e-02
-4.498592833487352616e-01
-1.760340779348691931e-01
-2.405177471489337027e-01
2.093862482417676862e-01
2.837833946268175089e-01
-5.319219274861181762e-02
-9.456955265326837112e-02
-1.091794512657950078e-01
1.017108029035341671e-01
2.094939690848166836e-01
-1.177213389775156327e-01
2.366324542108740603e-01
-1.692515429071098643e-01
-1.353700280740598172e-01
9.131867729780518417e-01
1.000000000000000000e+00
3.386815342326114919e-01
-6.504416856810580662e-03
-2.487600251791379294e-02
-4.184276982205709094e-01
-6.640296739186926644e-02
-8.551181020280181067e-02
7.408922071678535580e-03
5.318708636789917787e-02
2.899986316914547890e-01
-1.063512900116752868e-01
8.491787046560532459e-02
-3.598272655471669579e-02
8.067265919097356408e-02
1.957948851819207026e-01
1.261587938411924958e-01
3.526791398780238646e-02
-2.266917583924933088e-01
-8.789183377628417143e-03
-1.784660431968702610e-01
-1.772603106024935732e-02
-3.509566872314007768e-01
-2.725130044444780686e-01
-2.802613848103133187e-01
-8.732390841142954364e-04
-9.545878260882377508e-02
3.098201621641931414e-02
2.586867601551825491e-01
5.579981690496135793e-02
1.345953724225156523e-01
-3.510967111645081351e-01
-6.720962123990320558e-02
-1.953487430040040385e-01
-1.037852341189822031e-01
2.359155732165653108e-01
2.208281330410654386e-01
1.198334790661195332e-01
-1.235523398917403037e-01
2.509168443959698958e-01
2.920471005864512526e-02
-4.597044956367091761e-01
-1.724578589271021645e-01
3.837374978714255119e-02
1.310263885526096461e-01
1.024756274705518888e-01
-1.260393796583798298e-01
-9.871777787437931162e-02
-1.012634685806391432e-01
2.410009829350122923e-01
-1.291679320270508469e-01
-1.072836017230415911e-01
1.962999831930262451e-01
-9.130450891030987559e-02
-1.121224478413013065e-01
-3.941975113209019166e-01
2.873141421042498811e-01
7.945147481424778141e-03
7.020268466073101288e-02
-3.783780184834800719e-02
-4.215123412976677642e-02
1.092222610351744755e-01
1.781486242515732121e-01
-1.063309028871298328e-01
-3.966498417693830048e-01
2.685751309822976274e-01
2.172923017350307170e-02
-1.409393195003679758e-03
-1.228629330777132878e-01
-1.047738015108936188e-01
-2.002557827064183060e-01
2.918405156174436448e-03
-2.984761468178172561e-01
-1.766013155682217006e-01
2.816219565245466350e-01
-8.113249732843753892e-02
-4.060103651089090326e-01
-9.152710346640281769e-02
-1.764026352109582252e-01
4.189588446722057324e-01
3.795727636096143248e-02
3.530267266667423687e-02
-2.583820560670246208e-02
-2.178589838190826966e-01
5.057083972557788187e-02
-2.800449455683087438e-02
-9.731048702538269701e-03
-2.043908723944367900e-01
5.556049392718656610e-02
-6.342993684130493470e-02
-9.188016285747688250e-02
2.231392858031026050e-01
2.841243873396248967e-02
-2.018116645150437038e-01
-5.979104371931974428e-04
1.516215876992277681e-02
1.541698408309085666e-01
3.180264400100054067e-01
-3.632063467249163624e-01
-1.708899459779918417e-01
7.824552283874905423e-02
1.217700260746647500e-01
1.171382327512898308e-01
4.869995598525823643e-01
2.292372264730195286e-01
-2.257330165636988462e-01
1.030848698896933840e-01
-4.486452978600750929e-03
2.962126575269238837e-02
1.586591520017959639e-02
9.560817592146078625e-02
3.608962786571895953e-01
4.679924552215701250e-01
-2.456126227285690689e-01
-2.101608791014020899e-02
1.742996089690757311e-01
-1.026062765395780590e-01
-1.895511550569654591e-01
6.692337356942446025e-02
1.836038930816017711e-01
3.625910196764984272e-01
1.021309953623640299e-01
-8.476249448985513635e-02
2.914493278832066409e-02
1.062900376408849323e-01
7.956566358910177605e-02
-7.415125452078226431e-02
1.166499976443369224e-02
1.572948964018192064e-02
1.641958458165760359e-01
-2.942009673824328986e-01
-3.101572310816468059e-02
1.727532972276170087e-01
4.816641445813277939e-02
-7.743419689233556336e-02
-2.653497932477272281e-01
2.932806041528868840e-02
-4.797382969921745038e-02
-1.057384053432621485e-01
7.105025820939830927e-03
1.361346025927583081e-01
-1.406121023949096216e-01
-8.856725232513971979e-02
1.129983744832799425e-01
-2.787518895969100241e-02
-4.827423178282485433e-02
-1.893355075896646297e-02
-2.022831795386949849e-01
-5.629668832080209073e-02
-4.003181082303957083e-01
1.172794981901201655e-01
-3.765221863256643792e-02
5.374373180934356731e-02
-7.531696139205951157e-02
-1.882343465687344453e-02
-3.275486685183726654e-01
-7.186166457473934510e-02
1.819235510392049893e-01
1.847648642800091001e-01
2.646746834444489438e-01
9.772902624840723584e-02
-5.015685804008381682e-02
5.077316781663326201e-02
-3.349535485912288335e-01
2.952181978548991670e-01
1.725079696486324643e-01
3.521150624831583253e-01
-4.483523123923421339e-01
-1.780969510681763152e-02
-5.299577053730809145e-02
-1.023991798685156829e-01
-8.903519639831379562e-02
-4.495862567239671259e-01
-3.015276421880978136e-02
-3.298633538392140574e-01
3.172820628973026524e-01
3.515673188475915839e-02
1.684171593459390937e-01
1.086837719949638181e-01
2.932589726687116483e-01
-2.433038542565353901e-01
-6.026181333757746339e-02
1.214565158805817613e-01
-1.383081408945402713e-01
-3.757513421159032647e-03
1.494320646313268726e-02
-3.627821197617676213e-02
2.995519953227668286e-01
8.448355325606309030e-02
-8.316584940117932589e-02
-1.321754963909695935e-01
-8.381693207037753390e-02
3.938998880222071425e-02
-3.883603851459283551e-01
2.444922963904880842e-01
-4.446941910229097739e-02
1.957100509284550871e-01
-2.972875807796047098e-01
5.341343834829820336e-02
-1.879868130583479680e-01
1.258184101338629193e-02
-1.329163354603322134e-01
3.063058091800167082e-01
-2.225834434963257225e-02
1.567204043231225363e-01
1.597962993843112800e-01
1.331557045540996409e-01
-1.466740757873843670e-01
2.191658486784598958e-01
-1.330324232564822906e-01
1.992449919614496315e-02
8.513944289694123924e-02
4.719703107673236392e-02
-8.999024661709197070e-02
-1.540969093341002516e-01
-1.472006817692348701e-01
1.111086118095712255e-01
1.797417477505008632e-01
-1.456723070480595017e-01
-1.046109129263151083e-01
1.045451113564837275e-01
2.451278427830139717e-01
1.113679663336575136e-03
-1.109146977925621058e-01
7.820133669033058066e-02
-5.504831758961698657e-02
-1.794425081494867291e-01
2.471876194886792610e-01
-3.667118068692323263e-01
2.856292956559919240e-03
7.140564967590246059e-02
2.176518564806514400e-01
-1.581386442488446897e-01
3.520528789847181539e-01
-1.074163082504061284e-01
8.071950934009984591e-02
-1.230471157365910367e-01
-3.975261602067764466e-02
2.028396955913436273e-01
-1.753971584080563084e-01
6.339995446675976420e-02
1.752212791277892590e-01
2.089938809727807378e-01
1.122133218428976037e-01
5.557138776792681228e-02
-2.232111523039289058e-01
2.859896814189819957e-03
-2.284952259260318308e-01
-1.167488484356004469e-03
-2.544895231206130148e-01
3.336032398430890250e-02
-7.982420672927667549e-02
-1.935365465387627881e-01
-6.480019704246021972e-02
1.237880283445631363e-01
-2.424028062063070602e-02
-1.977365048132360276e-02
