-6.074909836150352294e-02
-1.165285156183384352e-01
-3.071866687492294523e-01
9.243899149740908427e-02
2.368948948377981312e-01
2.060594820791559478e-01
-1.135995127964987139e-01
9.077962775256973038e-02
1.536694596183250661e-01
-1.338175320959641701e-01
2.795232144523209228e-01
-1.416273283528155826e-02
1.693721108855941460e-01
-2.217436361499151576e-01
-1.528994473169009195e-02
1.005009342975744929e-01
-1.285611069468707013e-01
2.270791354668313944e-01
1.395064029056993227e-01
1.788846582543462405e-01
-1.796145390049630197e-01
-1.439666228358528997e-02
4.641861871302874892e-02
-1.695869238072799101e-01
-3.228492802760899588e-02
2.577105975977646013e-01
-1.745668730321068285e-01
-9.831594568761659048e-02
8.949910778327509154e-04
-1.554919109883795836e-01
-7.954558039848771966e-02
2.153728873687734136e-01
-4.824853700549577851e-02
9.965323059938269515e-03
1.100571207103072935e-01
-1.333456650344190253e-01
-2.675463980832619160e-01
-1.522906214607242237e-01
2.186617821300709807e-01
1.847880615945635130e-02
7.351626657802110519e-03
4.575846532962171698e-02
9.555563814272723458e-03
4.927134529640887078e-02
-4.104856920050842795e-01
-2.604400266005788001e-01
2.718458374575866143e-02
-1.904098013052929750e-01
-1.632318808300042001e-01
8.936410273751800581e-02
1.330890360977465270e-01
-8.016690328645771635e-02
1.641226444597191081e-01
6.117189196372761761e-02
-1.511455601225094869e-01
2.688386886139081389e-01
9.463699257606457416e-02
1.001143942428992656e-02
-9.520320786939233393e-02
-1.933545033942640767e-01
-1.530295284029464797e-01
-1.192492674631195765e-01
2.580759704173205688e-02
1.586311972943346971e-01
-7.028841812350526555e-04
6.376755787055969626e-02
1.708980102555519298e-01
-3.937576325645044707e-03
1.086015265396483853e-01
-1.394220638726678847e-02
-1.269034900613955630e-01
-2.260673639867043228e-01
-1.663469848377007176e-01
3.365254832092594989e-02
-1.624883463927361549e-01
1.967992810480621510e-02
4.741172998327955121e-03
6.785745046874506158e-03
-5.200671037705351107e-02
-9.778382880045470571e-02
9.092092740387479333e-02
-9.522590082107244835e-02
-8.358241483030173780e-02
-3.421832533765884615e-02
-8.703409849568324863e-02
3.236254752043346561e-02
1.588225453053453695e-01
-2.844286408347870831e-01
2.157879526879931398e-02
-1.587889269634819855e-01
2.345343863653024177e-02
1.643447367136308679e-01
1.913415456051043850e-01
-2.017911258865293933e-01
-3.120576040844486726e-02
5.752540152987596633e-02
1.306809672600690309e-01
2.282289703922902036e-01
8.024729228406507486e-02
2.832884470038276106e-02
1.414277470065750664e-01
-1.074660126656411946e-01
9.094467796224250944e-02
1.022012437512260785e-01
6.038388313760399695e-02
-1.687110874857166987e-01
1.181479148017806485e-01
1.709531243869134853e-01
-2.544297301303373449e-02
-5.594909198290555497e-02
1.617829117001789441e-01
1.772297409510701360e-01
1.533177301010022475e-01
-2.339946736743865607e-01
-1.877259457960408495e-01
1.427891805356532318e-01
-1.247014458565027656e-01
-8.734011496396501539e-02
-1.417858923763420931e-01
-2.807696177068516596e-01
1.629073191305049906e-01
-2.149790499417713607e-01
6.056871070199104645e-02
2.381844985699952677e-01
-3.888857707493181132e-02
6.429858218971905293e-02
5.682656374326086612e-02
-6.170801730556194076e-02
2.927071640610325477e-03
2.891357186953011915e-01
-2.375173517917742450e-01
-2.760582392072685187e-01
3.820623864934998698e-02
2.464051871479766564e-01
-2.247454152444248454e-01
-7.739172656300695452e-02
3.244716723449531104e-02
-7.807734240284630589e-02
-3.845211671263312758e-02
-7.253930563521578112e-02
1.088633608034711570e-01
4.079144656196077579e-01
9.714640304033864138e-02
-9.345412367752024829e-02
1.332099740255441589e-01
1.229307260299494359e-01
1.872447535320702072e-01
-1.114958534129371487e-01
-2.690929101528088396e-01
1.329612917858979670e-01
3.673061671116885085e-01
-1.351108805230174514e-01
-2.826856020318585169e-02
2.272334410501147539e-01
-3.353538141348522128e-01
3.140009364933180752e-02
-1.417560946092299157e-01
-1.617083476495186634e-01
-1.293869567645419480e-02
-5.167715936520150821e-02
-2.937627699549077431e-01
1.414266194772882679e-01
6.514043152573449624e-02
-2.868065067702408114e-02
-1.161463627568107837e-01
-1.016627178380280216e-01
8.174864071206454363e-02
-1.128363408497147502e-01
3.337466136733895916e-01
9.274767258657494462e-02
2.423981854445744211e-01
4.684178720595250089e-02
1.887903254438856506e-03
4.665153982980660419e-03
1.078440809029126563e-01
3.513896290406971767e-02
2.602883091788763537e-01
1.347150733954149970e-01
-1.477090263167658013e-01
-3.625659295436393231e-02
9.465710332345959876e-02
-3.187518332107491803e-01
-1.081984341225241258e-01
-3.496830835477370836e-01
-1.131237074925843661e-01
-2.560270022795355788e-02
-9.420811055679649548e-02
-8.947156178516232905e-02
1.404196150477012572e-01
-7.862366267385710594e-02
1.804100144638257353e-01
-2.527647817404184427e-01
9.454432781778164541e-02
-1.880387605814960034e-02
1.913049764152715271e-01
-2.033742340403312671e-02
-8.689297989787606036e-02
-4.903770832222111714e-02
6.397887053678243119e-02
1.664498158108911330e-01
6.537603791081857130e-02
-9.219632179491182855e-02
-1.094244577570182512e-03
-1.187808941203334773e-01
-4.105637707116451679e-02
-1.845349626181647384e-01
3.099900502497999685e-02
-1.764695960218547743e-01
3.582076793379362356e-01
2.413360319223415984e-01
6.459054136635018761e-02
-1.698554533242242481e-01
6.626760846082810352e-02
-1.267943893279745438e-01
1.999338584330214719e-01
-3.922926978146860921e-02
7.879157258202392974e-03
-7.232477087372251104e-03
2.797197948880478929e-02
-1.121148800340340673e-01
9.923705649193725886e-02
-3.611044772845960482e-01
-1.526750231338255548e-01
1.787209640827728818e-01
2.278710126127250213e-01
4.018892658385806449e-01
-2.166367717111299662e-01
1.839685375570547510e-01
-7.638464596382085747e-02
-8.889485937824617712e-02
1.292075998171877127e-01
1.859725672121149975e-01
-1.290516175868280935e-01
-1.676254343811978964e-01
-3.027564223832737156e-01
3.851014615125645385e-02
1.316785418930358498e-01
-8.943420036514580090e-03
-1.593371751473855458e-01
-1.605032175391851168e-01
2.856376183277491501e-02
-8.908172598640934359e-02
-1.658700869657991905e-01
6.146083065949412699e-02
3.481568136277491538e-02
-1.589707627612887697e-01
2.601297363010899796e-02
-7.535716867985840783e-02
-1.706024465189671102e-01
3.072634179358640916e-01
-8.271172235633931016e-03
-1.881778831636735372e-01
5.839202406963180103e-02
-4.083770861342797542e-02
2.222462821259569565e-01
1.000000000000000000e+00
9.871687251415385278e-01
3.799292322013909096e-01
-1.485814057873685763e-02
8.678957022349963191e-02
-1.024855489946202985e-01
-1.930298739682154846e-02
2.794188236305600315e-01
2.342508987163556544e-01
3.698217277620761273e-02
1.456356089342071558e-01
1.301548607138836543e-02
-1.772639792024190419e-01
5.065966724263331472e-02
-2.109530650202455782e-01
2.059111250677335692e-01
-1.618247629661693221e-01
-1.298391531750572592e-01
-2.266732735449242808e-01
1.283824723937223300e-01
1.197579256866062453e-01
-1.958013615190484225e-01
-1.354388594819878611e-01
1.637274981602283297e-01
2.797085195951799774e-02
-3.522452706682001611e-01
-9.061840494405618007e-02
6.997289404531351065e-02
-2.062522500935540515e-01
2.174447861110764268e-01
-3.950843904091894121e-02
1.912389016427077093e-01
9.841393315094840166e-02
2.135297599132498503e-01
-7.400662586935262410e-02
-3.173881752438041659e-02
1.036203449016358802e-01
-4.394148362592658480e-02
3.271591021698083690e-01
4.314189887948877145e-03
2.491141430066959872e-01
9.473593305188927893e-02
-3.684691437635118083e-02
1.135115801274716035e-01
3.504661087291303656e-01
-8.805147919764867714e-02
1.256384432284679553e-01
-9.673893410425034312e-02
-1.571696261272499118e-01
7.312493559685391553e-02
-2.982167194239164210e-01
-3.036965104484067313e-01
2.125567774305409108e-01
-1.839047075452678037e-02
2.055147032403506838e-02
1.479177957908764905e-02
5.125578489726797388e-02
-4.037549361026972206e-02
-9.071333100792794424e-02
2.521832417809395377e-01
1.059715177872726788e-01
1.366152553891926968e-01
-6.663838516156249392e-02
-1.236526541262287365e-01
-3.408076604067838185e-03
3.265472502867426963e-01
1.191115786187834508e-01
-2.599849451271522560e-01
-3.602931149683847312e-01
3.068672839522695872e-01
-7.886450963709512596e-02
3.173756044779929564e-03
1.308356761586476347e-01
-1.861135930953731338e-02
2.273442642692084792e-02
1.776536399049853110e-01
1.340580928321014609e-01
-1.063069577113597841e-01
-1.007883361914324316e-01
-1.107712197771629770e-01
-1.592073855447609654e-01
-1.037595933048537505e-01
1.703722040472467614e-01
-7.921307258135504292e-02
-1.560425952843392527e-01
1.210281491323997871e-01
2.048446012735366251e-01
-6.323052159364420111e-02
-1.401588324332702640e-01
-4.814296495211810994e-02
-2.027187511801778197e-01
1.802629067001509586e-02
-1.578136419669000368e-01
-1.443590401379767074e-01
-5.559494882079570738e-02
-1.030432332221132841e-01
-3.947834908941016963e-02
4.312443028554008122e-03
-2.201806468969152719e-01
-3.497463719809253135e-02
1.370925503293896064e-01
-2.324956152662449593e-01
-9.545705451757804938e-02
1.948924619307071671e-01
-8.131621751872263049e-02
1.658546508790606222e-01
-6.056480771061019397e-02
2.770534292343827809e-02
9.249684641925384754e-02
-2.001435930890667902e-01
-2.694240556848421786e-01
-2.239209358653518889e-01
1.140362300922056343e-01
-2.928594090515128021e-02
-7.190183895650428814e-02
4.154559189592056945e-01
6.550189551807389376e-02
-7.146490535629580754e-02
1.340667634534151997e-01
5.200267314667204044e-01
2.727629760488568533e-01
-3.806271294345975331e-02
2.433464771401266935e-01
1.110062539977650087e-01
4.721676532946422755e-02
7.245185245108304306e-02
7.123641599097023380e-02
5.470881835373367363e-02
1.922989461985805670e-01
4.132744937009020236e-01
-7.362441496494809626e-03
1.101407652342805410e-01
6.995340887501114158e-02
2.652687378885976721e-01
9.831973754808341626e-02
1.129762617059472257e-01
-3.130116975587186601e-01
1.326656990453247142e-01
-1.907816059944183670e-02
2.042106757688989527e-01
-1.072736008009276820e-01
-5.925138349746150029e-02
-3.093552978433524725e-01
3.065916845811927360e-01
-2.513444364878855957e-03
1.001386124930604415e-01
-1.900568206337541755e-01
-1.180373184747659232e-01
9.154645465930539693e-05
-3.788130917524792224e-02
2.315086576187802836e-01
-6.342860606609125596e-02
1.728591026133385888e-01
-9.976027453867683525e-02
-1.077838600812996844e-01
1.192836225129896149e-01
1.773904620970936097e-01
-8.112690855148808888e-02
1.042931421100100897e-01
1.803711902154192803e-01
3.266941182762060636e-02
1.319462073508056166e-01
-1.306050122100097521e-01
9.356468504323538216e-02
-4.084437453800301814e-03
1.258825391813678807e-01
6.613513177003498000e-02
1.547345761928538010e-01
1.709272305152097562e-02
-1.819788863820608060e-01
1.743528729880268469e-01
4.816221135064983200e-02
-6.402523191990464047e-02
-1.172937840374825291e-01
1.412047906934734143e-01
-1.874603893046463965e-01
7.422410283252969809e-02
2.218000648213572235e-01
-1.165875142897391803e-01
-1.682507591871363617e-01
7.973511133781557847e-02
-7.335448195465090783e-03
2.890628381530559524e-02
-9.043506701596701336e-02
-1.156395559868830109e-01
2.005018964656391234e-01
-1.211163964531232345e-01
8.554215772165432718e-03
1.475273775297680778e-01
1.059487549130087164e-01
8.383139521165569596e-02
-1.227810419844160283e-01
5.932137375537532842e-02
8.691914381132674616e-02
3.682871721713187885e-01
-1.487175903052191939e-01
2.511131899210227933e-02
-6.597662476398963305e-02
-9.519849795771687107e-02
-2.306670120932665657e-01
1.010006424990547574e-01
9.817166647404235169e-02
-1.971525174126317059e-01
-8.010208964139449439e-02
2.141907199272474194e-01
-3.178216069718159398e-01
3.098400019876891287e-01
-1.179590731151293898e-01
-3.123629430931087470e-01
2.752153794301915313e-01
-1.940829454004783239e-01
-1.117236182745671297e-01
1.937240183881357436e-01
-2.867805597873916701e-02
1.251380233069959991e-01
2.180035060923267778e-02
-9.568872266029294915e-02
2.918243259389130886e-02
3.013210279482742004e-02
-6.964919698439701878e-02
1.218133947007711132e-01
-3.756889431367662069e-01
-6.699776265481102722e-02
-5.793923290578255336e-02
5.954945015675581176e-03
-3.030843251726450527e-01
1.535173928733461202e-01
6.770566472936998155e-03
1.244466524428240739e-01
1.817003268040687236e-02
-1.172984814551428223e-01
-8.861404189631517936e-02
-2.431651310902029350e-01
-1.661074339632628849e-01
-1.093013048447412233e-01
-5.204239676669673159e-02
-6.927797604975659274e-02
-2.746294666430719109e-02
9.515254613688985119e-02
-1.021851570645104963e-02
-2.367861565010616343e-01
-1.712866713594227708e-01
1.544454626905893135e-01
-1.077353013578766505e-01
1.928449586791878070e-02
-4.770737489600922893e-02
5.994171520627215866e-02
8.236957277875443795e-02
-6.509346761218152977e-02
-7.752958992413697126e-02
1.602070114258302980e-01
8.075960310222833616e-02
-2.704000043318082261e-02
2.326769613161686900e-01
-1.487492616685552951e-02
1.073783434667109904e-01
2.149451101218189386e-01
