1.797523287493555944e-01
-1.015312929286847077e-01
6.742911136338836098e-02
-1.833673879523011266e-02
-7.875507280055029855e-03
-2.313867123573545292e-01
-4.906557242715534756e-02
2.435986493295181909e-01
-2.825791865978841393e-03
1.845800866271104235e-01
-6.340807123942682200e-02
1.499321014301776833e-01
6.371947507983909131e-02
1.740883730863313494e-01
4.145357291059794530e-02
7.457273986300744228e-02
3.094326324337974832e-01
6.842041422037612418e-03
2.031515311644261357e-01
-3.289330969942328986e-01
1.414735863684462303e-01
9.294972304819183739e-02
-7.068283481023794612e-02
-9.174059986805975508e-02
1.389600191083835146e-01
-4.757569294617284283e-01
-1.942514749696834797e-01
4.482087883732480821e-02
-5.046555921630165031e-02
-3.901503756229793285e-02
7.241761328162317490e-02
-1.478704206982471014e-01
-2.136270799848488111e-01
-2.826388229539827934e-01
-2.488920418274902790e-01
-1.661275299522567417e-01
-1.321148106164070080e-01
-1.397267398091281976e-01
-2.590646295170208613e-01
-6.247856403692067517e-02
-2.259728340264648971e-01
-3.171638726033387118e-02
5.389898221920896848e-02
-1.197434898394262592e-01
-3.501103521496917725e-02
-4.875018075130033157e-02
-1.539698817463667699e-02
-2.185692390002966501e-01
1.020397697956524630e-01
2.532645628353364861e-02
9.928309466483652146e-02
2.535681358680109965e-02
-2.108556003693988212e-01
-1.279528006253193573e-01
-1.351392286830690181e-01
-4.917684638362142535e-01
-3.918456186932732788e-01
1.648420573132595712e-01
-3.924003254505916694e-01
1.331725800611474331e-01
1.172421036797128419e-01
4.751250118991489080e-01
5.955323202407131894e-02
-3.539229547612516291e-01
1.674268519858751469e-01
-2.398689308139862197e-01
-2.882545062653748547e-01
9.394579181768460130e-02
1.594562326698222565e-01
1.749232010981805266e-02
-1.218441229417368959e-01
8.868774223707527604e-02
2.764340216381417914e-01
6.636865242594286451e-02
1.710016211950808260e-02
-2.510035619028086473e-01
-4.905618212204723716e-02
-1.246918091961970662e-02
-2.250024567146535204e-01
-2.642823078776512791e-01
1.000682175933719914e-01
-1.689184212840106614e-01
-1.337355738269694061e-01
-9.857014785130801399e-03
3.361012241267278822e-01
-4.059682141403654354e-01
9.133014095249510078e-02
1.494794121696251532e-01
4.299104762958669834e-01
1.520308636975791494e-01
-1.607079293832519296e-01
-1.271419862391025002e-01
-1.368820500406658577e-02
-1.724806874521753186e-01
7.555910277435815003e-02
-2.184789154244738130e-01
2.978499779299887962e-01
2.696985900200259481e-02
-1.820955825430131958e-01
-2.976571496780136550e-01
-1.071344753712578507e-01
-2.452476026597696368e-01
1.121778918395918284e-01
-3.230094903576736787e-01
-9.044730391571009775e-02
-1.277698498578387631e-01
-4.197122749669359165e-01
1.096901407595272243e-01
4.049755980805015698e-02
-2.288693065108522023e-02
-4.725296703331072906e-02
9.651777006844727835e-02
-2.284967307563126604e-01
-2.468778351007060862e-02
-2.216051676516291591e-01
-1.761538242302420135e-02
2.099578032113980919e-01
-6.482628862997177888e-02
1.882769651027229874e-01
1.779311911178096672e-01
6.918827967070829976e-02
-1.465575296933408211e-01
-6.673961317780499614e-02
-3.052178206777283465e-01
-1.660637708903917320e-01
-1.021276842376685756e-01
4.432978610848230250e-03
6.041281818346094790e-01
2.697234595409023911e-02
-3.147537119466768951e-01
-1.468570604920128309e-01
1.911419832688518797e-02
-1.420185403635670085e-01
-5.652018369616114424e-02
-3.355985634119713207e-02
1.146041799791618354e-01
3.698774895002114316e-01
1.879040663009029152e-02
-1.865978965252982832e-02
-8.936289963317566032e-02
-2.539634725736656939e-01
-2.168765075376268003e-01
-1.082415266561435607e-01
9.201327719270338198e-03
-3.739579031993502944e-01
-3.747405391757981374e-01
1.744370417984672239e-01
6.336722022856102789e-03
1.189501385163232311e-01
2.540087398795587981e-01
1.368728185451438539e-01
-3.529914594959642771e-01
-1.660110821378267543e-01
-6.614142463675720673e-02
7.688468547882043591e-02
-7.392965068859176647e-02
1.047304055626237240e-02
-3.761468410064620904e-02
-1.724301775931087466e-01
-2.348360154418095980e-01
-2.203325231443850896e-01
3.643424900148808376e-01
1.521496151278242670e-01
1.946404445780016979e-01
3.844716795404287124e-01
-2.669616358769343056e-02
6.486828534981607663e-03
-1.795802766648225413e-01
6.438115107418506122e-01
1.458414360795544928e-01
-1.140860475430221718e-02
1.834967312426802055e-01
-6.558709204640873758e-02
1.931115016111617511e-01
4.377260077011743133e-01
2.868372088351619498e-01
-1.825072769719437993e-01
-6.011797190248576589e-02
-1.825832949524192339e-01
-2.940387761349641527e-01
-5.251979080184969451e-02
2.401125183697009613e-01
-2.566448780579461131e-01
2.538120996339290891e-01
3.309599965275185074e-01
1.926234811431466742e-01
3.015137627056326264e-01
1.027341446923853673e-02
-1.255018029871514569e-02
2.669341438022149737e-01
2.878569968189456652e-02
6.572373932067361590e-02
-1.276619854006211807e-01
1.261646202615251955e-01
-2.752698844041032156e-01
3.955159209450277991e-01
-6.109544339805465102e-02
-1.452018391302841160e-01
-1.532286319296223831e-01
1.154266882863019122e-01
1.156120673919143471e-01
3.449936328499458305e-01
-1.261273201956660261e-01
-2.424441518452409572e-01
-3.065945443473250820e-01
-1.595145298174657084e-02
-6.097556946686007173e-02
-2.295250193390360391e-02
1.160313473994246114e-01
1.932217944065309778e-01
-2.758035655493460969e-01
2.689807162063579393e-01
1.412498166111517128e-01
2.197805921933986273e-01
2.425813566227681128e-01
-8.736347624921406499e-03
2.281659503937518430e-01
-1.680455278401207231e-01
2.957127002886082989e-01
1.042949183165370886e-01
-8.777467178879857709e-03
2.287205324287337471e-01
-2.270504671727600898e-01
1.685956667753999716e-01
2.428395184228086257e-01
2.741283490996835812e-02
-2.687314139069529317e-01
1.615505124278903692e-01
-7.689578248689031559e-02
3.257956313616171967e-02
4.277485644197959180e-02
9.285024362302470025e-02
-2.001984844369984473e-01
-4.650293336200948813e-02
4.206966900556572547e-02
4.967540854310267262e-01
-1.605874393348788731e-01
4.826365299964905375e-01
-6.937218880721078562e-02
5.978258430829470893e-02
1.293033733575192912e-01
4.849461142129942587e-02
-3.681382501724445727e-02
1.839948836858197254e-02
2.022524323846588978e-01
2.341884647939071126e-02
5.575083633210285716e-02
-9.768033181538429699e-02
3.389415614305547053e-01
4.976489369877257207e-02
1.732498641907823100e-01
3.381573701722515035e-01
3.803290737711804703e-01
5.608205588209822512e-01
3.496701617146257268e-01
1.000000000000000000e+00
8.401012146009653181e-01
7.574627977843677584e-01
7.461170961322515227e-01
2.406262889093334634e-01
3.820674072971222968e-01
2.746435493684327156e-01
1.531462414005793082e-01
1.221636623695265683e-01
5.995756117171872554e-03
3.290260649901672468e-02
2.448386254232151615e-01
2.212065784988155592e-01
1.565030345212684026e-01
3.096241590640259611e-01
1.910521713990820936e-01
1.456663789492625982e-01
9.709996551551103305e-02
3.093908015070617745e-02
1.810497841635401173e-01
2.496344707158273113e-01
-9.726142597482417829e-02
-1.547846382997266068e-01
5.609826531541726308e-02
-2.763731428996991091e-01
2.879017469676338481e-02
-3.775695056061605936e-01
1.970317681826541933e-01
1.024131105341824673e-02
4.215033366550337557e-01
2.342448282773093304e-01
1.917205309601535956e-01
3.557876722000737901e-01
1.996226592603945194e-01
1.652573462063378629e-01
-4.023388580491700506e-02
-1.666457318817114730e-01
-2.529647335157929611e-01
8.074971023725972807e-02
1.028377602655320827e-01
-9.184574291742589325e-02
2.344437060303734555e-01
2.555531034482113051e-01
-2.369386441013263123e-01
4.815165745285383825e-02
8.541946047125564823e-02
3.163221924868104273e-01
-1.067088861556720475e-02
4.195750537528731422e-02
-7.981149218727640049e-03
-1.469878288906796560e-01
5.622541676662206472e-02
4.753909720807793227e-02
-7.755369535030477712e-02
4.778220507883115115e-02
1.866171290149193085e-01
3.380468865461649930e-01
-2.747532232786556103e-02
-1.835658725689248427e-01
-6.414443791591309396e-02
-1.033285513235224218e-01
8.210938442032347795e-02
-2.165453210929298711e-01
1.408083518489338173e-02
-1.272448256726535221e-01
-1.122413695416572543e-01
1.714447782671366383e-01
-9.230819665009611097e-02
2.387942937715175143e-02
2.873329982180291564e-01
2.612543197675234463e-01
1.012597966131200955e-01
1.081361810661599643e-01
1.282031007033373471e-01
-8.911706286012628653e-02
-1.325668251458450853e-01
-2.025146706119164419e-01
7.168280188701213473e-02
6.141149060069901744e-02
-2.238824792744480152e-01
2.519387060307241577e-01
4.650066166134071699e-02
2.103656898621296123e-01
-1.456146560601642159e-01
-4.041559684357613758e-02
2.361753195395673577e-01
-3.971892162706920915e-01
2.256532486955208361e-01
2.290830739553110784e-01
-6.907166772437053903e-02
-2.522453652063483820e-01
2.141616074875784814e-01
3.505924500110774722e-01
-2.153514309629417367e-01
-3.719206699808241812e-01
-1.949714818796604576e-01
1.854417114365383423e-01
3.675394632708576803e-01
1.267741871704622936e-01
-4.376212660288070905e-02
5.066111637057297418e-02
1.996974300176037609e-01
-1.244447934804447098e-01
5.203634337225029882e-02
1.529803912391229925e-01
2.402233025599319616e-01
-2.232599051129408319e-01
7.547834534547122332e-02
2.743621169544177563e-01
-1.400627497386670904e-03
2.692226354677611511e-01
-4.891292086008698636e-03
-1.739648433092239044e-02
1.869868894475510690e-01
8.247771429341650695e-02
-1.409164779717658189e-01
2.452290442841777163e-02
1.978340578255946280e-01
-1.292760360889001481e-01
-5.375568103655704866e-02
-2.136438289072372931e-01
-1.152527878501938413e-01
-7.061317766841013199e-02
1.640126892781455792e-01
-4.799361872645110383e-01
-2.977272039812263113e-02
7.902182340897494217e-02
-2.090059912583840662e-01
-2.450945839090754308e-01
-2.708453628315829476e-02
-1.274060691134811137e-02
9.872395651769586000e-02
8.439974692077883978e-02
6.806504446114111651e-02
3.027866491630654133e-01
-4.584316465261489837e-02
-2.548903174933173782e-02
3.700400893867111796e-01
-1.782242194292406046e-01
-1.093523196108278084e-01
2.174796432840602478e-01
5.538952703992209431e-02
-1.015413879427059657e-01
-1.263861131017942618e-01
-9.105434024753276956e-02
1.258919545409753482e-01
1.286941656266627210e-01
1.501439639524976000e-01
-9.331260682659275885e-02
-2.180437234202496632e-01
1.860486080571152612e-01
2.724405171079613552e-01
-4.301084570831328890e-02
1.539372618979967938e-02
2.545511802238022980e-01
7.778127482312624519e-02
1.415365234935063166e-01
3.808046364842631454e-02
1.595762163344441043e-01
4.510277598564487733e-01
-1.596256528747048153e-01
-2.365091668408122461e-01
-1.715199648790147191e-01
3.962887694548637013e-02
-2.251133881105353840e-01
3.891460726255363545e-02
-4.173459174805190658e-02
1.494688843746781459e-01
-2.091921186979562031e-01
-3.018988762053500391e-02
6.639277361287941603e-02
-1.172489751175869593e-01
-1.562416130144788917e-01
-9.461387001895653348e-02
-7.372786069697877254e-02
-3.966195371923778717e-02
4.552791462531369931e-02
-1.790044931759174895e-01
-2.757473564467179811e-02
-2.694258034731943433e-02
2.499437429920633655e-02
3.185308733825913396e-01
6.327728363641507703e-02
1.495840924602866717e-01
1.157506558249246226e-01
-3.164369433707915347e-01
-3.165387775312650809e-01
9.620186451437655328e-02
-3.626273520738806239e-02
1.299744618208869829e-01
8.729060157811693865e-02
1.773205453329894932e-01
6.870528422637960098e-02
2.682987614005547319e-02
-3.857574471019471068e-02
1.172260369829033616e-01
3.368955390352095236e-01
-2.659073777556993923e-01
5.846731608472804237e-02
-4.857653694773684250e-01
-1.827336888924429095e-02
-9.908213082546415973e-02
1.075457614399841499e-01
-3.222377563431427783e-01
-1.128762331106741498e-02
-8.276727286303631193e-02
-4.972256860922701777e-02
1.702979718794306319e-01
-1.979048941449206289e-01
2.710018977169640353e-01
-5.381049006868442869e-02
-9.944094567113237471e-02
-7.710823249023156245e-02
-6.192393837687240610e-02
3.323925045245214038e-01
7.052237212953774148e-02
-4.179164771094157627e-01
-4.741746023805377963e-02
-1.155037382386246564e-01
4.123414595141079719e-02
-1.487582072185057724e-01
-1.925909205256989831e-01
-4.223555336025641010e-02
2.081125805235174431e-01
-2.421481793801147642e-01
-1.002283722154631435e-01
-7.055576445632311122e-02
-6.217948850250856058e-02
4.455649194539032520e-01
3.569485478746410589e-02
-1.534996837543808335e-01
2.749632252284789358e-01
-3.721237221846125931e-01
-2.853594996406664253e-01
-3.239266364025670253e-01
-2.490117267806899598e-02
-3.409588746116582469e-01
-2.750973953231888869e-01
2.052660145978044415e-01
-3.380199309389803619e-01
1.184303151966323575e-01
-7.807220533834875742e-02
1.231943726264581734e-01
1.674829443718705568e-01
-2.564747966846112406e-02
1.697152700485959065e-01
1.117808828147009471e-02
-3.681303573656581341e-01
2.363091835130555762e-01
-7.850392760076176091e-02
4.639613729693276012e-01
2.355569048398752086e-01
-1.920671946832711863e-01
4.494147861914494363e-02
1.639267746088108602e-01
5.674757983272989831e-02
7.705916262249609683e-02
