3.632332890329614261e-01
-1.398715724754365508e-01
-2.515711513184727965e-01
5.169093421745374339e-01
1.155462668634856110e-01
-2.852831349640478492e-02
3.719472205066864934e-01
-8.753552656338234317e-02
-7.133155654396457213e-02
-1.679823110812920031e-02
-1.697899598200629523e-01
1.707393252615765911e-01
3.044339160678096734e-01
-1.065510499650169224e-01
4.730009584433835790e-01
2.099543600704244783e-01
5.548123413223739198e-02
1.224985672609602422e-01
-6.552892497609866251e-02
1.636798306784190971e-01
-3.285518628394228369e-01
2.667777451531843647e-01
1.169214008617810163e-01
-1.279066779841667298e-03
3.245369235209263348e-01
-1.137891699590793115e-01
1.313697752477224201e-01
-2.631064759770509673e-02
1.299213165434504602e-01
9.969858514287480156e-02
-4.312939387116448420e-01
-4.531892041512261549e-01
-3.112678248653392155e-01
-4.902631087716455283e-01
4.317861315831245106e-02
-3.590146171305554773e-02
9.964847125029624442e-02
1.720736233796131276e-01
1.686699007701054215e-02
-5.729427070341840122e-02
2.020745818772846647e-01
1.193701176757045179e-01
-4.574605629553978731e-02
3.611440715221126418e-01
-3.057774347117268032e-01
5.534422345119954789e-01
1.184816454100458410e-01
-1.228186169818278467e-01
9.771749277546062928e-02
-1.656167555443653350e-01
3.023558384847840341e-01
-5.432250497314197180e-01
-4.106235287231790321e-01
5.166828829175967863e-01
-4.854658713636777478e-01
-1.930748048857302834e-01
-5.602219190201512822e-01
-1.378274590678169598e-01
3.730337420351657607e-01
3.061500249098182969e-01
1.886686821352691057e-01
3.945955022428278280e-02
-5.207294432345078716e-01
-2.668834696331348622e-01
-2.490686599114392552e-01
3.079747401567495824e-01
1.428729486828204664e-01
5.516040361602496667e-01
-2.417108567151333154e-01
6.243071009123254966e-02
1.225945487729540595e-02
-2.645511934519896302e-01
6.393994135439140525e-02
2.757746402197666091e-01
-3.847898021889064601e-01
-4.197370002988808774e-02
1.167320536540923936e-01
-5.826489599110961509e-02
-6.895619600124193449e-02
2.104436787997875438e-02
1.197031951611134820e-01
2.324712523347555182e-01
1.999473213594590015e-01
-9.515786358885690299e-02
1.820596681932748484e-01
-1.756812926794745489e-01
3.689500121825636247e-01
-2.919020801729496073e-01
8.511560066535764357e-02
3.715091657516888524e-01
-2.535448907195461121e-01
-3.086781075165019317e-01
-1.779319286653531507e-01
-1.498623983388077119e-01
-1.349960005721964340e-01
-5.758012186523046860e-02
1.953309894089121646e-01
-9.449581901486095448e-02
-2.264747191101248169e-01
-7.322547251241358079e-01
1.500200873388211342e-01
-1.309691950191120904e-02
-2.027496339386167246e-01
1.911818637738620652e-01
-1.248642373043868936e-01
-3.908304826377730357e-01
-4.951949878363865465e-01
-2.213098974819404166e-02
6.377056239058190301e-02
-2.140756257473007129e-01
6.981003986896586744e-01
-3.028402258148874537e-01
-8.531005800210489376e-02
4.808086978888893581e-01
-1.069083954825264110e-01
-1.587767853828201958e-01
9.550859022988690897e-03
7.169252555277171035e-02
-5.082269129147938547e-02
2.175639871226610622e-01
-1.782618267117186406e-01
4.106819524610381689e-01
-5.502465644380757359e-01
1.414313932486256642e-01
2.937081706207565479e-01
2.087312718391663158e-01
-2.290051392498171356e-01
-3.368154733306411019e-02
4.210160016493875168e-01
6.853903480383885527e-02
-1.667493436990765687e-01
-3.328003799975512433e-01
9.958991560747679217e-02
2.646419463569902805e-02
2.857898997243492611e-01
-1.109132464478659597e-01
1.067463638410214438e-01
-3.149967102036519973e-01
5.442701203807639304e-02
9.098221579640501655e-02
1.270196496504482353e-01
1.271871351335299993e-01
2.871441660862649181e-01
-2.363406941557278929e-01
1.292285187983430450e-01
1.996688862944363818e-01
-5.097241345903182896e-01
1.654836416976630982e-03
6.757861473464313873e-01
-3.775642974723823486e-01
-5.816290098617554749e-02
1.521760181556311153e-01
4.045573545295186833e-03
-7.753178760198342102e-03
-1.027402956918243154e-01
2.633898346585580308e-01
-4.356652809954350558e-02
4.902288530323815202e-02
1.755118449411533221e-01
1.329057833291110158e-01
3.109128484460895181e-01
2.820996017850304072e-01
3.655705118729806746e-01
-1.563754211534175986e-01
1.689227992430114289e-01
-2.983264963917403034e-01
-4.348358831497626809e-01
3.314009407578946687e-01
-2.623281997861019385e-03
1.009687418715547735e-01
1.282769367472337031e-02
-3.412169653811038539e-01
2.950164650521399090e-01
-5.309566431297158516e-03
-3.032768683506721352e-01
-7.343528281310614247e-02
-1.484738759313706247e-01
2.416606424828187383e-01
-5.388825927528365645e-01
-6.661584162172646817e-01
-2.541481193458851040e-01
1.947378810074529287e-02
1.347118222407994031e-02
-1.120643590619655044e-01
-2.535357074029529478e-01
2.946768392972177741e-01
-4.926836996785481371e-01
-2.658049085934352518e-01
-8.693489363593639996e-02
-3.689376235056853748e-01
1.414921026770639412e-01
1.246738587992105296e-01
7.077753677369398588e-02
-3.487362501829686101e-01
5.280358862345782556e-02
-5.392570189452167151e-01
1.854000051467029897e-01
-1.286325463036920025e-01
3.810767233813400559e-03
-8.999698491579491422e-02
-3.937569875695822591e-02
-1.809908720713925001e-01
-4.696670807078051624e-01
-1.557741807035596393e-01
-1.320769295689570577e-01
2.283433493366491540e-01
8.704459096376579441e-02
1.299839016207289880e-02
-2.917862154973858146e-01
3.946635879863342328e-02
-3.360369862914658334e-01
-2.332216172784915831e-01
-2.799554556277162320e-01
-5.289935015895620429e-01
-5.670615835781102343e-02
2.411646396074405008e-01
-3.389134404611986867e-02
-1.274545937408873009e-01
7.294601973756682789e-02
-1.151390024888600955e-01
-1.938882799213887675e-01
1.406003562766085235e-01
-3.955990991437343535e-02
-3.755146477151499046e-02
-2.202861979867427045e-01
2.494410607181313522e-01
1.386044317155886441e-01
8.064362088092450476e-01
-3.084425596386946022e-01
-1.878791889056856679e-01
1.506653115427571410e-01
6.858473156510976887e-01
-3.686393464577612522e-01
-1.422927077743025848e-01
-2.481961401885374452e-01
5.469063558845247419e-01
2.270237077540485787e-02
-1.129009186500443684e-01
1.078940760594002124e-01
-7.499886462656275843e-02
-4.305393034059853408e-01
5.139829575531709160e-01
-5.070643982354986479e-01
4.764056655257814521e-01
8.834640025611144309e-02
2.210773637404301606e-01
8.743450995382142862e-03
2.841487881123944126e-01
3.768101140019129436e-01
3.889582197708851830e-01
6.084587897195492534e-01
5.000240377731214325e-01
3.032088396600972624e-01
7.369223250205629849e-01
5.444218761101403681e-01
1.370756819048143671e-01
-1.446250155207257082e-01
4.616065254571216081e-01
2.195871381981744086e-01
8.417401037335948688e-01
1.000000000000000000e+00
5.393954181372280221e-01
6.625764033864819380e-01
2.373959124770691764e-01
-2.265310262716792866e-01
-6.650584747144462350e-01
4.317600505992052473e-01
3.843933823669323235e-01
-5.665050033276409873e-03
4.016997001966622349e-01
-4.015678808393884358e-01
2.963520806937432472e-01
-4.798439265625711880e-02
3.271779460249314431e-01
-3.395728422050447309e-02
-1.154967661373821897e-01
3.482329911758755836e-01
1.435793320114584493e-01
-3.306167098395086934e-01
1.547443234761252395e-01
-1.751808875371857199e-01
1.567764291286185829e-01
-2.146566692136931687e-01
1.709185975430805027e-01
-8.630308940636638448e-02
-2.793213082211011833e-01
-3.975361583600926507e-01
-5.889147724778388548e-01
-9.161409106650246492e-03
-2.802190584991063327e-01
-6.284709815708580671e-02
-3.004510587320373127e-01
3.284383018657349024e-02
-3.737257091622574467e-01
-4.114129566833339413e-01
-3.219733101984514345e-01
7.740336882000037680e-03
-4.539141672867383903e-01
1.844047252611229482e-01
6.419931562093176280e-01
7.106043723604898998e-02
8.011630607649007640e-02
4.539410725048453332e-01
-3.715906144166029046e-01
3.504631776564138823e-01
2.806001275297171499e-02
5.111005150718405526e-02
2.112109074333390624e-01
-1.121846497866746534e-01
-1.218547924855245962e-01
3.543158250285410871e-01
2.381289070147991349e-01
6.783503400043289222e-02
-8.358900250124905174e-02
1.550978189016502529e-01
5.093466866579804408e-02
-1.292872401772824677e-02
-4.384181529072016248e-02
2.776594258074194244e-01
-2.025053524404531458e-01
5.866131230800059743e-02
5.098207669443456380e-01
6.442637986449585401e-03
-1.999800683510342125e-01
2.284550404849155225e-01
-4.241563644209447870e-02
5.018129584943407107e-01
1.881543519748646864e-01
1.293967458477502941e-01
-1.833098883700946813e-02
2.464025352522348222e-01
1.770737935787464745e-01
1.386961861852269717e-01
-2.185701522752094561e-01
9.896151955653664789e-02
2.428964484703043658e-01
3.405485009374987215e-01
-3.663759634161518897e-02
-1.778788247251573140e-01
2.028495404273873148e-01
1.247474753752488841e-01
4.282849772932505461e-01
1.584929876668641491e-01
9.284616531292919084e-02
1.218074104747057518e-01
7.034173049996132743e-02
3.524780763730589461e-01
6.571473988313297765e-02
3.174536955071183535e-03
1.903288703815383398e-01
-3.305815228362355418e-01
3.941749929914627887e-02
3.892338990449578651e-02
-9.335754263497697547e-02
1.622287131447786579e-01
-6.091241062893352209e-01
2.246673076337214747e-01
4.605351595575609136e-01
-5.623307442571538056e-02
-2.086926507360217231e-01
1.708563496344784605e-01
2.082741537497103876e-02
3.205679379946832497e-01
-2.887372838870558289e-01
-3.510704774581289295e-02
2.835780853940783608e-02
2.564878768932751796e-01
3.069194663608330181e-02
4.456075079705747455e-01
1.513425803930405072e-02
5.626309595241717892e-02
-2.740648249864431341e-01
1.684076012553306634e-01
-3.599385430882868220e-01
4.596717284555525973e-01
2.166599488800070583e-01
3.401573490707583414e-01
2.351743964864385916e-01
4.427374936412113993e-01
-1.155673926657764944e-01
2.354035854861589727e-01
6.585760233355021642e-02
1.809412415792551188e-01
-1.055775924558567669e-01
4.675671490561531668e-02
4.616192802957078817e-02
4.714760349423053887e-01
-3.645692575361488275e-01
-8.334285357066184216e-03
-1.233130735940796557e-01
-5.309787387947669489e-03
-7.297015936976337935e-02
4.838431207409265578e-01
-9.676901894351172539e-02
-2.588361034782776793e-01
-2.929708741558788021e-01
-4.175427881200366453e-01
4.154142255175338055e-02
2.797967690343924896e-01
7.025306077369353197e-02
-2.293682283400120536e-01
-1.965093263985520367e-01
-2.150390874600772995e-01
-2.400409723255317873e-01
-2.086634676102983033e-01
-3.459926567168149503e-01
-3.951715196141537545e-01
5.411383353627174930e-01
-2.243895726479110397e-01
1.997451694828058788e-01
6.303088879253991861e-01
-1.341403327845788751e-01
2.538511935256784757e-01
-1.604273643984941433e-01
-2.253119143933028090e-01
1.814775359429555979e-01
-7.712487075135059100e-02
-3.874467378874814072e-01
-1.377716885152899806e-01
-4.192278834860427295e-01
-3.965661721600645673e-01
3.171601539519042778e-01
6.076383482833650485e-01
-1.850005672169168502e-01
8.788783286524450011e-02
2.352170311517255141e-01
1.637884448663043668e-01
-3.875840777218369504e-01
2.594506082152528981e-01
-1.025907193627293434e-01
-4.043467033563111213e-02
-4.251085443790220131e-02
2.705478607204802044e-01
5.067465100832125868e-01
5.937986620093489432e-01
2.816214527160994519e-01
-4.678843532555350127e-01
-6.999766877397796405e-02
-2.903713975332338215e-01
1.869210547735350725e-01
-4.330468466499445140e-02
3.816705829244382286e-02
4.816750243428420397e-01
-1.058550965631276514e-01
1.792584262597650691e-01
1.361633597380945970e-01
-4.416273767715294188e-03
3.560759176246277580e-01
-3.147288628915532183e-01
-2.324389374615208267e-02
-2.752734991551349930e-01
3.293328196230388971e-01
-3.411799269445988519e-02
1.099895261874119096e-01
-1.839219114814907574e-01
2.815329522058258697e-03
-5.925025099371735576e-02
1.416729345217111052e-02
-1.099875280890418167e-01
5.131722122603190606e-01
2.916047362217035754e-01
-3.570286027533564610e-02
-2.651087973653440955e-01
1.314403148633797036e-01
-6.016841921183854747e-02
6.001125467772382427e-01
-2.515233728199497976e-01
-4.026397384828158538e-02
1.852628624866827778e-01
2.932703130401210223e-01
-3.630971803695503403e-02
6.932462045502552073e-02
-2.515252347354532403e-01
1.651162262800520697e-01
2.558934450177678399e-01
1.693920015178982663e-01
5.129221135766962730e-02
-4.638443257691135524e-02
2.071019785908847222e-01
1.312102136449140068e-03
-2.167623310109779988e-02
1.615372960536866631e-01
4.284281947442317717e-01
6.614483121943809385e-01
5.458811486075600822e-02
2.261086736764900962e-01
1.429727345546497885e-01
1.262407856608751822e-01
-2.559791856879405914e-01
2.681139129697138190e-01
-3.557320137248194958e-01
-2.537652120550235035e-01
-8.404246540706689084e-02
7.008965412218266799e-02
-4.785933414630303973e-01
-1.254362237151101511e-01
2.329848880599841021e-01
1.162658176445879737e-01
2.076183362759571605e-01
-1.881355650716857175e-01
2.605213350271236017e-01
-3.502970733876764609e-02
-8.955885924735922099e-02
3.718121685018097033e-01
2.623994067361523075e-01
1.058408186834012138e-01
2.893132327903150114e-01
-6.685805771696089472e-01
-3.757580357714013219e-01
-1.076014773147597470e-01
-4.106170358011518307e-01
-9.777405810289946375e-02
