-9.350051558733145363e-02
1.170893425097384172e-01
3.496697763532382597e-01
-2.244589078023629947e-01
2.495265340069273072e-02
6.493465416903049237e-02
6.424929549791250083e-02
-3.318154992089485944e-01
-7.683550895422669447e-02
-4.162494927533853112e-02
3.875912908728351147e-01
-3.438166756121240897e-01
-5.873990310075081350e-02
-1.351600915480333509e-01
-2.637410447843499539e-01
-4.590488824149539099e-02
-1.129080347143971153e-01
-2.268433227648695982e-02
-1.253274996637085761e-03
-7.616338098923049194e-02
-4.168688917026065061e-02
-5.867904101527859212e-02
2.439839000829756022e-01
3.294885948499822192e-01
2.176129287686445479e-01
-6.129463549523216093e-02
-3.851079601638994487e-02
1.478338493359684647e-01
-7.840958932064444331e-02
1.340154384262407794e-01
-9.357029574565135788e-02
-3.748059037938404892e-01
1.102692583317962417e-02
-1.604026170549605612e-01
-3.203884595243679939e-02
2.278803723311641216e-01
2.515031465070363126e-01
4.790045798706675517e-02
-7.235406838103343452e-02
5.850553344519309612e-02
-1.352711324355840294e-01
2.335208361576177893e-01
2.125017977667426339e-01
5.659254677403802863e-02
3.042738051644291453e-01
-4.639413574834004572e-02
8.103632050371611939e-02
-2.966453176540474468e-01
-3.981967106581663085e-02
-3.294760861356402781e-01
1.694766007047938949e-01
-1.494586352920773686e-01
5.179807430033617904e-02
1.062516985927780683e-01
1.867542452286269639e-01
-2.658128013244994703e-01
-8.997641420001294826e-03
-3.156870900039851491e-02
-3.486792620311675583e-01
-8.759602185542995911e-02
-3.154334364364174137e-01
-1.482584489116404169e-01
-2.898743500033834630e-01
3.548177465007969211e-02
1.972561200626004041e-01
-2.729705018634378533e-01
6.681529957927692664e-02
-8.952390544566554698e-02
-8.617189088725227264e-02
9.077668585815155955e-02
5.906123007989508289e-02
5.625127042332572769e-01
-1.614077700805350013e-01
3.109297134960032905e-01
2.849714470762491070e-01
3.092653690097804664e-01
7.675089349272241901e-02
-1.726890895372900636e-01
6.518226931769217636e-01
2.100254707971489221e-01
2.321591358857777732e-01
-3.515963239184666800e-01
3.610435169441726933e-01
-3.457312294986700785e-01
-1.908466352856685311e-01
-1.200337844007610816e-01
7.257141112832932173e-02
5.683618176291446375e-03
-3.113640147522184209e-01
3.960059152868120047e-02
-2.807188867183021963e-01
-4.990021573862590820e-02
5.566550497157726068e-02
2.442962473733760465e-01
-6.626012833669363278e-02
8.556235423207721180e-02
6.375681456271813097e-02
8.890015787701210925e-02
-1.551391830407441164e-01
1.370056142932518095e-01
3.105492450984585068e-02
1.420212873323052627e-01
-2.741779401037441888e-01
2.215658215204755477e-01
7.939412619195676535e-02
1.516541394292746370e-01
4.493792173481100244e-02
5.582986188297633934e-02
3.327976766998581859e-02
-2.185092325117652945e-01
1.232061187341438602e-01
6.338635060474814842e-02
3.731273066416920109e-02
-7.304236627874670373e-02
-1.643897182511542751e-02
3.416356060132788031e-01
2.770339101106813473e-01
-8.674238544346700441e-02
-2.515443442248964656e-01
-1.550330475608691951e-02
-1.335661142281452662e-01
-2.359408448653776413e-01
-7.848701314268147211e-02
3.468281806642314335e-01
2.318904029386825716e-01
-5.971485889154335425e-01
1.877969361491804989e-01
-3.958955103214285148e-02
1.272498626137947841e-01
1.712692366117028742e-01
-2.790746329942423443e-01
1.796979348150679057e-03
-6.134706751830373839e-02
1.959190197858585447e-01
-1.017911683756404229e-01
-1.723178405761305876e-01
-1.886992203182630973e-02
3.829975334231339873e-02
-2.519963494340105026e-01
2.843623382110994080e-01
-1.601146761353178585e-02
2.167394942165245392e-02
1.216083209778912183e-01
-1.303379794595566910e-01
2.888810181067612282e-02
-2.051574295284972760e-01
1.472363033841551407e-02
3.476091938978980722e-01
-5.518805175278540531e-02
2.055071811255863024e-01
2.515504850801263403e-01
-7.023399464032258413e-03
-1.670633276100629352e-02
4.573824269956228150e-01
7.088148783512622508e-02
-2.840335599814365897e-01
2.192081804976436510e-01
-7.424441407632902112e-02
1.564064699639569067e-01
-2.107255643783894627e-01
-1.932584735421180866e-01
1.483415241829662834e-01
1.471794550950677452e-03
-2.982098901486146536e-01
-1.546089676109290711e-01
-2.990143265703617548e-01
3.744682373075109982e-01
-3.993776721357557985e-02
-1.001249612611889751e-02
3.979552728143084112e-02
-3.517180466939170969e-01
-2.051598793491515027e-01
2.478401594603954206e-01
1.647609268553018869e-01
-5.093290798591335045e-02
3.638598306346285671e-02
2.104024056140458773e-02
4.766220627922880537e-02
5.802666611550616471e-01
2.582168800953940635e-01
-5.140618076420803290e-02
8.138297086525191071e-02
3.762880218435443042e-02
2.698317154141624541e-01
3.654985178012131429e-03
1.655341974276444972e-01
4.496958099224732282e-03
8.895298449491946535e-02
-2.680275456027223294e-02
5.536717478596257097e-02
1.825669239963301216e-01
3.670391600077393263e-02
7.851324876218465643e-03
1.144453316005301230e-02
-4.313174641213267657e-01
-8.277528177815762778e-02
-1.556929178652388945e-01
-1.773098553863806243e-03
2.194083100934757224e-01
-9.882431809459701899e-02
-1.179872134682501128e-01
2.331712533626241479e-02
2.524789002892659506e-01
2.329175109345338612e-01
-8.479078306788295771e-02
-3.160258831719209294e-01
-7.349358648469075939e-02
9.294733318016787371e-02
7.501137980094969848e-02
6.955458004036259301e-02
-2.587796597878505231e-02
-2.611923860472458170e-01
-1.342967506645587339e-01
2.022276921433760755e-01
-9.202189039281317984e-02
1.784574183898985089e-01
-1.153307500628939775e-01
2.157720772653388130e-01
3.617010435873367902e-01
-1.834739068363430425e-01
-1.395384263081594634e-01
1.238892309774256885e-02
-7.752762728830452088e-02
5.133950463242941548e-02
2.307314786829899600e-01
-7.361912569447352957e-03
-2.594235665277395686e-01
8.290001237355001940e-02
-1.846295000615926218e-01
-1.828924347949996698e-01
7.218193561314029116e-02
-2.959505405246384835e-02
-2.068551930850786313e-01
-1.587984458576197355e-01
5.359511125904387052e-01
-1.016010346621059324e-01
2.052315963111204372e-02
2.728919656412477912e-01
2.174265316599692868e-02
1.946119099469974800e-01
1.335756865068604415e-01
-2.399741982679147456e-01
7.861801539058667354e-02
-4.020776498575399927e-03
-1.050112648856760950e-01
-6.917150418400078160e-02
-3.647774859628070271e-02
-5.535269188631943178e-03
-7.922891987050355300e-02
1.022918509738201392e-01
3.289053617845552613e-01
3.232598017171124938e-01
3.967467569488848378e-01
1.000000000000000000e+00
8.865093846268420341e-01
6.378873629264527612e-01
4.353123694103688823e-01
5.353935545385912764e-01
3.976786997881480712e-01
2.213413889222877740e-01
7.307492994246820306e-01
2.116547313955289555e-01
1.547292879709540603e-01
1.897930340778390401e-01
1.748457855568792962e-01
7.321560946325880725e-02
1.070314402083021588e-01
-1.610748398310620499e-01
-8.311007065378793468e-02
2.482654104509859350e-01
1.432165754669082192e-01
1.711074299140198374e-01
4.380736996528366567e-01
1.385215917627075077e-02
6.053515083729150981e-02
1.966485812038101522e-01
2.154579675553802975e-01
-3.336914359955911458e-01
-7.191607469476818393e-02
-3.760126532375566155e-01
5.542676385779825299e-02
-1.269718501942448119e-01
-5.435528971066136417e-02
2.014887384126395897e-02
-3.584325473284333957e-02
5.796689353495348973e-02
1.049120522888022239e-01
-1.076777241733102713e-01
2.471984151325631596e-01
-2.278835413526296705e-01
-6.735711130197009899e-02
-7.295023795084727702e-02
5.376712380871680186e-02
2.733021231130966511e-01
-2.102006403937501933e-01
5.063091937289207478e-02
-3.337279244583269289e-03
-1.437157516581782368e-01
-9.551219085873570436e-02
2.204583518714859636e-01
2.591295171756838323e-01
2.360865488281962965e-01
5.324749406020222453e-02
-1.601497570478399579e-01
6.815210984070733946e-02
-7.866518637274268200e-02
2.155559743364703074e-01
3.354360183150808528e-01
8.406648548185448322e-02
-1.642064208703603728e-02
2.390207622510630847e-01
3.528290163597582185e-01
-1.426705133148771787e-01
2.177793644448886359e-02
-1.013079945261729786e-01
2.168228050489512115e-01
-2.851470084766785651e-01
-3.849210415530769924e-01
3.742167548935512733e-01
2.197581142383379232e-02
-1.476185618145105793e-01
-6.345616256278316381e-02
3.916412129893875327e-01
-1.898958539499575465e-02
-1.102484312963220581e-01
-9.488916388636806087e-02
1.873666907061566911e-01
2.547503960168937542e-01
7.874865902983373134e-02
-7.331197904015622491e-02
-4.502084744434951998e-03
2.911449901005913610e-02
1.779063299857190639e-01
4.563406408238455947e-02
1.003918022025069023e-01
1.708376191574747238e-01
3.205837383510480310e-01
-2.386559911984163784e-02
1.511639145060614253e-01
2.847920008325708907e-01
-2.490992779158124892e-01
1.661696728939324741e-01
9.564300069344230937e-02
-4.390976994357037033e-01
-2.903014374766573966e-02
-2.342582682431687546e-01
5.260124049941521107e-02
-4.244329822234703398e-02
1.609422081638296476e-01
2.596706110930597222e-01
-1.644565492300881226e-01
-1.380757772376656478e-01
-1.962805960752410372e-01
1.174143362892338255e-01
-1.003768352945856729e-01
-7.944913883298503066e-02
-2.053140409876038630e-01
4.102925154775459160e-01
3.510075682175192724e-01
-2.607158770496134093e-01
2.507159634094127676e-01
4.156677739870084931e-01
-1.469884781864406187e-01
1.071001439526466370e-01
-4.190624488991485652e-01
-2.826941787582321064e-02
3.235037643993262518e-02
1.286983021663042348e-01
4.459137455732505029e-02
1.487518796499507634e-01
-6.466634482549814267e-02
2.153453594524386561e-01
-1.000671108855912157e-02
5.709103567640926545e-03
1.496512105654017148e-02
-7.174250411329251287e-02
1.415004849632159889e-01
2.756942887412651075e-02
2.525470170255955660e-01
4.127064131462959695e-01
-1.846922221687357646e-01
-3.484123613803127850e-02
-3.491937913522500381e-01
-6.097101372696060728e-02
-2.087216247908586786e-01
1.538936870953160896e-01
-1.112134014021156359e-01
-2.687376016866405704e-01
9.308072223733715456e-02
1.907604567952553287e-01
-3.898070511602009236e-01
1.691189798355604568e-01
2.588498081389344896e-01
-2.481955603038448754e-01
2.295006186500971879e-01
2.717057963656161479e-01
-2.298969832300544747e-01
2.375537057361508386e-01
-3.579363531430737044e-01
3.324468517763704001e-02
8.421673047734298811e-02
3.084707374526068357e-01
3.213341741388385242e-01
9.503830206366004063e-02
1.489046720681868052e-01
-2.404381583785455134e-01
-1.663534621751449616e-01
9.527508555369434973e-02
1.130358035339525946e-01
-9.905061210994972609e-02
1.030345454958002116e-01
2.131095402026445262e-01
7.368535600694336996e-02
9.479132609168655632e-02
-6.487215767033416292e-02
-6.298827883173800657e-02
-2.702717933350123336e-01
1.709726730321282639e-01
-9.708117358868986746e-02
-3.107122384437135260e-02
9.231137249440136971e-02
-3.306517659365902917e-01
1.058841794433598993e-01
-8.035256084770422969e-02
-2.746745342815635205e-01
1.482182355876189295e-01
-2.920059842351860335e-01
-2.080218586065816777e-01
-1.071436855161426727e-01
2.489698824678787947e-01
1.089060105656969174e-01
-4.418583422770753222e-01
-1.261064207776233480e-02
-2.555493400951636129e-02
-3.469335673115248042e-01
-9.442843441311850328e-02
-3.812114981455475560e-01
1.946400403631682874e-01
5.632744464107727889e-02
-1.227364039901939624e-01
1.444081393717459028e-01
-8.373338903694151070e-02
9.397022893580687930e-02
-8.841789843254259373e-02
2.448242123731859954e-01
-6.183111699560345231e-02
-3.056712109228299501e-01
-2.347534932007717678e-01
-1.804361957965808783e-01
2.608187572542532973e-01
9.155597277059605854e-03
8.490767619086561635e-02
1.266619265067204791e-01
1.988904796929185093e-01
3.135149646236499305e-02
3.651494015048693531e-01
4.438062918072093188e-01
2.876977938239554389e-01
9.388966789201944052e-02
6.825648866739147946e-02
1.364371819403060737e-01
2.687907295958721215e-02
-6.189442890172990736e-02
7.242577854984541541e-02
-1.519405437221192090e-01
1.009316231062657859e-01
-7.497573372737617592e-02
-2.923369512789578128e-01
4.332539439694029770e-01
-2.660647703534317343e-01
-1.373549386883750889e-01
-1.195942207081168301e-01
-1.882857232588307228e-01
4.188277333065176106e-02
-1.508137641276741103e-01
1.606459412724980463e-03
3.880475166951059540e-01
1.190742104319040227e-02
9.323841569235614968e-02
-1.656088701376444774e-02
5.740845566881133677e-02
8.516298322765240847e-02
2.141070870583708721e-02
3.627590260217870566e-01
3.040088996311294811e-01
2.363346054006076891e-01
7.448989142627776561e-02
-1.118307423344913065e-01
-3.695784114573997126e-03
1.010205152148470065e-01
4.322911294825092510e-01
1.971235229860516247e-01
2.189321008795542534e-01
-2.215542860360591448e-01
-3.883277413555549784e-01
-1.183937401259450156e-01
5.824023610806524504e-02
1.673819159644419630e-01
3.312766683930845613e-02
1.327264645167469392e-01
2.069349817973200820e-02
-2.745837793603428945e-01
1.522519835849722447e-01
1.380073428727914830e-01
-2.788523101482189362e-02
2.012975173056273936e-01
-2.169361267707671515e-01
1.492131975267286803e-01
1.392890705043529076e-01
2.395904759905703729e-01
7.102379775611167290e-02
-2.835174133916870676e-02
