5.234480657209665821e-01
3.639895452097570150e-01
2.516727641784758940e-01
3.130612455930198990e-01
-7.376466180130895889e-02
1.282213446170211990e-01
9.864631740961016249e-02
-1.696906763171989185e-01
-2.999776015044936517e-01
2.570429060108171404e-01
6.746554102110159656e-02
-7.300201342963197337e-02
6.187644851246665301e-02
7.703365322668644100e-02
-2.483590080251898424e-01
-8.905439312586620193e-02
9.417975866903499638e-02
-1.918146950268352635e-01
7.348985924932739666e-02
-2.367560121228238779e-01
4.343206508802692767e-01
3.356056319814359479e-01
9.802204770078874752e-02
-6.170317402873799068e-02
-1.359092706267583939e-01
-3.998318993612807737e-01
2.827313092154643548e-01
-1.860454449416024947e-01
2.852720055675754263e-01
3.157323422550135650e-01
-6.060944828264079598e-02
7.418973807758244554e-03
3.321795065735689279e-01
6.026503788427473723e-02
-2.727883859479360296e-01
-2.968730466962117842e-01
2.171901714880756229e-01
4.137042046347382818e-01
1.653698022791507405e-01
-3.694017085123120769e-01
3.101920090225246396e-02
-3.282875484397703575e-03
9.484599789703954120e-02
5.444657986483414369e-02
9.809483196669477323e-02
2.134397288179833707e-01
4.948407397088207954e-02
5.080960170934098463e-02
1.480615548193737682e-02
-3.174379681017077681e-01
-4.131916838182440599e-01
-2.765658690667225361e-01
-2.644489104518616199e-02
2.082809890658100238e-01
1.166841337169942650e-01
1.384904082535886975e-02
1.194179585375171326e-01
4.387341078128791372e-01
3.369658197943755651e-01
8.060059736151420698e-03
5.555988791118164905e-01
-2.816485995874515313e-01
-3.530405385028829168e-01
-4.944737352956754539e-01
4.645114911407333125e-01
9.109421741044040899e-02
-8.310546018435038471e-03
2.223256001260814907e-02
-3.540080679939733299e-01
2.798683733554975794e-01
-6.331969677146544184e-02
-6.503824155890863823e-02
-3.593648091777048581e-01
4.921398262906563903e-01
-3.173891188946522113e-01
7.766867401733104463e-03
-1.624884541530862425e-01
-8.900645197847036061e-02
1.363848854925881759e-01
1.240534715362302115e-01
2.136387093388961711e-01
7.520360210335337581e-02
-1.329400115712265316e-02
-2.755428498321104147e-01
7.074690886476553420e-02
-2.643113724014514720e-01
-3.693812375704061957e-01
7.560636507859616606e-02
-1.779608991115604888e-01
-2.219010057313325623e-01
-2.758653995210330057e-01
-5.805205528666966541e-02
1.098237849726098198e-01
1.321819225805036246e-01
-1.433743972274129919e-01
-1.370643156851659161e-01
-6.375704879152828408e-02
-2.019622411837065645e-01
1.601180689542498758e-01
-1.664609528892988521e-01
1.978265397448095431e-01
3.486151088465122005e-01
1.358623276473813479e-01
-3.509397502281024761e-01
-4.118015893182241371e-01
3.492545467772972811e-01
-2.877554965538928755e-01
7.940133332517358700e-02
5.573971588865701127e-02
2.477566146994450158e-01
3.388133074994998939e-01
6.534461446919456740e-02
9.290802413045579078e-02
2.158965796489554015e-02
1.774087638390558497e-01
3.501771919647845843e-01
-3.855031055373646098e-01
-5.262198050450753173e-02
-2.229692679966487068e-01
2.638168531729234156e-01
1.185302836056288667e-01
2.791867977838179415e-01
1.794957441959289107e-02
-3.950866251163194787e-01
-3.699970991694759848e-01
-2.252690853383929881e-01
-6.007831824399968434e-01
3.172220223181931309e-01
-2.245021133361113641e-01
1.341938503077717282e-01
-2.336778774009824755e-01
-1.759680334799964552e-01
-6.189226656398535281e-02
-8.708971515407951114e-02
2.246484408845359215e-01
2.988201875891939308e-01
6.553656966807302336e-03
2.499795147500510073e-01
-1.561776326729079345e-01
-2.391112967243946563e-01
-1.419756554662009174e-01
1.660838630788565307e-01
4.510691279455886771e-01
1.280491878770230463e-01
-2.153871902807551475e-01
-1.890653207735526198e-01
7.790381696846217230e-02
-2.439787348662444608e-02
1.960364999618989801e-01
-3.820969502848785559e-01
4.114415548787598853e-01
1.204165644104490812e-01
-7.077940107646621404e-02
3.425811157217056313e-01
1.294696673669529507e-01
2.397675888622189527e-02
6.336698808928915849e-02
-2.361556549891748458e-01
2.917944197333282030e-01
-7.229750795079518955e-02
-2.168299568318932113e-01
1.693822152637864953e-01
2.275294301136043112e-02
5.424329819699479777e-02
5.080499038131324613e-02
1.426814171734373110e-02
-4.290524409843018416e-01
-8.608265262536200779e-02
-1.974797742832536118e-01
-1.779817773266011427e-01
2.356279259246778571e-02
6.910554300351078039e-02
8.548589468435573158e-02
-2.565526012258704247e-01
-3.034632076216734475e-01
3.507744922546409128e-01
-1.741566632415542659e-01
-2.223088097914502348e-01
-5.642863037239170820e-02
6.560058351832890634e-03
-1.344133087542649097e-01
-9.508745570735202546e-02
1.773904416812829565e-01
3.077073931313696886e-01
-1.750665766886852770e-01
-1.738973910436854564e-01
-4.325043886000336513e-01
-1.445360899757536406e-02
-5.145028734825675409e-02
-2.459501540450544435e-02
-1.077953806742751042e-01
1.108100817084628660e-02
-1.126579422779152295e-01
4.588335534146086719e-02
-1.419190670576129243e-01
-2.977357364502171699e-01
4.760576819667658999e-01
1.021621853623105036e-01
7.712107886569255499e-02
-2.371835318568763992e-02
3.430890061315079453e-01
2.327127063780958238e-01
-3.779950788741547885e-01
1.832190753838291997e-01
2.777152942403779412e-01
-1.469270065876927267e-01
1.338554149426322837e-01
2.767900929956057521e-01
3.126120438299046511e-01
1.595451559637521277e-01
-1.644884008100054931e-02
-3.023697210270168134e-01
-3.009062443825494815e-01
3.458546247881254532e-01
-6.907607305695215305e-02
6.074426233148711579e-02
1.258849539894602576e-01
-1.780152677063377431e-01
-8.470540944144433482e-02
-8.910935959918486748e-02
-3.467350304748257478e-02
1.154059870610049145e-02
-5.050760097569363671e-02
-3.275629655622179781e-01
-1.132767518772792407e-02
1.097007165911248888e-01
3.505331349413930986e-01
-2.133088086429116847e-01
-1.704330704146982400e-01
-9.011799909581552637e-02
1.288449193552504424e-01
3.288076751521236685e-01
-1.795328252481249998e-01
-1.893149063233930118e-02
-2.478610802093913490e-01
4.138220755609989948e-02
3.369159654356095324e-01
-8.387321250166430639e-03
-1.697219468830905298e-01
-1.542947556873965238e-02
-2.074807242729071743e-01
-7.373344336007763011e-02
-1.270356824009547803e-01
2.956409838496527054e-01
1.165293425290753609e-01
6.317192392581197358e-02
-3.932289499766931928e-02
-5.512142479170569626e-02
-1.779866988357471924e-01
5.688515033471555071e-01
7.327544151134266492e-01
3.622432650030445456e-01
5.118822598880445884e-01
5.677251952810157265e-01
3.678108589344022405e-01
8.896613522461706974e-03
5.564170397106932286e-01
4.882071222271894828e-01
5.739941668177225287e-01
1.000000000000000000e+00
4.209836767547514014e-01
4.753735503378013760e-01
-8.423796012892884044e-02
-1.126818063070879200e-01
-7.049581260893371393e-02
3.049931311930587086e-01
3.289473062910372447e-02
3.437660046102171407e-02
9.967363421247107946e-02
-2.806594780057107830e-01
2.528085529571292289e-01
-8.625024658333207972e-02
8.770178116048658531e-03
-3.621732118998264860e-01
3.977517431664430170e-01
8.662299879583783280e-02
3.998829021203452461e-02
-2.608402691766254500e-01
-2.161344087953840087e-01
-3.612826140106283057e-02
9.675453970076346166e-02
3.988546655062569779e-01
3.209224721139992010e-03
-1.004184860860748464e-02
-1.251451975412416207e-01
3.379321049823492684e-01
-1.735868249843665681e-02
-2.419382832393735250e-01
2.386125473786349094e-01
-8.540982140690812907e-02
-1.077839157206965381e-01
4.721669331114712598e-02
2.471058763581492068e-01
1.907319750101682809e-01
-2.590176874468334486e-02
-8.121806181330062935e-02
2.104927874840647681e-02
-3.294132970220674528e-01
1.328979011857231961e-02
-9.858555441346469883e-02
5.344631934999557465e-01
8.897221467714515331e-02
-4.550835725282280364e-02
4.138167350273560530e-01
1.778885376187757106e-01
-2.527223525425927875e-01
1.904627177346004396e-01
2.739138275167413150e-01
-3.352857163631333681e-01
6.939147903326715189e-03
-1.708573805132693746e-01
2.470370569956955864e-01
1.382977509269167626e-01
6.634980441229851866e-01
-1.049865032279844179e-01
-2.264818128762769930e-02
-2.740818357315378262e-01
-4.372281903300392347e-01
-5.299328588714697502e-02
-3.192794392112803248e-01
-7.256188766914158268e-03
-1.818706957515825728e-01
-3.236257733250443303e-01
1.647789483416761680e-01
5.534070114912130467e-02
-3.072337885689094272e-01
3.073305279879158525e-02
2.400487444230017531e-01
4.988788967105366456e-01
1.185089981174191620e-01
9.237349696648484987e-02
2.688665455544581584e-01
2.109660096466164092e-01
-3.769947008337423688e-02
-2.355813592148140456e-01
-4.167346443442817572e-01
2.401424779336775728e-01
1.628187360598667976e-01
2.328979985529244234e-01
-1.384592381809588713e-01
4.470063337533232706e-01
2.595809716973049297e-01
-7.850298890734641599e-02
1.041517774823193937e-01
-3.225597569358776284e-01
-1.146971271216057492e-01
-4.099157643325898048e-01
-5.427133596092549306e-01
1.638989415816254624e-01
4.325004662745264572e-02
-2.541050394904622103e-02
4.025634002922847676e-01
-1.444947597276788620e-01
1.339977099629234558e-01
4.106692540941974112e-01
3.782248896417940154e-01
-1.253793649855158843e-01
-7.211113857904398461e-03
-2.027018886185143753e-01
-5.424136463140822872e-01
5.869384790427134568e-01
-1.107506897446984967e-01
-2.964654853661781164e-01
-3.247604399394531105e-02
2.338033492180273398e-01
-3.248425189066438956e-01
1.298382935379180370e-01
4.159819490199106323e-02
-1.069715586283039727e-01
3.655598422537137959e-01
-7.072534624146788185e-02
-9.149003665180753531e-02
-7.234151025706020421e-02
2.233393931221917816e-01
-2.434968797570232213e-01
2.384334399210694677e-01
-1.123969995987774001e-01
9.776477864898536208e-02
6.659874072557624147e-02
-8.994445957198858588e-02
-6.426635162615870756e-02
-2.928188808601381865e-01
4.600798765934355772e-01
-1.437120701709431736e-01
4.912771590203633409e-01
-1.332531066139314158e-01
-3.644818446244572074e-01
4.796820939402481054e-02
-2.392677844559212841e-01
2.325939851263937597e-02
5.789498875526581656e-02
-2.138355480593333580e-01
-3.494564976123214484e-01
8.333642174557048810e-02
-2.682665316479235229e-01
4.129907606186084545e-01
-5.069616855295768776e-01
1.426501276985883138e-01
-1.288045113039940071e-01
9.212647820614261462e-02
-4.588558571762387656e-02
1.075975853481099948e-01
-2.013268678116193408e-02
3.564874380500824280e-01
5.466558215203575211e-01
1.285982818057556931e-01
2.284193284342124763e-01
4.666123243828870781e-01
2.133853341608673848e-01
2.586337935724257742e-01
-4.869788251623471398e-01
6.227293759788832261e-01
-3.879198775729913451e-01
2.016914984950067980e-03
-2.019164064161109787e-02
3.947598868724903620e-01
-2.855293265703923722e-01
5.386298682604519911e-02
1.442575248772939023e-01
-6.512930301524848253e-02
-1.376616195536999876e-01
2.572137438393258813e-01
-1.186958067928354094e-01
1.201403956748330927e-03
-5.832692904199283934e-02
3.223213038447146905e-01
-1.146996121491957454e-01
-1.390372658491184112e-02
1.262966457815314393e-02
2.246215649789438662e-01
-7.972009321606397803e-02
2.440747972077048911e-01
-6.419380651165897123e-02
6.812800237239972911e-02
-8.086479446967159701e-02
-1.421586143933967379e-02
2.752941275444688030e-01
-4.087472961418602280e-01
3.773235749098555192e-01
2.496116959680342584e-01
7.914485275735246017e-02
4.293247706036659728e-01
-1.672386534858542051e-01
2.439698603785520059e-01
1.168005804670476655e-01
4.062641280999088056e-02
-2.422503956101061395e-01
-4.226495600534115882e-01
1.688949603389579557e-01
-2.522250450890309303e-01
-7.723104127969963872e-02
3.149497201493121623e-01
2.336070668137721351e-01
-3.820025028986273608e-01
-4.396639273693536132e-01
-6.468999281647640209e-02
-1.921811535086670464e-01
-3.154970606457036530e-01
-1.965103126757755392e-01
-1.108152340225642685e-01
6.583415665888525670e-02
-7.139346112035734881e-01
1.202252484826960982e-01
5.614460158571118326e-02
6.425721549978456737e-02
-2.594156827238533469e-01
-6.449448704017030076e-01
-1.969315884142149309e-01
1.497444272194674575e-01
3.045243180017147555e-01
2.527211237394453858e-01
-3.775846027597182797e-01
5.727755018830001793e-02
-2.665976730975007092e-01
3.925466295143908990e-02
-7.646746850664301424e-03
-8.667185856522852117e-02
-2.302662548854863822e-01
-5.703090899554573712e-01
7.118659055400612320e-03
-3.268360309627661442e-01
-1.138141120637620324e-01
1.682650291830421752e-01
4.101182694378069371e-01
6.651635259278440571e-02
1.929523414871674447e-01
-1.048229487818393840e-01
-7.855625883704023260e-02
3.524341281490082634e-01
-8.383266715873988195e-02
-4.562879854734505636e-02
2.656587243983095092e-01
-1.875114101923033016e-01
2.463391174449694188e-01
-2.639046471990774950e-03
4.547823509052547064e-01
-1.293196886748206320e-01
-2.501249257224696376e-01
8.488061246288289285e-02
-5.232215121230083393e-02
-2.078581305799698936e-02
-2.059120266805073429e-01
-1.213573256502990666e-01
-1.333024826698505916e-01
-5.129090639830548026e-01
-2.433924697767339551e-01
-9.919785838219974394e-02
-2.033296709903314736e-01
-4.095620672321478861e-01
1.749562555475430714e-01
1.145174597691805546e-01
9.862696403778810350e-02
