2.186511870552295886e-02
1.777931737992588523e-01
5.124725659217728435e-02
-3.194515655582998159e-02
5.174538353200869301e-02
-1.543607556815678739e-01
-1.064371313188508250e-01
3.303706130200372848e-01
-1.093694617126327873e-01
2.001045442269918373e-01
1.280171371910022449e-01
-9.482347657949601050e-02
-2.279004567871312226e-01
-8.931160430590148747e-02
-1.687986837313840416e-01
-2.232060414325764686e-01
-9.467766478552183673e-02
-1.532411534870740388e-01
1.083493855041971071e-01
9.002780013928392278e-02
-1.649073808005215580e-01
-6.863849715610048641e-02
1.197469619403055685e-01
-1.289870076656398634e-01
-1.075284820273260250e-01
-3.543932921886949194e-01
6.470141764874716428e-02
-3.271551901355284619e-01
2.617471577157760576e-01
2.540907762406019454e-01
4.679717102690798131e-02
1.211529089473384058e-01
-2.937053550610577157e-01
-3.995475826553584464e-01
-2.430115437705155507e-02
-1.786095868641978113e-01
2.070601540816676411e-01
4.944231032972444817e-01
-1.061196589485529085e-01
-5.775623236359821167e-02
1.032075581750341725e-01
-8.811023131513338880e-02
-3.260580514202187641e-01
3.659559274395034478e-01
-3.291772977584399573e-01
-9.555818010278561980e-02
-2.409166373669789918e-01
2.744685584704680686e-02
-3.414410808798186703e-01
3.312655804227922496e-01
2.139115296608850580e-01
-1.016503876172031029e-01
-5.024129904022263116e-01
1.845652530126404012e-01
-2.406173681632652328e-01
2.067630432796120979e-02
-2.094540312764655021e-01
7.268626654979612467e-02
1.499227090260172590e-01
-2.247706170346759347e-01
5.663301206932377929e-02
-4.969299796946091696e-02
-3.697554149850685451e-02
1.846149853783672357e-01
-9.253657000897438575e-03
2.596815791020843922e-01
-1.745059925745768015e-01
6.500647485933641612e-02
6.191094718744667436e-01
-1.354300384949930491e-01
-2.075064504754261796e-01
-3.090386162915768065e-01
1.180427709339989216e-02
-1.529274680612434656e-01
-4.933587741622458278e-02
3.808638385332351883e-01
1.108984166477786915e-01
5.361833427635244176e-01
-9.123133526224454226e-02
-3.523347423692202440e-01
-2.506672864465602224e-01
-6.364521423915432685e-02
4.559223132731566319e-01
4.285588428404265952e-03
1.289656956307002889e-01
-8.502389841683270777e-02
-2.955060697418980808e-01
-1.517995608245126596e-02
3.292363364155609928e-01
-2.914823527763074629e-01
2.419059595704855792e-01
-4.505114869050343418e-01
6.477896399581634101e-02
-1.113106735486431298e-01
1.742270964445829795e-01
-4.069973531885262563e-01
4.717896344086656701e-01
8.004297717991359917e-02
2.162788877720828451e-01
2.576604540786897601e-01
-1.548008878184200243e-01
5.208924977947623075e-02
2.057083432063774309e-01
3.066391304067551116e-01
-2.002367535536178911e-01
3.953959521362972879e-02
-2.053351098920006557e-01
2.932853804151672877e-02
2.102483544150706152e-01
-1.890519059809647462e-01
-2.321783366812362470e-01
-1.950518568749561865e-01
1.962803376824416579e-01
4.224448076708002819e-01
2.170419499689002496e-02
3.204470267133958661e-01
4.619715590281986417e-01
-1.057399673260296796e-01
2.634152001740021620e-01
-8.889219277373194839e-02
2.221980863326912803e-01
-4.136168141382078334e-01
-1.670345259815157191e-01
-1.797156478459684403e-01
3.076583569970476884e-01
-1.131202750352046198e-02
3.012625841030034946e-01
1.360910367261019827e-01
-7.477173418205980138e-01
1.743791696134833757e-01
-1.587308563327040345e-01
-2.261783499238499140e-01
-1.070287556664498152e-01
-1.911447534811991367e-01
-2.462557947380045742e-01
-3.445774043316708890e-01
7.858547606165883215e-02
-3.073008165555036753e-01
8.574660666872133130e-02
-2.435151498326869890e-01
-4.221226550995946791e-01
-9.219784582498768977e-02
4.594312636899611779e-01
1.131931414093686888e-01
-4.408395607799943383e-02
-1.672983714514961751e-01
1.508837184888188743e-01
-4.391950361272384945e-02
-3.455616805563218596e-01
-2.094748311548171732e-02
3.054259232143909375e-01
3.519201903547690691e-01
3.588872327696981390e-01
3.794771490190521623e-01
-2.360188887835215354e-01
-2.014872420885849003e-01
-8.782418055381398247e-02
-1.999115997041801263e-01
4.329520639668087839e-02
-3.086053694954849491e-01
1.964926649045746210e-01
-2.786294986087616832e-01
-1.131357451809115733e-01
-2.102259085522756032e-01
-3.555623757053356093e-01
-2.604259827832087204e-01
3.863543375172652228e-01
-2.126788211220264051e-03
-2.473203499279877926e-01
3.146551068655834560e-01
4.599619382917856103e-01
4.012225287013301278e-01
-3.474786071676734811e-01
8.737201728218643715e-02
-1.177115817646399859e-01
-3.444224550910302551e-01
-3.708148992937800731e-02
-1.868929446939144312e-01
-2.917126321214445483e-01
-3.546191677677957843e-01
-1.230671205567751003e-01
-1.867982853698398060e-01
-4.009508188794764366e-02
-1.932600285972227716e-01
2.816565783003319723e-01
-5.943782959679351219e-01
6.797102300047645762e-02
-1.815985708277594313e-01
-1.901895320252320609e-01
1.802305293690648763e-03
-4.128030724369274873e-01
4.767480745500524697e-01
1.446813592665346232e-02
-1.500766932835301826e-01
1.094577703186637441e-01
2.317959306874352310e-01
7.348529797776053030e-02
-3.046494804721025518e-01
-2.579670425719993165e-02
-9.417877757066479838e-02
-9.690937415652742248e-02
-2.438511194208500543e-01
7.276967263046911494e-02
1.737774252197215041e-01
-2.514894271551162963e-02
-6.428185910734149876e-03
-2.524463767942356496e-01
3.443944011688280793e-01
3.953966410873315240e-01
-2.311198136580703416e-02
-6.777771984398196781e-02
2.048518549259476518e-01
8.689307610843552410e-02
-1.344062865206171499e-02
-1.088815336899373043e-01
8.610095874032017149e-02
1.265149601579592387e-01
-1.196571615033530933e-01
1.237035753753392142e-01
-2.458770498516033021e-01
-4.049463413946937651e-01
-7.922164334265185959e-02
3.568494322739743652e-01
-1.106641527942758968e-01
1.372045568625212542e-01
-3.369541445931280993e-02
-3.262226903466316497e-01
-3.816705263095725859e-02
-8.193119655352351649e-02
-5.706299188516538064e-03
-1.869086375667471933e-01
-1.606232825391094576e-01
-3.562401387518501772e-01
9.471824208819309976e-02
-1.634274950740967070e-01
-5.476718381753245546e-02
-4.733834906923235775e-02
-4.923247540318818720e-03
-3.855758937126096408e-01
1.179278576317437516e-01
-3.158673063276844911e-02
1.801412314099671841e-01
1.094721865407600608e-01
3.351451994891944258e-02
-9.691265186961055267e-02
1.677894878441368309e-01
9.544919453034883539e-02
2.750056240149230113e-01
2.197296569247502995e-01
-4.300489641028238386e-01
2.204696750868441746e-01
-3.679675309912983083e-01
2.308193718052780896e-01
1.962580893834631190e-01
7.059300668949867186e-01
1.000000000000000000e+00
8.230417530665807835e-01
7.198273437502722416e-01
2.103126464563709885e-01
6.097656798483896967e-03
1.933286350614623894e-01
3.303561896536553188e-01
1.802038881668688308e-01
1.353701323426922780e-02
-3.488198604920630941e-01
4.408522018200760062e-01
-7.793867913321103971e-03
8.255090391238260189e-03
2.866570693283262972e-01
1.360539705637047458e-01
-2.181555669953162691e-01
-4.690005872681006771e-01
1.144372179716671156e-01
-3.341648715395041935e-01
-3.163127241237069787e-01
2.293020900018414854e-01
-5.579587057036228259e-01
-1.990069497599590564e-01
4.923559178575748901e-02
-1.036654735901627600e-01
-2.280343697970665939e-01
-2.317875065496793618e-01
-1.536824546845188821e-01
3.074478441154356728e-02
-4.526126757135556788e-01
1.898342440597067596e-02
1.678416587769071822e-01
-3.859721173539643613e-01
-4.239144907824251435e-02
-1.204161861146758328e-01
-2.797823441577905190e-01
2.991254981926980694e-01
2.368676708241776452e-01
1.588429337877238223e-01
-4.708037405159846145e-01
-5.321535328977660545e-02
2.595681643723199428e-01
3.534071407387853747e-01
1.558881399147986901e-01
-5.668309196599280453e-02
-1.870772786178534486e-01
3.361296122836640032e-01
1.640641650728459078e-01
-1.018440813122793442e-01
-2.067737192953944814e-01
-1.900980428241377806e-01
-6.594569828853102944e-02
3.639245602307267236e-02
2.592364192333824202e-01
9.813304241234813152e-02
-6.879771385358585123e-02
-1.505607697792337163e-01
-1.917630657571463837e-01
1.301463480168062736e-01
-3.264161617172166574e-01
-8.401199467197673076e-02
-3.586283250578128912e-01
-4.002154479802014220e-01
7.782375469540647739e-02
-2.564354089870039821e-02
1.747595139209089654e-01
1.485654687775548322e-01
-2.645445813973651972e-01
5.790359009885364533e-02
-4.347464493952712949e-02
1.320685892669416495e-01
1.828793156090220695e-02
-1.015070215345375976e-01
2.368985327891172388e-02
3.518884388311760425e-01
1.403727322838040636e-01
-1.797191478835223344e-01
5.507644071665201979e-02
3.495641859328310064e-01
-1.217536883579725254e-01
4.718875284381838231e-01
-1.021351598054485998e-01
-2.872499666289362111e-02
2.546357523301547854e-01
-2.346810279065420779e-01
-1.825817714120095761e-02
-1.247711031244453511e-01
-3.277986267822150523e-01
-2.796990815305947509e-01
-9.652527876796794526e-02
2.670004202871598675e-01
2.082500156411479786e-01
5.695279372326268047e-03
-2.419310443799611507e-02
3.368367170058168547e-01
1.408350338486002717e-01
3.631072541700154366e-01
1.957147055706899286e-01
-4.536670536798460135e-02
-3.527263112009587087e-01
-5.645736698463433428e-02
1.702898409482367648e-01
1.133316303579267326e-01
1.539325477200255143e-01
2.355670124188074532e-01
-1.611054296991946688e-01
-5.982280072103095259e-02
-1.229602325340676677e-01
1.595758872922262706e-01
-9.706352725880899868e-02
8.255887255910390743e-02
-4.872966896286327620e-01
-1.599557184097922247e-01
3.546970192688046475e-01
7.803560854946821335e-02
2.997360859819068191e-01
4.431407727968426080e-01
7.801314507028409007e-02
5.161019387135735298e-02
-1.682685471986929832e-02
1.571770717086755642e-01
1.812634156250021722e-01
-1.258329420002853548e-03
-1.551174422902837531e-02
-1.864915787050024087e-02
-2.872951730891823430e-01
2.964285035950327551e-01
4.982757476703925104e-02
-2.127161846178318161e-01
4.284126771266251743e-01
1.097831393483070656e-01
2.540344454410897179e-01
2.624968154116963936e-01
1.413494704828128501e-01
1.508673657868390416e-01
-2.990211452244372903e-01
-2.101409389139322348e-01
-4.537222816141018092e-03
1.257723528310794869e-01
-5.280216726915885200e-02
-3.751370387700221909e-01
1.853710262092069308e-02
-1.303947476990994780e-01
-4.234058060309022209e-01
2.531491247164468494e-01
-1.548702147358354264e-01
-3.194810142793577667e-01
2.506527737370812248e-01
4.592101646804082338e-02
1.724263028927285613e-01
-1.116017950494315042e-01
-2.213142821996037513e-01
1.835858109144572758e-01
-6.004645291331436874e-02
8.247862945714608263e-02
1.187555492127767565e-02
-3.841701690300475813e-01
3.546277712223828149e-01
-3.704912170287657115e-03
-2.576395430544354270e-01
5.007845713662637532e-01
-1.344365961045868585e-01
-4.107351699905807951e-01
1.276998728566447194e-01
-1.423425144177274115e-01
1.843436017640431857e-02
-1.033616930303099535e-01
-5.604279672319782690e-02
-5.205541436406757594e-02
-1.171939462883787586e-01
-2.074914175505443090e-02
-1.194225931265272544e-01
-1.089041477668638153e-01
-7.526310057199989134e-02
7.757393816340348858e-01
5.643902432300745842e-02
2.033511338604722385e-01
3.079090914961375366e-02
2.883242726405332301e-01
-1.840821121503386781e-01
4.527092394939134096e-02
4.811111033993320518e-01
-1.277109356804745910e-01
-1.480446162122391884e-01
5.730842697609914715e-01
-8.115834382250268486e-02
-3.781496122657415082e-01
4.290595636589403794e-01
-6.403951568917634618e-02
2.087659799696565399e-01
2.761861686922862172e-02
4.438106320397670612e-01
1.733394375987137304e-01
-4.124388944890868686e-02
-7.610203837072741784e-02
4.172202915283299007e-01
-2.448727917224717832e-01
-7.754286401669399642e-02
-6.258241621222349060e-02
2.845282098732589138e-02
3.753091406909395827e-02
2.515018674453460279e-01
2.322017221358880223e-01
3.792626270105505654e-02
2.354090722535209443e-02
-6.603963320095444789e-02
-3.162029600292592946e-01
1.033755322526872106e-01
7.874278499836991074e-02
-4.601093815303026330e-02
-1.517102300250971203e-01
2.172470264749185587e-01
2.960777520068254565e-01
-2.437063332339913790e-01
6.982484820594397901e-02
3.698541014225548706e-01
-1.035638284795107333e-01
2.177598205619296623e-02
5.732621558488874003e-01
3.276727721320671360e-01
-6.318328559661223753e-02
-2.007902286934651892e-01
1.932687396419330572e-01
1.745073520547412715e-01
2.436604562349075839e-02
5.822699392952471187e-02
-2.012381498995394757e-01
3.150528510569484686e-01
-3.351435820817914024e-01
1.055784020352144997e-01
-8.709177928837631699e-02
-5.014222806300830948e-01
3.239287369627464330e-01
2.479051000375671054e-01
1.025414643252643698e-02
-7.305921232660181341e-02
1.110381751027670477e-01
5.756695341845401853e-03
-1.867814091245573876e-02
2.846716190822244918e-01
-1.601041910953011349e-01
1.184187334528873925e-01
-1.087869173735227651e-01
-1.888017594656945797e-01
9.419615269397035862e-02
4.308731165969340027e-02
-1.504954592750830378e-01
7.232557928772738176e-01
5.071331580517479676e-01
1.969368278852088872e-01
-2.189329812343809023e-01
-4.038516483906927079e-01
1.647978071256455956e-01
1.472018954274378344e-01
9.695066872658469892e-02
1.930986067598847999e-01
-2.471032603061358301e-01
