9.611625479803451166e-02
1.914660403575843273e-01
3.895823008351130198e-03
-1.096328547418395395e-02
3.900993252926637789e-02
1.061155322279849073e-01
7.115415984591857979e-02
4.471183732412984529e-02
1.566013750234511448e-01
1.355918745768698586e-02
1.181149344077241092e-01
1.229809619257552777e-01
-4.255526017853808636e-03
3.273371717880521614e-02
9.621619527687347295e-02
-3.341798654332985789e-03
7.491601177055068339e-02
7.111483203944263254e-02
1.833208877968133255e-01
-2.990749553472012157e-02
-1.589959508392438381e-01
-1.865157816437538474e-01
-2.551206953264364974e-02
-1.083398221509446376e-02
3.953656696760933509e-02
-9.365068822150872385e-03
-1.363092400019501500e-02
2.094170619153593038e-01
-7.571479600751787609e-02
2.713040654371177626e-02
1.212814641387341824e-01
7.072989379104448193e-02
1.379903853054041951e-01
-1.665500905599773263e-01
-1.974255007371986462e-02
8.040888177069406562e-02
1.344698968217182267e-01
-7.850931271942337975e-02
5.142175428871218618e-02
-1.448022014561262116e-01
1.063552817849192506e-01
-3.945475518209771992e-02
1.612955437078933130e-01
-4.420845212186946122e-02
1.133068269239180803e-01
-1.601733331745092137e-02
-4.615012170756000592e-02
1.364172249115096214e-01
2.095164644328526560e-01
-2.169735169023422755e-03
4.471238094837026722e-02
-1.942252818836189693e-02
-7.895782384324018244e-02
1.847289958731508294e-02
-1.693532259790518635e-01
-1.608910145674510017e-01
3.369054940396076780e-02
1.279156856934077213e-01
-9.773771502324282712e-02
2.439910738072923746e-01
-4.559377917197684864e-03
1.000031034596189916e-01
-4.799562220666302170e-02
1.125090145495724094e-02
-6.281055273635716141e-02
-2.859385434153797201e-01
1.013083193484166575e-02
-2.220684315993405877e-01
-8.427828855411929887e-02
-1.945574898983898349e-01
4.612122529319126474e-02
-7.043446179794322914e-02
4.870131910267862241e-02
-7.361230287424766483e-02
8.638797964857836131e-02
2.016447307314036264e-01
1.210912891367061234e-01
-6.517244941972753780e-02
5.385558065262218558e-02
-5.133912848255737377e-02
1.019738682606297631e-01
5.900526245259100216e-02
-1.201223084002327191e-02
1.695631007712930169e-02
2.057193293218336771e-01
-6.710199647094046427e-02
-4.698249232563631722e-02
-5.763931850557098974e-02
6.251336083686906409e-02
-1.053788614991669342e-01
4.338166274952282714e-02
3.331746612509739469e-02
-1.109436526854952060e-01
-9.917483773128091262e-02
-1.393342674902255107e-02
-5.216099611307518230e-02
-6.914144902721776342e-02
6.996190723758262398e-02
-8.613833382942248651e-02
1.798214194455064197e-01
-3.229578346947069994e-02
-1.427068604870602650e-02
1.083872000510609779e-01
-1.273442838810489967e-02
1.822377323357933232e-01
-1.009074696908039692e-01
-1.210059621980837663e-01
-6.120721554156885458e-02
-3.957246537368792894e-02
-2.251039098060538673e-02
5.942441645905207487e-02
1.400123385453204972e-01
-1.509447985310060081e-01
-7.825635904243791185e-02
-2.534019654181765904e-02
-1.403873720371298373e-01
2.335051734137304560e-02
1.034939672610189348e-01
-4.293563696855022538e-02
2.432485454579694228e-02
9.671024482984968973e-02
-1.818203884982130120e-02
6.369215874894562646e-02
-3.582542862165877945e-02
1.237573194416127509e-01
8.728743546374918838e-02
1.072116412328101009e-01
5.729984142798615759e-02
-1.626326518255711770e-02
-8.187301378126402018e-02
7.480719634541453666e-02
9.761373677075485533e-02
-5.202145459992262716e-02
-4.425962357207804954e-02
-9.694774011541881786e-03
1.149362991309458987e-01
1.760066603286460779e-02
-9.195795164733609750e-02
-2.295997802708834093e-02
-1.359329500781746025e-01
2.707561193469191774e-01
-1.194058584342012758e-01
-1.905782435424567267e-01
-9.842661004025816951e-03
-8.696827937431629574e-02
-1.188654875773814540e-01
-4.798860888915103262e-02
-2.644831892026707765e-01
-8.582181010847830804e-02
1.129350984584783918e-01
7.573116196301096781e-02
-1.405546511207315385e-01
-7.737522222719117604e-02
1.289007112326764556e-02
-1.669692275777289181e-01
2.553534393646321801e-03
2.340709105654178654e-02
-1.800586216830559610e-02
1.351522427592403708e-01
-4.422217721454417549e-02
-8.013310377074607527e-02
-9.274291371311305099e-02
1.422048042997443029e-01
1.976665801183060955e-01
-8.620593999914059891e-02
-1.571292363661708213e-02
-1.504852351324955095e-01
1.979851706355163082e-02
2.606859994848974571e-01
1.774657248904647766e-01
-6.648511335214632445e-02
-2.457973861557149683e-02
9.850915079728400636e-02
-1.518595961542981987e-01
-1.428586306013241713e-01
-2.763555165234646629e-02
9.001192093276662309e-02
-7.612935044384730454e-02
2.486892927747309801e-01
-9.950373739439599685e-02
9.457274456949017749e-02
4.560376451204734699e-02
1.482447115230550033e-02
3.020293885363605629e-02
-3.685471149997755075e-02
-2.007548303112188792e-02
1.484842559125712225e-01
-6.431985853262817132e-02
-7.058583846047367105e-02
1.704700046300598737e-01
-1.460106098932267282e-01
1.143932412989080993e-01
5.640012937368717172e-02
-2.607262384962014817e-02
1.141217095514355240e-01
9.380771538762401607e-02
-1.904920859608373032e-03
-1.843416718037397053e-02
2.370017806627912338e-02
2.506430366546616093e-02
-8.583446494136912075e-02
1.262364053439622713e-01
4.274001925206973723e-02
-3.663144207130522925e-03
-2.499777662449739479e-01
1.206013068554232653e-01
1.434929271782345306e-02
-1.124763951929981382e-01
-4.887943183989075513e-02
-9.613786749850102009e-02
-1.596330060923799865e-01
1.038148059984549676e-01
8.207984778680477156e-02
1.361206595575278899e-01
6.223430046215570194e-02
1.227064897953714095e-01
5.684083297951820352e-02
4.846697747361176228e-02
6.288915657401465686e-02
-1.467565117174580158e-01
1.318504950258992392e-01
1.959996813739012800e-01
9.990991722771645767e-02
3.765391315896696872e-02
9.956726982032237938e-02
-1.210689829549072560e-01
-1.043975053143111759e-01
-1.008177533087910721e-01
1.226073605057157040e-01
6.819398066032661930e-03
5.002451716864001613e-02
1.463709978896944597e-01
1.156119078102536418e-01
-1.921678273300586881e-01
1.536403931429679466e-02
2.801924088923683498e-01
2.659787151938935307e-02
-1.245458314470853645e-01
1.271902631032185461e-02
-7.509412733922275762e-02
-3.503399413676950690e-03
9.249289111550562659e-02
1.776467545498054135e-01
5.092881746725595044e-02
-5.332980634730950104e-02
-4.381702436004285967e-02
2.748412321452160800e-02
1.197428068880022345e-01
-5.994813114381912500e-02
6.854176853617674481e-02
-1.808033455468202599e-01
2.933377423766250214e-01
1.418303803647193440e-01
4.861855956343876239e-01
4.785861992066871018e-01
9.461342833252316398e-01
1.000000000000000000e+00
3.244532191133842058e-01
3.271844333462738397e-01
1.677827176682840371e-02
1.125981321012078755e-02
-1.751935539981970547e-02
2.479008494277559413e-02
-8.930080195163399293e-02
4.843546567946378084e-02
8.332356772481633311e-02
-5.492370798285072658e-02
2.282761778156184862e-01
-4.865905465957410907e-03
1.813593333562613097e-02
-1.295732119796745296e-01
-2.678541598211641173e-01
-1.227706325872732068e-01
3.032012807260266868e-02
-1.328714643800492368e-01
1.551165988497626158e-01
-1.973602951992649724e-03
2.899158992805523759e-03
1.842206366599786760e-01
1.828139808637497046e-02
-1.127735098341150627e-01
6.957160070163073695e-02
7.947497944138384729e-02
7.627989811930650788e-02
-6.992747002695139102e-02
1.737750027830037292e-01
3.029507747738405254e-02
2.591212015590311779e-01
-1.974220208644864860e-01
2.060749302730329746e-01
2.832215602813603628e-01
-9.837422665212600115e-02
6.101995746166929968e-02
-5.096305385466680382e-02
-6.610500826141621489e-02
8.284407993673723047e-02
4.574789426954193466e-02
8.523560979674836557e-02
-8.797680968521136291e-02
5.139592365026933451e-02
1.682958748642445490e-01
-1.764221910931188797e-01
1.104950982807387377e-01
2.592758258097295210e-01
1.815441090304083516e-01
-9.545929578469025678e-02
-7.456769827946106884e-03
1.888534465007337196e-02
-5.293354542782739008e-02
1.108178128042220378e-01
1.379949962013505005e-01
6.360927578885241553e-03
9.104338113949447808e-02
-2.050925301206611429e-01
7.178372894357509804e-02
-2.945113725260379081e-02
6.104312660793329709e-02
6.759949524448345681e-02
-1.972280659758647858e-01
-9.347256637625920780e-03
1.587694299707024040e-02
1.575461158601006439e-01
1.212109204175647048e-01
1.840468935460002065e-01
-8.144064149751482906e-02
6.892267632172283109e-02
-2.651549953437555285e-01
-1.007099911547167936e-01
-5.757536774420451108e-03
-4.017342058834658808e-02
7.290811064872258773e-02
2.238573235966899444e-01
2.421787357952029651e-01
1.461899880505232452e-01
-1.184692125006372582e-01
-2.305532402184784779e-01
-1.252028309099218750e-01
9.104338397095443347e-02
-1.327109083974124248e-01
-2.505191988671978676e-01
-2.019129761652047744e-02
-3.142728449840528904e-02
1.106392195438785919e-01
-1.537842760704491996e-01
1.358065807299105587e-01
1.060711235190549412e-01
-1.024903020629294448e-01
-6.465252109363996136e-02
-3.438423581045485511e-02
8.403096142609714492e-02
5.275332048559670806e-02
-9.590537900386461589e-02
1.345841484892334738e-01
4.638039808721494683e-02
-2.548563297805487432e-02
-9.094722418788760143e-02
-5.625000084425149822e-03
1.266631162921632026e-01
8.706172386764095272e-02
3.519439688598360316e-01
1.273142010117707112e-01
-1.143199944229896514e-01
1.147957100096388267e-01
1.601962522382907594e-01
-3.316557213056926107e-02
9.751301624870420404e-02
-1.192913476960979074e-01
1.008749631713046907e-02
3.040322884324592537e-03
7.555366727695049522e-02
5.317893852242200348e-02
6.360086812323471894e-02
4.839830387556968982e-02
-1.530515670404543338e-01
2.890968116958457512e-02
-2.856785594321727961e-01
4.206282500327439278e-02
2.484666715228653344e-02
5.322257851394240902e-02
-1.136325420999618335e-01
-5.196162480223125157e-02
4.875549889062388842e-02
-2.348092564681882391e-02
3.439177495431927634e-02
-2.005012592866661503e-01
1.021947920022910489e-01
-6.030409178054621858e-03
-8.886008702000082471e-02
-1.776699358310500632e-01
-2.564994902714099953e-02
-2.681528855148453960e-01
-4.841823756865897693e-02
1.308559743613437465e-01
1.196469251865144301e-01
-1.629797259790232711e-01
-2.393697955512594580e-02
-6.061563076276674927e-02
-9.275527832945673623e-02
-1.296629000471758164e-01
1.369702959044413471e-01
-7.042607384685067862e-02
7.347219427605936048e-02
1.242064025041690473e-01
-1.548779401819224688e-01
2.005217349856388553e-01
-9.576233366340347608e-02
-1.111130552999301385e-01
-1.196822091820798073e-01
-2.910898022904814253e-01
1.870313318522530133e-01
6.278492939320799715e-02
-1.281659701930506212e-01
2.060067918049016678e-01
1.036068697780178627e-01
1.603683899626121845e-01
-6.187739080994487245e-02
1.214240083267286024e-01
1.011234830164511184e-01
-1.191827828472076661e-01
-8.185681831219823734e-02
1.451577449691237587e-01
-5.306633552550345245e-02
4.888318826570160064e-02
9.267420249703864354e-02
2.522232784264751282e-01
-1.403698274175351757e-01
1.842499271398387664e-02
-5.581829100002719951e-02
-1.956750947050091560e-01
1.118091340152906898e-01
-9.205839611008917456e-02
-1.346768117262435172e-01
-1.062489928570587057e-02
5.381386741327751078e-02
-5.552251418362447177e-02
-1.581110001599719539e-01
-1.438369784484307135e-01
-5.290497684803809747e-02
1.112841191238543165e-01
-3.709846886814715389e-02
-7.479401851760615616e-02
-2.635624981703362998e-02
3.062750645085942150e-02
-1.222132720609012957e-01
-4.640679297922106067e-02
1.013233639741164954e-01
-1.261618008231601973e-01
-9.823709605490640873e-02
-2.885347562447652670e-01
-8.276730941335330716e-02
-4.784553523416572307e-02
1.514164553403040403e-01
-4.571664801806789302e-02
-1.962946591361139359e-01
2.597213327446746059e-02
1.237665157504286156e-01
1.432462493528670056e-01
3.236768402633274921e-02
2.472114661125061896e-02
1.009316912989638715e-01
1.727917962951774633e-01
-1.496824580507462032e-01
3.755858074462692375e-02
6.118672123552966469e-02
3.640106769842487572e-02
-1.394173541947502787e-02
2.973479355682288189e-02
-1.946315701068567633e-02
-1.032962644409285979e-01
1.176518826565344823e-02
-2.025811099091907597e-01
1.128430079693989035e-01
4.514558707291953937e-02
1.533850654645225464e-01
2.632367261685567006e-02
-7.718742982657190999e-02
-5.027962350013630288e-02
-1.655086285181577022e-01
1.169706736162416938e-01
-1.042784119947856580e-01
-1.067529096528056914e-01
-3.554604405297933506e-02
-1.417778549102781116e-01
-1.027009394158466260e-01
7.989334491027848262e-02
-1.963356008266016750e-01
-1.132357375562392937e-01
7.907632459467825448e-02
1.348677927627238426e-02
-1.461221223020030616e-02
1.837608340110243876e-01
3.485296073119631410e-02
-3.815792288446485242e-02
6.382527304058777107e-02
-1.983947372046740432e-02
-9.507945259599565047e-02
-8.972181192397291061e-02
8.619192104928032061e-02
6.348720538318099182e-02
-1.332350979424034576e-01
1.517628798028568815e-01
1.612285208027419425e-01
1.657982335430247534e-01
2.698758361926043015e-01
-1.404288120486368585e-01
-6.032576868959302341e-02
6.724151452331021683e-02
-3.523248619799813214e-02
-1.771298212133709526e-01
-1.099030018328588237e-01
1.250716538870665639e-01
2.478634186503578599e-02
