8.882258777628772306e-02
1.569702874572173612e-01
-1.513801312845133029e-01
-3.824304783713662614e-02
2.905599277214250820e-01
7.693788887502871210e-02
-2.517912085499922070e-01
-1.871549744190717512e-01
1.036713997286970723e-01
-2.450328594341529345e-02
-2.694517768759790294e-02
-1.701575005182543246e-02
-7.736637713806689132e-02
6.112226973105234357e-02
1.332026078531049762e-01
-9.538882893046926603e-02
-8.323175190676690427e-02
-9.192706122425923707e-03
-1.150046335880492154e-01
-4.786673397135633029e-02
2.268114375170384583e-02
9.921170627745307113e-02
1.969277726634455217e-01
-1.791718987883555991e-02
-1.118652351827131852e-01
-3.345715494958911851e-02
-1.439893175823865439e-02
-1.597300697780114631e-01
-3.019049483005216694e-01
-7.196679433450819605e-03
6.704534123817391944e-02
-5.840948094433596333e-02
9.728128762208257396e-02
-3.580939907236450614e-01
-4.879690183305338685e-02
-3.697473337336923405e-02
8.149044086520634833e-02
1.540071749949190605e-01
-1.102775020791602577e-02
2.322822028267228223e-01
1.988460457943089232e-01
-9.909670129459121138e-03
-1.042585908357316349e-01
3.958602639625118935e-01
6.705505095475959576e-02
-2.868932210158882737e-02
4.421813868614514476e-02
-2.736145839367670144e-03
-1.355589564302783212e-01
1.842370085050662187e-01
-1.505458149331930506e-01
-2.205935672594165065e-01
1.454248538826334314e-01
-2.793204169884558330e-02
3.576035920620534297e-02
1.104197358262925567e-02
1.106609295369070239e-01
1.792957689473176908e-01
2.349300668272030490e-01
1.367398463790852337e-01
7.481616391639457631e-02
1.302779331420887421e-01
-1.641940776816143421e-01
-2.965348229152260373e-01
-2.007907078714793805e-02
-1.821759344965599436e-01
-1.452965162016852385e-01
1.217056805511513712e-01
4.092563105979870469e-02
-4.011747157716542053e-04
-2.567950966850399142e-01
1.372237101577962748e-01
2.172606638613725771e-01
-1.021366631207771269e-01
-1.975258301243789649e-01
1.234220172963009649e-01
-3.550042168655082736e-03
-1.075808649983633070e-01
1.034256347250639557e-01
1.793656784872788706e-02
-3.788264487889402010e-02
-7.495712676586945011e-02
2.199642657328493844e-01
1.048916090349042013e-01
-4.213585976898211356e-03
-1.151165189934495563e-02
2.640357876081382837e-01
-2.150977012941543420e-01
-9.235483130607335944e-02
3.373672582099775386e-01
-1.152729335296013152e-01
-1.610702611975966536e-01
-4.138216326313637339e-02
2.545634839482240411e-02
5.050740513322610203e-02
-2.042170483881332044e-01
4.808976652535865842e-02
-3.005653276868091445e-04
2.881506352857433201e-02
1.437484747284123454e-01
-4.372532426365267899e-02
-8.943131323237031582e-02
-1.031794172702797099e-03
1.195798394988986241e-01
-2.269095605634519341e-01
7.713067295441669927e-03
3.574785487691675007e-02
2.469982791190239793e-02
2.161395485011839424e-01
3.481640369385448266e-03
6.302320482948332858e-02
1.534981421116273781e-01
3.363520249687960706e-01
1.775644879141727306e-02
9.804712110409828651e-02
-2.733523720001526658e-01
-5.219205354035490879e-02
1.898493064487604132e-01
-1.917027682847654776e-02
1.613101171775740625e-02
1.927600374606049799e-02
-1.768536417669946612e-03
-1.140705859041916959e-01
1.132956897343072311e-01
3.749748700681270197e-01
6.419382705117326893e-02
-7.820432384734911369e-02
-1.087836093412439809e-01
-7.147286941090072454e-02
-1.329601558659312954e-01
2.760889413802679049e-01
1.755340634952941847e-01
8.131707646575611625e-02
-5.211973315918792815e-02
1.248605473863995639e-02
-2.524581843574476014e-01
3.034053299824824440e-02
1.421532053060983458e-01
9.466611170146564669e-02
5.213667971873896245e-02
2.702625236136443898e-01
-7.123876859370761871e-02
-2.116789453815903256e-03
3.252196925441205866e-01
4.429118107442692187e-02
3.799784084403482615e-02
4.817591271672046205e-02
4.930994256318496985e-03
-9.166730390134457396e-03
-4.353657190404423838e-02
1.629423177043301529e-02
1.463239002120012566e-01
-3.640322007267168813e-01
-3.687332175515369015e-02
2.802433746680451088e-01
-1.000870134766915776e-01
1.283804009253217693e-01
-3.195964427789125262e-01
-2.054958569615111807e-02
-6.248024176139068547e-02
1.846913085038218438e-01
5.144732502179738542e-02
-1.203926407296883501e-02
2.181483624987744507e-01
1.278234189329026382e-01
2.140257348377233582e-01
6.646187305782910726e-02
-1.360574394541451959e-01
2.526282022253100168e-01
-6.250157775169845609e-02
1.098483546885352935e-01
2.201492786407170665e-02
1.569413654613608378e-01
-5.623920300519335419e-02
7.179181802024487379e-03
1.146684890107303456e-01
1.372787727295561866e-01
-4.607971042283046104e-02
2.027308620571985076e-01
1.585877797205658690e-01
2.299830775980357678e-01
-7.353653882634123007e-02
-3.792063920481743289e-02
-2.249681909335865537e-01
1.264258895796584736e-01
5.373438934656395161e-02
5.548900339697323408e-02
5.583294198076033110e-02
-1.493859365320880650e-01
-1.349961357482642732e-01
1.910565300876118644e-01
-1.325829720387685928e-01
1.568327266423780453e-01
1.261367305882950263e-01
-1.993701405010960825e-01
6.560738175108495052e-02
-9.774285188730431895e-02
2.964814301957493375e-02
2.309600980789603200e-02
1.046248289330080350e-01
2.407894133427281314e-01
-5.282502858220100572e-02
-6.573244867007797809e-03
9.630345802817444345e-02
9.780435346948847253e-02
-7.165034990396010328e-02
-5.464724744635779397e-02
-2.680021163562019970e-02
-1.941304446308636869e-02
2.046498148848692467e-01
-1.244243398485340713e-01
-5.489641093407483102e-02
1.162661184155488747e-01
7.162574760507101068e-02
-1.180312416533481519e-02
2.283342162504480022e-02
6.114888724744269727e-02
2.507913105252191494e-02
1.212576626673492752e-01
2.496483088941010842e-01
3.390728511345516560e-01
-4.164318929602421615e-02
8.084539363903511452e-03
-3.547900084744292082e-01
3.172029065035265605e-01
2.231736712447259796e-01
-8.624744002742654181e-02
1.123522197107804377e-01
5.072285083465123690e-02
-1.931069256117518285e-01
-1.918648231517340597e-01
-1.962958687912881306e-01
1.534236689018658173e-01
-7.065665101182669328e-02
1.590387614582534637e-01
-1.759774831003821371e-01
2.145349325646269678e-01
-1.450812334315363175e-02
-1.553129213764984362e-01
2.163431272598486943e-01
3.125428319336792660e-02
6.524130934443948815e-02
2.509825099732198028e-01
1.162466610696596403e-01
2.356333090142413017e-03
-9.979189765999942063e-02
-1.647652778041286958e-01
3.100288225646973331e-02
-1.748350696625941558e-01
3.013936409023499352e-01
-2.591463231168457740e-02
3.459190193510358613e-01
-4.988820394908812655e-02
2.620018891265536443e-01
5.134156145359969337e-01
9.327606129396652790e-01
1.000000000000000000e+00
7.858502264466658005e-01
3.737796403029299830e-01
2.157625718279311544e-01
5.427970715255255041e-02
6.528997606310163460e-02
1.435762713638554511e-01
6.998425358195101142e-03
8.373703714341018678e-02
1.132992107516956060e-01
1.197323959539957350e-01
3.788672830440329570e-02
-1.254685797061680652e-01
-7.743061698287770356e-02
4.357174334674496913e-02
1.462640569548442210e-02
-1.021157194503697491e-01
-1.172197212312975183e-02
-2.279471638989404580e-01
1.877798071388946943e-01
-6.092775174791116403e-03
4.296006198491808536e-02
-3.050389314725211742e-03
-2.217620234597620643e-01
-1.149628308678210115e-01
-7.182163730025153958e-02
-1.915271958004487185e-01
-8.683894203625884545e-02
-9.977463545301223924e-02
1.301795699983547272e-01
-2.064604736585510247e-01
-1.670540180169934330e-01
2.158366906305102251e-01
-2.019171923571710936e-01
1.946743211819868535e-01
-1.949573911725284714e-01
-3.165303186357363296e-01
-1.907326765940346169e-01
-1.822392962858042642e-01
-1.571374958255796206e-01
1.830168503043267947e-01
-7.038826644968801394e-02
1.744642957283074891e-01
-7.437896043400465951e-02
-3.965107594434734428e-02
-7.934393387727392555e-02
-1.064472744264342852e-01
7.019050250766906140e-02
-2.416967536449812493e-01
3.259224156134261918e-02
1.207228188953591574e-01
9.279743005269953937e-02
9.436936670455343956e-02
-7.139626809251266304e-02
1.221696144410568813e-01
1.356257307433753612e-01
1.201290566296566061e-02
3.488705673525095002e-02
2.166499495732788771e-01
1.290263899323777774e-02
-1.107051117149898262e-01
-1.183634580623652566e-01
1.501001578789144808e-01
-2.136399687864338690e-02
-1.616106139719578338e-01
-1.045605662532681918e-01
-3.948286174250554420e-02
2.328169795684374155e-01
1.408124188102924113e-01
-1.937319091354084422e-01
-1.822192773788320341e-01
2.265659525138982444e-01
-5.639738220080574294e-02
-9.886805504325734198e-03
1.616918223642296870e-01
2.646344920977791726e-01
-2.229529008598823692e-01
-9.458762649404102441e-02
3.737537774890509895e-02
-2.358096417709128478e-01
-6.324151132684904808e-02
-4.408180069185670125e-02
-2.278577936820270350e-02
-1.500281116546552454e-02
1.541604155444130653e-01
3.000931664046644909e-01
4.512220743793898259e-01
1.574756987777262141e-01
2.196711598890593586e-01
2.855396167025069792e-02
-5.595575137494119417e-02
1.947323388124626020e-01
8.805776807588332200e-02
1.638829928683214476e-01
-5.600082125077916056e-02
2.228195883141548261e-01
7.208931829263379165e-02
1.140684806305036908e-01
-5.118971694835298958e-02
-5.470230122295747371e-02
1.473936009487218646e-01
5.710936527874757584e-03
1.115409240330358098e-01
2.815264724008673808e-02
-1.024678858237950269e-01
5.818097817499614383e-03
3.476875817449538442e-01
-2.342267214491769792e-02
-7.251326735909216503e-02
-1.621683937969275735e-01
2.066764526505393829e-01
1.787662869244260599e-01
1.734675236417244082e-01
1.135329950744146804e-01
9.436597261805908243e-02
8.603780914264722024e-02
8.275357161623697611e-02
3.689165977286612552e-01
5.324893430035076286e-02
1.098676603835623961e-01
-1.036833372522846658e-01
1.050701412222927872e-01
1.437814078748940183e-01
9.939475567352087926e-02
2.557959363454325730e-01
2.654462735111804417e-01
-2.792937733334079353e-01
-3.153127858065077338e-01
-5.580036239443270790e-02
1.535366688810855806e-01
-1.802389894793209740e-02
-1.678763025819508259e-01
-9.267015119572818982e-02
4.424544029694185004e-02
1.777155330779699449e-01
7.321279363532695594e-02
1.469879720661990408e-01
-4.142966015173552008e-02
5.208482606748294358e-02
9.018716805823288885e-02
7.056852647766145847e-02
-1.134242531974775092e-01
-3.052702589342156693e-03
-1.110161638601733780e-01
-4.123959070879151811e-02
-2.162913265990899780e-01
1.255832317005463605e-01
-1.428775473177419097e-01
8.070832104509685634e-02
5.739553651596085437e-02
-3.227268023693099508e-01
-2.773325875528906970e-01
4.001752999068444727e-02
-1.325274660416594918e-01
8.381656358318683234e-03
-2.572222511214410923e-01
-1.467136924643892004e-01
1.063441295320525920e-01
-3.887537229971414765e-02
-4.768560113242496096e-02
1.265367746430015317e-01
-6.339809485737916972e-02
9.694587300001973607e-02
3.584373015631020509e-01
2.535946717802643399e-02
-6.262111643971787767e-02
1.576359637716670814e-01
-2.050609810402923006e-01
-7.845143944945556780e-02
-3.946615669901177431e-02
-1.892475191224811948e-01
-2.637143954621728667e-02
1.112799359128564120e-01
-1.055643292691697682e-01
1.234967866781486040e-01
-2.704379932867825853e-01
-2.605227334953977986e-02
-6.237067378138317492e-02
-7.456936751355191552e-03
-8.344170453062885184e-02
1.184461483815751615e-01
-1.207405775182117252e-01
-4.783819110265039726e-02
5.698199633827391586e-02
9.685529422057473359e-02
-6.077104759641229620e-02
-1.409015774484569106e-01
6.180832375724636119e-02
-1.426798451613804919e-01
-4.094487600716942982e-02
1.344852003475954794e-01
1.159524744139922153e-01
1.765038389383268291e-01
1.077855721238120679e-01
-1.029643720675190027e-01
1.472720989956784188e-01
5.100506560457429561e-02
-2.916785553211961868e-01
-3.801180866290308769e-02
-2.587836379138701570e-01
-8.305924797254378433e-02
-4.088218511957221468e-02
2.438834553411000847e-02
2.806107226935089516e-02
8.259423138572181966e-02
-4.043504089374704707e-02
-5.363711505357597522e-04
2.274372969631706376e-02
-9.387661051716683636e-02
4.913837633838041841e-02
-2.978990559196268428e-01
-4.464840778026549911e-02
6.441902917707165166e-02
-1.963399037173176390e-02
-1.390097146800928218e-01
5.021250526560410571e-02
-2.435143830268317669e-02
-3.945896301337287193e-02
-4.127670697915789694e-02
-8.917989910272232368e-02
3.116279284322810705e-02
7.864764899867020265e-02
9.446842273784457344e-02
2.325612685767604604e-01
8.592094253401680315e-02
-2.941405038850689047e-01
1.997571706179271933e-01
7.698669131974512914e-02
-1.921185329656690810e-01
-2.577312840047422116e-01
2.562053991880185524e-02
1.237730023124544027e-01
-3.352507496321989189e-01
2.036576214824258220e-03
-5.095621120738064169e-02
-2.974066578093311972e-03
-9.724100304873884229e-03
-1.334637846898359403e-01
-1.267718065062395649e-01
-1.700370224553698906e-01
1.020243233630146323e-01
2.363430316942832787e-02
2.045954452026759185e-01
-1.978290682791641972e-03
6.758008446476017339e-02
-1.365122834236633387e-01
-1.632182264317572420e-02
2.430028489981523876e-01
-2.735439860027206738e-01
-6.199960282799141242e-02
-8.110888978746452066e-03
9.973362428271544122e-02
9.656102294431127830e-02
-1.511760200823043243e-01
2.266149445221946890e-01
-1.100504709956215410e-01
