3.526085125596329917e-01
4.590336997012869347e-01
6.245796031687430444e-02
-1.818618269627926831e-01
1.222060968450330298e-01
1.570635478082956504e-01
-9.142837382416751923e-02
8.312011299530340513e-02
-1.123846242857460404e-01
1.703536669199937625e-01
-1.856165323098893094e-01
-3.468318838395852838e-02
6.953734378315581943e-02
-3.961930538751348013e-02
-1.090921650164702744e-01
4.369546084404662967e-02
-1.487367743942559772e-01
-7.759415157749667905e-03
-7.289303944560995840e-02
-1.795647352097688720e-01
-1.063764736745090173e-01
4.032418367937617432e-01
-1.664559168138584344e-01
-1.211047851412922101e-02
-2.225626687154778627e-01
-1.360664036241170148e-03
-2.009944128344090253e-01
-8.821399778327326802e-02
-1.270642537194098254e-01
5.297700429579663139e-02
5.989085773334456436e-02
-2.075966730195914212e-01
1.018184824135234534e-01
1.761872315757372631e-01
-5.151115283170525361e-01
-1.410282904155868156e-01
-3.281348554464542100e-01
5.224970681989356963e-02
-2.374892071479553779e-01
-9.392986812464108881e-02
-9.693426689529079099e-02
-1.986791786821067163e-01
1.392671229129592847e-01
-1.356590969961349591e-01
2.328343433292976161e-01
-5.940569510845469109e-02
1.105771614825687282e-01
1.709566308443051519e-02
-1.045450470178614644e-01
-5.552713488562236593e-02
2.380996723312909236e-01
-1.087338760872261362e-01
2.050329113327231667e-02
-2.348397260418533597e-02
1.835306191337599535e-01
2.232070469851259453e-01
-1.828179837693893472e-01
8.226689657666090560e-02
-9.373553826458387583e-02
1.983725889231548883e-02
-3.248563188051937223e-01
1.626022444739906592e-01
-2.374502735377621299e-01
-9.590153672839225873e-02
1.728595653600442927e-01
-2.141429045016832455e-01
-2.901596544462661242e-01
-2.840920866590815330e-01
1.046186152512986432e-02
-3.640888895317508922e-01
-2.029944370097581940e-02
1.927253932609588050e-01
2.567716136304016850e-01
-9.703705346062961590e-02
-3.158928062666312986e-01
-2.032547144376630963e-02
2.398703574061677724e-01
-1.122026155484189130e-01
-2.663810017075591424e-02
-3.696799065387332967e-02
7.015330411823308271e-03
1.425376509338209252e-01
2.022122938354115051e-01
4.129839626326577418e-01
-5.769836988127638455e-02
4.930358518769203946e-02
1.023232471865542954e-02
6.213407648751720358e-02
-1.040579132347494717e-01
1.109344031054417395e-01
1.424875667841154214e-01
-2.966615497199179621e-02
2.690868793373106249e-01
-1.287502029909706192e-01
2.828552923133457742e-01
-8.030563976748060495e-02
-8.549313209481594622e-02
-2.071931360961786761e-01
3.568348387063640520e-02
1.641424113691309023e-03
-7.207364447605436875e-02
-1.215536794092375167e-01
3.159510020015479648e-02
-5.842040027958525505e-02
-2.438559554275296914e-01
-2.092195089971771726e-01
3.856772388358790937e-02
-5.518329223759915053e-02
7.337469032081621323e-02
6.979723089077263104e-03
2.263134110787891340e-02
2.630020115991870550e-02
-9.408994670742661104e-02
2.370106047222086676e-01
3.935660883509384256e-01
-4.555032843951450222e-02
-1.743116967847470333e-01
4.115208354072671937e-01
6.483282655918644333e-02
4.390777750944814262e-01
2.592751403582478908e-01
-1.296031728558996177e-01
-4.190563980373168129e-01
6.465047853702762803e-02
1.082834265627507231e-01
4.808197660668436096e-02
-3.874552448216798672e-01
3.046427352140344547e-01
-3.774115667781798300e-01
5.207912462765817985e-02
-1.044789921155447887e-03
-1.006173888602076849e-01
-1.592556360225907131e-01
-1.530101865382039183e-01
-1.096553711842417934e-02
-2.361867037421263096e-02
1.469355637896743449e-01
6.590578419639295249e-02
1.832140969947493592e-01
-7.524998039052120669e-02
-2.567074539462646521e-01
1.270730316304885810e-01
2.261565559962818439e-01
-3.267945584678610266e-02
-2.095712991740920905e-01
8.280494580787456371e-02
2.482706853606093111e-01
-3.466700981877660626e-01
2.843821175773840193e-01
5.824938624906337431e-02
1.456937271588141028e-02
1.111571629662423261e-01
5.016872125887332501e-02
2.242590279491611938e-01
-2.140973488622940069e-01
2.358120052417348178e-01
-3.076940160399982416e-01
-3.788378855518579336e-01
1.346614801283163021e-01
1.619568880353975532e-02
3.490966186231312940e-01
-5.790119360085369329e-03
5.330236525971969452e-02
-1.138922303922887125e-01
1.933829543198283263e-01
-3.897529529590074704e-01
8.241897331342054253e-03
1.915539377894494300e-02
-4.026579851917719277e-01
-2.533309668952122840e-01
4.340607484569479479e-02
1.540660243949484864e-02
4.536961155218033337e-02
-2.166413190684030321e-01
-5.721277651197254066e-02
-3.110896622509516929e-01
-7.802348740310469100e-02
2.033779958963128354e-01
-4.292771403171685186e-03
3.720020590155358881e-02
-2.259211377380010710e-01
1.738255777521659495e-01
1.421606643125117031e-01
7.087664558466663656e-02
5.055842828535889177e-02
-1.302277391774003118e-02
-1.628927703321684239e-01
-1.699075928217849973e-01
-1.587030172332893618e-01
1.249462438763555561e-01
1.155920075506749745e-01
3.981782355684613389e-02
1.051109069432200300e-04
1.227337035582839048e-01
1.634720312384723984e-01
2.382234955674155663e-01
9.961933997642906380e-02
5.950774109642389259e-02
2.291024921662569713e-01
-2.965560654951813202e-01
3.092639010381455500e-01
-1.166946605130625980e-01
1.283219301747603180e-01
9.344055176201017734e-03
1.517282969270223048e-01
1.734332830054910735e-01
-1.149018846866056362e-02
-3.200245852856348910e-02
-1.246484519852603112e-01
4.567938729127567904e-02
2.603914051994860590e-01
6.603481341861466847e-02
7.197123141175479008e-03
-4.088680998662468091e-02
-2.501800739788632710e-01
2.581014285830852129e-01
2.160978152872670977e-01
1.929820040227122890e-01
1.108633728283135583e-01
1.914957138741825993e-01
-2.070906277241844617e-01
2.406197129001573509e-02
-1.634973835155636712e-01
-6.117964647318424598e-02
7.690941138843092155e-03
1.088389712631905176e-01
1.048459243231908596e-02
2.526658566736781908e-01
-1.379373699679820042e-01
-1.064866230240668621e-01
-2.074229816417362260e-01
-1.872111237489580970e-01
-5.733250434760338299e-02
-1.442808931390374971e-01
5.473441257880791444e-02
-4.760343819872551313e-02
4.032744278731641152e-02
-1.206736355890294377e-01
-1.146491906375427111e-01
1.880980963273536644e-01
2.007904097470689375e-01
4.685866383869805585e-01
4.403446000300467178e-01
-2.769141069468182281e-01
-5.855820942298742976e-02
-3.201486923956146091e-01
1.385726008847723220e-02
-5.663976688806519194e-02
-1.896756863208524657e-01
9.943339096622379192e-03
3.114238927631791110e-01
4.810078631241003211e-01
1.000000000000000000e+00
2.723648606857543841e-01
4.874272516339382966e-01
7.079400330022032894e-02
2.294301637508872060e-01
-1.048384684190925287e-01
1.093506851064030699e-01
2.194520939904332779e-01
9.349334316778757925e-01
2.902827992903707077e-01
1.381111215211051346e-01
2.108681546994968514e-01
3.370679364914203058e-02
2.094585330412400068e-02
-1.976403817788288386e-01
2.970468859465746382e-03
4.370340618518323006e-02
-1.525020771757932270e-01
-2.526999572323188059e-01
7.883182255418461071e-02
-3.769353991662161563e-01
-1.677754463528120799e-01
1.558864159206649336e-01
9.391153934693713401e-02
-1.423172318506848652e-02
1.748815013879622127e-01
-1.814768033631011801e-01
-1.638846577383578362e-01
1.469966741081427664e-01
-2.001926377047988093e-01
2.994118431626669949e-02
5.151680188767200630e-02
-2.896137515111314453e-01
-3.328948788142011006e-01
2.269022413312943298e-01
1.585128429490039459e-01
-3.724524099172146774e-02
-1.549240405651953756e-01
3.046286576695212411e-01
1.504409873318502955e-01
-1.710201626388581919e-01
6.263356084523531708e-02
5.067994220576662982e-03
-2.513585291784445896e-01
7.702528360285827713e-02
-1.050581745817772208e-03
-2.581401187435392042e-01
4.135678448138806196e-02
-2.326261233970352282e-01
-9.755120229529869180e-02
-1.209988436130617941e-02
-1.674303098447042504e-01
-1.642250202763084754e-01
-1.239879955609908407e-01
7.275944936834954566e-03
-2.580015404871104923e-01
2.796250517603966479e-01
7.860598186575772084e-02
1.319685196935442562e-01
-2.279420286473029522e-01
-5.826642226055523538e-02
-1.384768679757781562e-01
1.071057099304573851e-01
-5.097899873374772683e-01
2.333438687347671181e-01
1.363104956947006931e-02
3.269326505689493234e-01
1.149981128908320327e-01
-1.372552297317365319e-02
-1.434194226401652172e-01
1.662868119338423989e-01
2.196601304705609325e-01
-1.590088513944962201e-01
-7.845197531108083489e-02
1.252960616235123947e-01
2.160407076381742897e-01
-1.436111036885560910e-01
-4.288352121215481538e-02
-7.280195980646256282e-02
-7.818350489440312190e-02
-2.426074583534593154e-01
-2.331170154835643937e-01
1.447286898316531845e-01
-1.986658124407605641e-01
-6.715391563772982186e-02
-8.465707602498038706e-03
8.538378258169661283e-02
6.095087479300735286e-03
9.847301089563863241e-02
1.111275918341370766e-01
5.356741556393939535e-02
-1.609383211920639156e-01
-6.398937719280752001e-02
7.247086500540009246e-02
-8.464915815904235086e-02
-6.318498468000414113e-03
1.403908138694064415e-03
-3.907423484466757829e-02
-5.312886026031004433e-02
7.608135518788353147e-02
2.043859910866430152e-01
-4.096874424953154958e-02
-6.562545717702748934e-04
1.307370544331290241e-01
1.851868392862478924e-02
2.613198389329861593e-01
4.886782722662513095e-02
3.834828897648073776e-01
-4.024406503955632597e-02
2.041202927584883919e-01
-1.440500635663509721e-01
1.601795708753040448e-01
1.181274443893371162e-01
-1.816698710026948549e-01
3.143755269328258328e-01
3.023961879846495115e-01
-5.110522890209610175e-02
2.980853520985678462e-01
1.396123499644202071e-01
2.554329249315570038e-01
5.651070292223813601e-02
8.715828705146769217e-02
3.868977562271389004e-01
-3.772938777220791184e-02
2.684677260477036920e-01
2.473301748703374825e-01
2.455062637266417491e-01
-3.545176282428574854e-02
1.223273312670958429e-01
2.834268837064392588e-01
-1.636834287496526097e-01
1.804186576398591479e-01
1.677091522318363559e-02
3.488363401013237497e-01
2.487923584284568602e-03
6.226498322063370866e-02
-4.815267268475211249e-01
1.188058588445211755e-01
-1.722806437385820399e-01
-2.603556166123603410e-01
-1.434407996896552573e-01
-9.763553881615845420e-02
1.921263842522444032e-01
3.500078950783744869e-01
1.789106827966187863e-01
-2.609819450362048099e-01
1.455188845935663777e-01
9.442805244778048820e-03
-4.602052314009958539e-02
-7.007964643531532090e-02
-6.630836964851696824e-02
1.656258307625148307e-01
1.490954869772309621e-02
-1.498324356745407704e-01
1.052395061241210910e-03
6.621980915857736405e-02
-1.965296000231698814e-01
1.139497318456497992e-04
2.961340743294427758e-01
6.314481212674939725e-02
-6.030166671996986527e-02
-3.226629703805167226e-01
-8.705254822709863893e-02
7.296893332003932808e-02
6.981360462449230642e-02
-1.290978366758945839e-01
2.546233550017878988e-01
-2.986877210444622843e-01
4.054091880213968047e-01
2.445266974431924700e-01
1.823225548103248744e-02
4.310676998256574716e-02
-4.536708912133489285e-02
6.279918251120455985e-02
-2.347126225893731710e-01
2.583842514559931414e-01
3.851472459789031522e-01
1.507241494895898981e-01
-1.589860277561787327e-01
-5.258240203237875277e-02
-4.126462900021263258e-02
-1.491976677082301195e-01
1.271153209800251482e-01
2.032790581777442762e-01
5.574847559938993224e-02
-1.668212314302349453e-01
-2.047497367535544843e-01
-2.239062632011788040e-02
-3.401701641939791076e-01
-2.691488251520319785e-01
-8.798098305448133483e-02
-7.672063276260853402e-03
2.155782760981370394e-01
1.864252678372880223e-01
2.333193803119122389e-01
-2.337190725864014551e-01
-2.153992291094262435e-01
2.194333035672499654e-01
4.488626443047902259e-02
1.658384568444558615e-01
-9.249104506743806601e-04
4.935973497990434056e-02
-1.164333685122500434e-01
2.273021737739052417e-01
9.470287305245710108e-02
-2.209313037459352813e-01
1.200174252838949046e-01
1.378251850870873541e-01
7.892281055610639307e-02
-4.363425980455166303e-02
1.246937579669618601e-01
-1.402980386705518223e-01
-2.110849216531444916e-02
-4.762561709473567967e-02
2.386649177007879596e-01
3.398040677268468479e-02
-1.311604638296914871e-01
9.067636136749058703e-03
2.905607554620031618e-01
2.947309184789138614e-01
-2.763898887063942489e-01
-3.546996740891381755e-02
9.473746361456049370e-02
-1.638991051134512933e-01
-1.288529917440645323e-01
2.605304341960629558e-02
-1.598945954021309679e-01
1.195332383239048821e-02
1.074846046083999113e-01
7.816988571372159023e-02
-6.535566350012687875e-02
3.726086651183769805e-01
-1.887318930042244589e-02
4.895166954616531757e-02
-2.064938093409481035e-01
-3.408072427809969440e-01
2.566522839833446090e-01
-2.862341649081540096e-02
-2.604429717754767615e-01
5.919422577814983065e-03
-7.631240606026427897e-02
1.549318289797624870e-01
-2.314992633091015051e-01
-3.715200455445211158e-02
1.925608354378641543e-02
8.648800339966671025e-02
-4.510330103757871634e-02
5.536337397340144184e-01
9.900927315933066852e-02
7.840536707360117041e-02
-8.072525830478567699e-02
-2.525447780843123047e-01
-8.264277681019351063e-02
2.230545320914268520e-02
-1.816190177399628347e-01
1.359069772844287427e-02
1.939413814702955000e-02
8.859414194395009989e-03
3.328878205712184624e-01
4.548578308313389745e-03
