-4.582000686236301079e-02
2.654083919699763983e-01
1.150336974644162319e-01
1.021119807319298134e-01
1.625613903853526665e-01
1.777747028368520943e-01
3.372646042432109192e-02
-1.079248032448681255e-01
-2.680052969242576744e-01
4.883438985149173711e-02
5.436547996927470344e-02
1.509031728665099215e-01
1.440721398260843000e-01
-1.567620892401410115e-01
1.041218970356433265e-01
3.922896577980450328e-02
-8.365513317115262637e-02
-2.804447668835658436e-01
7.172874425282103894e-02
1.493342345511214364e-01
5.114294612976907906e-02
-5.886819812750167247e-02
-1.643683069793123452e-01
1.572653372830913887e-01
1.920317091227662365e-01
8.136827228942787593e-02
-1.011966678970110944e-01
-6.474391687359616621e-03
1.182219072339451005e-01
2.455737211146633014e-02
-1.807042061429360025e-01
3.244279846045212135e-01
2.922361305650389429e-01
1.806060432876703259e-01
-9.523673527435710939e-02
1.675648339960889577e-01
-1.079950224847588680e-01
-9.660901707589809873e-02
-9.981455966662918303e-03
-9.813686945280966634e-02
8.686112749323210425e-02
-2.808527379851705752e-01
3.304145279381479616e-01
-7.248384191361761930e-02
3.322524178185624899e-02
3.441033437483796698e-02
-2.748047924180269802e-02
-3.781660251017556623e-02
-3.407735223984875023e-02
-1.805540091825046378e-01
1.710615167382225077e-01
4.743867679753326766e-02
-2.055895794960392875e-01
5.305460697040656481e-02
3.962991764914177567e-02
-1.528844490587797367e-01
1.585338716614917431e-02
1.390171914810497678e-01
-7.611522382785544660e-02
2.248493906150240973e-01
-1.058252590689348210e-01
-8.750766267117388031e-02
-3.308606513621636241e-02
2.557150466975034384e-02
-1.301001199112425122e-01
-1.002613076520977170e-01
9.960581644925722844e-02
-1.429857586274532744e-01
2.888779733053488744e-02
1.916056803836979072e-01
5.459905421385913282e-02
1.579583128461878039e-01
7.623937670687691570e-02
1.611458284889362158e-01
-3.584027889097750330e-02
3.456641623062734620e-02
-8.310720105859087381e-02
-1.821001020432707895e-01
5.828775124039152489e-02
-9.871203533280556441e-02
-2.480024998325346466e-02
4.228996963120516817e-02
-5.803895229237839709e-02
1.141725383736854060e-01
2.507437057578191797e-01
2.269373478466323035e-01
2.124674186143575283e-01
-2.262834660802227615e-01
2.145703996125841173e-01
-1.011063593613252716e-02
1.194110562586242347e-01
-1.954042389859075579e-01
-1.365266186723567143e-01
-2.029127498010878661e-01
-5.618782328127162884e-02
6.930222925666121303e-02
8.082969570611178711e-02
-1.286627520313543896e-02
-4.339203254235244472e-02
5.610848326055447449e-02
-2.442306321636065480e-01
-7.829843991037531425e-02
-1.674597985740495232e-01
5.199967964899262357e-02
1.412992826360497667e-01
3.398375709666999478e-02
-4.490595823084489457e-02
-2.976591513899373154e-01
5.685632586288073831e-02
-1.115703692112777201e-01
4.673078579678913158e-02
-1.247137448099517182e-01
-5.425989600816490815e-02
1.279481748595927004e-01
-1.844858595349961883e-01
1.267778690178298327e-02
1.600051299702519303e-02
-3.602732251184131984e-02
-1.297783060479845707e-01
-7.620547475656586078e-02
-1.955530476927780092e-01
4.712961802710418507e-02
9.183755744157677536e-02
1.169767195744458310e-01
-1.836380989511308612e-02
2.256627357103868359e-01
1.682593806591079488e-01
3.452207631624806122e-02
-1.579137009247084111e-01
8.639348117778059694e-03
-1.204533187257313814e-01
2.819231439266500772e-01
-1.294000167869079898e-01
-3.126172495494145553e-01
-9.744089727753427188e-02
2.621907542766148125e-01
3.877500914652157876e-02
-2.125635736066874559e-01
-6.352811675723782359e-02
7.525927359613615586e-02
1.218297833783744538e-01
-1.573766243710104373e-01
1.534569783051653417e-02
5.957424149632370436e-02
2.906335250477440346e-01
-1.044923465182820005e-01
3.196141037580325084e-01
-1.698505639879908102e-01
-1.902932927118202722e-01
1.307352126546978410e-01
-9.509299555292814038e-03
-3.876441283571440688e-01
1.326558295202340532e-01
-2.004000810136677968e-01
1.176891782872768882e-01
2.707391448420752231e-02
-4.930093789950334981e-02
3.728879293821348306e-01
-1.134174417907163473e-01
5.535968916770973164e-02
-4.885155242539388626e-02
1.630319011794238437e-01
4.038357062944970821e-02
-6.596530446589976560e-02
-4.832166449611569915e-03
-4.430926407948310858e-02
8.107076320465766983e-02
1.678633621945809506e-01
1.150496320157857327e-01
-2.909923165157531355e-01
5.022671543092574638e-04
-2.158797206797911927e-01
-6.668308952795423683e-03
1.599476116632864986e-01
-5.775467921634801910e-02
8.629034647896147159e-02
1.580723572729671456e-01
-9.456295168561910935e-02
-1.677313538159611872e-01
1.129100244621838306e-01
8.137046299875456967e-02
2.665486771868186278e-02
-4.583766499550896018e-02
-2.387449790384167936e-01
7.179969143108658192e-02
-7.951021773170616203e-02
-1.312730332021116303e-02
-9.419488836696722489e-03
-5.986737487662446670e-03
-5.121658410150451562e-02
3.128502999052817923e-02
5.995285919144277553e-02
-2.218627188621393187e-01
-2.183670959395095923e-01
-2.569168378588333468e-01
-1.059009264411557988e-01
-1.834389029363681645e-01
-1.028941665724943527e-01
6.162828416938096431e-03
-2.147869548358689179e-02
-2.531620525414985945e-01
4.393596012527437727e-02
-7.392627188474487632e-02
2.539316581635954195e-01
1.000675913234722048e-01
2.223097485368137269e-02
7.723413444439695963e-02
-1.623867587799424084e-01
-1.613274093341223459e-01
-6.013721999083726510e-02
-1.094222831015869146e-01
8.654680343684910404e-02
-9.590811149579779593e-02
1.367386792889080660e-01
-1.426642021279480033e-01
-1.025930412661556906e-01
-1.101942510831257632e-01
-7.825219734911049996e-03
3.147357802380111869e-01
3.488493885928741628e-02
8.699600606459691188e-02
-2.172568648158672566e-01
-7.317254438707523900e-02
1.592070422098645355e-01
-8.556932004930306590e-02
2.761362195731723035e-02
1.401603580869418761e-02
-3.791922527626701012e-01
1.625076169772502188e-01
9.579141008714286976e-02
-1.307836316161225809e-01
3.044891051084754746e-02
-1.178745989061898147e-01
-8.890812973068211444e-02
-2.249559644031900174e-01
-2.649281756751112327e-01
-1.176059692061526690e-01
9.556635165735748172e-02
1.217821894880635192e-01
1.514323870264072947e-01
-5.061488202792682745e-02
-2.263032438523909506e-01
-9.198759417097986113e-02
2.912502505536862518e-02
-1.275996983833336540e-01
5.695033860084042221e-02
2.519858557651181996e-02
1.393246011870787615e-01
2.384478875484128679e-01
2.080635912497856566e-01
2.042110990084452793e-01
1.306183137563484142e-01
5.917102095318222538e-02
1.085471747071035664e-01
1.338749515607736418e-01
1.000000000000000000e+00
9.728614486882534163e-01
2.553065708845627668e-01
1.236283105769544061e-01
4.215300178531131842e-02
-1.784963941065814130e-01
8.041499654763054061e-02
1.884110337326248552e-01
3.920190164629392959e-01
7.229187953127634569e-02
-4.515382830367294792e-02
7.435556579599116034e-02
4.936250693318982447e-02
2.123947478543155298e-01
-1.307218236432981275e-02
8.532808090065645279e-02
-5.393104700756196079e-01
-3.175772374472235482e-02
8.058431096505858093e-02
-1.981505599823603081e-01
5.591024841844528109e-03
4.955236431985632350e-02
1.702406004244500504e-01
1.419174640186976304e-02
-1.706522883274048663e-01
-6.209826592675078000e-02
-1.995214162716448802e-01
-1.933851872580055475e-01
1.653352967193921774e-02
-9.137927581658283893e-02
1.143977762027605788e-01
1.472465650477736976e-01
7.682879426223325481e-02
1.218510915446831822e-01
-1.917853616949189710e-01
2.830283226409248051e-02
1.733302262968311469e-01
8.462468654170941795e-02
-1.026084679841929304e-01
3.811945414210022864e-01
9.771253100467091821e-03
-8.832572796047741259e-02
5.186055490541032625e-02
-1.024357540031817088e-01
5.600686204547495467e-02
-9.245810841212293019e-02
-7.836076639195765914e-02
2.432262282423438074e-02
4.700193464016616529e-02
6.117786612734039953e-02
-1.246993175166711751e-02
1.625079081526118463e-01
-3.262348780623561262e-02
1.436196425166374746e-01
-1.211485363793621262e-02
-1.095752600162266249e-01
-1.650217373393466358e-01
-1.535335656233932089e-01
-2.271514722322996380e-02
1.341006668586586514e-01
-1.733350774351052892e-01
-1.110073795205032271e-01
-1.063329145929584885e-01
-2.769286789561605233e-01
2.495877057604546645e-01
-3.328883009756557210e-02
1.647785952096484097e-01
2.276092657129995811e-01
-3.313647623940185749e-02
1.329293181076904584e-01
-2.053920867148170404e-01
1.266860977111189113e-01
-7.116449380571782113e-02
-4.479147704103774580e-02
5.219417581805051859e-02
2.690444837369100894e-01
-6.895470427093529364e-02
6.795439782127413175e-02
-4.376213786978828957e-02
-1.383697465961697681e-01
4.162210130233298666e-02
-1.097943731559215472e-02
2.435702379204489620e-01
4.180589094727980154e-02
-2.385714998603060133e-01
-1.582232371639326618e-01
-1.163052238277588885e-01
1.129465019827917832e-01
-1.711796064004237061e-01
-2.441538514712492114e-02
-2.302595993994330237e-02
-9.507839163895122347e-02
-1.619674953564461117e-01
-1.627235625981951483e-01
-1.703212032138993245e-03
-6.531513497595554940e-02
8.816700881180680738e-03
-2.364940697535337366e-01
-9.925489189994812778e-02
-1.198783763978791689e-01
1.815734927403798715e-01
-3.825511686502598430e-01
1.255045502693865611e-01
3.644535791280497511e-02
2.483209525709086374e-01
-2.340077915720146506e-01
1.679316608836750255e-02
-2.404352932049135319e-02
8.642021712812501810e-02
8.227694385892023177e-02
4.800246894407354109e-02
-8.491750494205992095e-02
1.665828989746010735e-01
-1.864111593357630492e-01
1.762933403778644825e-01
2.857511416489533773e-01
9.513864004229471982e-02
-2.888511040506343552e-01
-1.060850479672316160e-01
-1.242644000416242706e-01
6.640775642140835100e-02
-1.834612032989773878e-01
2.743444104244924797e-01
-1.254653933743958005e-01
6.306127063969153845e-02
3.027496776671042555e-01
-5.726242004585378048e-02
5.069432240564336611e-02
1.525210864315971748e-01
8.993868550539174667e-02
-5.880920703338573391e-02
2.455897671171315133e-01
8.532065871698481241e-02
1.362187961943675182e-02
2.732627430464498741e-02
-2.072806109254559104e-01
1.849971052181391129e-01
-9.130935119914024289e-02
1.110253627577272115e-03
-2.325456990518922074e-01
2.237431379585870517e-01
-3.825447724744976408e-01
1.196717490474697859e-01
-2.920207821609616672e-01
-1.045236401644854402e-01
-6.225543206591815752e-03
1.065644514650714442e-01
-7.957728197688654359e-03
1.710753282034832568e-01
-1.183555692018497113e-01
1.138617350047653812e-02
3.968463220653240670e-02
-1.255827662944831447e-01
3.974428706289172275e-02
1.127915882755061577e-01
-6.138785578263747378e-02
1.067605594398193108e-01
5.470128814415506358e-02
9.888267812976563043e-02
-6.793293287102364353e-02
-8.233213158300352330e-02
-1.720514754623521381e-01
-4.485603149062763334e-02
-8.596779003398129226e-02
2.230915395093145404e-01
1.493887290034256188e-01
-1.272399442285451487e-01
-1.250093077542241415e-02
-2.043221635378332512e-02
-1.116997727329056556e-01
-1.075832930210206956e-01
2.874424701544530877e-02
2.815492360841975739e-01
-3.873588606312514809e-02
1.468762524101898011e-02
-1.548550402644736368e-01
-5.348046613058011003e-03
9.473403124559233446e-02
-2.400054384804937990e-02
1.776977148342881452e-01
-1.266180276197714782e-01
5.370389604010748774e-02
-1.580963258682379913e-01
2.267861214312049400e-01
-6.167812553011235710e-02
1.536152060581419225e-02
1.303284435132058550e-01
1.685920466341431501e-01
-1.376884324947748039e-01
3.499811786865269503e-01
-5.797835283965901976e-02
-1.396186995119902130e-01
3.548567595110501127e-01
-3.228453995797996301e-01
4.773376472666004955e-02
4.987345269838901890e-03
1.702200912668059285e-01
1.222221846278081885e-02
2.263218950368240945e-01
-1.685131955013082772e-01
-1.285127651598108600e-01
3.859826909833537906e-02
-8.649419387516250890e-02
2.968300682394186402e-02
3.302930975929701390e-02
2.013116986690889273e-02
-9.058727959332549262e-02
-1.216002916279073642e-01
-4.199076992125148899e-02
7.332194664091522263e-02
2.641119873044393551e-01
1.132343202101154384e-01
9.393113875768918652e-02
-4.777513753839606608e-02
3.192869152862373716e-02
-1.832665953538622772e-01
-6.166839840750975264e-03
-7.753554317690819486e-02
-2.960001518863731307e-01
-9.095193088779750593e-03
-9.425634788244241502e-02
1.576762981026727795e-01
1.002650841046944519e-01
-5.029036617496733530e-02
9.302418288231932911e-03
1.531431113693415280e-01
-2.312002853250473833e-01
-1.360850617804242602e-01
1.349526836310132871e-01
-1.275220265952634602e-01
-6.291523168423476808e-03
-2.429417345403770412e-01
-1.256092686764413435e-01
-1.519304895314615156e-01
-2.121866422346200542e-01
2.885995509880359133e-01
-1.415226107283651912e-02
-1.608717031951518647e-02
-1.212886391967327587e-01
3.839569043043435798e-02
4.011519139899217407e-02
1.181529237657613918e-01
3.316386235023959655e-03
1.302367670722536508e-01
-1.841462861037946597e-01
-3.515120233735296584e-01
2.856819077112047189e-01
-3.120029051526339650e-02
-9.637614385226718483e-02
9.571062301666342920e-02
2.999237446428342779e-01
-6.254568179020336162e-03
-1.632348725959783045e-02
1.671813098135516151e-01
2.661867119744089072e-01
2.368240787467079944e-01
-8.716260729604781432e-02
