-1.748904511945690854e-01
-1.737502124219790223e-01
-1.081645642873433899e-01
-1.729868734799715757e-01
-5.604571716838815942e-02
-2.510414501843765689e-01
2.786127104015307387e-01
2.170518827472100731e-01
5.363954529040676489e-01
-4.012799368243093467e-01
-9.263695778186395446e-02
4.213401039043370711e-01
-1.253533198166391360e-02
-1.062419080110342806e-01
1.288308425342043206e-01
2.021121212647820908e-01
-1.961801845799817090e-01
1.974811896176612014e-01
-1.403527764310092685e-01
-2.127314619516530447e-01
4.811798650404824906e-02
-1.694955712919865576e-01
-4.357161977664184005e-01
-4.378450815983615102e-02
8.271488469906294883e-03
1.590734194035804960e-01
3.964841758156135709e-01
-2.264325933666795354e-01
-2.674424227438639279e-01
-2.634584652367733537e-01
3.398025697063487005e-01
4.232127641355855063e-01
-2.266052630808904414e-02
-4.845499462129642526e-02
2.894527877110940686e-02
2.578541956676254632e-01
1.644114698301159805e-01
1.653098459268335929e-01
5.690095087321569989e-02
3.254020548928550083e-01
-2.407356188354047577e-01
-3.773532494525449338e-02
3.995859268333394887e-01
-1.877770289957010064e-01
-2.325906986388523445e-01
-1.289446603283130877e-01
1.509972811773208357e-01
2.616371168033627959e-02
-2.683664308252557695e-02
3.958629105638056256e-01
4.957930586723588995e-01
-2.295269016399921203e-01
-8.509402117095955786e-02
8.628089555589389670e-02
2.560727111315821425e-01
5.579264510640744718e-02
-7.474302020357041776e-02
-2.273907974258613796e-01
-1.626245179196968843e-02
8.778216860045109926e-03
1.010901410453470331e-02
3.921756382042641542e-01
5.358316264417609665e-01
1.369529868373063619e-01
-1.972583498288634635e-02
2.734012869437404958e-01
2.035581728076208980e-03
1.448413860139667331e-01
3.170517502284151551e-02
3.118376750003749587e-01
4.304572116990187380e-01
2.471148621568856063e-01
-5.339163091544017054e-02
6.641523164660487200e-02
2.116543210352396231e-01
-3.462380341973951281e-01
-1.031764861763416752e-01
-1.150015526648877628e-01
5.906317018454738249e-02
3.096957528775813873e-01
-9.718634254668037653e-02
-2.721221318091916475e-01
-1.242445405019481780e-01
9.093683724577905636e-02
-5.713020747895460050e-02
-2.301457536784784208e-01
1.616320233161303854e-01
8.844712887593904338e-02
5.390895837134217217e-02
-2.721543574514803110e-01
5.282027708116866505e-01
-1.500565761134519394e-01
1.797603808258285141e-01
-1.566077508235602933e-01
-5.221459870176224927e-01
-9.498296762564480133e-02
-9.444372095671052514e-02
-1.884434638659262806e-01
-2.144578073390177309e-01
-1.836783970140289379e-01
-2.307274641160015904e-01
-2.233289963666840183e-02
3.127688145625474175e-02
1.762374623090090520e-01
3.640590409952175754e-01
3.078924839300525296e-01
-5.299522540389647318e-01
-1.691842037600046200e-01
1.140998401758670233e-01
-1.911559563499817815e-01
-1.576574232144267729e-01
9.532049451737054091e-02
1.683672397440992841e-01
-2.145924382847766432e-01
6.531285736084928295e-02
3.080152759540648044e-01
-1.848966403607792408e-01
-4.428958767372932759e-02
-2.174443881412070345e-01
-1.380945549978291886e-01
1.686208518096599107e-01
-1.090112954627547037e-01
6.603280717473613941e-03
-1.224005876452573527e-01
6.227677625458179905e-02
-2.856787763207516151e-01
5.949279595043241442e-02
4.858387596143055875e-02
-5.044419090657703553e-01
1.373046080290585003e-01
-5.278057974951920472e-02
-1.658068531606750884e-01
1.156668852920965107e-01
-6.648813838663540643e-02
1.187958570923298811e-02
1.483896312504978388e-01
-3.756190352225951407e-02
2.586727873307559933e-01
-2.766383889817857211e-01
1.563000179431739134e-01
4.439302608726992116e-01
-2.132868950078070994e-02
2.332396585542325651e-01
1.585962588868102818e-01
3.467036752808134725e-01
-1.326346144972424534e-01
1.183864143116413054e-01
-2.874256220011846552e-01
2.135661130921458553e-02
1.084680375964724719e-01
1.276380394796101381e-01
3.212115796716705218e-02
1.388601068601027499e-01
2.936930823916513722e-01
1.048172079924906408e-01
2.154737288558973909e-02
-3.798327412580142226e-02
5.691768803192372994e-01
2.163181116785439506e-01
-2.020781129516464603e-01
1.117392615200978045e-01
-1.215880410356785374e-01
2.716905091112849918e-02
4.394201460328883008e-03
-2.809042597200432922e-01
-5.016304982449340533e-02
5.585764021284832931e-02
-1.442098798244657309e-01
9.159578792038641781e-02
7.558576422207434475e-02
-1.680156084801895378e-02
2.764135111425887747e-01
-1.285003208769263695e-02
3.141525228051264551e-01
3.490289402759275683e-01
-1.988810826979435231e-01
1.337942513198297212e-01
8.977946142428444576e-02
-1.095258247254315420e-01
1.478114944224062123e-02
9.772227686369748534e-02
-5.631071386583574173e-02
3.304099344514396797e-01
1.151050658341601918e-01
-3.023603539524937212e-01
1.204784539617913680e-01
2.967199408940514038e-01
4.062823011827863817e-02
-2.255967371918406530e-02
4.561200956336290413e-01
-7.727816678789402316e-02
-1.842725316462850982e-01
4.235701275946016781e-02
-1.672164433568414654e-01
-2.531980721022851211e-01
-1.886824830791125895e-01
-1.781095999474416880e-01
-3.184297098722602692e-01
-3.320650818438517504e-01
-6.804943108587462042e-02
1.961901227314416518e-02
3.005210753102172117e-01
-2.773066277519057876e-01
-1.908988019762495603e-01
-2.246307635612169451e-01
2.661861146171690118e-01
1.395642271531274681e-01
2.114456340324433747e-01
1.178563247550111770e-01
-5.596847633145061174e-01
1.795177538129073547e-01
-2.446711393925066029e-03
-1.160006851888299856e-01
-2.193964265970912986e-01
-1.719944541848948127e-01
4.431984727679628699e-01
3.174340984274691690e-01
-4.721730795503332329e-02
1.315729889032275779e-02
-4.245267487255030212e-03
-1.114595075055301726e-01
-1.894963138071631137e-01
5.445977704389439733e-01
3.101417753958173873e-01
-4.738567580646880356e-02
2.141380564728223301e-01
-2.573419667547558604e-02
-1.822297891957103122e-01
2.984141982520397973e-01
-2.274716628734718415e-01
-4.914422335450628343e-01
3.246506269938340128e-01
-8.641642564019372252e-02
-2.171353202500749813e-01
-6.112234802712122189e-02
-2.727934380774785228e-02
2.281831632307666502e-01
-2.813462630238653880e-03
-1.079975220055296864e-01
-2.539977402273531637e-01
-7.166571136627733485e-02
-3.790323094270131032e-01
3.311323654491048207e-02
-1.312685450432204970e-01
3.485868453437274833e-02
1.235532119728231792e-01
-3.998571483569762081e-02
2.968228210075810405e-02
3.301532343675125380e-01
-1.617619145558843730e-01
2.077791546024770619e-01
2.169961409148356002e-01
1.467502444450672350e-01
1.695482550672634814e-02
8.987390546469844477e-01
4.045078873728087387e-01
1.000000000000000000e+00
3.875199717401490163e-01
4.101786594934471730e-01
-1.090229967715617421e-01
-6.345331735839908338e-02
-1.602454747981697514e-01
5.758568025749331021e-01
3.469196740448418081e-01
-5.917107079890469683e-03
-2.851103679874272823e-01
-1.706464718105922262e-01
2.194822414848861258e-01
2.499222133665837328e-02
1.852341258014095216e-01
-2.259575227565798206e-01
-1.863391310042790683e-01
-3.109572184091954905e-02
-4.442369301498536038e-01
-5.256909073515950159e-02
-3.207250872077593157e-02
-1.277213153291221759e-01
2.771610211946040070e-01
1.065934184417620667e-01
1.609947501102678147e-01
1.156533800833674241e-01
1.031686881151964719e-01
-1.046311083780130935e-01
5.461402869520904507e-02
-7.965553866601731564e-03
-7.075768241624583177e-02
-4.851888249965269906e-01
-1.085531173459065440e-01
-7.795785715108322078e-01
4.551859101352738746e-01
1.394567268269476523e-01
1.431035424222433239e-01
-3.462024212705294146e-01
-3.017054610270763961e-03
-4.185744907659909309e-02
7.429215665937440038e-02
2.834196383383211226e-01
-1.735720060234907935e-01
3.287663305328200058e-01
-2.027556638577197590e-01
-3.237487472286747492e-01
-2.448313352330689086e-01
1.160393234538370649e-01
-1.245072135181325979e-01
-1.117502371316133614e-01
-1.750920535810222278e-01
4.354248616382738191e-01
1.242617524835399195e-01
2.360431717098440407e-01
2.075442389300627133e-01
-3.918079003462176385e-02
-1.454642252093603927e-01
1.271632026441031071e-01
2.031782625292120614e-01
2.071182450043531353e-01
-1.793374480666520276e-01
7.685064699947985467e-02
-2.471280140977491838e-02
4.119533029269066560e-02
-4.246059788084759479e-01
-6.794226484732436566e-02
-5.270960149480234946e-01
8.205034510796789526e-02
-2.338290611519174347e-02
-1.970800653103834676e-01
1.387688001817163896e-01
8.472037382340717737e-02
8.306819806552429020e-02
1.151888468657785436e-01
2.918774132898301343e-01
1.656659594575721484e-01
-1.395385328642490819e-01
1.677705368748996506e-01
-3.182372994196121518e-01
3.627496045424981053e-01
-1.479282246909780496e-01
4.261980597773821350e-02
-2.129002293823087089e-01
7.119735264510665407e-02
3.158053559573446578e-01
3.051529569881529236e-01
-3.155357439073696035e-01
4.233728343317160608e-02
-3.484792669755341077e-01
7.698979633719423843e-01
2.474055088806413893e-01
1.041977051894000944e-01
-3.884357025896453819e-01
-1.349300844740990435e-01
-5.477488092152303922e-01
2.588307860727099841e-01
1.988237428815427532e-01
2.794635102962403916e-01
5.775294535433862092e-02
-3.781524036202281447e-02
-6.154753684467516089e-04
1.487279503380238010e-01
1.768395420563920184e-01
-2.801575627638168160e-03
1.153708815792413855e-01
1.634471378150823273e-01
9.679253562347490958e-02
1.514503883118727134e-01
-1.096618052812527999e-01
-1.060736230619535037e-01
-7.815258981543020400e-02
-2.226063527460691305e-01
3.488314173898331427e-01
8.398134607867861756e-02
1.245378718465392914e-01
2.717851543620878330e-01
-1.724385536428996515e-02
1.265807038290633624e-01
6.113541501681827445e-02
8.607347526085987188e-02
7.010742659449731295e-02
-2.634389738364339983e-01
-3.877364752565298778e-02
1.314309483616288819e-02
-2.999329282095350435e-01
3.502567950248144379e-01
2.705489375080898928e-01
-9.715140442483218008e-02
2.715761266419309261e-01
-7.397545751861550611e-02
-5.209366199693504784e-02
-2.217084723903066656e-01
1.397045450243133424e-01
-1.876926801018057867e-01
-5.714858056544973308e-02
-7.884604173279015360e-02
-3.397017143060508948e-01
-1.188988616372332469e-01
1.863507107710014599e-01
4.514377103467781538e-02
-4.862462982599314865e-01
-2.699958701657180840e-03
-2.511473430854607725e-01
-2.803718638928321960e-01
1.938664272302955960e-01
-3.095042175230336423e-01
1.632535808568748303e-01
4.488434106048166949e-02
4.077631928743560286e-01
-1.376255949328172024e-01
2.389891463120304496e-02
1.377421604573306549e-02
-1.198103848145825046e-01
7.043714980229222322e-02
2.102379935697945290e-01
-2.448918083724365216e-02
6.293007067390653242e-02
-3.239873602328824931e-01
-2.749614836000222745e-02
-1.627283272451436830e-03
-6.271904391899212061e-02
-3.101696609113213099e-01
9.830396989051116974e-02
1.909709085508396464e-01
1.622594297832249954e-01
2.416385796145600895e-01
-2.214509358480637458e-01
-1.814660854959289638e-01
2.932632601509945203e-01
8.156434415581362285e-02
-1.189062803412878760e-01
7.679415824073886065e-02
-1.465141661962931219e-01
1.044409000645981217e-01
-1.609588591462665641e-01
-4.695127830703489935e-01
1.220875392269216847e-01
-2.913395067898616464e-01
8.961308316645524852e-02
2.030582244358821176e-01
2.245222571537555389e-01
-1.345150034797072403e-01
4.549305422506723096e-01
1.774156617302504735e-01
-2.150352940336207330e-01
9.483165673220655956e-02
-1.374402450561262867e-01
3.080970085301900085e-01
-2.796329789541569452e-02
1.368527449981453425e-02
-1.007555291066227765e-01
-3.609442470281806203e-01
-7.138643186367170379e-02
-2.351539244372255477e-02
-2.675066935279798996e-02
2.170877708998458222e-01
2.488639486163090053e-01
2.360127980482766841e-01
-1.833728648013646934e-01
-4.540569570214156858e-01
2.389864348743645506e-01
1.051306546501373784e-01
4.145871717842083970e-01
-5.760854606482234130e-01
3.172788602459285512e-01
4.028435093717769311e-02
4.237581760602197600e-01
1.545692349273530830e-01
2.358246527896988021e-01
2.546697526983800544e-02
8.897113855759850032e-02
5.486023898924284881e-01
-1.414349364305268753e-01
-2.846134234338109081e-01
-7.587438787065939327e-02
-4.174554594343673347e-02
1.029511847174567063e-01
1.262475104343912802e-01
-5.605210051782604230e-01
-2.102483291977388646e-01
3.500710870199987834e-01
-2.142489520532467051e-01
3.129499359140098247e-01
-1.383689293227933492e-01
1.503973352661329421e-01
1.223308236341782013e-01
-4.547368127614798833e-02
-2.877361035576253556e-02
5.130836216037374387e-01
-3.447460111429188206e-02
-7.467822157190139032e-02
-1.468077152446765343e-01
5.927083088387786330e-02
8.763894362213811573e-02
-1.211869369505303995e-01
2.935458067359743572e-01
-1.229632354953794429e-02
-3.939538447803012100e-02
-4.791854621649123680e-01
-6.874743276768156136e-03
2.878647964890357347e-01
-3.245977766084005151e-02
4.036448315664227238e-01
-7.869108955805256822e-02
1.664812599978605645e-01
2.834524332794494117e-02
3.111988745570050396e-02
-3.483844339632867493e-02
-4.536304433143104053e-01
-1.847921973828215436e-01
2.378780395754978294e-01
-7.937561150799725407e-02
3.846604721965646845e-01
8.756204410241456848e-02
-1.977437462499537502e-01
-1.066232628807825267e-01
2.957305093042769117e-01
