2.367876928927206345e-02
2.855465675233920600e-02
-3.101358961285681226e-01
-1.944562306130363238e-01
-4.693893950280376703e-01
-4.650333571736617877e-01
-7.488392846924726842e-02
-1.619997613441702955e-01
2.489978027087594581e-01
1.158644492644792384e-01
2.218619158181767137e-01
-9.059789222422466592e-02
-2.756295649361819589e-01
1.968185549441267002e-01
1.493629151323144222e-01
-1.803169111980251482e-01
-4.246872507020530985e-01
2.889466046283537676e-02
-5.160392010141484631e-02
4.538281990163420265e-02
-1.361398679516570842e-01
3.353917566671923978e-02
-2.284735599322681998e-01
-3.802348576879850950e-01
2.482547864011488414e-01
7.633848610846472038e-02
1.683541642284036299e-01
-1.709988629061528695e-02
2.316612790499183450e-01
-4.492852599531349522e-01
2.214638252425256970e-01
-1.292374196391858632e-01
-3.666656008271492739e-01
2.627554404775161445e-01
-6.387026940172198242e-02
6.703665756847186630e-02
-2.082647336526857740e-01
1.489933771017853958e-01
-4.461021650659431903e-01
4.591612654155501072e-02
-1.923676404607128076e-01
9.022229287830150005e-03
-3.679298142975796250e-03
8.688513315274037918e-02
-1.916653181227376268e-01
2.094875939655611308e-01
4.317050716648905551e-02
9.902429591875644768e-03
-7.044985977704961710e-01
-3.025225904683959133e-01
-4.985006373706804593e-04
-5.719230120367415487e-02
-4.646871158349457631e-01
3.297753460290526739e-01
1.456967309330294003e-01
2.590045826089476533e-01
-1.660568167159756081e-01
2.428624884783779289e-02
2.751594588338262745e-02
-6.901133094888833863e-02
2.376372543594932052e-01
8.355829376502779682e-02
1.063365021274000621e-01
4.200030571530732337e-01
9.272753526297103366e-02
-5.203569694055112382e-01
3.192024460124536778e-01
-2.801601950266155994e-01
5.440419965346354747e-01
-2.099867332903038730e-01
-1.258987617029066197e-01
1.536743231527649967e-01
-3.030004305006952503e-01
8.064004789485713920e-02
5.248213453025787345e-01
-3.377043299362578188e-01
-2.072089505729848846e-01
-1.106987393779028245e-01
-1.330045176797320199e-02
-1.460745588479441014e-03
-3.649091360833481845e-01
-3.468962158006457241e-01
2.935499692883870582e-01
1.318682081668120509e-01
3.187889304734483620e-01
5.399283342796685342e-02
-1.307247634787394586e-01
-3.696366820915091833e-01
2.041604510831918629e-01
5.631968579306185357e-02
-1.355350130329681657e-01
2.346435265375169388e-01
1.932636290272433666e-01
2.890698772105560477e-01
-2.205970459289094965e-01
-2.068620547177288660e-01
2.954232666614216574e-01
-1.715293469638720092e-01
-1.159139716525020708e-01
1.028367089862926020e-01
2.847971996099595282e-01
4.191481302377329521e-01
-8.173550055488658372e-02
-2.877994220184775798e-01
3.722710857986501476e-01
-1.518785849764596810e-02
3.861887338348563709e-02
6.089889253752878845e-02
1.056624072674687553e-01
2.030065438764930563e-01
-1.339078561747191476e-01
-7.978704848833657881e-02
1.402307655716026891e-01
-1.610522758839366964e-01
2.085955838777164284e-01
-2.567974809215438081e-01
1.771384471148876039e-01
-1.086790684820869018e-01
1.511241696910503064e-02
4.118032865828441524e-01
3.566148838417091405e-01
-5.868990283511525963e-01
1.128425027292668942e-01
-1.302498731533950349e-01
-8.539971682204686165e-02
2.174582984229206095e-01
2.104859468879398954e-01
4.526271030715566662e-02
1.057083548992818617e-01
-1.070161396756658667e-01
-8.653964249621204016e-03
1.304839148581438402e-01
-2.469787546710266735e-01
-1.746285505225055740e-02
-1.837149606502362087e-01
-2.368456253569280190e-01
7.596534385440041615e-02
-4.752913142872944308e-02
2.872454837498449320e-01
1.443216293419197216e-01
-3.483527097134503925e-01
-1.470711419667181108e-01
4.091160857135666129e-01
4.107754037228970034e-01
2.425868684235376466e-02
3.224488858092809940e-01
-2.141527451805002313e-01
1.452605754100437796e-01
1.624287400785825730e-01
3.223606035339978693e-01
6.672685584165938266e-02
1.860887894188349156e-01
-1.135047408084578768e-01
-4.674008947436247841e-01
8.925203154444588671e-02
-2.894236204049638883e-01
-3.950266049889696873e-01
-2.970976375701677163e-01
2.447179144698803654e-01
-1.719825703152988994e-01
-3.949416040613557000e-01
5.062595896954255603e-02
-2.889526703262526586e-01
-8.470362772990781830e-02
-5.499409125161179579e-02
-2.518708297172650434e-02
3.086669651914167312e-01
1.764108579618030026e-01
1.753734561260474611e-01
1.977076262809959462e-01
9.307761312726571534e-03
-1.127138067457780640e-01
1.442458201318239375e-01
-1.722969733788400348e-01
-3.260726883682355526e-01
2.095088321512652424e-02
-8.055828570039529068e-02
4.812389856737229188e-01
-9.452464917083990004e-02
-2.986605670827832681e-02
1.200911923804138387e-01
-9.514590863654162622e-02
5.520122765862862935e-02
-1.229965887390748469e-01
1.135264503968117927e-01
1.497124465833863938e-01
1.542959186415646944e-01
1.027572933614495088e-01
1.061624760251102077e-02
3.095212397814290917e-01
2.496325301616702241e-01
1.583687306173982290e-01
3.516142898297781594e-01
2.140378369064696237e-02
5.385806303187656852e-01
2.384780806829627509e-01
-1.420170448969471089e-01
1.780068376350532056e-01
-2.090947100552676685e-01
4.439361676441659910e-01
1.102816578474148657e-01
-1.523159085613098873e-01
3.686190175295990801e-01
-3.724043687433127581e-02
1.784886179139454632e-01
-2.068729623444604329e-02
-4.162147396656377119e-01
-1.914532979263503798e-01
-4.044551942017532431e-02
4.808283424150009561e-02
1.897766405919971699e-01
-3.428069861306078936e-01
3.097801010017278700e-02
-1.276712949707032585e-01
7.469329279413579326e-02
6.605309043123028245e-02
-3.179835106078484075e-01
4.426887266912184482e-01
4.762104936332503535e-01
2.732265390993747836e-02
1.859580994554308267e-02
5.474584425690340872e-01
6.256018724371099904e-02
3.809378793481486558e-01
-6.366120110346133731e-02
8.909023963190597362e-02
-1.041534225015863790e-02
2.188947835651771645e-01
1.251833587799838499e-01
2.329244875628332656e-01
-1.657936682698047531e-02
6.449780911007993445e-02
-1.037037325205382859e-01
-1.029866419270011879e-01
5.642563270736130308e-03
3.474351481666424490e-01
3.215948807716342145e-02
6.786895545573068400e-02
4.682817388550250537e-02
-4.129486760625981911e-02
3.036059847416129887e-01
6.532937855695176710e-01
5.606220600017068900e-01
5.231193741562959465e-01
6.540046407260470263e-01
5.937801949007154301e-01
3.937053741372549265e-01
6.042684234392026177e-01
4.955246808026871896e-01
4.425239784981278013e-01
1.000000000000000000e+00
2.245491342169488314e-01
4.651118380204141145e-01
4.880849899860456031e-01
5.510973920210848753e-01
8.405692798422927936e-01
5.878921767993455783e-01
6.483053307909285579e-01
2.645719753569197308e-01
3.991395099883144892e-01
2.527283311220451245e-01
4.451941159213881893e-01
6.000682758922447624e-01
4.830502603173934539e-01
6.758626115225306874e-01
7.572213726642988973e-01
4.117836050705459550e-01
1.765539545193392790e-01
2.399670739610780534e-01
1.901071297090283774e-01
2.277876935205499775e-01
2.529377157225761175e-01
1.376092113760117308e-01
2.225419385775322667e-01
3.719576776571307253e-01
6.428481809472096076e-02
2.710789577336570888e-01
2.373993325521227549e-01
4.407494685334389928e-01
3.598393403622678344e-01
-2.507450689147734321e-02
4.056963378756140576e-02
5.866414544987691437e-01
3.333578602457223927e-01
-3.326754931079601296e-01
1.550973600285594778e-01
-1.591710914440802316e-01
9.378136136648632104e-02
-4.513761277662981519e-01
2.436542662353165523e-01
5.852735679283257442e-01
3.685960502872883127e-01
4.481894887995424015e-01
1.904871728726199864e-01
2.188321041280611168e-01
4.535625500930321602e-02
-6.467628144875933738e-02
1.920017602241752275e-01
2.156788752015761368e-01
5.449300882877655683e-01
-7.371030907360448525e-02
4.560945509656797459e-01
2.761080838349866048e-02
-1.248652825841687214e-01
-4.869707282565850504e-01
5.889531865118241560e-02
1.027274361655505508e-01
-1.122172494465160791e-01
1.978103583183182801e-01
2.812593480950729141e-01
-9.314920498303648488e-02
-3.378661108928989187e-01
2.901036835875437370e-01
-2.184368987330503609e-01
8.501677752187582204e-02
1.795847538229043000e-02
-8.583586577147704622e-02
2.576462303526758646e-01
-7.462201382089860002e-02
-5.468131790596610087e-02
-5.987751661129204345e-02
-4.709787879028592417e-01
-3.050141895702249487e-02
-1.497504557692141136e-01
-8.991130238722772061e-02
2.132798105410659353e-02
8.135124783921147962e-02
-2.857035993159528497e-01
1.226297354924342220e-01
3.901704679468991355e-01
5.238232140676686230e-04
4.156260331356221305e-01
-3.290454037328342518e-01
3.175306746586829543e-01
-9.645142988100793846e-02
1.938002323531562154e-01
4.252366165693657191e-03
2.190391935382175193e-01
1.062051875492233451e-03
9.891520789302671313e-02
-3.082829289457928931e-02
5.910332686837007632e-01
-9.597818242071011474e-02
5.750524879796582445e-01
2.700655180621936990e-01
-1.125631569533461773e-01
2.580269302240195128e-01
-6.589122960995165423e-02
-2.401360229415653580e-01
-2.899851369934339784e-01
-4.752714815828181644e-02
-4.918843264334001736e-03
7.581176626693222897e-02
-1.412448083804829779e-01
5.878045614524542856e-02
-3.558839510058527389e-01
-2.065223629271596417e-01
-3.228380503255375705e-02
-8.581518714598543318e-02
5.764394183402568594e-02
5.003260848832162544e-02
-1.813198303980627646e-01
-1.900683347627789566e-01
5.535712892202613450e-02
8.194756774813427569e-02
-2.666417880983497080e-01
2.182394015898247719e-01
-1.080938928844841634e-01
-2.219603202066447178e-01
-4.000065138018132349e-01
3.955173076799298748e-01
-2.833606630885394662e-01
3.233494484364670685e-01
1.786602713989874636e-01
-2.519428922766570739e-02
1.472897762376071951e-01
-4.203065574601259902e-02
2.157737267456723285e-01
-1.520933854230720750e-01
2.937232722119907380e-01
-4.760958894768648197e-01
2.931755267659698627e-01
2.580184207735388563e-02
9.147291580417835424e-03
6.550340918588522070e-03
-2.614948161812536975e-01
-2.850242230435480820e-02
2.584785194751672011e-01
8.590157697147828009e-02
2.464832524377172929e-01
2.379188614760792686e-01
1.955100949486042461e-01
-1.155634474705801024e-01
-4.518650931241471186e-02
1.111497276828860570e-01
-1.448197562151058715e-01
-4.011108348291510944e-02
1.146331140857686920e-01
-1.361487039254513920e-01
-9.461258884946964487e-02
-1.170829568435987761e-01
1.161260410369214652e-01
7.350067050582509420e-02
-9.189584927785619806e-02
-2.749564255568591187e-01
8.565904725378341300e-02
-1.895232117653825044e-01
2.123011727341424515e-01
2.903892134212281428e-01
-4.617862022418988549e-02
4.716913592155172474e-01
1.423683114897971759e-02
-3.439914028586142924e-01
8.588320010991666587e-02
-2.347100882684666490e-01
-1.194203099594129819e-01
2.129283403786021989e-01
-4.298699251840370356e-02
-7.643918349613561258e-02
-2.791782335041791407e-01
-1.267841893747870541e-01
5.733688893125130637e-01
-8.962117779032975629e-02
9.751614851992793098e-02
3.450535012400008927e-01
4.462604559876588023e-02
1.226166144842219530e-01
-3.598773364009443809e-01
3.286051014670501175e-02
-2.835956417625103976e-01
2.891208184382883586e-02
2.048834717673652384e-01
1.480055577979836057e-01
-4.056752988773416058e-01
-2.930389196126091944e-01
2.645887246917979496e-01
9.837993989453655552e-02
1.598436233036831244e-01
3.626250641910472305e-02
4.404045537574185487e-01
-1.807809406465024360e-01
1.058317743268632621e-01
9.895689459351215966e-02
1.235220859857202730e-01
2.661472895517891790e-01
-2.883133415365728980e-01
-2.873254959384687890e-01
-1.066646293364896525e-01
-1.397161029075220662e-01
5.897704699593499938e-02
-2.011360754481675284e-02
-9.242455677222004284e-02
1.404595351028681549e-01
4.588155668069436866e-01
2.125282818708667532e-01
-3.038858559814040516e-01
1.471834487414766801e-01
-4.969620700463081020e-01
-9.189216909788484183e-03
-2.777154303887391720e-02
4.300341461966309953e-01
8.480215240631835960e-02
-1.179693882022683632e-01
2.447796340440445417e-01
1.298735075045014675e-01
-5.085857573557187733e-02
-2.020133822811489843e-01
9.749810110786852335e-02
1.174279668226199530e-01
1.416899126097985184e-01
2.055642096614143655e-02
-1.845652730816563225e-01
-4.810245341861502794e-02
-2.163256554495550377e-01
1.251961744417842415e-01
3.108930841280002633e-01
-1.755538898232558431e-01
-6.632902361560015503e-02
-6.834114346769215587e-02
2.863476633517583400e-02
-4.121772745112505659e-02
-2.022821671623792339e-01
3.201518254607357752e-03
-4.032860877598249405e-01
-5.652710944864295373e-01
8.468400636158085470e-02
2.283503050904875029e-02
-3.413714739984947122e-01
-1.061480588842555334e-01
-5.132328818610355087e-02
5.660195399982400483e-02
-7.621372219069553200e-01
-7.237030519333954859e-02
-2.242074143503239303e-01
-2.453456677221817206e-01
-4.479547553280120997e-01
-3.459103118403640265e-01
9.187033726034649073e-02
1.887708542149557980e-02
3.470994294905239141e-01
1.028590523887091268e-01
1.379403681567744622e-01
-6.080853780396906598e-04
-1.881740249323668457e-01
3.214758325699098029e-01
-1.551806404176609977e-01
3.023759542136793543e-01
-2.276734056665558059e-01
-6.366938694305901425e-02
3.371802795402505382e-01
5.671288283268317160e-02
-2.315305976048505354e-01
