-1.589959075768894725e-01
6.025017086443376080e-01
2.444780369404048193e-01
1.683591692994675648e-01
1.482336693204449607e-01
2.364562750873812069e-01
-2.915546784183776774e-01
1.993791884296140238e-01
-6.749087979997815678e-02
-4.572339093459604764e-01
5.976361936973505207e-02
4.330946052410874492e-01
-1.003248547296312215e-01
1.196102092086383378e-01
-2.513835381307755884e-02
-7.488704459467689090e-02
2.903559005301541429e-01
4.738848935287857111e-01
2.899122991606613575e-01
1.037149992082115751e-01
-1.387238052420898538e-02
-2.932601255081688230e-01
-5.287766763696121197e-01
1.408850933314201859e-01
-1.701527964319478614e-01
2.942922425922279150e-01
-1.783878111367210306e-01
-8.033695047733500905e-02
2.615574949868782438e-03
6.310263593276611571e-01
9.840779336729302273e-02
-3.801158203630840560e-01
1.496267994555972036e-01
-9.508520115431523534e-02
1.896332893989938762e-01
-1.738681018325400340e-01
2.401700524414254745e-01
6.851738322017481009e-02
1.252579330740542785e-01
9.734101975976966470e-02
-2.513586636508229888e-01
2.513809741645580687e-01
2.248087717812324027e-01
3.204866131506725058e-01
-2.529874349179292436e-01
-1.544259033232257827e-02
2.081311031838358472e-01
-2.525652031309607581e-01
-4.574107076954073842e-02
-1.171229303634252830e-02
8.727788775863980220e-02
1.278324685391386828e-01
-1.150503297014546372e-01
3.371538848188634918e-01
-2.487290766200025982e-01
7.198020649718872566e-02
2.854092425489254126e-01
-1.241287229072022685e-01
-2.778552089091439470e-01
2.462137599710432709e-02
4.431316218700888376e-02
5.047141808379331795e-01
2.580741020549546794e-01
-4.597326838350189460e-02
-6.107587753217792736e-02
2.769168960799854862e-01
1.628890452824745816e-01
2.834143761335307099e-01
9.733572714557725547e-02
2.253162935991740445e-01
-2.920457358430350592e-01
-1.275503350656970736e-01
-4.965036320996393804e-02
2.310339945504683856e-01
7.412202879786744004e-03
-2.786107023327316287e-02
-2.018570960033272688e-01
-1.598292657469983780e-01
8.861169241152543063e-02
-1.130300080861841999e-01
5.940760284938293445e-01
-1.719092094701603901e-01
1.533582481997851077e-01
1.811164991815397002e-02
-1.335483317854758156e-01
-2.906065630217982351e-02
2.644577807846104633e-01
4.079321856853406203e-01
2.379702927081448482e-01
-2.104060884597780678e-01
-1.295497300720102607e-01
-2.920662750270583974e-01
6.950837777877806600e-02
2.634885432334654332e-01
3.642587359238888545e-02
6.129875189863518564e-02
-3.767055574562480080e-01
7.653685300339502229e-02
2.552901446810474928e-01
3.505527076747687043e-01
-5.592999544557732822e-02
-2.560094582441030941e-01
4.361950351425055578e-02
-7.701187042808810930e-04
-2.006716050560621023e-01
-1.647839622124022407e-01
3.845097847300243260e-02
3.366264659162570561e-01
1.363986894121292370e-01
6.576742887914938107e-02
4.496957343464731000e-02
4.841498357629113458e-03
9.643576903231894371e-02
4.811770226560543873e-01
3.195108096132302511e-01
3.274692966974571823e-02
1.977465970461933231e-01
-3.197835212623856838e-01
-4.693012715871413415e-02
4.883670243409823225e-02
4.440983415765122899e-01
6.088310442828614999e-01
-1.082699963086214690e-01
-7.042185145689301429e-01
1.763848948459272314e-01
2.426570721810155373e-01
-8.962922780759687014e-02
-1.539423244811447267e-01
3.241451650466891515e-02
3.626949774245679103e-01
6.097912246521327573e-01
-3.769144700162214701e-01
-2.001485819938832733e-01
-1.210423253324369869e-01
1.307307474123784730e-01
-1.992814090900534019e-01
9.717990953800185669e-03
-6.568897090014039208e-02
-1.654208277402897595e-02
4.754893054955541820e-01
-1.869531907845799201e-01
-4.045929963285693209e-01
-1.853698381772780068e-01
2.360444510562122178e-01
8.643119849016332734e-02
-3.984600170015376586e-01
-1.008777843807648900e-01
1.943808668519722560e-01
-1.883617557887239113e-01
1.333263977855625171e-01
-2.051099771960936125e-01
5.503787612607260321e-02
-9.101584750510342825e-02
-1.351879429553730916e-01
-1.726958092331147554e-01
5.758293015365085754e-01
-7.737819467367600124e-02
1.400948617513121663e-01
1.768031737660535341e-01
-4.007445574169421487e-01
-1.781200716167363474e-01
3.281729418055804454e-02
6.279216396013008461e-02
2.616271313788125497e-01
4.131005888026733630e-01
2.016405209928701925e-01
1.515648120957256359e-02
-3.052647223294022716e-01
1.265626312212422312e-02
2.097510163948414497e-01
1.234380533876090064e-01
3.398926890339848961e-01
-2.319342382181172751e-02
-1.964676562245128710e-01
2.609750409342635052e-02
2.407130497901084076e-01
2.220904620280582942e-01
-1.316321122128993326e-01
-1.440749622407816177e-01
-2.791005433494889165e-02
-1.331775089204957629e-01
6.072355589119401292e-02
1.595456478198064854e-01
-1.839927186352122435e-01
-1.744653650705156045e-01
-2.423973161612029137e-01
2.181322410346109020e-01
-1.277297068084618237e-01
6.321497147119325977e-02
5.051504435358724482e-02
8.667953944772022190e-02
1.704428464656492503e-01
-2.060310502174700076e-01
3.944176568606764799e-01
1.063683914684628029e-01
4.261877923519497569e-01
-1.874298320379441940e-01
-2.365622462795914302e-02
5.809990357390619475e-02
3.989403003340010190e-01
-1.097404335392232894e-01
5.120555595678961680e-01
1.378162560494586020e-01
1.950709600828223755e-01
2.931811462244381383e-01
-2.421466167585787921e-01
-4.114626923785584534e-02
-9.564099859932861936e-02
-1.712555996411378456e-01
-1.658118167711915003e-01
4.548372170124629355e-01
2.307197087401419502e-02
9.306187843000736371e-02
3.290939232182852336e-01
-2.771179034709599365e-01
1.055370706937326514e-01
5.708126664693831120e-01
4.972301922591281648e-02
1.880163320103196145e-01
8.909670402532882116e-02
1.801076074579114616e-01
2.750438802992676290e-01
1.104410558851581931e-01
-1.669691730238804517e-01
9.050903359713574625e-02
-2.196389739325279034e-01
-3.212528604289301148e-02
-1.752423983027837362e-01
2.256947119747253760e-01
-2.221180771118581865e-01
-5.771754747034000266e-01
3.320524798962079527e-01
-4.348523030426286740e-01
-2.982596540826883968e-01
1.095493245552358330e-01
-3.140883305152111782e-01
1.362135950726631704e-02
4.193539462665039630e-01
2.906133758714241067e-01
-8.891578314749525036e-02
-2.533307435344854253e-01
-3.687725183255781136e-01
5.474657307596723088e-01
-1.785934576512869798e-01
-2.879100131073175986e-02
3.166471203235792231e-01
1.140562121098801507e-01
-7.670914997566170845e-02
2.244523867407517137e-01
2.337622135372049992e-01
-1.948276893605338511e-02
5.092710928451580354e-01
-1.842381809722955233e-01
3.315530629377053118e-01
6.623279028763391363e-01
8.796526455956884538e-01
1.000000000000000000e+00
7.145116179248515165e-01
3.527010029373909838e-01
4.314018688034746418e-01
2.237485194379486286e-01
1.541752300050614477e-01
-2.991601532757771215e-02
4.241174015620595705e-01
-1.089856558366687628e-01
-3.943949372688380639e-01
5.849557373481280020e-01
7.782239970158371101e-01
2.775719784068675366e-01
1.012424836683663010e-01
7.130850395766170913e-02
-2.638550819199877995e-01
2.546156962715377392e-01
-3.051640529781072808e-01
1.849491446987844567e-01
1.351213532741691314e-01
1.913872992700815234e-01
-5.680512963172461294e-02
-1.665593964658835385e-02
4.012416052880831557e-02
4.435628286410975840e-01
4.385653266353629065e-01
-3.985610521245787630e-01
3.005558195126972199e-01
-1.039197047915851185e-01
1.097169704480018271e-01
-3.466189129215529463e-01
5.991456784801679064e-02
2.297591496080663986e-01
-9.514112784062821182e-02
-2.845815541559789663e-01
9.111256342490781091e-02
-3.471092726982002996e-01
1.171973402007297355e-01
1.200505770125052385e-01
-5.773247407314368029e-01
-4.766122155575317626e-02
2.598184790200922523e-01
-4.327613622421396800e-01
-1.568724809634358675e-01
9.082690866698558962e-02
-4.565563716148279827e-02
-1.430639370980932301e-02
1.257073580597764806e-01
3.247697398270586455e-01
-1.624729363239368549e-02
-1.750164456254313106e-01
-4.581970678576508665e-02
3.320892287990724334e-01
-1.392856643204163913e-01
1.823530513519965590e-01
1.579857793922285203e-01
-5.084908496807823974e-01
-2.362795718285524982e-02
1.785094620809579424e-01
-1.585920895501139460e-01
5.685784458980688676e-03
-1.788504019905198528e-01
-2.547616304435700307e-01
3.378857757189397404e-01
7.759094843850328216e-02
-1.847116881818136255e-02
3.921858875166910063e-02
2.380041182684596857e-01
5.555421127802040449e-02
8.979062819910568760e-02
-2.041120847749291756e-01
-3.433631531083130017e-01
-4.871753185880711712e-02
-1.558047388009997950e-03
3.692014151380230286e-02
-1.816490965853902739e-01
6.443847567414905386e-01
5.007831530432396150e-01
1.701912171427260451e-02
-2.460046777495804859e-01
-3.709426592909917386e-02
-1.298242685995106005e-01
-8.234818561225846212e-01
2.088761368831188181e-01
-1.073626201573587707e-01
1.062147295999983920e-01
3.616683630912571196e-02
-8.700702633499919625e-02
-2.593617137628534408e-01
-4.216976110284383940e-03
-2.173084946819126839e-01
-1.477557220309315758e-02
1.834167024912155552e-01
2.517158338031169618e-01
3.105042866448839978e-02
4.203201940998355091e-01
1.848530811402656626e-01
4.626448069198661056e-02
-2.628453308983153547e-01
-8.056217302689566706e-02
1.208336777088151875e-01
1.930372850492255779e-02
3.488426208967191910e-01
-1.154725398352353105e-01
-3.804717183746926523e-02
-3.928739330081873482e-02
-1.334665631412347217e-02
-2.612424578046702583e-01
3.846396810952134038e-01
3.491291060531607759e-01
-1.808099256256457676e-01
-1.471469883663113765e-01
2.869234037467922604e-01
2.926341512868554373e-01
-1.772279420352861901e-01
-2.982166494166028636e-01
-4.688607854396527608e-01
6.658138892834437605e-01
2.794919625471069535e-01
5.181626292279912366e-02
-1.746432643154024467e-01
3.094492049918035753e-02
7.244870899565024336e-02
-1.390113588141344836e-01
-3.758429578654126635e-01
4.123511253674990162e-01
-8.588832363004424153e-02
-2.295789155516490265e-01
2.326809682097185084e-01
-2.347096289371947836e-02
5.446855928353085824e-02
-1.458679806047370464e-01
2.400202323424633355e-01
-2.416377443666929969e-01
3.794067926319493744e-01
-2.647239047942624990e-01
-3.212653632932793712e-01
6.184443956863090036e-02
2.617566324058307609e-02
-2.302135697918476775e-01
-2.530762802310062079e-02
1.116211986695794245e-01
2.481446345668968656e-01
2.346141506978162150e-01
-6.430156552619052668e-02
-3.668756864888355063e-01
1.524535833562335775e-02
1.002050625788908356e-01
-4.825090077663285286e-03
-2.878910149610107716e-01
1.493163525835193572e-02
1.701030477423497445e-01
4.817750823970671226e-01
-6.361823740739235011e-02
-1.176680256520037104e-01
9.819335517189027585e-02
-2.201712316491289678e-01
-1.736346647419378109e-01
1.359708656144676953e-01
4.264538155262257435e-01
-3.563501966551252953e-01
2.352095756661677084e-01
3.534904257721858123e-01
2.728498771401263734e-02
1.078546062709142134e-01
5.268761010537459377e-01
2.488034042596025397e-01
2.733598799938400936e-01
1.436032574248907040e-02
2.646403738507251413e-01
2.210813083836683235e-01
2.346385309844234435e-02
-3.123851545088066756e-02
-4.052405170403438617e-01
4.489927155151756111e-01
-1.615795341192929613e-01
-1.317727532060907758e-01
-2.896619105457802767e-01
-1.024745128084920132e-01
-1.368381285270796888e-01
1.458632956297725991e-01
-4.667194334285861002e-02
4.435104673966744349e-01
2.980697737487296717e-01
2.637160456105167028e-01
-2.915835900453116192e-02
3.227879152732983370e-02
-1.391860136668199854e-01
-2.498817498780576407e-01
-2.950623785265649168e-01
4.763920311319830292e-01
-4.712996088364450331e-02
1.867564789633238964e-01
-1.346831453542448320e-01
-5.688204930224027150e-02
-1.718195574942417703e-01
4.034386826951517901e-02
-7.105388614834444450e-02
-1.012152802076670827e-01
1.836811867923681674e-01
-8.773716840960349428e-02
-3.627150525464480357e-01
5.051037154439064203e-01
-2.457823914517638306e-02
2.102889520681157365e-02
-2.199950379233385211e-01
7.658854907958974334e-02
-1.712083766072100277e-01
-1.648845990839155617e-01
1.464117075165632942e-01
2.176078998782511875e-01
-4.738352808014836826e-02
1.461418086773028924e-01
1.921938841461338365e-01
-2.361008212807775009e-01
-9.754054382627229403e-02
1.085272590502939748e-02
-3.311530655918927257e-01
3.964993630067432107e-01
-7.314520354717346518e-02
-1.726580863546277045e-01
-3.821104233599685596e-02
-4.741488473925681291e-01
-2.773875497182303612e-02
-4.540954946453120145e-01
2.884377424172444027e-01
-1.224053836483434410e-01
-5.258356495872013731e-02
2.549159107778746769e-01
7.457205840724608070e-02
4.529065900127157013e-02
-2.513904640580534311e-01
-1.833978477377676830e-01
6.645703441435638070e-02
-1.015767803897732607e-01
2.500707417198480553e-01
-4.125991689089041348e-01
-1.544881571439256918e-01
2.499689317469575012e-01
-6.894935957506324875e-02
-4.293065002474247827e-01
1.487962751839042586e-01
1.376091478636086163e-01
-2.464043242130428690e-02
-1.528470734761504801e-01
1.572882899370296175e-03
-3.934402269863076507e-01
1.730050911832524685e-01
3.258331471184468531e-01
7.186637127783554457e-02
-4.451990307531326629e-01
1.555067534147559771e-01
-1.092869229361680544e-01
5.118423262868628670e-02
-9.109243529935512340e-02
3.294298658471876695e-02
