1.809268325127577903e-01
3.135213660315430140e-01
8.064987789790102612e-02
-4.253807694008253371e-02
-2.033953838357316635e-01
1.567457000260312205e-01
1.053532924263892168e-01
-1.699870888351581386e-02
-6.225007325765780086e-02
2.012805044052440595e-01
1.643693840767199155e-01
-2.608743021031524889e-01
3.612417566349148124e-01
-4.576528180933660955e-02
2.426188372845155816e-01
1.658070120195316299e-01
4.673027406807079287e-01
1.910516948515443569e-01
-1.764340329497598170e-01
-7.909101666896684035e-02
-1.488036673569418655e-01
-1.243300770775794678e-01
4.430696080418703997e-01
-2.336546210310435912e-01
-2.626177524310671640e-01
2.756688195403109512e-02
-1.984948001316480526e-01
-2.902187502552022180e-01
1.952446282889463702e-01
-2.600226503723586102e-01
3.698465088421142022e-02
-1.413376543365246762e-01
-1.958166595782069863e-01
1.335764752432665528e-02
-1.190772394166522419e-01
1.823220330681115109e-01
2.267298997863656240e-01
-1.432750251069159902e-02
-1.486529305074788809e-01
-1.711985109765611079e-01
-9.219502901936448003e-02
2.386048546697464370e-02
-1.272611780325325903e-01
-1.552046983342959298e-02
-1.546108329401686965e-01
-2.449072316541390792e-01
1.041478223428556893e-01
-1.597246808589911082e-01
-2.725918248310819636e-01
2.722821279125285931e-01
-1.131958919779191414e-01
4.786072057496695842e-01
1.128576891220669509e-01
-1.297044295255316282e-01
-1.150757996422325929e-01
2.190735599080422535e-01
3.326625540522185065e-02
6.620226755353665615e-02
-5.128191205844115363e-02
1.144163811722541391e-01
-3.575358138740280384e-02
2.982928915747050103e-01
7.523421177835414031e-02
-2.288090736535435821e-01
1.608926130434272517e-01
3.832235425953745556e-01
-3.052040358705431777e-01
2.918076953781502669e-01
2.766560569385057271e-03
-3.839203767308034809e-01
1.684804859557627321e-02
6.928252361889191135e-01
9.546514898943050942e-02
-1.430779623117324761e-01
1.608741836396438696e-01
1.611887169576323997e-01
4.521568410814204297e-02
3.138391478804727353e-01
-3.515089883137084183e-03
-1.814837224572825869e-01
-4.357766882941722930e-02
-1.407417472972363193e-01
5.434995806305119997e-02
-3.208072509613121848e-01
-7.625924879764335584e-02
-2.489806653801574232e-01
-2.818660423733213016e-02
2.920426381306126529e-02
6.780546871695093680e-02
-1.962663772492838354e-01
4.701483379885410679e-02
-1.177007201493693728e-01
-3.518647210457517271e-01
-4.076426694618329738e-01
6.693924666341051315e-03
-2.139147682515642745e-01
1.366385716842174192e-01
-5.060366271487864998e-01
-1.744144194180106411e-01
3.142893439571776970e-02
8.089110475287396296e-02
3.949068450998691748e-01
8.936527372918454115e-02
5.966907538915360715e-02
2.142685982736242806e-02
4.977309701499070711e-03
1.037993206859114531e-01
-9.903571414278911078e-02
2.569770453725208625e-01
1.534597200914007142e-01
1.865201121312548560e-02
-1.409706566256691829e-01
-1.703145732837402226e-02
3.983211695825027154e-02
3.974396185887597577e-01
8.672156575564682335e-02
9.946608499489191513e-02
2.660774966947191400e-01
-2.836911131099871253e-01
-1.864959962995464959e-01
-8.755823790355402036e-02
4.138139793212003981e-01
-1.027094017129979581e-01
-1.070633473289319820e-01
2.571353263498890596e-01
3.077163883524153820e-01
8.026573732777499137e-02
-1.362210616556235321e-01
-2.487345329812196137e-01
1.242930960364616172e-01
-4.188216138002207045e-02
2.728923675539024485e-01
6.191643144416363737e-02
-6.816492479459063114e-02
1.429192145989189311e-01
3.860396653531956157e-01
2.358118290877486145e-01
2.821552497440922291e-01
-7.868786271505644192e-02
-5.941171394939952569e-03
1.361124978146416586e-01
-2.732545017433972157e-01
1.647357340703928946e-02
-2.802647642718029131e-01
-1.760733594724245565e-01
-7.478850078605771279e-02
1.566543222219456133e-01
-2.012243704182098414e-01
-4.679392001416556209e-03
-5.419446211157876413e-03
-2.545470152601460034e-01
-4.997045256204431934e-02
-7.621351978993545773e-02
1.404329257711735834e-01
-1.141090499750616744e-01
-5.752841380563319257e-02
-8.006113345120652314e-02
2.614767692048358683e-01
7.474348540937464369e-02
6.959859914783488033e-02
-9.761838497296557171e-02
-3.270393516986535437e-02
1.914853833793097038e-01
-2.097597784570711874e-02
3.712223549777163289e-02
-2.909129161900759208e-01
-1.024123828780999085e-01
-9.532072354895414212e-03
1.982468353969225050e-01
-1.022597235701233620e-01
3.268796784168910285e-01
-1.431904081031584730e-01
6.212565194670500307e-02
-1.396612257660201639e-01
2.556764740660025931e-02
4.177257513936752931e-01
-4.970143589529517347e-02
1.079009689364514024e-01
-3.572283445717516076e-02
-6.851849126285113056e-02
-2.601581792270537541e-01
-1.884467841994037773e-01
2.028303533773115619e-01
-2.074626254733681341e-01
3.676664145748351764e-01
3.931560099114965179e-01
1.087769236247077692e-01
1.347423694311984665e-01
2.242338529598076613e-01
-2.213878080699177020e-01
2.878295114952660327e-01
4.792301605084990923e-01
3.075982707155227799e-02
1.210808337165813764e-01
-7.037880271840081525e-02
2.230859545226599253e-02
2.624710567993038812e-01
1.228083870464187072e-01
-2.417965162888917330e-01
1.479180312315879764e-01
-9.164623964198835571e-03
-6.254402879587014907e-02
-2.315743890313297637e-01
8.257638996241306595e-02
-2.407645611445899392e-01
-1.957458053096630679e-01
1.492130763998427145e-01
1.336637839195065625e-01
1.762647049347601524e-01
3.926282123787692147e-01
6.928057066302831801e-01
4.614710869057631615e-01
1.057337213798396625e-01
-1.436446337274762119e-01
-2.131193591805365939e-01
1.664737202383425874e-01
3.201921563704970275e-01
-9.006867042141045165e-02
-1.598649164621933350e-01
-2.158743597016264670e-01
-1.734084773332163487e-01
1.901342943466507451e-01
2.728867063566918771e-01
1.652024742585921080e-01
-3.215545307642558859e-01
-1.315814331605107690e-01
3.666656039514849530e-01
-4.974151019990923905e-01
1.335427729013440312e-01
-1.548424599084672337e-01
-1.830532331333159790e-01
6.544947225943557878e-02
-1.009572799802083282e-01
-9.419947408435642988e-02
4.386733983737018533e-02
-5.100751204576879638e-02
1.039777152020123357e-01
-1.905357000097900599e-01
2.281414220526379044e-01
2.221209025556651444e-03
-5.220635292209006156e-02
-5.835438341741989304e-02
-2.065759312155742156e-01
4.602294646476216833e-02
-1.809325628547855669e-01
4.568745133757167592e-02
-4.530343184597515616e-02
1.998104465521811091e-01
1.426049467265160520e-01
2.180459805717472055e-01
1.501081235279046189e-01
2.587300820260992618e-01
9.263198955066893892e-02
2.159860213782133220e-01
6.113979137131360098e-01
1.000000000000000000e+00
6.698749644920519719e-01
3.986139181842459633e-01
1.911747085394548129e-01
-2.873835214964690632e-01
1.212943102878845242e-01
4.331622931088933148e-01
-1.325794594939632698e-01
1.894292826639094318e-01
-2.497040929054797631e-01
-9.599851759693006636e-02
-1.017157105046159055e-01
2.337133009847945642e-01
-3.400458844621351978e-02
-1.631213829218960687e-01
-6.806759322568738113e-02
5.229629713613343639e-02
1.068513536029100791e-01
-1.730457356911226374e-01
-8.015899475606788616e-02
-9.480159917893070387e-02
-2.078359338567331016e-01
-1.260223619629375347e-01
-2.739738324673091641e-01
3.704686158822095843e-01
-5.543859115596774245e-01
-3.321835902426275022e-01
-1.036344525239351749e-01
6.359427870431928753e-02
-5.090618985359358917e-02
7.772077961269584223e-02
9.870265630948756030e-02
1.022966996222457320e-01
-4.737169082065990910e-02
4.899786801702438188e-01
-2.924165052634558615e-01
8.309969310319767488e-02
1.029755389780323133e-01
6.778133858794638256e-02
-2.310790349698643997e-01
-8.946263375958540820e-02
2.735978570386020658e-01
-1.551246819003321287e-01
-1.500837959428226454e-01
-2.539355026351742262e-01
3.588950415292752605e-01
-3.024797946856701003e-01
4.107725726136551153e-02
3.886597469665911686e-01
-8.408539084330965419e-02
-5.810989026145058078e-01
-1.343594636555610344e-01
3.323849862712869863e-01
-1.111146388793739781e-01
3.147645443481341121e-01
1.931970532722720180e-01
-1.493193856865975278e-01
-4.405918733741570059e-01
3.559242100841566309e-02
2.447988801696257266e-01
4.011831716739794329e-02
1.724942166865318927e-01
-1.495863737165988583e-01
7.492446542029869427e-02
1.291965837697837127e-01
1.488730868804220286e-01
2.289954604827971751e-01
6.239579589051975211e-02
1.664843141017310901e-01
6.613075140380046679e-02
1.765275035462233466e-01
-4.163763290508668002e-02
1.323430306653405608e-01
-4.562395444893234120e-01
7.860296591734468319e-02
2.442619002802570716e-02
-2.499851157465868973e-02
-1.046011355409782601e-01
1.657070961111141993e-01
1.583244265589299204e-01
-7.887472868545711280e-02
-1.433144417348787281e-01
1.809835270075782765e-01
-1.220589018944686320e-02
1.036374207089954119e-01
1.110897110744237387e-01
-2.185337523166771823e-01
7.149012177446401051e-02
-2.625896169625667742e-01
-8.228806461511011666e-03
8.233012541843275078e-02
-3.726220630669999645e-01
-1.243315612621452709e-01
-1.094521453203268491e-01
-4.592666445618789201e-02
2.397631121124538245e-01
-8.620144699036490221e-02
-5.093938318204718207e-01
-2.776937923421947119e-01
2.664149414026362739e-01
-3.527442416443429818e-01
-3.418966938725649385e-01
-1.429081589892721715e-01
2.290198696183980975e-01
3.133734541552973263e-01
-1.599890031830307202e-01
-1.722587856685972307e-01
-2.566327751567188953e-01
-1.849278105408233563e-01
-4.603790391443127877e-02
-1.578247387119661449e-01
-1.690335032579525221e-01
1.487598788580492704e-03
-5.915817132561964481e-02
-9.341996201140609357e-02
1.117096160975783181e-01
-1.103201978180605169e-01
5.458715476664575961e-02
1.431935950229856064e-02
-8.745532419336557450e-02
-1.898987707114925261e-01
-1.854366218119793963e-01
1.191071220208063663e-01
-2.739845053867188129e-01
-5.705512170831815444e-02
9.108814743253622337e-02
2.754282043393828650e-01
-4.661797307187526794e-03
4.174170125734404380e-01
-8.598189807002067087e-02
3.664806073503849015e-01
-9.823937658996198530e-02
1.902540595036200377e-01
1.192424656411502359e-01
-1.433632464450698696e-01
5.240486326913452730e-01
-1.400159858030092502e-03
-1.678712162153143117e-01
1.529543301797395560e-01
2.534868246644863751e-02
-2.436874413743175538e-01
1.907184678394957811e-01
-6.367778880630402087e-03
-1.570843264394156114e-01
-1.096220141378934504e-01
-2.954900813051739104e-03
1.509371564364728469e-01
-1.122280014724802572e-01
3.780580872427833500e-02
-2.674190127965722120e-03
-1.312636908396875302e-01
1.654863939467045020e-01
-1.380681801919508289e-01
-1.714618652907906604e-01
-1.167074660597218899e-01
2.363408736368823315e-01
-9.395135257677723895e-02
1.723121500817660079e-01
-4.391100201960423249e-02
-1.719474873204433207e-01
1.986365852304510238e-01
-3.741721898905464583e-01
-2.729061506646004998e-02
1.402081934554813281e-01
5.821345631641043628e-02
-2.809720293535580837e-01
-3.432318328181251932e-01
1.699852028582307661e-01
-9.931456786446789253e-02
-1.253132794456899013e-01
6.554721498016932713e-02
1.294588997069067750e-02
3.857695436594996141e-02
6.617572475807102783e-02
3.136091866149766372e-02
1.463486083009712772e-02
-4.326587072557853131e-01
9.458305645712257459e-02
-7.134784531269201813e-02
2.097120347927454997e-01
-1.530792058871271316e-02
-3.423720801015424087e-01
-3.736180076743959022e-01
-2.747316925726306369e-01
-1.335461289498998116e-01
8.627050960624903231e-02
1.153547051136481205e-01
-1.120187809700347176e-01
8.630099109098685051e-02
1.963376401751605049e-01
-6.066718327312502906e-02
4.206451805799311244e-02
-2.085999194002128299e-01
-9.072459838736425530e-02
-4.969912825204682999e-02
-2.747640965157862047e-01
-2.103319275941739064e-01
2.049306458267367848e-01
1.761925788379272995e-01
8.546534253640873657e-02
-3.745475799996805244e-01
9.199545412669332678e-03
-5.768815995695134591e-01
-1.702614995465840109e-01
1.063999789189053469e-01
2.257257442991194088e-02
-1.810855531034540888e-01
-4.790649602509051697e-01
3.657634065697439735e-02
1.240872573653087341e-01
8.081645981153742775e-02
-1.192349536912405694e-02
-8.770002434154570981e-02
2.861121149100826488e-01
-1.389129372701384535e-01
4.287439643194894123e-01
4.821286858469561176e-01
1.463834704655227192e-01
-2.066016788294960937e-01
-2.047759987492117351e-01
4.503208022959739876e-02
2.568621473866231630e-01
-6.765556907144421039e-02
1.764165826224911027e-01
6.182753390598081378e-01
1.412153949625753746e-01
3.400753216109707600e-01
-2.607186054653943263e-01
-2.276989979642716766e-01
2.345891766168380910e-01
1.218120584093095315e-01
-9.741862121213844955e-03
-8.110712863008259776e-02
-8.771983662346750921e-03
-1.455538289492382120e-01
-2.537642052839227461e-02
4.077909874341267837e-02
-1.270962308818011748e-02
3.581370715292216123e-02
-1.018555349560834322e-01
-1.733043968178558658e-01
2.148507918997250021e-02
-3.067108327917362764e-01
-1.825787211418075928e-01
-7.227199476404284895e-02
-3.803060902957464129e-02
-6.512892102080766743e-02
2.755473064602342315e-01
-1.872306931303645006e-01
2.221802055939006149e-01
-3.937734937634408683e-02
-1.303103588540050484e-01
7.883822660141498462e-02
-6.647034467187755424e-02
9.396144133192295411e-02
-1.926425674219055806e-01
4.757081518304676071e-01
