3.816571229760661044e-02
-1.437775281017870666e-01
-8.979196358637574205e-02
2.203660020472943681e-01
-2.839763475883754634e-02
-5.929250348654831193e-02
-1.402439483012915544e-01
-9.941193662626407468e-02
1.659874117033221796e-01
-3.575575347432124323e-02
2.025883373594857539e-01
1.896230138725362724e-01
1.531788153784664243e-02
-2.398749824588995272e-04
3.353291540419263139e-01
3.319854108734057729e-01
2.505380979952353537e-01
2.504653441573922446e-01
3.917889361868695519e-02
-5.984128747214935429e-02
2.219127066589554956e-02
-5.457574364869912514e-02
-4.725397373368093318e-02
-2.018113779283763065e-01
1.942970520326696704e-01
8.164484891744085149e-02
-8.028098071097185262e-02
1.170713502128558764e-01
5.645768096614899034e-03
-2.324822949796869972e-02
-8.693998592954657600e-02
-2.612712165833639411e-01
2.189955931249527032e-01
-1.792418167655043526e-01
-2.521636787285949644e-01
1.633271029046568512e-01
2.090395002565889893e-01
-2.401070308123906816e-01
-1.454689845356446076e-01
1.535536982701711517e-01
3.159309466604635908e-02
2.398893207441250008e-01
-2.553294430250350744e-01
2.857638491303475248e-01
2.326379702329591653e-02
-2.354606982499256318e-01
1.521918763137307673e-01
-9.751352194100452314e-03
-7.072018399669972866e-02
2.529393120657079663e-01
1.194693497262473286e-01
1.607798305852996823e-01
-3.733602264430223028e-01
-1.478478091803569483e-01
-1.407261263786514782e-01
-1.863143487752992877e-01
8.982010815549969218e-02
-8.099654885576505758e-02
-1.600689146933106100e-01
-4.487020836869287099e-01
-1.088703292050279270e-01
7.356246261745470749e-02
2.213888832765465442e-01
-3.734431143640044859e-02
-4.784769348563257252e-02
-1.958022229410082971e-01
1.103887981852444966e-01
1.745822489088217841e-02
-1.779604476181375350e-01
-2.454451597629639659e-01
3.494889647529418331e-01
-6.621692007367012411e-02
-2.578513363091666788e-01
1.051035289199329925e-01
-3.642518005936311032e-01
-1.823844723522496103e-01
2.015273431364136836e-01
-2.634695670828006708e-01
1.062099650415481572e-01
-2.402744780185891438e-01
-1.671327472633962752e-01
1.732644707996056632e-01
1.685027189584775986e-01
-1.235207528840331437e-03
8.984476790680688552e-02
2.531561912483611398e-01
-2.598181289673752725e-01
3.572212718497473904e-01
-1.648352634224283242e-01
-1.155299974705765453e-01
2.456240837386924891e-01
-1.631831453985015667e-01
-4.509115726623578180e-01
7.681938009961900016e-02
-2.172596381519887043e-01
2.486965932345978347e-01
-8.553033927519204660e-02
7.865102803727089253e-02
-1.389164179714956759e-01
3.084926079549891176e-01
3.781806611455941214e-01
-2.403004638638927548e-01
-2.340139272742913223e-01
1.157960845541337741e-01
1.583766836107364240e-01
2.819229680412992933e-01
-1.615254300181063751e-01
7.580082636973474453e-02
1.494508728335570275e-02
-3.913045065793030464e-01
1.008718360909748590e-01
1.903772129392480861e-01
-2.318534940793018275e-03
1.489441644034519840e-01
-3.770010204187578262e-01
8.925969135766861906e-02
1.842718135418961733e-01
1.933856680370195924e-01
-3.295081319868574388e-02
3.014176931458231734e-01
2.506813302166401372e-02
-2.081409055843476685e-01
-1.744364603807889783e-02
-2.224317022272882249e-01
2.858299044653903054e-01
-1.232557067424834979e-01
1.272154030460322105e-01
-1.035316941222621523e-01
-1.048484678385277757e-01
-1.916024389393398142e-01
-1.150766261372492549e-01
3.040331224150499279e-01
-3.772666567349370337e-01
1.386330580224617581e-01
1.219224296805774925e-02
3.362780115762348254e-01
-1.037172083836199014e-02
2.081637457774860034e-01
-1.408870319968634210e-01
-2.795284372436945743e-03
-1.518644483857600758e-02
2.088035704749870436e-01
1.674258768976155387e-01
-2.346914831031501614e-01
-1.467694042819601696e-01
-3.781208024379094368e-02
5.426833075843605358e-02
-2.108067488353490213e-02
1.424308355713158891e-01
5.112705750258306897e-02
4.618244478560227240e-01
1.389154864079652218e-01
1.094386263528619729e-01
8.673862983124715209e-02
-1.796326729464038929e-01
9.215206412975460171e-02
-4.706822785751934440e-02
-5.963337711784338219e-02
1.157528685401317120e-01
2.372895823978743712e-01
1.691785105939820066e-01
4.345952578029867452e-01
-9.929251547376702347e-02
3.593126893585044668e-01
1.910971648203050599e-01
-1.171967379162310308e-01
-1.099184651997590773e-01
9.455870684595943376e-02
5.579954462108795837e-02
2.824602879253741428e-01
-2.162439362280412641e-03
7.183183648440261138e-02
-6.732755942490659118e-02
-3.096101136476483440e-01
-2.306397582872751484e-01
4.897447452722326205e-02
-2.588131075996911372e-04
-3.370868780904549000e-01
2.627972276200296053e-01
-1.657925274159957052e-01
2.074276766700172969e-01
-1.015360829241309382e-01
2.643417940472762573e-01
1.800497643841977857e-01
1.223345230328574812e-01
-1.627753728785149845e-01
3.373311239351564628e-02
9.429545332913508160e-02
-1.206534613271476597e-01
3.955855315789117976e-01
-2.600682993082104044e-01
4.047678544674007672e-02
1.864673289605011525e-02
-2.485162188951425266e-01
1.146648317663976208e-01
1.274933470173539585e-01
-5.019676954089348150e-03
1.356819025831116909e-01
1.699980339159282150e-01
4.963717551676376516e-01
-4.225721275067278321e-02
1.599977666199578485e-02
6.406972217511806844e-02
-7.515926925186512675e-02
1.308316053032626269e-01
-1.139998847543051419e-01
-2.533419688975085959e-01
7.304915123360318507e-02
1.546641362656041574e-01
2.822295618418560470e-01
-8.577729505894599038e-02
4.238839185722786951e-02
2.063783714961035520e-01
-5.644355988019027909e-02
-1.878952522071052622e-01
5.331965373076996695e-02
-1.160789946079034685e-01
-1.509495072827408413e-01
1.233928650679367300e-01
-6.992924247115406278e-02
-5.081103231039481305e-02
-7.181463808870616750e-02
1.663380650715135523e-01
-2.357879943689775992e-01
-1.438815721609355558e-01
-1.474602002016058289e-01
-1.677504519237587866e-01
-2.746697242705928299e-01
4.015114104721834859e-02
2.782777458883103350e-01
-1.857639363054769052e-02
-6.268269775419582635e-01
2.521090557220763695e-01
2.342024504802737161e-01
2.565307538937294796e-01
1.682804791629429197e-01
4.261635115837383858e-01
1.236982334523988453e-01
-1.160266854958238308e-01
1.966715165329306902e-01
2.366683819958864954e-01
2.936465537712955043e-01
-5.576960047085854910e-02
3.025600049373144973e-02
-3.129569376938747677e-02
-1.874556058911089340e-02
1.919256125295925874e-01
1.320877078891956324e-01
-1.828699656646086413e-01
3.261199761329309360e-02
8.832875063086108314e-02
1.204439237172376942e-01
2.055908812711935985e-01
6.034826963726193094e-01
1.000000000000000000e+00
4.598486301325710457e-01
4.598280729329834449e-01
2.576934329684238412e-01
5.666682748016199644e-01
4.055775913852951442e-01
1.384842351117602510e-01
1.272848978857882563e-01
-1.975031425394669360e-01
-3.678415223128491535e-02
4.033322247103454661e-02
-9.198841382682149126e-02
7.760400498481026532e-02
1.026552330272770402e-01
2.471932654762566961e-01
1.605001904534256174e-01
1.594270010490027312e-01
-1.272207580405924736e-03
-7.260207207670403562e-02
2.244197395960007557e-01
5.208099482170003465e-03
-6.408609612216395468e-02
2.766764984086264589e-01
4.101401441077489052e-01
-9.085504762833604420e-02
-2.365303238798886487e-01
-6.003924937882277463e-02
-1.693668393968142047e-02
-3.075881229458451993e-01
1.854668631350668284e-01
4.266240198756626745e-02
3.300539339021328900e-01
-1.522374624590838166e-01
-7.492000064345163968e-02
-2.948362953737153069e-01
6.520425755278611013e-02
6.783702946450312354e-02
-3.603525513448805340e-01
4.066236261216542996e-02
-2.145736573376474388e-01
3.101559887246386760e-01
-2.787035440748730220e-01
-1.836726965606946468e-02
-5.518645682579471218e-02
2.994310184874268352e-02
-2.952638012095254970e-03
6.139395919703110466e-02
-3.333723742494195674e-01
-3.432232983204742127e-01
-1.023911677298059569e-01
1.606767307577016690e-01
4.579525734469290163e-03
-2.967026285963962340e-01
-9.763467546726755514e-03
-1.036509792091064169e-01
-1.447763890348935101e-01
1.128840102885672950e-02
5.242489309370790967e-02
-2.432374231849830648e-01
-1.231448163189918649e-01
-1.030957661093430122e-01
-7.393840252411090774e-02
-1.058946028963662078e-01
-2.536704782802130798e-02
1.001279110974132441e-01
1.036567252991990595e-01
2.443322065172885693e-01
-7.515787512505042733e-02
2.823946380446059057e-01
1.696287475553751381e-02
-1.129403173031312130e-01
-1.099073711647725604e-01
8.861068468009447585e-02
2.017785375375399926e-01
3.290185558142148109e-02
-4.316050411670785403e-02
2.365668214140107806e-01
1.173378418785900462e-01
3.145381474870286020e-02
-3.535865451028079032e-01
-1.590876304036137057e-01
-2.323226721962372565e-01
-3.683850675690539811e-01
-1.116155634310585093e-01
3.118439049758649495e-01
-1.632878525046401741e-01
-2.115120051331740858e-01
-5.059292771166315483e-02
-2.588954704300961973e-01
3.158298556412413860e-01
3.527471194471070159e-01
-1.599749170170449708e-01
1.342456750692817835e-01
-8.366104908816168750e-02
1.577626434027354918e-01
1.843101750751768297e-01
2.436023978132459689e-01
-2.330430621766522159e-01
1.345225060983492316e-01
4.049580340060537909e-02
2.678959990801938473e-01
1.647087863686113041e-01
4.860290568881079493e-02
1.049634172448631747e-01
2.752865889920556031e-01
1.004159930762810182e-01
2.323140565564240506e-02
-1.530398000533211844e-01
-1.523513393928371817e-02
1.758188026350480382e-01
-2.561118271306241784e-02
-4.308281596941884728e-02
-7.896740665677484672e-03
-1.767647231820705656e-01
-2.703564538943519779e-01
-1.247744886802462649e-01
-8.772673327874191962e-02
2.538892294044812689e-02
-2.023916652869762467e-01
5.824039008194177580e-02
-3.622327877053546086e-01
-1.562854103487730795e-01
-2.096161340866521117e-01
3.159877185122309667e-02
4.080203697502395865e-01
-7.459329643948135052e-03
-6.618642312320123858e-03
-2.498266210321606340e-03
7.725503872390017401e-02
-1.169370127861154851e-01
2.358047102243101822e-01
1.876793003780779026e-02
9.727721509359081586e-02
-1.075455517411265938e-01
3.186629396139194492e-01
-3.869430740837080385e-01
-6.544973850888702316e-02
-2.517166004437934035e-01
-6.920551366392756198e-02
2.194648358878986127e-01
-4.227918578469646027e-01
1.703414826491267686e-01
2.834606939460253966e-02
-1.452283100045101971e-01
2.009627349048674905e-01
-3.699150560156111989e-01
2.919090604247068788e-01
-9.079173639044232252e-05
-1.710988364212748525e-01
1.720213062707380836e-01
-1.735496956199119034e-01
-4.112302462364773592e-01
-6.653550495709041612e-02
-4.249468798586075180e-01
-1.488994173249010289e-01
-1.597768752816308424e-01
3.418536866130151772e-04
-6.153171984573190673e-02
2.374572930384651059e-02
-1.001995452791628639e-02
-2.457257323304661012e-01
-2.004483069639964032e-01
-1.987550745408782349e-01
7.128977459344673639e-02
-1.169866579142961049e-01
1.780777798238277476e-01
1.736978597190167676e-03
5.200638370334530469e-01
4.810737504683988697e-02
-1.350276885927370329e-01
-1.181267546407662556e-03
-9.701745370365899568e-02
1.411439488962537570e-01
1.013495533459817105e-01
-2.615420330057983689e-01
-5.566214868239697244e-01
8.047286943476558013e-03
3.905323943198230618e-01
-1.551866169615087332e-01
-2.279723512231953027e-03
-1.087640238736035381e-01
-3.392414384108949910e-01
2.960294750136600178e-02
-5.007876510122860614e-01
1.026371266598625764e-01
7.754478421820440448e-02
-5.914397081367821218e-02
8.451541822468355836e-02
-3.423779460680382858e-01
-1.473744638656914463e-01
1.425486050042502895e-01
2.210752889394680398e-01
-1.909330143392631157e-02
-2.089530319687523952e-01
5.167423708168848995e-01
-2.627827820902277067e-01
-5.247727257802149194e-03
1.365673805621989145e-01
-1.077595419922324355e-01
1.020851843540924453e-01
-4.270274904710059244e-02
-9.565939687748194198e-02
3.611537233747005859e-01
8.098510921818130592e-02
3.457059012504299367e-01
3.293178706364705000e-02
-1.001380010492043671e-01
9.481328451488696407e-02
1.233790861998901728e-01
5.422408163088798805e-02
2.586229587192232504e-01
-1.188749869043851937e-01
1.644713055453808359e-01
1.075774700249878396e-02
9.058197939010009109e-03
-1.826893110127068010e-01
8.425521639589707637e-03
-1.476164350572682811e-02
-7.710498678237116821e-02
2.962196105801528367e-01
4.638594268976710400e-02
-7.542677043930046121e-02
-2.201538077625449508e-01
-1.701525866339532733e-01
1.150031892753364676e-01
2.356960574812657916e-01
-6.943124920108760534e-02
9.341910383586030098e-02
5.238990200881473713e-01
2.239926084892603433e-02
-3.679216589061148346e-01
2.467166965512552212e-01
1.568570254742414627e-01
-2.404321454878912967e-01
2.578077066597329048e-01
2.586878625127149792e-02
8.425626725957879870e-02
1.137616084331646293e-01
2.084257530290384575e-01
2.789182186254305848e-02
1.321166506988810663e-01
-6.294534478207565453e-02
-1.984277934291809459e-02
-2.166533622054337693e-01
1.819083097536203231e-01
1.878120709960309775e-01
-7.388763265776976397e-02
5.302417996308279591e-01
6.333971211527200662e-02
7.401076631835090680e-02
-7.610122418490225527e-02
3.826518711224264901e-01
-4.951160544212139802e-01
-2.019070069439216422e-02
-8.582243218113246030e-02
3.745052617135864459e-01
-5.094399558740010658e-02
-1.970629432641081702e-01
