5.572348968054178370e-02
-2.203693966217344369e-01
-3.628710064719219974e-01
-7.684124021732800791e-02
-2.464655355180979945e-01
2.771199230704443073e-01
3.393401404436242191e-02
3.304742617869584342e-01
-7.166210553642511638e-02
-1.605767191647856640e-01
7.834398744503850986e-02
2.546838294456513774e-01
2.676879675169437922e-01
3.607064214208564878e-02
-5.249127076520099938e-02
1.422830622568740655e-01
-1.375131816166780263e-01
6.180552979128888236e-01
1.117899210377673869e-01
2.093545344350042359e-02
-8.657824487615679854e-02
-1.205185727797996875e-01
4.007037909775694184e-01
6.514946569050951083e-03
-9.100556465351260227e-02
-2.733008965460403256e-02
-7.046414968757309938e-02
-1.624119895171691197e-01
-2.207474506284230475e-01
-1.908369685470457169e-02
3.800803135082464479e-02
-4.310944462137889510e-01
-1.047157174683414904e-01
3.618945875502555670e-02
-3.614558527200170679e-01
-6.888196671757350620e-01
3.934396632639028391e-02
-2.443084720975697288e-01
-1.314665165809603131e-01
5.760582145042014018e-02
-3.584387109739772814e-01
3.904989949994003839e-01
-7.158073166344704544e-03
7.562202422406646973e-02
4.394105427847516676e-01
-3.130260140609939651e-02
-2.988013468048969501e-01
-1.716044719405800389e-01
3.167226712312972148e-01
2.424568942182057651e-01
-4.197238565102753491e-03
3.340792611712374294e-01
-6.618779233045449240e-02
-9.357964351282541116e-02
-1.456723018610713849e-01
1.630086410113150419e-02
3.102546398891856128e-01
1.566429573251704177e-01
4.714237827679692433e-02
1.210932009496582806e-01
6.226395882887902217e-02
-1.054439958873894939e-01
-2.556460180835609598e-04
-1.232852921514500724e-02
-3.142155949186253294e-01
-4.562586938314168172e-01
-3.559846406757404824e-01
-1.564253345377629445e-01
-2.957761512796903691e-01
7.774690718263431444e-02
3.742269622755394626e-02
-8.926616462782066552e-02
6.876407085267168817e-01
2.225472624916431663e-01
3.576995545595754167e-02
-1.547694926044943797e-01
7.819057181918095956e-02
-7.418665822107561869e-02
-5.592899918317415509e-01
-2.739891404007003262e-01
3.185022823950003912e-01
-8.823095099304627265e-02
-1.214658774545413766e-01
1.181014471439182645e-01
5.050347503400894056e-03
3.053880063428924818e-01
-1.663827053390719984e-02
-9.025742955838508830e-02
1.610195589797278337e-01
1.600214784243866595e-01
1.745539862869993075e-01
-3.042360044164439392e-01
-4.684404653033784061e-01
1.955081235818932339e-01
-2.169388614875505106e-01
6.746848145010354847e-02
3.721975442703408937e-02
1.583266635074751238e-01
-5.328714581173696896e-01
-3.077766197736421794e-01
2.975531092691263146e-01
7.400087371615789167e-02
5.645382747400982115e-01
6.907475875854082181e-01
-5.158991245075280618e-01
-3.280377256185013635e-01
1.183885718897972616e-01
3.808579299766550741e-01
1.629606626515714141e-01
-3.483266357230026256e-02
6.127952107470411441e-02
2.799552062948867381e-01
2.804384687680559485e-01
2.451108513615223861e-01
-1.280452733802895093e-01
4.212230600150829868e-02
1.313154488360239285e-02
-2.342279893418539038e-01
-2.942916839863699008e-01
5.777856004046068028e-01
-2.731036510317949029e-01
-3.324240916577370086e-02
1.196545915741276528e-01
3.560724789658685496e-02
-2.692189904825093016e-01
1.059735180595651610e-01
3.311271398568049751e-01
-1.645454586953753184e-01
-4.194716050134238150e-03
-1.217016014668851343e-01
1.443065205214141000e-01
3.380307225356625651e-03
1.825535116852630979e-01
3.536733830139823231e-01
3.285035463743769535e-01
-1.128531411324236594e-01
7.386785875846416105e-02
8.219283393017626227e-02
1.777994808769747248e-01
-7.833054461251906520e-02
2.732545289990093718e-01
-9.683309946945965752e-02
-1.678305164672882765e-01
-3.989297008871615924e-02
3.884985638820039888e-01
2.225423560804024870e-01
-5.201040373985105908e-02
-4.978463904042901289e-01
3.833048392661212583e-02
7.754028557369489760e-02
1.353844419841817581e-01
1.392301179982554094e-01
-1.169822043261556366e-01
1.624050316815466577e-01
-2.858998600304096804e-01
-4.094967112310364810e-01
4.788518330921272548e-01
8.863675014104134553e-02
2.495753273214274814e-01
8.975611206651173957e-02
8.491359365146512739e-02
1.090865878900975500e-01
-4.603122180572291056e-01
9.931925422508708357e-02
-2.594819511690173441e-01
-4.959900598761001755e-01
-2.358837966204374026e-01
-1.509522248314754678e-01
1.951777442941100837e-01
-5.655612028358261156e-01
2.485320830106023116e-01
1.935825488216577905e-01
-5.633825005927658447e-01
-1.160274245189726466e-01
-2.829947077209860051e-01
-4.249202397267528020e-01
-2.881299052492259927e-01
2.628016159132675056e-01
2.645898710544101196e-01
1.504359235829565850e-02
-1.541692187678881387e-01
3.735310815665381923e-01
7.563301689931062333e-01
2.012039855585698311e-01
-7.765172305880710391e-02
-1.200568682682234545e-01
-3.193923329889401808e-02
-1.061109567863657704e-01
2.990258429748822722e-01
-1.115048015100599532e-01
3.806550228308202555e-01
2.610084197062210731e-01
-1.748461365518267641e-01
-8.281352357857708901e-02
-3.752551283832086804e-02
-2.265206094533679659e-02
1.786119653444979138e-01
-5.142996347625206771e-02
-2.568768953474272476e-01
-4.541804646092655919e-03
-5.674027321066080209e-02
-1.995122869470049853e-01
3.415317891881814588e-02
-1.064085769654629782e-01
-1.990265481650994039e-01
3.312367107424638579e-01
-8.499592873317299291e-02
-3.187294584344745330e-01
-1.309503563803650072e-01
-8.699085168948712810e-02
-2.798463678183462089e-01
3.933077098869540711e-01
5.636219250872865488e-02
-2.040825384685691080e-01
-2.287350807172661149e-01
2.174560829769832115e-01
2.586762787341871928e-01
-3.329989670711672178e-02
1.152941552356831212e-01
6.296636307338787653e-02
1.703884841761618141e-01
7.784105312074016125e-02
-1.900691764526217242e-01
1.542032355419746537e-01
1.176058955395531957e-01
1.415555126548388165e-01
8.863988595742042231e-02
-9.684418510097235477e-02
-3.755353000484929482e-01
2.669759710924672971e-02
-4.572237946355801885e-02
2.121736259400416602e-01
-2.843924811055258406e-01
-4.453873654306879093e-01
-4.133844151842150372e-01
5.560297178211032892e-02
1.589572779018320059e-01
2.386238319419625026e-02
-5.769254205444426103e-02
2.818184102056545126e-01
1.852501909299904825e-01
-6.394386056492973661e-03
-2.862505002048257308e-02
2.978947590133944612e-01
1.870539172249401638e-01
7.254498793731735395e-02
-4.299853013212219521e-02
-4.210924649689686272e-01
7.081271584662818253e-01
1.000000000000000000e+00
8.215699433630850868e-01
2.304447729975846459e-01
-2.327513089790420389e-02
2.282409150082197191e-02
-1.529489530373362438e-01
2.943382798434265868e-02
2.229875488231573138e-02
8.565900353555758739e-01
1.200346010006282244e-01
3.628232588515627466e-01
7.022397880302830298e-02
-2.545416070074453252e-01
5.226591834146537829e-01
2.268150567322394784e-01
4.184503533367568973e-01
7.993213434881210055e-01
2.866250567987521647e-01
1.299566346520965587e-01
5.345708640553709784e-02
-8.007416843867105893e-02
-3.044611290315143992e-01
2.169140717049867495e-01
-2.594070139509392359e-01
8.946226410832024134e-02
2.364338927341801677e-01
-1.469858229908820590e-01
-3.709479684059088095e-02
-3.651640127384566670e-01
5.800755056036987350e-02
-2.400703473555343137e-01
-1.796514756812080393e-01
1.224246811876356263e-02
4.420330482830768237e-01
4.968322218016257286e-01
-2.507039616694224371e-01
4.734036135403530965e-01
1.579140566941228951e-01
3.095648482195631490e-01
-2.239760510852509268e-01
-1.895747359354755801e-01
1.148895213405805860e-01
3.107731147708905559e-02
-2.061832254349514060e-01
-1.307157896614722925e-01
-7.380041181650193183e-02
9.630838411180546454e-02
-1.998296598381704148e-01
-4.590987217452218716e-01
-5.510232098211273466e-02
1.040139691393916210e-01
3.448613847939280275e-02
1.147032772966670167e-01
1.802480661172672360e-01
-6.540674795633190375e-02
2.634291291459303630e-01
-7.191747829676008175e-02
4.539201968678533566e-02
1.517207685542082962e-01
-3.797219777566629428e-02
1.593346724949540674e-02
1.176065665987648529e-01
1.996459924749208470e-01
-1.772957866730841825e-01
2.508253434114793290e-01
-2.144326962934288427e-01
4.735477373268612289e-02
1.090668813842833457e-01
3.524904005331508938e-01
-5.165746947292587654e-01
3.412417238396300845e-01
-2.057840997009311446e-01
1.468355626924140733e-01
5.850878359917668220e-02
-2.007250082357673882e-01
-4.484372431822975513e-01
2.705326581905015959e-01
-4.014197607544110480e-01
8.196338164475437671e-03
-2.441127628467178456e-01
-1.336456588520059663e-01
3.432069541942672775e-01
-1.648775969322435753e-02
2.977933343193885363e-01
-6.847238262217905103e-01
1.594313177508143164e-01
-1.038232623043721381e-01
-1.433362616009825619e-01
-2.188247344471301870e-01
2.400166284429695041e-01
-4.354745544033845617e-01
4.422812115968817737e-01
1.135771344010830103e-01
-1.376738644468885886e-01
4.344432133614434810e-01
-4.601622742174953096e-02
-1.017299465063541547e-01
-3.021215013754702250e-01
-4.684723799851980841e-02
3.384442678569485885e-01
-6.039473073167237471e-01
-1.466108008365393234e-01
2.744824316779568077e-02
1.627102078540023367e-01
-3.074856419459403578e-01
1.444545435018134705e-01
-1.121927763785887100e-01
-1.248652508014757717e-01
-1.584421976316686617e-02
-1.032909366934345492e-02
-2.825540287305092768e-01
-2.701377251943400393e-01
-2.140100456264346918e-01
-3.995176300662323654e-01
1.000136393450922340e-01
3.366011517475846204e-02
4.401899783799669008e-02
-4.825384271895543087e-01
1.978930420605706786e-01
-3.107902790623326070e-02
-2.572765188672558878e-01
2.052917149755245918e-01
9.115899979038062650e-02
1.145678091333529325e-01
1.633593137029431819e-01
7.260357688771973406e-01
1.913309571928393793e-01
5.245991066899083899e-01
-4.066941524606387248e-01
2.563139011684358870e-01
-1.074368710114055186e-01
-2.562283103874108403e-01
-1.591991038656143387e-01
1.812830015400542991e-02
-2.205665530237355398e-01
2.855837332530758443e-01
3.593699622561027374e-01
7.353077936148455507e-02
2.626383874649723671e-01
2.334947893679344411e-01
2.477451366536660704e-01
1.262997598515900322e-01
-1.941040937082697537e-01
-3.222498127168656884e-02
6.820226705561726645e-03
-8.174168620172492239e-02
1.272935126424379337e-01
-3.152638390276844144e-02
-3.792410299644501381e-01
-2.876551712378940251e-01
8.197642260191533026e-02
-1.855380144047879404e-02
2.144768031274113251e-01
-4.843683289740369907e-02
2.355942959377715362e-01
-1.552438916205668429e-01
-5.125049705326485405e-01
3.444103248170988368e-02
-4.449215074025944516e-02
6.459942044226424374e-02
7.488776296128769883e-02
3.108105134419837379e-01
-1.194713714230965645e-01
-4.309871668118941956e-01
-1.982857495836730655e-01
-2.391037415482568929e-01
-2.970629885570319484e-01
-3.073723681487239290e-01
-1.215331200605427736e-01
5.149133516197548083e-02
2.927516232215898184e-01
-4.117315588970383300e-01
1.149929361090835100e-01
-5.164515975326085945e-02
1.079766680684494107e-01
-2.679070089163339552e-01
-2.335879906014758367e-01
-1.857135079066777328e-01
-7.986826095973328377e-01
-3.130477485963196194e-01
-2.411190767242819000e-01
1.427028427933785815e-01
-3.370394398569641625e-01
-6.281339106764320668e-02
-2.589490239024676010e-01
-5.874649940470269005e-01
6.061577810563165691e-01
-6.077453095864427529e-02
-1.191570188327080448e-01
-3.711134191228274148e-01
-9.941505883453602421e-02
-1.274300146241374998e-01
1.083046288053191586e-01
3.080576184905033099e-02
5.755347135152218130e-02
-2.242884367042804195e-01
-9.598643291393195442e-02
5.741610552617532059e-02
6.682269624251403750e-02
-1.107589819763853990e-02
-5.571481464052288612e-02
-8.469381906772632806e-02
-4.698887950888605003e-01
6.992089666910283885e-02
-5.599072994888844024e-01
2.608167599137332648e-01
1.208545952552777664e-01
-2.807527209864949524e-01
-1.380370143949266604e-01
-4.907247406237721377e-01
-8.432997495736054006e-02
5.977302113709839076e-02
1.842597809090372463e-02
1.703589301932031119e-01
1.529132393451159977e-01
8.299743789193589349e-02
5.668570385968771941e-01
1.522115523660728109e-01
5.261010688917327344e-02
-1.563638321927408592e-01
-3.318782295354448797e-01
-3.290553856124855403e-01
1.753196403682319993e-01
-2.293796855282885239e-01
-4.069531829008937729e-02
-1.418274260166679096e-02
-1.967511543658487239e-01
1.503511010269051491e-02
1.026119372997066626e-01
1.472063032885175538e-01
2.444118601708510086e-01
-9.792997823980501004e-02
1.024405395566425070e-01
9.330682903519685323e-02
2.572786324168184757e-01
2.059266455828276943e-01
2.147571584547456891e-01
2.618909696352667571e-01
2.042256398940532347e-01
2.188286879008806418e-01
2.340430838242361644e-01
-1.601457605842823151e-01
4.792313447328413467e-01
4.531664244069994602e-02
1.766518724322838907e-01
-1.458211586912094015e-01
-6.605077412062879127e-02
-2.838775013014976922e-01
1.353790839934086165e-01
1.544614311578745014e-01
-5.099136901608965211e-03
-3.667636997405676613e-02
-8.747579234503179146e-02
-2.795671235782088426e-01
-3.423466137749938687e-01
1.451575610477109923e-01
5.092892322183710518e-02
3.506787475262055365e-01
5.945500028985928331e-02
4.543517224492619189e-01
1.698410456040221062e-01
1.625061087600533083e-01
4.435980649196127890e-01
