-2.360859702046526343e-01
-2.719076165410293511e-01
-3.467042764918874809e-02
3.161464936112008683e-02
-1.356371532252872159e-01
5.911163342871708984e-03
2.360301121245683975e-01
-1.918021650150116830e-01
1.196691202862016773e-01
-1.206947268046969640e-01
-9.490357395495498116e-02
-4.163696186057306847e-01
-1.012463044929746980e-01
-2.121555488727665771e-03
-5.060023318551067767e-02
2.686468003484945299e-01
-1.884322674859537083e-02
-2.520959805567964951e-01
-1.533357197509591097e-01
-4.285189100311062038e-01
1.163820524554997210e-01
-4.063386523367181757e-01
2.368526276544019593e-01
-1.654726224239511101e-01
1.048052134310807106e-02
1.156509180258701378e-02
1.909701532134344959e-01
-2.295223321660145865e-01
-1.910741479558662748e-01
-1.692915152598898840e-02
-7.040346158923635467e-02
-1.054961315287671897e-01
-5.880765530356691501e-02
6.864974948616052730e-01
2.398762084353802948e-01
-4.625651731633762843e-03
-4.690210979508925848e-01
1.087123897022849589e-01
3.813049338398587507e-01
2.604003070708049705e-01
6.014384582265628297e-03
4.555123478420616268e-01
2.412915954527518614e-01
2.098438074973172363e-01
-2.867623899029909662e-01
-4.349327866884213772e-02
2.333802150931897079e-01
-8.537718196550973804e-02
-4.030554080837667197e-01
4.564560442497266335e-01
-7.663470712861597534e-02
-1.484263358688283352e-01
-8.550026774582385192e-02
6.585349604232246246e-02
2.140769494205712886e-01
-2.651696041770512657e-01
1.629736387523662289e-01
6.995593257541157794e-02
-1.796630560241501418e-01
1.717311746355434238e-02
1.644239375843160531e-02
-2.393800410415134472e-01
-8.648970935813751759e-02
-3.590928949397380610e-01
3.303383584574386411e-01
-9.845159355639414300e-02
-9.411018041506567441e-03
-2.658659163958100244e-02
1.837949917744831699e-02
4.417415145630486095e-01
-2.890025882113900560e-02
1.284353995173503349e-01
2.268526126070641302e-01
4.565570453984126309e-01
-9.453583817746856119e-03
-4.143945727317188132e-01
-1.621133121212332551e-01
6.809139858952760471e-02
-7.506844876477239414e-02
-1.563003242262857653e-02
-1.483269244342932947e-01
-5.494107784816944923e-02
-1.257392975769768551e-01
5.169323946598017999e-02
3.464338017775032141e-01
1.351146613206042346e-01
1.429579648064126414e-02
-3.868216397637395665e-01
-4.083117802488259174e-02
5.015333454821625098e-02
1.989628277748883844e-01
2.339926489928441378e-02
-9.025133203862267806e-02
-2.062317947154366782e-01
-1.794329391995033718e-01
-6.935210376070834182e-02
-2.895261633906819343e-01
1.724858946811244353e-01
1.252936459199048003e-01
4.977130754571957860e-01
-4.048186257327128224e-01
4.013346130845800164e-01
2.187099847181904755e-01
-2.060848907679760644e-01
-3.678336362411667171e-01
-5.747725601738835205e-02
1.972553663981140293e-01
-2.110374845757690965e-01
1.713303287298519606e-01
1.186564633376217814e-01
1.247152256813056914e-01
1.288586382764841665e-01
1.111184653121925492e-01
-1.313251085578668598e-01
3.272064445605252225e-01
-1.255182324822059492e-01
2.218350249437111427e-02
1.156336705273263571e-01
-8.251386699483448384e-02
-2.308980451929791011e-01
-1.720814028363842063e-01
-5.070143324689093539e-02
-3.178944704717055481e-01
-1.982225926355170309e-01
-2.396116175319151775e-01
-2.105400708964866030e-01
-4.112104384978622629e-01
6.217936882631337064e-02
-6.880943143207322865e-02
5.392128853978819802e-02
9.409185815816070719e-02
-7.105163033943326378e-02
2.094400993880194024e-03
-1.966892041686691683e-01
1.400604097164175887e-01
4.865073970886388266e-02
8.621986414643047214e-02
-2.215242718583093628e-01
-4.848703367852717078e-02
3.865743381932533196e-01
6.004030780760734320e-03
-3.469723759638710381e-01
-1.519800839504474033e-01
-2.229855616744821634e-01
2.566564385991185106e-03
4.427093305532469603e-01
-8.313453782142200821e-02
8.037597940777149730e-02
4.966340483380674575e-01
-6.873892249549584665e-02
3.900856505471079205e-01
7.242652015120069724e-03
-2.955487325877274585e-01
3.030911630958948305e-02
-3.730161839001532031e-02
-3.895419019104346403e-01
4.083115117398595367e-02
-1.476967566411554744e-01
3.128859359467182633e-01
-2.968469007468984081e-02
1.094622924804174585e-01
-2.258042759179586245e-01
5.668662419598002877e-02
2.246138807706343776e-01
6.247920661682797305e-02
1.803143498061021699e-01
-1.098414439185451535e-01
-1.005165814440408673e-01
-1.753384650101937059e-01
-1.108972694742189763e-01
-1.357056547566626858e-01
1.586489788741913820e-01
5.529696024818438194e-02
-1.708661407595786774e-01
-5.616130798020194104e-02
2.092915555649951520e-01
6.752533955760871287e-02
6.145593576984475365e-02
-9.403218888355091565e-02
3.089399278733434007e-01
-1.051347064831284622e-01
2.185004790865784918e-01
1.556066504840659948e-01
-9.791450588667796606e-02
-2.699189487072499172e-01
-1.546495165616826595e-01
5.074855617493800181e-02
2.876641378328877452e-01
-4.964458178982541180e-03
-9.482326663644040365e-02
-1.986898568366461115e-01
1.197781725085746152e-01
1.518085056957989287e-01
-1.854501999082666316e-02
-1.993186200554622756e-01
3.620629264612476028e-01
1.908875156213720170e-01
-5.208882431333877218e-03
-2.804474334591374601e-02
3.637140011893464919e-01
-4.337103595061763545e-02
1.956932582722644559e-02
-3.150182939662689585e-01
-1.164740287252331308e-01
7.996906925438253266e-02
1.717969074630173731e-01
6.268454593668103259e-02
-2.806079096541265194e-01
-3.304355514073323979e-02
-2.423401434377766006e-01
5.261064339126699796e-01
3.039026752954742117e-01
8.152739282015003530e-02
-9.472941231517420513e-02
8.143813627450548209e-02
-5.306893795393929913e-01
-2.803663496419316892e-01
5.004299454899232558e-01
7.113256872928488961e-02
2.756158475561982235e-01
3.599538106288597272e-01
-2.318338343482713448e-01
2.454970520117738184e-02
-1.154298039512599294e-01
-5.987926172553865306e-02
5.365349135704469696e-02
4.786281383870605310e-02
-1.187243337976868068e-01
-3.823653977948625604e-01
-1.122742432542442048e-01
3.143252849525238757e-01
4.419490165814626836e-02
-5.973600998886423319e-02
9.823571599001361399e-02
-7.017358729659237127e-03
-3.746459084632235842e-02
8.654541123365601385e-02
2.104982386943026196e-01
-2.936362678802890720e-03
2.763741992333263453e-01
1.154187516037863404e-01
-2.050850640165299832e-02
1.839104509784821595e-01
6.315590758527074577e-02
-6.931943277640688350e-02
2.173237740684867692e-01
-1.380825539989024298e-01
-2.207445072445986256e-01
-2.590889836601102392e-01
7.157868009070311732e-02
1.312529417376735730e-01
-1.057804837756265298e-01
2.902877976937709992e-01
3.717312956614415298e-01
1.000000000000000000e+00
6.953289997857726723e-01
8.392643567121436110e-01
8.406776812329598281e-01
2.452808884087782637e-01
1.267132742060511907e-01
1.634319261806619905e-01
-1.170282704978082428e-02
2.547434455067413284e-01
3.270318575496525826e-01
-1.232700449977675861e-01
2.438464385940344037e-01
2.600322553915166979e-01
-7.243275665829917997e-02
-2.377763563236208189e-01
-3.394417236785292058e-01
1.731341383883372442e-01
-2.958289716331688208e-03
6.035370708734181383e-02
-3.401474947200763127e-02
-3.109917934345236556e-01
7.670755312626559297e-02
2.611511278680695991e-01
-2.240987607622086097e-01
-3.971950746718277969e-02
4.814184152349162277e-02
1.909408528901149205e-01
-9.079597813401216189e-02
9.078171881242684538e-02
-1.947929585361043159e-01
1.137697156188097192e-02
-3.983307871618404356e-03
3.323374963682805827e-01
6.638086028706409458e-02
-4.385728315395397425e-01
3.515214860654437556e-01
-3.711174221407410601e-01
-2.117377711601632906e-01
-1.407971251918221575e-02
-1.825321821121153321e-01
1.247367686662843311e-01
2.887189765052110002e-01
1.435508706460014716e-01
-2.554868388192718665e-01
1.460431572137316052e-02
2.764194441098672406e-01
1.199522040999328049e-01
-5.266686587874165604e-02
-4.893826495011287525e-01
3.166347995952145666e-01
-9.230126584647686816e-02
4.143284358071721574e-01
-5.749971092870163891e-02
-2.848777725978300923e-01
-8.904215494892374350e-02
1.148122030650474967e-01
-2.836037324146502558e-01
-8.695616193089056659e-03
5.320530395626417164e-01
-6.342951519055073373e-02
-1.648375967583464441e-01
-1.833710675661822109e-01
1.435873927537301142e-01
1.123968905854347833e-01
-8.024758982350940761e-02
-6.803540907138072580e-02
-8.526101046144697604e-02
1.948928770862714543e-01
-3.250048308751268267e-01
-8.265051355076520612e-02
3.405542716315995144e-01
-4.746302995232097588e-02
1.934619218881346026e-01
2.843106447402573012e-01
2.240897295927220534e-01
1.694361930052349086e-01
-2.117273010831007829e-01
4.594581019113355147e-01
2.419283684266866352e-01
3.170826582649362568e-01
-2.423941799472949243e-01
2.355910374077565816e-01
2.336167657315892654e-01
-1.055734109202817184e-01
1.756739412226655805e-01
-8.909632150686465357e-02
-3.418956483082358222e-01
5.377241082565312191e-02
9.952465265886005497e-02
-1.392597455722902056e-01
-4.751766929266630635e-02
5.935424063464009997e-02
6.246851008134124417e-02
-2.368066354309663890e-01
-2.275246539209542784e-01
-2.851655643699163578e-01
-1.202256816567901926e-01
-1.205633298538241194e-01
2.100400124502110333e-01
-2.503518235003822021e-02
1.981656374892688532e-01
-1.635656328446135899e-01
1.756925174648217292e-01
2.951951420010721049e-03
-7.595077060287251658e-02
2.175390969101595184e-01
3.977431118925823378e-02
8.152076156441313533e-04
1.931202925191710107e-01
3.588391794211082675e-01
-7.129436887244204879e-01
-9.602414632847221243e-02
-1.936229688815696570e-01
7.731151129461132088e-02
-3.009275847839364831e-02
-4.565314907964732744e-02
-2.317812415269089946e-02
3.175064408753471012e-02
2.290299208752931970e-01
-7.644867083742441782e-02
-1.722965206726184695e-01
3.184932484760742092e-03
1.560466768584574948e-01
-2.814909919172328134e-01
2.164709261252447531e-02
-2.140714307263300725e-02
-1.622657119977052864e-01
2.000766908776193953e-01
-3.833420191909299723e-01
-6.753260964587354254e-02
-1.560049335838376294e-01
2.656775773580571931e-01
-2.054930612551686964e-01
3.353798131904080909e-02
-1.609861147013098570e-01
6.766773445932854070e-02
7.822899807745761769e-02
-1.347910873052997061e-01
1.700908231149145522e-01
-1.774039669987865497e-01
-7.711444051442474870e-03
-2.740754492955873589e-01
-5.654921042757205668e-02
-9.107728100093896717e-02
-8.980689302851868616e-02
-9.398953437740312222e-02
-3.197524130497108041e-01
3.443004561797952667e-01
3.483393476685782419e-02
5.187022402734912940e-02
6.850610801694369777e-03
-1.293267861634112281e-01
4.671926636013192663e-02
-4.616265009587322554e-02
-2.890064463014678786e-01
-3.702819150277235627e-01
-1.640850264480443049e-02
1.573720055866632273e-01
9.102625934033578559e-02
-3.994824726315797381e-02
1.082394719779918718e-01
1.404627695055506997e-01
3.851398057413727982e-01
-6.556972996764371953e-01
-9.070660531273012916e-02
5.051987976766135827e-03
-2.396285428756895763e-01
-1.411255678569648397e-01
-1.041424832678215784e-01
-8.683461456540463030e-02
-1.804455074182290120e-01
-2.129295853495075108e-01
3.415338322248127056e-01
9.247944299141494517e-02
9.941011828031402764e-02
-1.134670305540739915e-01
-5.024079567943804531e-02
1.178937188903371458e-01
-1.590761782447590589e-01
2.384857901553759374e-01
2.202882202362439756e-01
-3.237657644040930482e-01
1.047531305661852236e-02
3.601535377441171248e-01
-2.021462972989603313e-01
-4.350276954264822166e-02
1.748667949609296612e-01
4.265548688955720924e-01
6.112154195820847236e-02
3.040273039959309059e-02
-1.095553382705848344e-01
2.325258088696700864e-01
-1.849935963031968944e-01
-2.055567660982548783e-01
-1.968179434721739063e-01
-1.289534176020900313e-01
4.659235700201410507e-02
-2.458464458004252021e-02
-1.484766452105179546e-01
-2.998553440975572637e-01
-2.051902154032632652e-01
6.507960982285002083e-02
2.439097401364517803e-02
1.489512818049744947e-01
-1.071284387821098555e-01
-1.391193856214223978e-01
3.848485193526262615e-01
2.391054686234125176e-02
-4.145276221682700490e-01
3.907965846683529865e-01
-1.220257641474467719e-01
5.380588355347585422e-02
3.492936502946322741e-02
-8.673997227348213823e-02
1.253260904458352587e-01
1.186845784820942697e-02
-1.357724502982497194e-01
-3.492427858084541925e-01
-1.754265434399142065e-01
-6.591030736728308026e-02
2.364130388366174063e-01
-2.890663413396419301e-01
-1.895771041369586629e-01
-1.087911142919360252e-01
1.303195859761124495e-02
-1.754173341159123989e-01
-9.844775011300783973e-02
-2.018426497035602230e-01
-3.537001860276993148e-01
-3.827670516328523370e-02
7.360784130536169537e-04
2.751081825781300783e-01
-2.857122591890494667e-01
-4.793191141330434279e-02
-9.447379887932250142e-02
5.594331344311033807e-03
1.098576492634183582e-01
1.990483081541482846e-01
-3.496296738267970494e-01
1.290630794428409278e-01
-8.100536621554045580e-02
3.474290336717980598e-02
1.394850587233602557e-01
4.921173427560743274e-02
3.496340243858420682e-01
-6.930045261609138474e-02
2.787911763841857682e-01
5.577267944110653186e-02
2.980698221461630104e-01
-1.077931075049892856e-01
-1.070301442794011904e-01
2.211432767019031742e-01
-7.804610688134029639e-02
-5.661332859972244558e-01
2.343096377116243301e-01
1.008337415112018076e-01
4.968929718680809710e-02
2.608872573833662806e-02
