-2.608858976361216331e-01
2.116603497122676938e-02
2.565940753759292092e-01
3.951950762288353181e-01
1.757624903872526123e-02
2.360444652364600618e-02
2.013901033923124473e-01
-9.227998462608819064e-02
2.157040024251194177e-01
2.545712810337051324e-01
-1.464998552046391511e-01
2.540944345345998445e-01
1.000328425986690001e-01
5.500986659675198565e-02
-5.547487877596819078e-02
2.222141055645495689e-01
-2.993059845013780751e-01
-1.600791988434439594e-01
8.048378603615014004e-02
2.351212535749136745e-01
-2.666252063433539043e-01
-1.479498954972844338e-01
-3.115327739994463996e-01
6.115268312676869211e-02
-1.049274861393834496e-01
1.330387842221614769e-01
-4.218252196228581413e-02
-5.151658575953540868e-03
-6.659125091162036714e-02
-8.459157837978313610e-03
-2.840980244591260334e-02
-5.273509223292105474e-02
1.682355646387983239e-01
2.947127159513023842e-01
-3.091770301334603177e-01
-3.221153758513971566e-01
-2.172775121894045258e-01
3.261960866052446978e-02
-4.257371552904177792e-01
5.968899049489412995e-02
1.324483965540109408e-02
2.725989140542109945e-01
-8.996598707847501541e-02
-2.948389658002406599e-01
3.015616348954192616e-01
1.057598823690505258e-02
-2.423245121567282334e-01
-3.030642255533618629e-03
-1.953654620776398843e-02
-9.376671208171315219e-02
1.263149794594991548e-01
1.212231290557422292e-02
2.565277334571843815e-01
1.269243850224191228e-01
1.745994385503707447e-01
6.829065465030843309e-03
-1.328394759552671556e-01
-7.929710883415723791e-03
-3.094542754733249912e-01
1.688835414924284573e-01
7.582134690641118002e-02
-8.129313912507674100e-02
-2.859146342336177371e-01
-6.917825959403947622e-02
-9.715298600102423299e-02
-1.001021686630112068e-01
7.858999890452754433e-02
-7.117882623804461240e-02
4.377101805847660038e-02
3.489886853641041009e-01
2.224031402881762876e-01
6.292002952735502308e-02
-3.181727805990568481e-01
2.324461055754901140e-01
1.737435907047946149e-01
-9.074270126602820841e-02
-2.767485605390170300e-01
-2.936872502442355870e-01
2.536681974143709661e-01
-1.262490730315786180e-01
-8.379084236424505505e-02
6.931432967060727202e-02
-2.035001638175973626e-01
1.053376978273867504e-01
6.060129617545761960e-02
1.508238679891797662e-01
3.616332494551428162e-02
5.046708784271013853e-02
-1.978423744953440033e-01
9.887377716717764276e-03
-3.758631191962589178e-03
-1.669379662217124194e-01
4.381543780528675963e-02
4.602459344270024705e-02
-2.304723413187022632e-02
-4.486526438009847406e-01
9.177823180947258797e-02
3.427465044372635800e-02
1.091391764817258025e-01
-5.577715001619672902e-02
1.977986497343173500e-01
-7.501584375388728465e-02
8.097261714898029705e-02
2.494869518204945874e-02
1.927276436263898329e-01
4.798849074853950986e-02
-7.643897401847089823e-02
-2.475195732687142935e-01
-2.269579623212385489e-01
-9.507683755224201338e-02
-5.301045344505526252e-02
7.519199242334530242e-02
2.306073046263024950e-01
2.520796485357872443e-02
-6.001145007316254637e-02
6.741315113105524059e-02
-2.783051758837735631e-02
2.305000769891359658e-01
1.943901481167764900e-01
1.971899978224874173e-01
-3.265408086574752011e-01
8.622411827115077088e-02
-1.044663543553543961e-01
1.863992016274816643e-01
-6.593984697845207965e-02
-6.180654927700235390e-02
9.967361192421674010e-02
3.647363429589019213e-02
-5.508550706683555676e-02
-2.176039665548377411e-01
1.385303597468053038e-01
-7.399239958220749092e-02
2.074980812374413730e-01
3.804920124516814744e-02
-2.347068076818407123e-01
3.729637679604556610e-01
4.945485680885132462e-02
7.288221125598795536e-02
6.776909982895090723e-02
3.625605746830323772e-02
8.788466733456251623e-02
-1.792743690839249948e-01
1.581390491719851243e-01
2.945995150843173094e-01
8.251694130356311205e-03
3.620349410710639870e-01
-3.286225000360840642e-01
3.496272440835745954e-01
5.653615322122787501e-02
4.379665501141984107e-02
2.759203177073404900e-01
2.343596277295035835e-01
1.713877398899255611e-01
-2.237179711042267261e-01
1.035542242365569271e-01
4.872640211522728526e-01
1.098323445580808161e-01
-1.916454323828652717e-01
-1.661243306441396728e-01
1.641773649677140401e-01
3.717073105100883457e-02
1.611622885117662274e-01
3.061615003618634590e-01
2.944981180784587149e-01
-7.528377790848618523e-02
-9.375476311761597736e-02
2.179079028341875945e-01
-3.674246919762295116e-01
6.359911496452148871e-02
1.066714335246286283e-01
3.043524720091685121e-02
-3.149644352144235215e-01
-1.501389571115704091e-01
-4.662284453309480797e-02
-2.182531986587942507e-01
2.005648803558501281e-01
1.484418786221202435e-01
1.820689692622701888e-02
1.192725063896864640e-01
-1.973176811698794664e-01
3.393760309787752227e-01
-9.653435837688584265e-02
8.749744962982784757e-02
-5.623229517417885868e-03
-2.565644971102517546e-01
-9.485624612029500136e-02
-4.044377114009033852e-02
2.223257234015683231e-02
3.092556926509986148e-01
-1.316960658815951035e-01
2.746238624008329743e-01
1.953523273499293833e-01
-1.069910210970367315e-01
1.557025217472963463e-01
3.410970200303793942e-01
-2.613306120239440311e-01
-2.664905110999551408e-01
1.024987217573095771e-01
-8.168241920566927938e-02
-9.705372267027881361e-02
1.878873472612284101e-01
4.469197565733416533e-01
-9.080640540597431642e-02
2.743520886915505330e-01
-3.983915313146560999e-01
-1.548926214619182895e-01
-4.020382410317427935e-01
7.752190326345782811e-02
-6.827582017243050139e-02
-1.972349822623714263e-02
-7.244453639018537394e-03
1.245743425855894322e-02
2.881287012370705725e-01
-2.458395991378140716e-02
1.988430485290867689e-01
1.950633850978102934e-01
2.379017654130580472e-01
-2.046934092897493285e-01
-1.689784485308123696e-01
2.071049616021543582e-01
2.628157938413890338e-01
-1.947319856407265029e-02
-3.354614476964126041e-02
2.829531943948552786e-01
-1.372884852623925539e-02
-7.874184755232134514e-02
-1.188385794500709455e-02
-3.912752733677223732e-02
-2.000435098474130369e-01
-1.989923485221183064e-01
8.291922113830793584e-02
-4.966099146240979950e-02
-1.719362243766136555e-01
-3.614043696736607414e-01
-1.791037046789979992e-01
-2.843540818227566214e-01
-1.080129936161641629e-01
6.521086747753189472e-02
-1.132387864861251897e-01
1.949440480732221592e-01
-2.171104887617707202e-01
-4.421255503668671261e-01
-1.927898813046267923e-01
1.999148411263730052e-01
2.565438809767126571e-01
2.287855474462329175e-01
2.814902732388845918e-01
-7.122582778476281573e-02
3.226017982215925173e-01
2.505706518494239532e-01
8.939148881330410967e-02
-6.566434066333629027e-02
2.600346199806947700e-01
9.515338421949187664e-02
5.160067259645076954e-01
1.000000000000000000e+00
8.290773090650331856e-01
3.090076361173011987e-01
3.917585525118170986e-02
2.618718066788193743e-01
-8.730012993504333851e-02
1.547015751505138315e-01
-4.738169000118466756e-02
-5.233427508293316856e-03
3.003234502523960958e-01
-8.140099313517641655e-02
-1.927513100139166269e-01
1.960700375522148320e-01
1.448243042367702849e-01
7.673501729065496102e-02
2.064676230638479854e-02
-4.857712512735135740e-02
-7.056303246565705234e-02
-3.356224731364120251e-01
4.499933894701624304e-02
-1.908646087639283284e-01
2.472533754524920413e-01
-1.797615121419549877e-01
1.256340664539909620e-02
-2.137500122187273310e-01
1.063614302809805755e-02
2.295598402572025243e-01
-3.982270373404556835e-03
7.291166993882274017e-02
-3.242643404675137064e-02
3.965422687728088758e-02
-2.337743545037191117e-01
-4.385899963851798422e-02
-2.225952279521629384e-01
3.767822369094821489e-01
3.652592175729995616e-01
1.569531951077625942e-01
-1.946458507966401241e-01
-1.435611473497151180e-01
3.217814001134944868e-01
-1.010459928977854999e-01
9.734962334396314587e-02
3.232622256385562221e-01
1.280625933421873641e-01
3.195219406235214055e-01
3.575645869189285064e-01
1.801325643204571281e-01
-8.025395990903588794e-02
1.572385855066576188e-01
-3.590823869098545146e-02
-8.177924083054631532e-02
-2.067681573852453714e-01
2.079969415370214458e-01
3.843109242230220018e-02
-2.782762775770320635e-02
2.983626032005554096e-01
1.269661873197153457e-01
6.986614942639214620e-02
-2.079897132387778513e-01
2.650842264256523390e-02
1.459030935916217075e-01
2.456361365689892565e-02
-1.383291470228848186e-01
-2.957281775931504958e-02
-2.028150202461567742e-03
9.532368962368224785e-02
8.735653160922784988e-02
-2.080505478773236883e-01
1.921460468456249182e-01
2.770344529357560495e-02
-1.971887987329747904e-01
2.593518222670015416e-01
1.723720220476114562e-01
-1.320650736909436129e-01
2.921218880434626741e-01
-4.945875252437045150e-02
1.967187502321320336e-01
-1.006943497042038921e-01
-3.801800622394583412e-02
-1.333727956096918132e-01
-1.479973928451756978e-03
-3.684253686963336882e-01
2.293086799950759258e-01
1.592426148798176955e-01
-3.047345154041546933e-01
-1.832344002512657777e-01
2.323787248086449098e-01
1.369771477739248899e-01
1.351508686873152398e-01
-1.122286891273795578e-01
6.874437632765528772e-02
-4.423537649293124430e-01
2.243218845253892590e-01
-7.081616597957235415e-02
-1.325657264897031895e-01
-1.206890728830255499e-01
1.875410565139177393e-02
-1.876511685742632829e-01
-5.267621051685734967e-02
4.432537624631408546e-01
1.029099499284526036e-02
3.059288911710458247e-01
-2.485004614920078569e-01
-6.844560364809973430e-02
-3.041867337804873839e-01
-1.134642919705056013e-01
-1.574111520459975377e-01
1.521402212458518033e-01
-2.143957815935180200e-01
-2.470083337050560102e-01
-9.634781632909805715e-02
2.250525290654416533e-01
-3.163777089509010182e-02
-4.186678636184734334e-03
1.288875311816393143e-01
4.284612730997991448e-03
-1.121246186930728167e-01
1.410066983921877404e-01
3.550483763520443509e-02
-1.260369296804752515e-01
1.693553313406115368e-01
-5.615100057871244554e-02
2.911346116107124127e-01
1.337101574047604713e-01
2.203300802474803810e-01
-1.020592393654363994e-02
-1.883865489186216935e-01
3.396163574331022006e-01
-1.735741964719509853e-02
3.354198928405595082e-01
-2.886879660570950135e-01
-9.256141792304564686e-03
1.514871139375622566e-01
5.140677200543671693e-02
-3.384773365802420247e-02
-1.064754225546337696e-01
-8.704841209476796293e-02
-1.171344311617069506e-01
2.693592308679761405e-01
2.163121730670304610e-01
-1.660497520378244329e-01
2.919939221854434552e-01
-1.363836556853837978e-01
-5.961253295170251126e-02
-1.402993943840712965e-01
-1.661195664166706040e-02
-7.090473559655785518e-02
-2.901415225533584552e-01
-8.973403740572544196e-02
3.897137568914621486e-02
8.750842131417708308e-03
2.514134227587334069e-01
2.521663128218185612e-01
1.731462613841504850e-01
-6.094560412192352727e-02
-1.320760882513415391e-01
-2.391045305606921689e-02
4.541290926474745859e-01
-2.221411464001405434e-01
7.684206667969409321e-02
1.020064125950034123e-01
-5.267530366894016339e-03
-7.965229415634562243e-03
3.345831333151563225e-01
-1.577019143530128398e-02
2.044518630528331937e-01
-1.280695189823985169e-01
-9.313825134375516845e-02
1.349733704526184797e-01
2.451742683782731080e-01
4.919679141769969094e-02
8.324494218194684880e-02
-1.060185071508496502e-01
-1.929916055405987013e-02
3.149385460277362436e-01
-6.758713584852783784e-02
-9.418162661076706632e-02
-4.505030750850887861e-02
-2.617196222278582174e-01
5.777997492709963795e-02
2.510503799875442223e-03
1.605283789770035607e-01
1.173242728289638492e-01
9.966622302076916240e-02
-2.179708381846021392e-01
-9.904404372528623213e-02
-3.707531790064897415e-01
2.922437915476160386e-01
-1.958523717824600385e-01
2.176319152491202613e-01
1.211249800073990607e-01
-1.078202441115179849e-01
1.506039257639325557e-01
1.583457208925280746e-01
1.580517373098078160e-01
1.226553200843135683e-01
-1.924435111642043283e-01
-2.972727994671856000e-01
-9.712264638893167157e-02
3.910581222297495052e-01
2.153940676828366291e-02
5.889778369744522180e-02
-3.678422264592792201e-01
8.777433847343776852e-02
-3.965338428401214699e-02
2.484867911460852119e-01
-3.156860894158154962e-01
7.274341159016914360e-02
-8.894456712854356684e-02
-3.494305151120955522e-01
2.073818860953919319e-01
3.319575664449561647e-02
-2.978197965121506807e-02
-2.907767433173490401e-01
4.460141220817879365e-02
-1.684301628034377274e-01
6.606797307790535090e-02
1.360576088912446302e-02
7.821209488956229472e-02
1.788624639683770168e-01
2.711963284420533804e-01
-1.290651503343744153e-03
9.417798545159435097e-02
1.195879665240174583e-01
-3.274833085601686761e-02
1.306735177776255086e-01
8.569732942468256953e-02
-6.276729000272690540e-02
-3.088835812951222226e-01
3.202800705946198812e-01
2.059996771988685804e-01
-1.175852638823185886e-01
2.551319972821857254e-02
-1.591124239000355767e-01
4.015482614355788127e-01
7.905698164916021009e-02
-2.175431828862406380e-01
3.197378831578504693e-02
-3.540141795845591077e-01
-1.871475902952019210e-01
-2.095838287548828782e-01
3.252314854086591628e-02
-1.923281562928322030e-01
-3.096672922402514683e-01
5.295882035654174425e-02
-2.372489816377787997e-01
1.025155159790775705e-01
-2.597394169791770735e-01
-8.200054775947382413e-02
-5.761791054561880010e-01
1.538996568144694044e-01
-3.625732156183711363e-01
2.004210037098025088e-01
-1.297902403747380751e-02
-1.907327117226527147e-01
-3.005378901012521406e-02
-2.775912551401183426e-01
