-1.412168136839629384e-01
4.775326898742392190e-02
2.069223402991783034e-01
-1.245327509658595289e-01
2.590754267368037822e-01
2.359385237418436254e-02
2.978644319753991770e-02
-3.995336024350228110e-02
-2.154265693085318789e-01
1.045168642310761661e-02
-2.764410634758212161e-04
5.793480302263604061e-03
2.995769476655169017e-01
-7.750351499161971247e-02
-1.348460363723176514e-01
-7.881131155132321819e-02
-1.358854934934858871e-01
-1.432938787833185623e-01
-1.559204135256429986e-03
-1.939761320335137429e-01
6.141537598724493459e-03
-1.378669555877681530e-01
-2.310596259567796185e-01
-1.485692369462655003e-02
2.634241909624027711e-01
1.459889690319896571e-01
-1.011779941189365484e-02
-2.677642113975272631e-01
6.533481713169518590e-02
-1.232333565338561143e-01
-1.077792216604828573e-01
7.171464541004379800e-02
-6.754040629382387917e-02
1.794139956244723833e-01
1.112458946091653827e-01
6.272024049461238926e-02
1.318499299161285387e-01
-9.575779863575561990e-02
-1.568264047915434722e-01
-1.055067872476689594e-01
1.249901419278762194e-02
-4.562552498022742070e-02
1.449392606401833927e-01
-1.437195235990419429e-01
7.033646315482888767e-02
-1.754308633118402405e-02
5.808808434400120763e-02
-7.735654733266547622e-02
1.655420956431975510e-01
-1.036965800871744725e-01
-5.586537524423005469e-02
2.702644947241760742e-01
2.601803818900773058e-01
1.057909858528198049e-01
2.455092076026555922e-02
2.360845167919333187e-01
6.399238465243398122e-02
-2.907469030363795115e-01
1.018851466421845098e-01
-1.812765125276037947e-01
-1.596352368857170689e-01
7.706687039711872071e-03
8.573757897949833839e-02
-2.732754352331165371e-02
-2.075081930243744543e-01
-3.463492353087876952e-01
4.695749638665075443e-02
-7.619718900510007165e-02
-4.241930390031765225e-02
5.091460287708082788e-02
-9.484193008045593842e-02
-1.908176637691190447e-01
2.982785806423136621e-01
-2.146813068479881403e-01
2.606452909460341694e-01
-1.790732635063380096e-01
-1.030664176172033930e-01
-9.704249729808429870e-02
2.099892714877251432e-01
-1.716146274190204768e-01
-6.934118391783236635e-02
-9.043695444663183911e-03
-1.965461781971886424e-01
-1.429991517140010403e-02
2.185781664854739847e-01
-3.842140981853531256e-01
2.211092969961122104e-02
-9.125997732168680127e-03
-1.906176770614895766e-01
2.113755856014052636e-01
2.008084617779429815e-01
3.114310952381288411e-01
-1.477907403570596955e-03
-7.528880346924805844e-02
-1.787550409136102747e-01
-1.573284368225660590e-01
-3.576115436904576117e-01
4.103897625239770475e-02
-2.793414307854369741e-02
-1.439663330874580704e-01
-5.358416013393339783e-02
3.412995211642620014e-02
1.063033774550568161e-01
-1.156002213176916538e-01
9.443740253490293807e-03
2.419691472197037507e-01
-2.806662937400845048e-01
1.006111642678866464e-01
2.082513965397660982e-01
9.547658938682201946e-03
1.549777509974444856e-01
8.355890935528152708e-02
-1.033838939968560605e-01
-1.273756565881691005e-01
-1.883369269685571112e-01
5.197799055628048170e-02
2.521493280762258093e-01
1.663551593696870612e-01
7.233447016176672295e-02
1.631153188525295283e-01
-7.074855203777717649e-02
2.073408915917269724e-01
7.613602304390343356e-02
1.288433388270746605e-01
-6.133487146970258846e-02
6.471344628571140678e-02
-9.090264432770739367e-02
1.637185986915968838e-01
3.723081277404632905e-01
-1.084893613311098681e-01
-5.461668570059968753e-02
-1.547201182511164647e-02
-4.164115728912524267e-02
1.513003490725837730e-01
-9.039972508864639730e-04
-1.522803247354621026e-01
-3.738726078201478481e-02
-1.528674382316708713e-01
6.880938857661622610e-02
-3.859760519366411957e-02
2.635810531751929253e-01
2.791236338146065726e-03
1.582802239214308737e-01
-2.415994692842454987e-04
6.142825356096537348e-02
-8.980240394269112247e-02
3.417081969590846091e-01
-1.310467757975311565e-01
-8.540062066840257982e-02
7.494559973656622805e-04
-2.168913791232080501e-01
6.401179519035174459e-02
5.119828692430839628e-02
-2.125049295311358111e-01
-2.052177830705280426e-02
1.260276725524566432e-01
1.333626226998481101e-01
-2.539070717805281263e-01
-2.273102884809210730e-02
1.244988817816050641e-02
-3.331570314001532085e-02
7.062144488007725263e-02
2.463278924467202369e-01
2.159522930771408389e-02
-4.916426399976218248e-02
2.783149700024356576e-01
-8.171443804607339545e-02
1.770238986444864770e-01
-9.302746224257808783e-02
1.215958707527673432e-01
1.831813885309058754e-01
-4.435733845106921286e-02
-7.299520674960739697e-02
-8.988747448138699470e-02
-7.697106401246169016e-02
1.186155025290950848e-01
7.342492429349486982e-02
1.773850728368904783e-01
5.488973577982633051e-02
3.562841414783524119e-02
-3.428704141130021199e-01
-2.827914000159878483e-02
1.098674530111915931e-01
-5.892027061375899183e-02
1.521379812696319889e-01
1.690181485877784440e-01
3.016177262116317981e-02
-2.268797987435834315e-02
-2.834011283003951553e-01
-1.740128562574715931e-01
8.940225350468891663e-02
2.284305332441095016e-01
-1.351026211875459293e-01
-5.120659580548832246e-02
1.175895337083165265e-02
-7.137482147367156526e-02
-6.063579387741825644e-02
1.740593291203804682e-01
-9.971811654178830420e-02
-1.761104580467699396e-03
-9.275339155348986953e-02
-8.354006533635142950e-02
-4.742489286449884552e-03
3.482366582176863457e-01
-2.154010489502785064e-01
-6.982528691059707027e-02
-1.736671995689229586e-01
4.068012714680045716e-02
1.049872540070595565e-04
-2.346635708862328806e-01
5.358443720210689931e-02
-5.694296089629799495e-02
2.049387806456894612e-01
8.196043259924752633e-02
-1.203543871604254301e-01
-5.263539650148047616e-02
-6.578624577598245204e-02
-7.025823092412905591e-02
9.701469143140509233e-02
1.615902772389224695e-01
-1.200610142339672559e-01
-1.140294270737328697e-01
1.627183193630805935e-01
-9.839350480020864209e-02
-1.993143509990504825e-01
2.897129283831981206e-02
7.738517760491227249e-02
5.108569584218154019e-02
-3.040982686304761207e-01
-1.953034427062022571e-02
1.979987215020072300e-01
1.285885922283226679e-01
-1.315342094329507994e-01
-2.380964190893169671e-02
1.778643964668111810e-01
6.261422425018534077e-02
5.179700776275299005e-03
-4.588367774269707516e-02
1.713617149092073744e-01
5.166477485399689068e-02
1.809484995540219798e-01
-1.054332328781896755e-01
-1.039864166963580944e-01
-1.016272464235065537e-01
-2.888077218497896448e-01
-3.838024091273677108e-02
5.260761248778181992e-02
-1.807579137309736350e-01
-1.966074910730304381e-01
-1.642019705253284501e-01
-4.191807175050939194e-02
6.557147744905417013e-03
-6.783642824444865993e-02
-5.495835198102838604e-02
1.270885731761625115e-01
3.972505031072100512e-01
1.000000000000000000e+00
4.122194102049465680e-01
2.225865449811651256e-02
-5.154457472644566329e-02
-1.075530657555824887e-01
-2.467673023995895637e-02
2.029725657860276533e-01
1.991982631780584989e-01
-2.487875611317517510e-03
2.018010169801989512e-03
-6.618842505102433271e-02
2.379836120041091130e-01
1.558166855979512162e-02
3.305486178851478329e-01
-7.221576246037990365e-02
-1.306776426418250203e-01
1.093689354444772888e-01
-2.043067513073372199e-01
-1.607383101165675565e-01
-3.189764603865311021e-01
-3.357767260251128816e-01
-1.559608516283296220e-01
8.697612555303844972e-02
5.359248261299057181e-02
-6.756882409249816146e-02
-8.298692326878340242e-03
-6.828875621743730161e-03
9.869530850627178387e-02
-5.107864918819318006e-02
-3.407581241241631337e-02
-2.057079340858551653e-01
-1.901490322146768761e-02
2.383970699586178132e-01
1.851486417258438599e-01
-1.899154417217276125e-01
-1.985121873822165428e-01
5.427668061394682469e-02
-1.279586823021718334e-01
-1.333046873358476325e-01
-5.606348002945073239e-02
1.526027174304257494e-01
2.237641197437090224e-01
4.693387980380100966e-02
-1.498378138398431536e-01
-2.052329575808850559e-01
-1.027678430521717368e-01
-8.597967782723738017e-02
1.161620378556812577e-01
5.020965391855130439e-02
-1.150436559588488700e-01
3.107398146404738437e-01
1.332195590014608466e-01
-6.237144111261379992e-02
1.543526063444221053e-01
1.067378732525851685e-02
1.625056917033625148e-01
-1.549957487578407234e-01
1.571958525203173349e-02
-3.886744229504715716e-03
-1.195125916600799504e-01
-4.609713806308603223e-02
-3.068133739521782671e-02
-1.357346109475029983e-01
-7.180303979245600265e-02
-2.048556170456224679e-01
-8.520144476844916659e-02
6.960519395684593158e-02
-8.876329261184902342e-02
7.563456433080710528e-02
3.355305940276192000e-01
-8.278980691185383600e-02
7.853038639105103594e-03
-7.747345276028641536e-02
-6.126796745901437469e-02
8.689152003170676208e-02
1.573015719170912374e-01
9.943770534152475415e-02
3.205318522261352276e-01
-1.703628665754797766e-01
9.211688857237203265e-02
1.409141153940149105e-01
-1.042506792791776382e-01
2.776477928579751397e-01
6.921483389969779187e-02
1.272199368836655631e-01
-4.000692766244202669e-01
-2.361927648766469212e-01
2.412652147434698746e-01
9.417723062714000032e-03
4.194591306803211600e-02
-1.953067015889201341e-01
-3.438192366503490388e-02
-1.548302141481298910e-01
2.907950412205873025e-01
6.719707056453035066e-02
-1.013683146684910136e-01
1.739457324824339457e-01
-1.075835326820931068e-02
1.025323408951273330e-01
1.653905542960189268e-01
8.885792963949788736e-02
5.103140665813017500e-03
8.637710639134014989e-02
5.551585417352392776e-02
1.353561206131482786e-01
9.755712910175894440e-03
1.045003184501741289e-01
2.158359681327394475e-01
7.492487875105403872e-02
-2.601896797109082282e-02
2.312326670011168386e-02
1.941759417184427960e-01
-7.142188698099130421e-03
-3.998915276107643801e-02
-6.189553457291529365e-02
2.197749028583928163e-02
2.815745131797120493e-01
-1.250616219218247394e-01
-1.168659250637701583e-02
-5.772819010418913516e-02
7.163986984794705470e-02
2.723130940464965274e-02
8.081264507332151792e-02
-1.119032896278751160e-01
-1.426828499279684734e-02
3.239756000276578646e-02
7.435596456232376750e-02
-1.343836680399796424e-01
-7.713758232502591905e-02
1.234400977732870858e-01
-3.410036995649901731e-02
-6.578627190139138027e-03
1.977775572886751945e-02
-1.065970029253209550e-01
1.156088359189356846e-01
-1.232154811637232034e-01
-1.924339394098968647e-01
1.208079706677290671e-01
-1.539981691477515491e-04
-1.828953725979329537e-01
-1.376862274115475682e-01
-4.235127510678598356e-02
2.019964008371818442e-01
2.786089271732961059e-01
6.417283163292944459e-02
1.086152927092140369e-01
1.946043657118468329e-01
-2.031842347591124587e-01
-1.220329384912014342e-01
-5.153855135370586510e-02
3.869028477779864333e-02
-1.537496436437759684e-01
-5.526361964648583008e-02
-3.238652721304303896e-03
-2.621960945352245220e-01
-8.111530392976540674e-03
2.753293683250311874e-01
-1.207111923749125265e-01
1.201480708680966319e-01
4.182140539392544681e-02
-1.590445804180861886e-02
-3.721282624778313175e-02
1.781695240165620808e-01
-6.439621152338871612e-02
3.373900464297788782e-01
8.198235204563963929e-02
1.065551249668877064e-02
-5.906895726215141695e-02
3.168033777696233622e-01
-1.083328449086458367e-01
-1.005225506129918678e-01
1.509476207138124026e-01
-1.396892085294730024e-01
1.421953214450443759e-01
5.278240373881559755e-02
3.664153227125786505e-01
-4.332588303485213066e-02
1.097250490783121257e-01
1.483867119644366739e-01
1.002060656994290255e-01
-1.208158463467035038e-01
2.018792788084795842e-01
-1.188422349151612989e-01
-1.831462480155888195e-01
5.819602621678385962e-02
1.011664538016749104e-01
1.870175236645038319e-01
1.149009994821491437e-01
-5.573443284815866178e-02
-2.960805516216796079e-02
2.557565029661458891e-02
-3.699565671497082736e-02
3.815250297083661729e-02
2.268082451570821445e-01
-7.485350158943851473e-02
-1.949031163352953899e-01
3.021836742068852947e-03
-1.018780999881818694e-01
-8.535827420178278280e-02
-2.463144262695715625e-02
2.918152070308758228e-01
-1.824173072126288389e-02
-3.462277864764063025e-03
8.117743110409131324e-02
1.375494969335444018e-01
-1.923798929524071499e-01
-1.697112606029853310e-01
8.071622033408183683e-02
5.199401678343257283e-02
-1.204507900466988413e-01
-3.147931585575965141e-02
3.998109326046293127e-02
5.276716743068538690e-02
-2.446164819814870828e-01
6.401765659443302281e-02
1.522607808807764640e-01
-9.166965237516806753e-02
-6.348856127412148831e-02
-1.895376654881955570e-03
-2.272797212874880513e-01
-4.917355245622957727e-02
3.346186294328579169e-01
-3.722203358197348488e-01
1.591662041048724219e-01
-4.131624063165962452e-02
-1.501492668467274694e-01
-4.076866164491919214e-02
1.734377711446270787e-02
-6.488531048010728886e-02
-4.911485588002246216e-01
7.896319552557413968e-02
3.231591748078238568e-02
-1.328867017428655636e-02
-7.654999288496269760e-02
8.009668770456004894e-02
-1.525251549273833607e-01
-1.500203146736126536e-01
-9.547295702621377833e-02
-7.781077191575021257e-02
-1.138241413534438334e-01
1.048779511076378540e-01
-1.113445184092493739e-01
8.281601568750562858e-02
-6.658993363409668187e-02
-1.842704944797277644e-01
-1.676279992357125603e-01
7.537797951557885512e-02
2.609286510559161165e-01
-2.705926587399403727e-01
-6.121344505767017941e-02
-6.612244014858852104e-02
-1.898125100474911189e-02
3.800416211278460216e-02
-1.505486778705789619e-01
-8.817347545903660155e-02
-1.879212949694241963e-01
