-8.237487310934618612e-02
-1.997856116525333625e-01
3.726139326434789456e-02
-1.659071509415193657e-01
2.288729608192031639e-01
4.205708510072872497e-02
-7.252647303599712991e-02
-1.244337481293223899e-03
7.938676964477710263e-02
-2.211695723503098732e-01
4.371016694686776644e-02
-6.590440744518843985e-02
1.719564827402395302e-01
-3.342129797247818668e-01
-1.352044020948147962e-01
-1.506760107550272065e-01
-1.442048442151109000e-01
3.608245943808921496e-01
2.045079981987883433e-01
-2.844232142512314460e-02
1.981741012346063813e-01
1.219930769522935415e-01
-5.462145170663880167e-01
-2.982443151245225410e-01
-1.297135989975438664e-01
1.604501287074185656e-01
1.044127648211426729e-01
4.442342029229077172e-01
1.939781123261117568e-01
-1.423784724674608537e-01
-2.155642569953692897e-02
2.920814665923874842e-01
3.884826935545420551e-02
-1.755111972926358399e-01
-7.564669618925566608e-02
-1.379809618899227042e-01
-1.434610579773201722e-01
8.237360646395602837e-02
-3.031445571843780981e-02
-1.610043749586602402e-01
-1.521879337633640361e-01
-1.414545785803734690e-01
2.541780307200340681e-03
1.881640870732406712e-01
2.276939881387103903e-01
-1.925677424299748475e-01
-6.567368319815380939e-02
8.336662255094758056e-02
-2.670080650913291276e-01
-6.446551195330534056e-02
-1.228802775450146406e-01
-3.207157314386735458e-01
8.134651167202512634e-02
-1.583933245340699847e-01
-1.105746445496767899e-01
-1.135595397480183705e-01
-3.105489813230771223e-01
1.452189804936955542e-01
-7.565156830262841081e-02
6.813061025110261903e-02
1.411047704430268279e-01
-7.787028239894516757e-02
1.508665255656103932e-01
-2.595857457139694180e-01
-2.243287423082650778e-01
2.600537121072373781e-01
-2.798378937590537477e-02
-1.180758263400108615e-01
7.982929589881192223e-03
-3.762322507964022122e-01
5.623196014904059403e-01
4.971688643999886970e-01
-1.691003975975962359e-01
-1.338219761585096312e-01
-3.380400040000888229e-01
2.440943547721521056e-01
7.358831147428597508e-02
-7.015536701468249106e-03
3.416301311537973118e-01
-2.090995497630433742e-01
-3.324386621932398644e-02
-8.411948406046974858e-02
-1.832606401285896969e-01
-1.131564964098913800e-01
-9.040762449942023327e-02
-4.001878050911320678e-02
-2.957900147018668879e-01
1.172596795339228698e-01
-7.601373324930982278e-02
1.028297659512380224e-01
-5.926969924410207397e-02
-1.894134586330762926e-01
3.276799149117334310e-03
-3.089275265382793526e-02
-4.530416866161736389e-02
-3.370684079532972333e-01
5.181103561058646167e-02
4.504249753467375883e-01
-2.451762833678635956e-01
-2.917790035492239809e-01
-1.273819678650458254e-01
-1.091951370650208614e-01
-2.997698776420859024e-01
-2.078728849569149162e-01
2.884287050358079196e-01
-4.910348633871213786e-01
-1.309198386556434390e-01
3.588331443579101995e-03
1.029173817124022228e-01
4.879254363469842301e-03
3.002694601273670633e-02
1.429350294459270920e-01
3.436142136797121771e-01
-2.116239632641189472e-01
2.150354154382452809e-02
-1.633525841201909912e-01
2.075678384526685738e-01
-1.397761974660151063e-01
7.669878638718358177e-02
3.242406276613833960e-01
1.154712677260691378e-01
1.093700486706054159e-01
1.604335607124543484e-01
-7.684371863307185024e-03
-5.532586666372825424e-02
-9.050206603564081576e-02
-3.083526721250429703e-01
-1.486033496848001845e-01
-1.797743768142458232e-01
-2.710122785643034327e-01
-1.163697384637244966e-02
-2.680079129738101029e-01
9.297454210965028221e-02
-3.226608932484419379e-01
-1.207180450451220965e-01
1.015290988046217424e-01
1.096815809650472373e-01
-8.325985230076006494e-02
1.925430840213618322e-01
-1.577352224706945749e-01
-2.779980249858938698e-02
-3.263735758451837693e-02
1.188874400369078627e-01
-1.165687894927307094e-01
5.210114385123282982e-02
7.365060589229613375e-02
1.144334619106294054e-01
-2.889401493361258844e-01
2.008503585084029375e-01
2.886779248509402374e-01
8.240376580466191037e-02
-1.180018520948908772e-01
7.341403270103698253e-02
1.809033536885098215e-01
1.870960857944763966e-01
-8.926858749534216653e-02
-1.983048749860567839e-01
1.623670186133605309e-01
-1.195877613892138980e-01
-3.014313352631427245e-02
3.854553066819671470e-01
-1.660025873698910692e-01
-2.732860977781454218e-02
5.072162432571066665e-02
1.163065630007273643e-01
-1.009336291372996686e-01
1.446805891325146365e-01
1.131454554355901532e-01
1.610390985368612415e-01
-1.048430134668325471e-02
-1.713736476559243604e-01
-1.235228406214178426e-01
1.445374766330287941e-01
1.670614591929859838e-01
2.690463456011922272e-01
6.631687107966173500e-02
4.617613114211167186e-02
-1.532549662385273015e-01
2.793386834586154555e-01
2.356488158172255210e-01
1.619844104573309185e-01
1.949711023245332131e-01
9.765047909392725323e-02
-2.494793764909535305e-01
-4.771858157138309658e-02
-9.349670746752561379e-02
-1.070085660732591759e-01
1.220712819101348393e-02
2.334904605385346443e-01
1.020723281633146018e-01
-4.931211900551450977e-01
3.328896058244583678e-01
1.735959030021973493e-01
-1.236583038909846999e-03
1.216951400171888686e-01
-2.269018508543583501e-01
1.521574244037686707e-01
-1.883649678826778973e-01
-4.833094517084635111e-02
-5.245099613844891873e-02
-1.043118435151597356e-01
-2.091073603961823846e-01
2.336170190907601585e-01
-3.880673605671839527e-02
-2.675617182069748787e-02
5.008394339672874590e-02
-1.787862408678778381e-01
-1.812142671982800435e-01
6.516029125658534538e-02
-5.859018516775752611e-02
5.641686553689657241e-02
3.791145859495265724e-01
-1.848942756643493779e-01
-1.355549153097741766e-01
6.680558454452011075e-02
-1.755579607509245854e-01
-2.618567548441776832e-02
-1.430609631930478964e-01
-1.890510580439259242e-04
-8.792510435007835912e-02
-3.006246734110614716e-01
1.244191195188066729e-01
6.088544394875174820e-02
-1.164315339646802977e-01
-2.196635344087962960e-01
-1.561240179217875945e-01
-3.138863313572154423e-01
-5.728466196229006074e-02
-2.231322829995096846e-01
4.630949740807423914e-02
2.586829278685857103e-01
1.138463975793655297e-01
-1.949237602178268969e-01
1.065165620629074106e-01
-1.876530374828862952e-02
-3.576599254976817188e-01
-1.068732521660460955e-01
-1.447052876773617103e-01
-2.477873618878017326e-01
-1.394091925149840983e-01
3.019123057854188885e-01
1.525137343857924377e-01
-1.201349101121801377e-01
2.284143765928651482e-01
-1.027697531389061281e-01
1.582226130993872049e-01
-2.627566215875845601e-01
1.998008568113717465e-01
2.584249346371465528e-01
1.446338437355451922e-01
2.175330408106314062e-01
5.043876823580312196e-01
3.725304802984942820e-01
3.648336177560305149e-01
-1.383429198426160654e-02
5.374473897008009704e-01
2.678508149598037291e-01
6.634019759222684609e-01
1.000000000000000000e+00
3.156110817610238151e-01
1.775319410039337686e-01
1.070802406514015231e-01
2.063771638701312749e-01
-1.261884290147972376e-01
7.871010779529756529e-02
1.645993421167382675e-01
-3.191890272391027100e-02
-6.805891359804550067e-02
1.510397793444828163e-01
1.067073707016443912e-01
2.313525364283257335e-01
4.522931802417303748e-01
-7.784674384618514228e-03
2.911604470070798811e-01
3.597760374057095145e-01
-7.228702955659357943e-02
-6.222834242514491132e-02
-1.718329776373737211e-02
-2.936550612204474331e-01
1.432436131865341689e-01
-6.842789027209936203e-02
2.432395429486749749e-01
-4.489219709031572192e-03
9.421870759170535015e-02
1.170104155689410536e-01
-5.830397622326748824e-02
2.394419242316518995e-02
2.617943735919019965e-01
1.856240583263002730e-01
-1.306424111546911349e-01
-1.317211013820294985e-01
9.872914925310868894e-02
1.955415805995135980e-01
5.125121016156154730e-02
5.854697098671568511e-02
-1.321884048407364343e-01
-2.428952989352890779e-01
-5.234684449132371437e-02
1.201033717446127191e-01
1.720343141384241825e-01
-1.052602182026974795e-03
1.416800927359921358e-01
1.431929845479299468e-01
-1.228589056683194874e-01
-9.233528764007971346e-02
-2.730721783300235975e-02
5.422344669514379822e-02
1.894598299293639432e-01
-1.414887014352022021e-01
-1.008557716505449203e-01
-1.733314761577028906e-01
-1.629153494031889207e-02
5.592228506653426634e-02
-1.716521081784442015e-01
6.292111388278341655e-02
2.588883307724663130e-01
-1.164919108436254791e-01
7.334974849872455405e-02
4.321796912272655722e-01
2.853405748168019174e-01
2.746558966175297045e-01
2.138637293204069534e-01
-6.027346849765421316e-02
-1.912650591182213020e-02
1.805674487863779543e-01
-2.639488307181832218e-03
-1.881488639893370285e-01
2.051855305180614875e-01
8.378032874905862182e-02
3.677066593343483736e-02
1.004815266875217494e-01
-1.792993229267709210e-01
2.438909499720495755e-02
-2.871654071396842478e-01
-4.186692116484134751e-01
1.056685840417374428e-01
6.943219201738194679e-02
-4.968128017971667337e-02
5.173223770796318496e-03
-9.077556986625991489e-03
-8.176744182760678492e-02
3.144048421029441709e-01
2.008814766186213796e-01
-7.792485247675748350e-02
-2.136908456285609992e-01
-1.830387194000274997e-01
-1.096790346072421679e-01
1.439562371642170990e-01
2.253262664419961314e-01
2.633423874569393655e-02
4.706981551821055182e-02
2.380573396464927549e-01
-1.161297579378302441e-01
-9.520141886485312954e-02
1.992137884664725023e-01
-2.545671643454653355e-01
-2.298049972970795385e-01
9.356739116711230986e-02
1.286637593224694565e-01
9.416222800207886545e-02
-2.859299809581350993e-01
2.347784974080841663e-02
-3.049005176178638532e-01
-2.929034984652986728e-01
-4.931328435013002109e-02
-2.085320240555530724e-01
1.830568007312093348e-01
1.562015073283136157e-01
-1.345132483276144653e-01
-2.984225373437574547e-01
2.317088363762810077e-01
1.612357179903664839e-01
1.634018598204639017e-01
-1.706094503177686961e-01
4.528188768155133603e-01
2.850757598239417323e-01
2.838355019576983482e-02
-9.025872526691855469e-02
-1.284655763624241165e-01
8.534286233468035832e-02
2.170773971108972966e-01
1.120248638292872523e-01
8.356321792270038351e-02
2.943302958795206981e-01
7.266727984807223872e-02
-9.516150927700854634e-02
1.094371750657343045e-01
1.775494416798603647e-01
-3.175576065432119677e-01
-4.208003160040190704e-01
-3.202076017656412810e-01
-5.506013705118509988e-02
4.009239670807293598e-02
2.048642479764410662e-01
1.800115406947887797e-01
-8.464817735159231582e-02
9.872523590928837522e-02
-4.545638999967350768e-01
-1.545916815139833540e-02
-2.874545626312112745e-01
1.788384172509848921e-02
1.630474846412795784e-03
-2.027588972622445807e-01
-1.894875051234335694e-01
-3.682823273402431319e-01
-6.100559096285670252e-02
-1.935910061574111773e-01
-5.394250804644076108e-02
1.826868452195059556e-01
-8.410396714841229804e-02
5.226757185504889852e-02
-6.276576498272484761e-02
2.363750213989063501e-02
2.315131455901227320e-01
1.508664613476239091e-01
1.325141271974744905e-01
2.652124734758741775e-01
1.346938985027299751e-01
3.528501701735144158e-02
-1.303805507361187888e-01
2.786318442071106793e-01
-6.335768336602222439e-02
-1.442613840091084565e-01
-1.955439444844976338e-01
1.472010551739489914e-01
-6.078654654293188381e-02
4.447890519043393165e-01
-1.150218751665892380e-01
3.223694140081848625e-01
6.548444207955243790e-02
5.372886221114611671e-02
5.371036463625069451e-02
6.464719113639290360e-02
2.561380390491587722e-01
-3.865285501611505636e-01
-3.991194333314459497e-01
-6.418130684082144766e-02
2.329646997467651748e-01
-3.304872929991714003e-01
9.387112286246367121e-02
-7.472871546437928614e-02
-1.464333707697750842e-01
-6.844739076639672071e-02
2.174862753455449327e-01
-3.648457138268739186e-01
1.771619594036602796e-01
1.929928065316540986e-01
8.133280995158988225e-02
3.614367997346014383e-02
-1.892987241061304046e-02
-3.640406719206890768e-02
4.802981995972981921e-01
1.344962620821189558e-01
-5.327689384677420925e-01
-1.472804459198235293e-02
-1.535889435675256987e-01
-2.742552231848398026e-01
1.670341480654897737e-01
-7.767467188529494915e-02
-1.295462282786969122e-01
-4.224340375402555608e-02
2.615529021987398894e-01
-1.517693855540857284e-01
9.685406640593932637e-02
-1.807421438033405547e-01
1.229684900159157129e-01
-1.950863852525162312e-01
-2.714387538018873114e-01
-2.694898228464285422e-02
-2.015458699585249980e-01
-6.710195395946924601e-02
1.031957499215477858e-01
4.322319270706371196e-03
1.017023285017417678e-01
3.005288528479593824e-01
7.308296780327463993e-02
2.295232040859347677e-01
3.424634145691985987e-01
1.178447099309950924e-01
-4.559414839218729476e-01
-3.108099692650581058e-01
-2.001079432702628225e-01
-1.271016560282652030e-01
1.234387099194741572e-01
-4.273980611642979044e-01
-2.116619994627879642e-01
-1.904552259558411620e-01
-2.004009820034246547e-01
4.150919637617216384e-01
-2.166407194069323305e-01
-2.551688410031920928e-01
1.326397008915974063e-01
2.844388894527868916e-02
1.078006230851231428e-01
-2.520194172787601494e-01
3.382857669965234904e-02
-8.737315375219888158e-02
-4.352751896017922895e-02
1.513902142937518791e-01
-1.744501161091398522e-01
-3.824270088093096875e-01
-2.010026365861967423e-01
-3.601660498398585875e-02
-1.014457765083927460e-01
1.109276539520987898e-01
-5.358133999872816133e-02
7.833524806123816353e-02
2.080136516327559526e-01
-9.596957570351623279e-02
2.245542143208120733e-01
-2.719128790220152747e-01
-2.637362386903894032e-02
