-5.162324684118245466e-02
-5.708999358055515394e-01
-9.899381799712007879e-02
1.173403482982817991e-01
-4.006682711511183048e-01
8.546633253872082392e-02
2.399727859379720274e-01
-1.118627828048976980e-01
-2.465414471063642199e-01
-8.231934345258563879e-02
-8.176527000732962680e-01
8.478166615408543050e-02
1.475675326495464179e-01
4.923397841730210722e-02
-3.551891790352934564e-01
1.766891675995660438e-01
2.770136213548072268e-01
2.864007076125558715e-01
-2.650532452946078310e-01
-8.829030709921946440e-02
-1.053089036829501779e-01
-5.990304877527727334e-02
2.341435501428270130e-02
4.670358573410637870e-02
2.197835279117036633e-01
-2.057306092680904197e-01
4.350991512095080949e-01
-2.436838994671445269e-01
3.456025648424815855e-01
-3.028960021233218503e-01
1.017744592691817579e-01
-5.479362329682997412e-01
-6.230512746823459874e-02
5.470003483340718509e-02
2.159943897540730073e-01
1.127004459484999416e-01
-3.830461335839777798e-02
5.949302540742217038e-02
3.961632590588030078e-01
1.140435415185254570e-01
-1.974748758802385151e-01
2.763240221601383495e-01
-1.479127214641354493e-01
3.028744444954606374e-01
3.901359174382501016e-01
-3.755378671366352838e-01
2.015154559696109848e-01
1.202542199869248152e-01
6.523083411581069579e-02
-1.500261886305938319e-01
-1.052170723182086071e-01
1.192849535001932471e-01
6.341307993888710415e-02
1.638587462213134394e-01
-1.382517142611183747e-01
-1.431956783308251657e-01
2.001878645175419469e-01
8.424119768376003847e-02
-5.625603939016941002e-01
2.081462869836357699e-02
-3.493426797279304830e-01
-2.608041638943682516e-02
1.072697889987736242e-01
-6.028544228682289341e-02
2.013076168449107473e-01
2.347880238873990277e-01
-1.272946654214435203e-01
7.812104938830430334e-02
-2.138168828525656706e-01
4.695398265798306214e-01
-4.015608845093759927e-01
2.392409038465684035e-01
-2.078677112501982061e-01
1.413060607805695645e-01
-4.007865554130187746e-01
3.628494689551232250e-02
1.043648390961702394e-02
3.976769290674571355e-02
-1.214471908039366915e-01
1.362796208627717331e-02
-2.158295744198636124e-01
-9.836753413120470635e-02
5.246524729082416294e-02
-7.548145973257071317e-02
-6.725765911386549778e-01
-5.534362235507495065e-01
2.243916647481432602e-01
3.058442604274292376e-01
-2.212086783567995818e-01
-1.778830822504489859e-02
-4.187988668358564315e-01
3.468797966246013886e-01
5.342204577385811781e-02
2.086184781739107152e-01
-1.892763001919927149e-02
-6.960601299339240489e-02
7.396334083911937363e-02
2.903789088513877847e-02
-4.107179259810907895e-02
-2.752099974610375255e-01
2.625540311182367626e-03
-1.551767445576813231e-01
1.250084514334837693e-01
-2.622771194856940435e-01
2.037894725160140780e-02
-2.730042112747482763e-01
-1.407169465093939809e-01
2.636551455854658221e-01
-1.122911648693140571e-02
2.206202532859325161e-01
-9.404968981917710691e-02
-1.398049793822296050e-01
-9.726160492382725231e-02
2.676604715982041638e-01
-1.571450384997031824e-01
1.471614503978730115e-01
1.157372111622759075e-01
-6.922764868492272544e-03
-3.375834375192011128e-01
2.347985412707914998e-01
-1.287759945262528238e-01
-1.150905255743227135e-01
5.352320117915104758e-02
-8.605990845233600639e-02
8.051185342038776060e-02
8.087326842441040775e-02
-8.312017937058020778e-02
-2.588339461386253149e-01
-2.120947534320891670e-01
-2.591833807940049361e-01
-2.797824089494616584e-01
2.486906944849785056e-02
1.297156828711707455e-01
6.017476586157382429e-02
2.903178362135543922e-01
-2.090520261736400487e-01
5.137610794929419085e-03
-6.018503276361755194e-01
1.262151562400390392e-01
2.134486570611743295e-01
-5.908594679229503543e-02
2.267496177730001505e-01
4.101885690031693010e-01
3.033048695853188814e-01
2.540623888560540333e-01
1.389362375908100300e-01
1.258057659169831699e-01
-1.976660714686195308e-01
-6.107046423906982158e-01
-6.280759408858532788e-02
2.058440202536824040e-02
-2.018614559861424407e-01
-2.191318016647601230e-01
-1.324111230739675460e-01
4.300915328202355864e-02
-1.163129501967307688e-01
-2.461244653303822361e-01
-2.416790258250435183e-02
-9.842678411109441472e-02
4.071204720066967098e-01
-1.706645714175353545e-01
4.322443161376594567e-01
1.640733632622137783e-01
2.604736840280549165e-02
-7.038408155694200752e-02
9.815505287212079877e-02
-6.215045915817370981e-01
-3.277622406288803192e-01
1.983631729857839587e-01
-1.605773146572295751e-01
-3.660254467436104275e-01
2.448275233613514679e-01
-2.166774103467475066e-01
-1.442971061239443353e-01
3.163362466578809595e-01
-4.152395216206276052e-01
2.177860169154917369e-01
-3.262926199155384288e-01
-1.384527215451226978e-01
-3.016256537715927832e-01
-4.610130255341893246e-01
-2.454434305639997815e-01
1.965698132367573459e-01
4.844380186422685419e-01
-1.501576010990562753e-02
4.659527727606539715e-02
-2.970071636599621590e-01
-3.648884014514152674e-01
-1.309224744733730184e-01
-1.311544468431343619e-02
7.755862710027733309e-02
1.113746996025975350e-01
-2.627080298958405780e-01
-3.941512521259817881e-01
-4.099111032352949491e-01
-8.100779536320515395e-02
-3.858035795244315058e-01
2.825619070331889318e-02
-8.404477627487741409e-02
1.888769921267879348e-01
1.034292619365540927e-01
3.640246487292911892e-01
-1.046411481222424694e-01
-2.222847903363736888e-01
1.612760432478460015e-01
-3.343079412333944261e-02
-6.257064342385092182e-02
-3.463034199795154700e-01
-1.735723981141741416e-03
2.054981787361231937e-01
1.126658084291870809e-01
-4.300794906029797859e-01
-4.076200994922106746e-01
-3.487783021500138747e-01
3.606763967856839170e-01
1.918624200256351109e-01
-4.066313174631719374e-01
-6.913124420273655812e-02
3.519322294905963266e-02
-2.036442983517592065e-01
-3.670037113892566927e-01
2.291611785099724116e-02
-6.103976585103480096e-02
1.659517787945827827e-01
-3.763459662911183279e-01
-1.040768807280662428e-01
-1.239486337205161076e-01
-2.663569276390855833e-01
1.503228979835997126e-01
1.830573817819783899e-01
-2.648020759845002301e-04
-3.565945583646145112e-01
-4.566437360583108229e-01
-2.855031943153985008e-01
1.230180958248208445e-01
-7.198121243126324176e-01
-1.431224387878896054e-01
2.561400790848195053e-01
-6.096343860419763810e-02
4.219552347865995756e-02
1.682543291556992116e-01
3.687749226759605148e-01
1.216296812438711628e-01
7.443848943590769540e-02
2.725255083722614713e-01
1.957304878136988113e-01
3.094722359223611718e-01
-1.132360182499841939e-02
-1.597738740208381747e-01
-4.565916429012103345e-02
-3.630937419457788001e-02
-3.867990307212396117e-02
-4.118096851737184511e-02
4.747346206935424973e-01
6.541082902433144053e-01
1.000000000000000000e+00
9.419742730713274170e-01
3.250375833719108543e-01
2.365129197997075938e-01
1.476712388487751437e-01
3.262523649516805846e-01
-1.235602219050006001e-01
6.266661745002811978e-02
1.109256287664201895e-01
3.509242099811986648e-01
2.462689562551256262e-01
-4.848483623225802869e-02
-1.614384860490328533e-01
1.578237638929231579e-01
-3.007254489603742309e-01
-3.425366693702146526e-01
-3.236856819528256546e-01
1.161364123183595554e-01
4.934608727139936507e-02
-8.013908644295417161e-02
-5.368900597621611981e-02
4.321658764970819355e-01
1.898971082733589832e-01
-6.904304445621317621e-02
1.967644810047569914e-01
2.254243590821696785e-01
2.747463110214352633e-01
-9.117002101965794233e-03
1.587601254479671098e-01
3.007164202650919327e-01
7.908175378153305124e-02
-1.646602128493063200e-01
-2.509087241334955615e-02
1.416021019865593977e-01
-1.849389685795864088e-02
-1.364545564508190534e-01
2.435817898049828234e-01
1.008471544671154102e-01
-3.263546340524766110e-01
-8.021151011436275513e-02
4.214289730124043953e-01
2.190577743079929474e-01
-8.558882520441148112e-02
8.214844173725088794e-02
-1.679618445901914225e-01
-1.144254263217066719e-01
-1.211502821367251015e-01
6.810627812793596837e-03
-5.410555168678624072e-02
-1.286534784724861213e-01
-1.265018476826004767e-01
1.509047842242563775e-01
3.222038346565420097e-01
-2.547321200041676587e-02
3.048287019543611254e-01
4.412630556058005221e-02
-1.359511121855234983e-01
1.421548227627034700e-01
2.739545861123705676e-03
-3.012357227315647368e-01
-8.686892899250185651e-02
-1.045308843742944471e-01
2.664681956544682692e-02
9.097115275184909644e-02
3.280140131118433611e-01
-4.172371348965642213e-02
8.133275112982436827e-02
3.802685926698115559e-01
-1.336001527747803785e-01
4.220240924381689351e-02
-7.411721921200244145e-02
6.578778668382098682e-02
-1.582711303430766603e-01
-2.158493033252834870e-01
-6.885802661041896811e-02
-4.225024592202717977e-01
-1.394268106581647293e-01
3.679852535699003613e-01
1.487002453052866657e-01
3.552441690217502668e-01
-2.861401550033753627e-01
3.311277089804662288e-02
9.597322971788384283e-02
1.219664321976221266e-01
-1.043716620931015374e-02
2.145217375960914441e-01
-2.412395871323463337e-01
3.547042421309578586e-01
2.831866285244705184e-01
-2.039034724565698953e-01
4.566157436389668006e-02
-1.221640540976895589e-01
9.393701118391070692e-02
-1.805649652258976834e-01
5.502790827346424329e-01
-3.429289285018620181e-01
9.129874143850130741e-02
2.690593519728688432e-01
3.851227861788396600e-01
-1.748346917111732735e-01
5.121304214146205069e-01
3.737501130142601435e-01
-5.874773053852729715e-02
2.162346508249907984e-01
5.772872505181863012e-01
8.378693698875738088e-03
2.709134809262977450e-01
-1.035795063564006607e-01
-2.585652689766258783e-02
4.740123885243269219e-01
3.943735355975964696e-01
4.206244078658951530e-02
-2.587799501808386582e-01
5.393370503578348574e-01
6.023839899886994642e-01
-2.823671164677126200e-01
2.923077214101738736e-02
-2.518912730602635985e-01
1.070447694277883860e-01
-2.074386928662938223e-01
3.613255581897846791e-01
1.323062515895409019e-01
6.627117382725904171e-02
2.240223933383869437e-01
1.735398152157899554e-01
2.793747769369080425e-01
6.055597069986286274e-02
-2.374519119399488842e-01
-3.795618365608744993e-01
-1.272461977777364639e-01
-4.631283331372297862e-01
-4.256758848198580192e-01
7.477150998303481177e-01
2.401773779201363535e-01
-1.722178342038803989e-01
-2.724055024812913062e-02
-8.447373372991788532e-02
2.027697609586515126e-01
1.082963595146743119e-01
1.672273468219048417e-02
2.540919364614653286e-01
4.088314908745181442e-01
-2.832942618311447003e-01
6.782823467485937785e-02
-6.392066588724437670e-01
3.091923701755869627e-02
3.210158881148472698e-01
2.636521680653219346e-01
-1.860765024263795475e-01
2.226872127681927827e-01
-1.406635460556360517e-01
4.467487861031820828e-01
4.540845834396119995e-01
1.557273373120838557e-02
-6.712010196979855126e-01
-9.501483236301665192e-02
3.378422036162953002e-01
-1.928098148207622875e-01
-1.400099957558357533e-01
-1.106414905965189543e-01
5.995311594616342665e-01
2.692154763113261406e-01
-3.108612030413994073e-02
2.057422871231728290e-01
-1.134218435277144083e-01
4.528975216022196326e-02
-5.826526478077208304e-02
3.778645094320706721e-01
1.313346546763717315e-01
1.494303948090824341e-01
2.333165650722759665e-01
-2.815871488735179895e-01
6.989826771743601341e-01
-7.506409581563794342e-02
4.825344193928120945e-02
3.420051169327067431e-01
3.477575818757288467e-02
2.059349480115879871e-01
-2.020220208099940962e-01
-2.564300200047178180e-01
3.458634808740865818e-01
-7.364597419064268513e-02
-1.373313937339793733e-01
1.200021715926160269e-02
-2.368326756126256649e-01
-1.528625889844698049e-01
-3.100401631364090860e-01
-3.849796996252491388e-01
1.169073497417914657e-02
3.294611384279333421e-01
-3.379279346949453644e-01
6.682736788286485208e-01
-6.603403333141144582e-02
1.001367947976034151e-01
-1.558289889960817742e-01
1.790790009910727953e-01
2.185920622702973437e-01
-2.528336505844417381e-01
-1.650873275329984846e-01
9.811879061413950054e-02
-6.205180055478948242e-02
-2.557516415464269888e-01
7.322307967397728712e-01
1.630145465822670225e-01
-1.775296090528938608e-01
-2.009538214954330049e-01
-1.185222015582531735e-01
-8.011870110465900419e-02
6.865346735551713930e-02
-1.014285789195006060e-01
-1.237712026580808505e-01
-1.974613177130373487e-01
-2.086710370332820197e-01
1.845104418005474867e-02
-5.737739587679352611e-03
-1.178988459576051084e-01
4.175447782603698005e-02
9.959860282923722885e-02
-1.681434441808280500e-01
2.973850298904663902e-01
3.279749843620299865e-01
3.355685733449564889e-02
3.633788627651740252e-03
2.738422612288684554e-01
-2.209774693692748704e-01
2.346395495959308075e-01
2.736118165231585242e-01
-2.859540516636795426e-01
-1.013495953645891373e-01
-2.181447498885457081e-01
1.777144931829307828e-01
9.902669239242269106e-02
-2.364265371016902595e-01
-1.187593679208838598e-01
-6.785232908790275741e-02
-2.393982497294855627e-01
4.455385864443292543e-02
-6.045570862257481498e-02
-5.128976749147249325e-01
-1.179242156956459703e-01
7.959507482883012575e-01
5.084579716973766650e-02
1.952356665707699890e-01
2.885297937502783183e-01
1.645491488250776409e-03
3.521913893625273906e-02
7.601891781154894445e-02
-3.105393779446219971e-01
-2.030633850864801970e-01
-1.909443549471802060e-01
-1.302936937380176352e-01
-5.821175881285829690e-02
-2.260467113149959295e-01
1.295792967773023996e-01
-1.640148479605904814e-03
9.812486284255307611e-02
-2.048527334111387710e-01
