1.286321859957491043e-01
1.989974342647086655e-02
3.541525268665671189e-01
2.687950639974348230e-02
-1.255001422322045146e-01
-2.723771697382463275e-01
-1.276083560366438607e-01
5.594874545041005759e-02
1.241025053477616547e-02
-2.509146987597087874e-01
-8.150521687174805407e-02
-6.129636515925775825e-02
-1.230084519197854019e-02
-1.968033424342549298e-01
2.458683810257042412e-01
-2.158208687047903362e-01
-1.902286883556062597e-02
-2.775511936769454180e-01
-1.093945098063234950e-01
-1.287560794480946957e-01
3.140609962680197542e-01
6.620567995004082718e-02
6.382955967039548317e-02
4.473100839690533764e-02
-1.445127410104378174e-01
-1.070000492794298264e-01
1.625571370995288756e-01
-9.546591561329015319e-02
3.067840375634718897e-01
-4.742760104416571948e-02
1.588805892992271318e-01
5.756111179384506421e-02
7.717097575472720711e-03
-4.052306955909080743e-01
-2.067992132239327152e-01
-1.579005947607828308e-01
-1.110507509558223832e-01
2.599362856155106039e-02
-2.125937510425236210e-01
8.273923542798061748e-02
7.953945236348085313e-02
-2.781329542478293559e-01
4.168218351457343984e-01
2.763749145905384230e-01
-1.785381513886889204e-01
-2.268795853924425107e-02
3.806032956856889027e-02
2.215260639448865879e-02
3.785473835222471495e-01
1.049924040088297955e-01
-1.933624390191159281e-01
-1.349051793297511292e-01
-1.346165082465229368e-01
-1.026202807134359435e-01
-2.251265799374595200e-01
-3.417149658751330588e-01
1.199563739251559846e-01
-9.109021390548698027e-02
1.274275659549279904e-01
-3.702967134286168707e-03
-7.885211699570107702e-02
-5.150716165958472287e-02
2.156759378688626605e-01
2.272882418601661902e-01
2.918295317000585420e-01
5.009977474862572361e-02
6.734318233202529758e-03
-1.295873668615849794e-01
-3.210648716251721796e-02
2.610116077856458605e-01
-2.537727446575893109e-01
-2.522105109490000996e-01
-1.590694343265700861e-01
1.222197555849519057e-01
1.468376257341539315e-01
1.659597962934829529e-01
-2.256350582901046065e-01
1.417649610894405332e-01
-2.834074125742478897e-02
1.003493442989949885e-01
-4.208405709029808262e-02
-3.808544270713101060e-02
-1.566741525509680044e-01
-8.795917649864119781e-02
9.546641580429796048e-02
-8.870384770962336241e-02
-2.337743543177346062e-01
1.626338224688103629e-01
-2.020224139739889568e-01
-2.485302478367960866e-01
-5.429321629032895363e-02
-2.825643125958480009e-02
6.458009777851973776e-02
-3.290912176072610662e-01
-2.135035997128433560e-01
-7.516489296208671289e-02
-1.933313891094725068e-01
-3.096803087706748517e-02
-1.099863193665914091e-01
7.088522614959257007e-02
3.866851945939690505e-01
7.830796742733857341e-02
1.661886766841728091e-01
2.857266435600210736e-02
-1.861354160225537346e-01
3.972788206118369470e-01
-6.495723046324193561e-02
1.748027434038736949e-01
1.036750059627820908e-01
-1.049084237230259349e-02
1.012622445740172933e-01
-5.007917365682119232e-02
6.881001691315054292e-02
1.576458981389797509e-01
-4.314989486470860447e-02
1.026156507528975040e-02
3.305743749964888956e-01
-1.722772493699684104e-01
4.504310476116690776e-02
4.423125161919323756e-02
-1.243240266620152107e-01
1.180246016718668051e-01
8.875139246747763833e-02
-1.040500264476416775e-01
-2.405516714785957133e-01
6.391774252167226056e-02
-1.663914800175559094e-01
6.662691777838107565e-02
6.090077407115569719e-02
-2.301796191163091310e-02
-6.331025643976993800e-02
-2.722457757881568963e-01
-3.032355259223546984e-01
8.785691121048379293e-02
-7.864959241253521860e-02
-1.402117670914302949e-01
-1.234982910626753472e-01
5.747707749364535518e-02
-1.070900714432841336e-02
-3.765695908523890023e-01
1.626367953027328117e-01
8.712080403295165143e-02
-1.895350236118052423e-01
-3.320307188251906405e-01
-1.343052331309955716e-01
-2.636591252472551133e-02
-7.915130958088208851e-03
-5.029080782447944986e-02
1.076773750432544197e-01
9.694003926667378590e-02
-6.331631734169172743e-02
-1.117898674305995155e-01
-8.472869507076064011e-02
1.777477599726311752e-01
-4.730109520094966796e-02
7.686230580665839862e-02
-1.583127565457696784e-01
-4.737641084832260735e-02
-3.849811357994081112e-02
-1.276010800322418259e-01
1.170801059361329111e-01
-9.683891933755392478e-02
6.366070639630963361e-03
-3.919351279013700423e-02
-1.754805902048875155e-01
-2.222168347559387303e-01
-3.485022926399751197e-01
-5.905919694637925543e-01
7.240608818362033461e-02
5.964074235689822978e-02
3.549639133401585184e-02
1.013389299432730095e-01
-6.319493591766370266e-02
-1.130389501360102716e-01
-2.323821074046535096e-01
-1.409921793920949074e-01
2.427495865009139941e-01
1.176753974181462131e-01
-2.248803745530094655e-01
-2.197189421205997251e-01
9.934799131929379634e-02
1.636124197188645046e-01
-1.075200221919897781e-01
2.142324672187737034e-01
-4.331200643741316414e-01
-1.625661768100820359e-01
-2.880072073012417966e-01
-1.023251942598913250e-01
1.313715140647447599e-01
-4.645623445717301375e-03
-4.729816175240440790e-02
-2.415457877275210136e-02
-1.335930180147847923e-01
2.734258734710736105e-01
-1.717684922858773999e-02
3.966409844926904217e-03
2.075475150013796621e-01
1.332289494608523417e-01
8.351644442664632462e-02
2.855332824454274165e-01
2.302507439981529500e-02
-1.288423805675853462e-01
1.799322288293092043e-01
6.095818574431233726e-03
2.848495412925151210e-02
-2.328189066510735761e-01
-5.132054422038173636e-01
3.280706183861398229e-01
2.457092280050174882e-01
2.162283727204322159e-01
3.279871355930232685e-02
1.425653196714993520e-01
-1.078163572891794320e-01
1.437794431506104476e-01
-2.047011636428768544e-01
-1.759719011052811588e-01
1.328442375076577808e-01
4.813346205149691692e-01
-1.209587116697832532e-01
1.762224884120649690e-02
1.977047392525730085e-01
-9.971569641437415255e-02
-3.133717033197799262e-01
2.354625394216565692e-01
3.298287279173958142e-01
-3.549197598211363547e-02
-1.421202716051690185e-01
1.577532424862132798e-01
6.934242963462616816e-02
2.592881088565330838e-01
-1.872914277698143615e-01
-5.627570611488348640e-02
9.852933479744427347e-02
-7.605460134623254209e-02
-2.562934324079267356e-01
1.266315922361835600e-01
-4.710796831116721983e-01
2.515088597354888864e-02
6.536297674744161179e-02
3.170972079073536287e-01
-1.815115148865952543e-01
2.161771460613181317e-01
2.559254939226894843e-01
-9.369716631204408341e-02
6.923375787299325401e-02
-1.337907697250768635e-01
3.704826242007392412e-01
-1.756562863560032217e-01
4.420610827310458846e-01
7.559140385430858367e-02
4.980660852446839870e-01
1.000000000000000000e+00
4.850426091565799291e-01
-1.578939824635804956e-01
-4.524109583629901121e-02
3.203870103253525503e-01
1.748596823407273515e-01
1.591942129268802131e-01
3.015820182419381990e-01
4.591625950932578526e-01
6.475370856414857101e-01
1.042013971677388795e-01
-4.628175059818240289e-02
-3.249608430053051861e-02
1.502511974736579770e-01
4.645422710684219414e-01
4.485168817822159926e-01
2.338364875476897087e-01
-1.758341981407278778e-02
2.513785144682497696e-01
-1.043835482050189251e-01
3.078541814304166513e-01
4.654263197293184023e-03
-6.304561731498360341e-03
-3.069116651466540988e-02
-2.536843254940494008e-01
-1.827198502393186375e-01
-8.105836279175744619e-02
6.150957472333517216e-03
2.072403096661234456e-01
4.373775267028883612e-02
2.085790207933676810e-01
-1.961875168122959034e-01
7.869233075637670216e-02
-1.599365780637165835e-01
-3.832030230685631172e-02
-1.393352322279129141e-01
1.670168395663669536e-01
-1.420179335209661997e-01
1.521729995083175857e-01
2.365098823293646790e-01
-7.207499091748768849e-02
2.597137257039753289e-01
4.091501754504796307e-02
-4.719124772221369030e-02
-4.098471602588495966e-01
-6.211814621235182965e-02
1.005289949963822510e-01
-2.444493145773880827e-01
-1.029128581912141516e-01
8.562082768515803799e-02
1.354884611893434621e-01
1.230761136989986099e-01
-2.782924776337388634e-02
4.980758820248736007e-02
-6.116743203318741884e-02
1.693661343360941263e-01
1.487517666769583025e-01
-6.711913175084020799e-02
4.240522060112370678e-02
3.221509079829704136e-01
9.305987578104410463e-02
-1.339685386906522002e-01
3.455742070807095168e-01
9.339985229414075885e-02
-3.881044041225306662e-02
-9.657269182306152389e-02
-9.181963001508820776e-02
1.043623531494574097e-01
1.324894420544353857e-01
-1.564038346897100168e-02
-1.780193613236126168e-02
3.977512092506173547e-01
-1.792923595791258706e-01
-1.305737010521683117e-01
-4.338514539609952814e-02
2.419185353996868015e-01
-2.479898166329385645e-01
2.524962690198098714e-02
8.658624557042285397e-02
2.200729555799685877e-01
3.496905269614052902e-01
6.210265480942649408e-01
2.625692554955283420e-02
6.291134681564362896e-02
-4.311477517476824950e-02
-3.788641009822308909e-03
-3.135915235639186865e-02
2.768963418399479348e-01
2.342922542853125845e-01
2.073723673234383336e-01
-1.370352618189677081e-02
-3.222758996679876003e-02
1.463113979149182897e-01
-2.115132824885804508e-01
-1.635213852423737513e-01
-9.765116048908702162e-02
-1.929489016680339120e-01
1.371025094155982893e-01
6.977469524254172051e-02
-7.187657257794129173e-02
-1.214990976440511600e-01
-2.322180210474522610e-01
-1.528023503276900452e-01
2.185429445760454503e-01
-5.742765100397915351e-02
2.034084000056854136e-01
-1.225079994037142489e-01
3.174781680854007471e-01
-3.253209816572125157e-02
-1.185688241667712806e-01
-1.936833663481491996e-01
-9.652779884142909106e-02
-6.071088343223330491e-02
-6.883880013402536580e-02
2.244038330244068832e-02
1.135119206586590462e-01
-7.160171523378591231e-03
2.348423800101336056e-01
3.354517939845446661e-01
1.692759503107056987e-02
2.261705166415738655e-01
5.166271739397841622e-02
1.977466229370120343e-01
8.082600327098345139e-02
1.616052165842028210e-01
1.402710091802977510e-01
-3.423835731165758567e-01
-1.594424883341802324e-01
-7.350673069545027305e-02
-1.203052690705422589e-01
-1.213061624004649341e-02
8.099661731039449475e-02
-1.739117441991217539e-01
1.136898865511460771e-01
9.958868427497062636e-02
-9.849754967087858207e-03
3.788755168512208948e-01
-1.177190389645497437e-01
-3.032283722823327782e-02
-2.811059632773410533e-01
1.820690639744210887e-02
2.251034273014378972e-01
9.384802665802126354e-03
-2.037520890390746575e-01
-2.404590279153821786e-01
-2.614954194743865021e-02
1.377642403506232627e-01
1.095274572999889451e-02
-5.802239401279232073e-02
1.030120293061925207e-01
1.358319196241597193e-01
3.957900647621786366e-02
-1.809708502925808649e-01
-1.848281792777833332e-01
-3.731513643961427151e-01
1.924924304211952583e-02
2.197364216032659245e-01
6.528031216909889467e-02
-2.010624268246110347e-01
9.521881007890657667e-02
2.882791805041420297e-01
3.344003435469973529e-02
-2.386683441331717004e-01
3.513174381832122328e-02
-1.468513143172627267e-01
-2.534578313649501688e-02
-1.876232282590203915e-01
-3.059627628065911265e-01
1.654125704760681936e-01
3.288388711335990533e-02
-1.071200551373626825e-01
1.937363170670441948e-01
1.574308272791399010e-01
1.896070147484449908e-01
3.637601718758719238e-02
6.625425470243655190e-02
4.452547684303786446e-01
7.805832827286471320e-02
-1.649188701728333123e-02
6.107573358850394707e-02
4.268317898776827907e-02
-7.089433878671347333e-02
-1.131385064689383879e-01
-2.437983751096753360e-01
1.405732505600066629e-01
1.716835214841468671e-01
1.863897520707567257e-01
-9.140812901519483613e-02
2.877100508248472410e-01
-1.363606507054459238e-01
6.140636420481932617e-02
1.941524698615993694e-01
-2.014723989252006214e-02
9.269252820696112505e-02
-1.927227167777139510e-02
-8.973554166217870276e-02
2.215931145214194709e-01
1.318602882924453656e-01
2.527636458405437825e-01
-7.976974199190139947e-02
-3.863290027889352413e-03
2.308370410178450238e-01
1.239825273130232101e-02
4.149250673483602658e-01
-5.464089035855183851e-02
2.771824339429739270e-01
1.832187537325990698e-02
3.156766186230906129e-02
1.277403712560046256e-01
-1.094973088266276984e-01
2.946214590721314974e-01
-6.023388238419404017e-02
1.422743846911379839e-01
8.117595292476428859e-02
-9.587205003754577237e-02
5.137332788488084834e-01
-2.130646430369710909e-01
4.950871351052427149e-02
2.529513879468290871e-01
1.992105489563181508e-01
1.754953331658685722e-01
1.948879966607046724e-02
-1.121816132317464132e-01
4.777997200611771439e-02
5.187548789338834732e-02
-1.106580540614107017e-01
-2.340503098943552684e-01
2.174048427589903576e-01
-3.822998349589698530e-01
-7.361520553019727797e-02
1.388323872517565061e-01
-3.371661730574565530e-02
2.595260652905247989e-01
1.980538705797516563e-01
2.500671802462300919e-01
2.094288089176954137e-01
-8.860764345388427721e-02
-4.000165033917545410e-01
7.159416211513047745e-02
9.974201562810486310e-02
1.341538592277733144e-01
4.061612693533762641e-01
-7.696397739202608113e-02
1.983859177834258747e-02
-1.268773934949727310e-02
1.867750518825544159e-01
4.331034162813343635e-02
-1.950486272876971738e-01
-1.349648066365683186e-01
1.885665175280703265e-01
8.974571452138427330e-02
2.835657824267412766e-02
-1.245491071258102433e-01
-3.821845538222408134e-01
-1.360290806842905931e-01
-1.311860389081953016e-01
-2.112702439428841283e-01
-1.180876381044097395e-01
-1.876165007277927066e-01
-1.211025731257922705e-01
-3.559800094299023221e-01
