-2.147603580086803743e-01
-1.470430184258459672e-01
3.466616254276645714e-02
7.741231268045639831e-03
2.038671627055350585e-02
1.824680026820818535e-01
3.257442655783542307e-01
1.791642039827657795e-01
7.252969105113200865e-02
-6.180411327456183934e-02
-2.068231400995807212e-01
1.957301072480602810e-01
-3.424397619105618573e-01
2.688686081277433804e-01
1.697315422000772803e-02
5.900591545644579168e-03
-1.606824969937539760e-01
-3.323238222315872958e-01
7.261665548736013776e-01
3.466434790190132953e-02
6.962415939224091133e-02
-4.348441247159999523e-02
-3.639685879265320279e-01
-9.801193352609507969e-02
2.124523634026742880e-01
-4.691632900220851221e-01
-3.206714768458251985e-01
-8.439868517567634953e-02
-2.150537719025085726e-01
2.062681958261666226e-01
7.904980580353407338e-02
-6.840153101283741321e-02
-5.197101010772859908e-01
-3.243267395602734693e-01
-1.205331519537581886e-01
2.765613510417429602e-02
-4.181820332184089418e-03
1.264488508180239834e-01
2.362294218931051404e-01
4.320000168415767949e-01
1.744654760882177746e-01
-5.719186731182344073e-03
9.718799093549945756e-02
-1.126805346141887126e-01
-1.857709515456763272e-01
1.066385866413116362e-01
-1.068118481493733757e-01
-5.504846589872375295e-01
-2.689418589705710461e-01
-1.209582896731012241e-01
-3.243406552458491521e-01
-9.089950804324509193e-02
5.147092699257712622e-01
-1.524398985907774937e-02
-3.391769630629425381e-01
-1.910844843628973777e-01
7.700195391056469107e-02
-1.574195914025782184e-01
-1.103587351791411736e-01
1.993673980209092478e-01
-4.569328698222102636e-01
-3.254309234512192117e-01
1.986168130167202950e-01
-2.396991054745331237e-02
4.658197682810872875e-01
3.357034367126714158e-02
-2.698392576652643426e-01
3.070658421968447960e-01
2.695161936464644525e-01
-1.942927556272738554e-01
4.019058715148276367e-03
-1.061610603232830408e-01
-2.741966898859686877e-02
-5.784892518327009459e-01
3.632260435980972924e-01
4.744917454434017384e-02
-5.464744661238205015e-02
-5.209129079669391205e-01
-4.063040200433520877e-01
-1.837659141452688272e-01
-5.602739268627105612e-02
1.221603842650100108e-01
-5.475357400976483824e-01
1.121768088730466656e-01
4.531841427081539919e-01
1.476238167513176883e-03
3.849824411052588102e-01
-8.671638933445903474e-02
-2.003453061218231357e-01
-2.036368970328046035e-01
-5.221663103113511478e-02
3.263523456555067481e-01
8.264929903207808570e-02
-5.088583634123132471e-02
2.940664380768657771e-01
1.376983218055043666e-02
2.061158314695555327e-01
-1.718241043781232047e-01
1.542021360774094851e-01
-4.473530053931771278e-01
4.063513916938032433e-01
-2.102816515142228171e-01
2.749166970283012379e-02
1.417496273291347919e-01
5.643715521721874573e-02
-1.364173014377343951e-01
3.390479643703333407e-02
-4.648519700258904042e-01
-1.620584328988118605e-02
-2.985233236566238180e-01
-2.742003304866769131e-01
2.255001039782704997e-01
-7.348305519569749492e-03
-1.819906898512112237e-01
3.069716563413070129e-02
1.405019387986780610e-01
-3.110607532051656299e-01
1.039565702175657830e-01
-2.495271542245230123e-01
2.661950634670454119e-01
-6.102939390422187221e-02
3.367802439080449517e-01
2.036323419661946466e-01
1.047788007979425506e-01
3.503451948231102731e-01
-2.308801914958726609e-01
-2.515730847330482911e-01
-4.699292921888165164e-02
-2.649691547397451385e-01
2.519147632462006570e-01
-1.020045988062796144e-01
-1.984379310279122122e-01
2.252074372895176702e-01
5.067396236047407021e-02
-2.636023771463789633e-01
3.918143009440664959e-01
6.969648445016633775e-02
2.223026528356794040e-01
9.257934655329567997e-02
4.068995999419481452e-02
1.963697937419146278e-01
3.169323956741856296e-01
1.382603634464226738e-01
-3.597340371983159257e-01
-3.297840582274786936e-01
5.812692499311439276e-02
-3.588509889261610672e-03
-1.412137983823579523e-01
3.532823648522186166e-02
-2.256326826149535059e-02
1.521608665165593427e-02
1.782049514181666128e-01
3.443233220063420669e-02
1.478012881050496004e-02
2.242788233824357519e-02
2.252291842766448726e-01
-4.301478106550542246e-02
-2.375512829383591151e-01
1.191027017366432517e-01
5.122655383714006527e-01
3.810538035868459295e-01
3.559440290220897696e-01
-2.089688239643675265e-03
2.483413257682292041e-01
4.580603332679810541e-02
3.729889213585162178e-02
-3.815122851858999964e-02
-2.003658399093403708e-01
5.083964096145074385e-02
2.871882444576961957e-02
1.019300383374302510e-01
2.487519073405227155e-01
-2.446561973503719456e-01
-1.530513954644031893e-01
-1.969177893654604217e-01
1.094926575777212946e-01
-3.420821354708554751e-01
-4.248896913230203465e-01
-1.926707496384591212e-01
-1.422942071581533852e-01
1.692349817071285567e-01
2.935973116855921661e-01
-3.040249902467378473e-01
-1.332793558063117001e-01
5.931462527779496341e-01
-2.746197717760479606e-01
-1.647060892089027007e-01
1.504413120315753749e-01
9.229568534546311875e-02
-3.446286497731171350e-02
-3.715133706718541373e-01
-1.729353333453038655e-01
1.408688519298004205e-01
-7.996322014807405454e-02
-4.697742808789214242e-01
2.706885395957330243e-01
-4.107078260663575564e-02
4.559679302822925578e-02
1.304613129978627328e-01
6.713643916598477368e-02
-5.150328286422022339e-01
-6.057820043430627022e-02
-1.463626132908131261e-01
-4.122105717758101084e-01
-1.742678359324938142e-01
3.021259863765078935e-01
-2.170089394169519847e-01
1.380628107856994059e-02
-3.286291895222008819e-01
1.790458334218577585e-01
-5.435922413370496142e-02
2.036228417876207453e-01
-2.650507274688227444e-01
-3.140116612025140030e-01
-6.119674138222092746e-02
-5.615071247209826172e-02
-1.287691886589950596e-01
2.082381958797670934e-02
5.032605990368933108e-02
-1.245341432331478898e-01
-5.185563675311131160e-01
-2.642288171191828905e-01
-2.698438086189191010e-01
-1.472724332609539055e-01
2.385450692208133106e-01
3.659062692657089055e-02
2.271456715950775640e-01
1.431885164932684418e-01
-4.198974037708013696e-01
-3.903830624103556968e-01
-4.351812367558614558e-01
-2.366031994293111562e-01
1.851786079992217282e-01
1.720730698096982203e-01
9.458997364009621989e-02
1.728473231854585068e-01
4.015926094346591174e-02
-2.817891409241709000e-01
1.424975827641131454e-01
9.014835650515458376e-02
-1.672893758903396810e-01
9.661010090547066109e-02
2.655405786359321674e-01
5.706839383284621932e-03
6.455373718575005970e-01
2.282960419345957115e-02
-9.147697109895798484e-02
3.196317148749829307e-01
-2.982236167098438820e-02
2.886407258263624098e-01
-2.497711642269442589e-01
7.076120191976220664e-02
-4.573405980209228616e-01
4.789413283247145880e-01
3.249070231735380898e-01
1.000000000000000000e+00
9.665284035246735073e-01
8.542548037474162470e-01
4.791223102778161547e-01
-1.218398800008487215e-01
-2.708401505430566569e-01
-5.634231729039611844e-04
4.619505008272349333e-01
4.157849084268891993e-01
8.761656956644027494e-02
1.488235470828682405e-01
-8.328669868625304673e-02
-1.303840715310473353e-01
3.182983583391612026e-01
2.992270050962206329e-01
2.727377114318912943e-01
5.102226308850073971e-02
1.851743382560401829e-01
2.610719840784484491e-01
3.364613860220665997e-01
-3.505876364878535711e-01
2.306012332097721329e-01
4.153961805853244038e-01
5.034311742750294805e-01
5.327276968302794291e-01
6.971741650892553099e-02
2.008321294484574915e-01
-3.431341401373183553e-01
2.983300333758657774e-01
1.317469448364671780e-01
2.285672970024009709e-01
3.669063336475921200e-01
4.060155567604022131e-02
-2.076998879459654723e-01
-2.452616375410789362e-01
-1.800129110837964397e-01
3.039803673175904830e-01
-2.898785097027462010e-01
-2.296638178544322395e-01
2.939724830925819488e-01
-1.328798755662767284e-01
2.242702519427826335e-01
1.206622475958412342e-02
8.115098239725852813e-02
-5.245675924444946625e-02
-2.247878440320693338e-01
-3.282907817452334481e-02
-3.802053310860113028e-02
8.021866823491514975e-02
1.926009639276122509e-01
2.740045851035798896e-01
-9.404879719715825148e-02
1.754171601758769405e-01
2.079809648090632235e-01
-1.911944844055573148e-02
-2.095891398356551985e-02
-6.979883726992583415e-02
2.463408496386662594e-01
-3.409471600915984779e-01
-1.333538444388905897e-01
-9.051625282730457744e-02
-3.626809566629784487e-01
-5.674307402905663933e-01
-6.770610373615279509e-02
-3.902716588851775636e-01
8.135435179898371783e-02
9.661366246384063550e-02
-2.848476774011694523e-01
5.463492479756761055e-02
4.056130302939629090e-02
3.130389706499776131e-02
-2.592301926755180563e-01
3.426843953744868748e-02
-3.063276722638912930e-01
-2.325598103145081752e-01
2.600494119368441104e-01
1.754630025089139178e-01
2.105317234018513617e-01
3.047103664583396352e-03
-9.961626167075344346e-03
4.885287038245623159e-01
-4.531626030039276332e-01
-5.808780130134085645e-02
8.152184504082551908e-02
1.810165280927738263e-01
-8.054766055670666003e-02
4.582344284745110130e-02
-5.259631285797158329e-01
-3.946790010139204496e-01
2.128901462018576718e-01
3.215090169825614574e-01
-1.026327076560833718e-01
8.292460553763150721e-02
-1.605485212358682967e-01
1.940845889687067838e-01
-3.219403683283470485e-01
-5.001041566773198888e-01
1.037741718948635428e-01
3.384738277497097436e-01
-2.877795460211288181e-01
-7.175180218945198529e-02
1.817770792700938443e-01
3.296275370754995770e-01
-1.389702755124997205e-02
3.021821541336766059e-01
-3.442073580730360960e-01
1.658031665045103242e-01
-2.235843576606786065e-01
1.042207363706194184e-01
-1.523336197593587182e-01
3.698747579091499205e-01
2.610817238773841323e-02
2.990713316886387529e-01
4.422886738869821234e-03
3.541550738265404341e-01
4.417302278163877660e-01
-1.380430331346234607e-01
-2.594045175064368380e-01
-4.721409906578690752e-01
2.469149620533420825e-02
-4.004546151461577108e-01
-6.615710651405135589e-01
5.692835914356890459e-02
-1.988031259445586230e-01
1.107535926292284451e-01
-4.343802610347832771e-02
1.120965951074443107e-01
-4.143957658837388314e-01
1.506624111846679437e-01
2.073556990156505686e-01
7.428040334219884744e-02
1.592296306249640359e-01
-1.632033206165975706e-02
-1.678013167741526923e-01
-1.431273933069459603e-01
2.872582569268192221e-01
-8.005696164519995883e-02
-1.872118195003569241e-01
-1.897289435484201536e-01
-4.183177853002100766e-01
-5.886845929188475740e-02
-1.440478199117367353e-01
-1.087592936757819650e-02
-5.257623626141100931e-02
-1.486465371410506942e-01
-5.324312775948154552e-01
-4.951499217467427577e-02
-6.438728289523003301e-02
-2.151716576488783492e-03
-1.094928284102960996e-02
-2.713759732855989260e-01
-1.060395058408673818e-01
-1.329039318919227053e-01
1.162201692847756596e-01
-1.733700389665585595e-01
3.168205729219887579e-02
3.523112317967700968e-01
-1.162776301465416745e-01
7.714536212370909363e-02
-1.999565679630685433e-01
5.794716165521596185e-01
2.181101119888244344e-01
-4.784261295918441625e-01
3.529941571876320933e-02
3.071301302134029840e-02
7.307866388833551829e-02
6.731845985180215375e-02
-1.293962300730090720e-01
-9.921633125224299521e-02
-5.526544352521201020e-02
1.041415120003018197e-01
1.602902528182950370e-01
-2.103043488763935431e-01
1.611492135071870002e-01
-2.352493690819225727e-02
-9.556256294790038686e-02
-2.430138997642718734e-01
-5.465808146823336600e-01
1.573005475641671425e-01
-1.046145713825731988e-01
5.059332162055581172e-02
1.242159710331417616e-01
7.936925449229324803e-03
1.462759620944204808e-01
-2.170822148498758319e-01
1.016107924973998072e-01
9.150631340168445538e-02
1.530400191259060627e-01
6.008390727305984447e-01
-2.901730587557018737e-01
-1.228157168405430433e-01
7.339051571832014287e-02
-1.385351874359945779e-01
4.342811547201289729e-02
6.645629685551837640e-02
-3.887130324494086214e-02
-4.511554907079812216e-02
-9.331411698630426299e-02
-2.343276980046679059e-01
-5.186902549313040511e-01
1.777126616701425466e-01
9.219447179776384116e-02
-1.010714203781146181e-01
1.670513210295467565e-01
-3.299749960365440660e-01
-1.320867182597803280e-01
7.463532217214455255e-02
-2.818978655426848112e-01
2.609669954852212315e-01
-9.146393806508806845e-02
1.366890525891523989e-01
1.274679497589531751e-01
-4.239041592034783479e-01
5.138846803481150749e-02
-3.946628256486316849e-02
1.852016072062452334e-01
-2.240437313659566221e-01
-1.188010520657870189e-01
2.014892931862574954e-01
1.093760339343406718e-01
5.332388798705427202e-02
2.156592963379776740e-01
2.320417415921675192e-02
3.332054081250725164e-02
-2.152955299725589633e-01
-3.577975394930936193e-01
-1.008682644635473663e-01
3.209790832014850631e-02
-2.817790967105123223e-01
-1.471429797536489836e-01
-5.676059867934322156e-01
6.860633330558763010e-02
3.068757973566975661e-01
-3.473672928817954086e-01
-3.665475555273338126e-01
-3.730243717279721483e-02
7.335945108055972330e-01
-1.484144433992785617e-01
-2.564163743857523214e-01
-5.267296183772622875e-01
-7.372711553733797551e-02
5.381778920593024290e-02
-2.372971506817742604e-01
4.769444708382497566e-02
-3.501033031708666865e-01
1.774416352249379436e-01
-1.976182519762635925e-01
-1.466003541251036935e-01
1.822575307979738268e-01
-1.996636487668939919e-01
-6.992845492693512688e-02
-2.050125240260810278e-01
8.883703848414555015e-02
1.987733691126127890e-03
-3.465708655445919883e-01
1.826198149349139155e-01
2.564602831526956450e-01
