-4.382624456418907077e-01
5.867177261523711523e-02
-1.877224216002881252e-01
7.670292835118273922e-02
-3.470333139960260493e-01
-3.673325242406323965e-01
-2.457622155832584615e-02
-3.178072690679417667e-02
1.071697667297200895e-01
-3.039611538035802418e-01
-1.572991691749971721e-01
-7.879490108389869407e-02
3.787143194763341048e-01
-1.312645687637652436e-01
4.498284765164427268e-02
-7.466112827716143985e-02
-2.896035648303542029e-02
-4.353754036788591297e-01
2.935782998017099632e-01
-1.918721151675067127e-01
4.582089034482840538e-04
-9.356339550037090502e-03
4.079336935487608284e-02
-6.706833812546411644e-02
5.901731236565069261e-02
-5.133588001083814155e-03
-3.118998588101505320e-01
-1.074684257978307106e-01
5.668004256957960285e-01
-1.259927033222859039e-01
-2.842237937920915058e-01
1.900579196758609424e-01
-4.279648472378734156e-04
1.670321580036127074e-02
1.624605832164010277e-01
-2.166528199095017204e-01
-2.830207739364382080e-01
1.148680577923183108e-02
-4.936575708004637963e-01
-3.077188863786928241e-01
-1.958070162665283623e-02
-1.521710845478755347e-01
-5.176321608126698004e-02
2.963540558195547070e-01
-6.738826958851686089e-02
-5.740504789892412335e-02
-2.994491825908206922e-02
-1.147166421343790571e-01
2.035482617529681681e-01
-2.912819956248539066e-01
1.924092198324425795e-01
1.122526629399605777e-03
2.547740338775474345e-01
1.491071353718552706e-01
-1.096476891164981787e-01
-1.452215834415211404e-01
2.135583077348535141e-01
-6.091609454499666287e-02
1.493731056632248977e-01
-3.601757186561636570e-01
1.119260156274962947e-01
2.158570546851342614e-02
6.462092062805566313e-03
9.571054327648836901e-02
-1.715788255694044584e-01
3.049051117683944656e-01
-2.277857835663528105e-02
1.829282166274474875e-01
-3.153870414871686734e-01
1.924995096792611604e-02
-1.209481144127524249e-01
-5.746642396579188655e-02
1.052858832135075556e-01
-3.824186598918344893e-01
4.683239511961369977e-02
-6.557464310894195458e-02
1.096717624565235333e-01
-2.841379629253640848e-01
1.093213930297041170e-01
-9.182711076896148128e-02
-5.669997950817243226e-02
2.310081413231568070e-01
5.081203769355950861e-01
3.061784793521837855e-01
-1.211762318451569259e-01
-7.577264845023502782e-03
-5.555055866402413001e-01
4.031367379959507891e-02
-2.489386145832989949e-01
-2.359078709728075762e-01
-3.431634281621571969e-02
1.571019491470112828e-01
1.056231046508886717e-01
1.960060348278118980e-01
8.883391259963205333e-02
1.378713872268726159e-01
9.248017167734884358e-02
3.389614752819224419e-01
7.851605469146465122e-02
4.334476152670103111e-01
-1.852454794344290945e-02
1.671380674511616787e-02
-4.343305022188365810e-02
-1.081029932515449460e-01
-2.074894755358231146e-01
3.098060448984037984e-01
-7.422643016243669206e-03
1.565827814492508907e-01
-5.126878759634101446e-02
-1.389916397551359817e-01
3.342371585965935865e-01
-2.003320571529564834e-03
2.029916444748250393e-01
-8.201190896726791302e-02
-1.191206865955034000e-01
1.360870998107418552e-02
-1.091124474493550406e-01
3.787607688921081350e-01
9.739792898570112656e-02
1.211431961380243783e-01
-2.161353683559799344e-01
1.573111854956824041e-01
4.478138720315310434e-03
1.442739304078817508e-01
-2.443750279254767455e-01
-1.590268115789294501e-01
-5.840391115197932081e-02
-4.902871086752938479e-02
-1.853932754377482506e-01
7.840922331821047198e-02
1.902879346355146606e-01
5.399010412195782982e-02
-2.482004402486586575e-02
1.496922869173174520e-01
-3.544288341268939657e-01
-4.457838429905172650e-03
3.104110434628777893e-01
5.214560205671244647e-02
1.340162325616503225e-01
6.094521328775986957e-02
3.580702510036178343e-01
1.485948199125697589e-01
-3.934775556220164450e-02
4.655500601232598901e-01
2.547621925845255375e-01
-1.572881749516598371e-01
2.703760924902831042e-01
2.284741931151745842e-02
2.827126087244173358e-01
-2.785921839839420322e-01
1.636349376006894507e-01
-4.782027050466505086e-02
6.026942937325984601e-02
-4.935702316104520482e-02
-4.151670617983541089e-02
1.629592162036062331e-01
2.014082205071266729e-01
2.310334995408918624e-01
-1.569036288547384916e-01
-1.295695524330496007e-01
-6.227413160262063388e-03
1.867331770013897496e-01
4.121932527574287963e-01
1.404327021151672017e-01
4.269470248217648312e-01
-1.601171137581458848e-01
-9.710607061319135105e-03
1.142098940358725334e-01
9.789248250544689556e-02
-2.662799068233354660e-01
-5.404058918155992680e-02
2.947069488099723911e-01
-2.243774307169134063e-01
-1.138630601136019771e-01
3.030940986816937910e-01
-7.444734666504543297e-02
-6.833470026186334867e-02
2.201149100879465359e-01
3.773286055881827639e-03
-9.516830251731624168e-02
1.679197264701931189e-02
8.244622738308765575e-02
-3.701932763939718707e-01
-5.159747578487056119e-01
-9.826869463977216945e-02
2.088293770994507914e-01
-1.379550830212844248e-01
-1.938161305715459803e-01
2.465943416928417509e-01
1.000787856148120242e-01
-1.496743561193403238e-01
-1.463274656200395096e-01
1.405872614265164244e-01
1.138519221616318550e-01
-4.286783559391612042e-01
-2.764003760799962645e-03
-1.382313660136601507e-01
-6.725427142552832353e-03
-4.680757773986792686e-02
3.906709616480462388e-02
-2.479162342915809392e-01
1.645697427073460617e-01
1.686136333540195209e-01
2.298930999311335766e-01
-1.519563995178979388e-01
-6.461357636668868532e-02
-2.204867301677559677e-01
1.486481576463056717e-02
1.427745304711737773e-01
3.386732276979535078e-02
9.682997055382912277e-02
-2.017502559713914567e-01
4.062887517328058196e-01
2.643630157740857745e-01
-1.484881604420437984e-01
-2.459764295590330663e-01
1.247711024453962009e-01
9.427765723711909254e-03
-4.045578894556718930e-01
-3.825929456204360535e-02
1.125624462651245716e-01
6.803877345222081319e-02
1.470991586821694119e-01
3.593384763239449442e-01
-1.636016486989545771e-01
4.349914657984584043e-02
2.661563919560802627e-01
-2.158016073811576396e-01
-3.226252295356442645e-01
-1.427148548990224419e-01
1.445780318019653787e-01
-1.586735786895823730e-01
-4.967603667587017213e-01
-1.755591643782258848e-01
4.019481358109622260e-02
-2.173068936210482693e-01
3.980736967833965051e-02
2.583271035415292127e-01
1.605422386171393712e-01
3.494913704838718549e-01
-1.912569336897907606e-03
-1.886168573158296946e-01
-1.295915188748547886e-01
-1.203299784609469097e-02
-1.293116222109912117e-01
1.216631078754913803e-01
7.580303335214504633e-03
1.861708266289653912e-01
1.580489019645340276e-01
-1.444389743229929080e-01
-1.464975424133152793e-01
4.888030357852458929e-02
1.045837689767681183e-01
1.686734808288852527e-01
4.456151738520761629e-01
1.000000000000000000e+00
6.622098077382811976e-01
7.438802360732191810e-01
2.360739121222276971e-01
-4.364282105316916183e-02
1.825958186972600761e-01
7.912372916622968655e-02
1.002960276894868524e-01
4.614486853249415432e-01
-2.612238966709024002e-02
8.820323706115448803e-02
1.040442259466213548e-01
-4.652315790852701860e-01
1.238623714220996458e-01
-4.067137995467399320e-02
1.925520910596989488e-01
1.811655848270638802e-01
-6.750498221012687927e-02
-1.638068680975830471e-01
-1.654798616383026388e-01
1.023489252029447516e-01
-3.684812932783119999e-02
-2.079737225237749398e-01
-1.617168335907850085e-01
-5.381992098766147370e-02
-7.296095828037279206e-03
1.185374482268126139e-01
-3.537292831040638741e-01
4.820746321572289515e-03
1.659047020843351650e-01
3.042992493627650827e-02
4.701285672629361145e-01
-1.678440566477139946e-03
3.398766490959131414e-01
2.150422465378534487e-01
-1.229110734179418712e-01
3.345684875615522746e-01
4.215034914776185637e-01
-7.179188259697716346e-02
2.592437891761062776e-02
9.653919853222205083e-02
1.442049175502713443e-01
4.847397859204845977e-02
1.615019986629624427e-01
-2.396410580565759285e-01
-2.049847299786043686e-02
3.388820246884723941e-01
-2.479077627696056330e-01
7.659306796804758732e-02
-3.072287936001056874e-01
-9.665041247969585747e-02
3.977901679404500374e-02
-4.973823999943968038e-02
-4.251335931855735467e-02
1.684654261418245536e-01
-4.027975707995580801e-01
-1.268865482070360706e-01
-8.476717078710484243e-02
-4.049005886842131641e-02
-8.281892270667709499e-02
1.789370649783131872e-01
3.269263158449380868e-01
-1.062935774434752567e-01
1.241344780862915498e-01
7.027545223589042045e-02
2.972110921336784672e-01
3.460261199053651371e-01
-2.545034683299031708e-01
-4.598784623838296781e-01
-1.471005809331370207e-01
-7.420197360163394151e-02
3.599874016028171142e-01
3.133430687670843984e-01
5.202065873999753842e-01
1.725323398570799971e-01
-7.230472636965107336e-02
6.249342596346276618e-02
9.822116373420994306e-02
3.693241290875739352e-02
3.136145846004849136e-01
-2.989642083098693615e-01
-7.467568599300790366e-02
-3.152343576981854190e-01
6.337589441537677323e-03
-4.057350227802017373e-01
-1.408277046417274470e-01
1.166943778928310610e-01
-6.539784528125087981e-02
-1.792137135948934923e-01
-2.617683838099608695e-01
-1.275189337205262785e-01
2.148666242025468187e-01
-5.892560772030006749e-02
2.440423674010626931e-01
2.417910120359389459e-01
1.265292391612998224e-01
2.634936309226214995e-02
4.627595922448123067e-02
-2.024094376030788900e-01
-1.733829591792792474e-02
-1.774898442405764276e-01
-4.012537783524802726e-01
-2.703781055720559379e-01
-8.607288096696336099e-03
-2.435602990422646164e-01
-2.958251224279620506e-01
3.637236951136303686e-02
1.901155790412905056e-01
-7.896424094246587075e-03
-1.703540048193131207e-01
-5.154782229073145115e-03
1.341961157474270139e-01
-3.385748284560068933e-01
-1.490547496600687916e-01
3.509047458324036639e-01
1.444545919767002695e-01
-1.406601848931488818e-01
1.730816329315644775e-01
7.276828874920278356e-02
-6.867547902251384950e-02
2.275671861663685902e-01
2.424071642019052231e-01
-3.720475971901701095e-01
-2.699639624118265191e-01
-2.760043292163019690e-01
-2.350342605499942950e-01
-3.692559204118578409e-01
6.460719940448163279e-02
2.472240107835073919e-01
-1.212400531961951682e-02
-2.051489389763477139e-02
-1.885707204871258369e-01
-3.197819329040002545e-01
1.023582376253648479e-01
4.715711574652495242e-02
-5.709353777889560055e-02
-4.616120950566532377e-02
-1.592049417157266611e-02
1.494270263223606565e-01
-6.890178961918132228e-02
-7.410427326780302804e-02
-3.129649339756914728e-01
3.637508329289033671e-01
-1.339860633613086105e-01
3.911470012830988718e-01
-9.818097952007475912e-03
-2.738523278118447091e-01
-1.463578472356429627e-01
3.121004799082273684e-01
2.145825512104994337e-01
-6.044055331301621120e-02
1.185503743207067529e-01
1.016220928224130342e-02
1.303604329967295028e-01
2.210696185617919696e-01
6.138520863580517600e-02
-9.480678565821665238e-02
-2.523779504565867859e-01
1.655283149223327199e-01
-1.432770520625315791e-01
6.502495623618508025e-02
-2.427274956324425303e-01
-3.011001833624891988e-02
8.791564108913146880e-02
-5.650891454682181042e-02
-3.798373360450502806e-02
1.103762620213532830e-01
-2.952520755195234270e-02
2.319005508688367148e-02
-2.340002265175047669e-01
-5.738206534287564747e-02
1.781029487028487346e-01
2.199998792672261116e-01
3.546815557740212038e-02
-2.164575504458580157e-01
1.226209642248530379e-01
-2.279376775448783421e-01
3.287902554814144951e-01
4.244460601089656421e-02
-4.176839419026779354e-01
1.283294675817692188e-01
2.407881405634865885e-02
-1.859453192783648567e-01
3.022170779753003966e-01
-1.537813733204138888e-01
-2.930748214885905423e-01
1.669702932247988103e-01
1.254718976472397052e-01
-4.330317377516420402e-02
3.605592801239935752e-01
7.079128178208082822e-01
-2.757623487536460700e-03
1.337681994235912775e-01
-7.670082762218853600e-02
6.709159256991412135e-02
2.831421663366091579e-01
-3.858046597675796052e-01
-2.017864331986515269e-01
1.287501222193078720e-01
2.519646884125995370e-02
2.725898045535477543e-01
2.826175156142347045e-01
-2.119101601182565506e-03
-1.026029883727916370e-01
-1.517535557809422120e-01
-2.722354148656016548e-01
-7.616056872640294961e-02
-9.014970316885656532e-02
-2.136864990695993005e-01
-2.422459025499122676e-01
6.031425333630752172e-02
-1.741864490030098078e-01
-5.917123702259090984e-02
-4.557912076794816136e-01
-2.220243898498870314e-02
-3.344064731391657719e-02
1.803038940503466081e-01
-7.230862189268038101e-03
7.882918409500741519e-02
-3.072171460285463285e-01
-9.585278601856167535e-02
-2.528245577504445452e-02
-1.550996678972012266e-01
4.305760159300227596e-01
4.577538819749325111e-02
3.116095682340510598e-01
3.283774190176014796e-01
2.405581732214196466e-01
1.625636635449094480e-01
3.634137021830344816e-01
-3.488203478559125104e-02
-2.927989761180772033e-01
-1.586607494564126197e-01
-1.882953127385162961e-01
3.346473032038709688e-02
4.831953814629307703e-02
8.516692508992516897e-02
-2.413303818055576588e-01
-1.027206018509404205e-02
7.645099352079938806e-03
-2.710574160743104213e-02
5.563825481403157358e-01
2.023833950048983255e-01
1.757073749014772812e-01
1.614216446516369419e-01
4.031693437146538495e-02
2.992256023055568370e-01
-2.621829989354016455e-01
-1.898998279042398707e-01
1.012339745024199295e-01
1.898521596253921195e-01
-1.987671391272415322e-01
7.591301086462555470e-02
-3.988747848290243314e-01
-1.888376910570952749e-01
-3.540832723715970909e-01
8.947853034627467617e-02
