5.302791503704940013e-02
-1.685076742778214287e-01
-3.817402393844021580e-02
-5.767200201143754534e-02
-1.394194827786712429e-02
-1.174679667781897696e-01
-5.197190659293976587e-04
2.224507370211107060e-01
1.517245720829868971e-01
-1.148894916061853344e-01
1.148839278925248286e-01
-1.273518100297212907e-01
1.024673786417891058e-01
-3.687093715776548070e-02
-1.132475145197718303e-01
-7.466025147539051554e-02
4.651956430394536129e-02
-1.586828951675533020e-02
-3.148930772283977091e-03
1.748433403273566902e-02
-1.303379220704245778e-01
9.332739327640077187e-02
-1.341748318380632521e-01
2.889209872126193013e-02
1.352967933539064305e-01
-1.079250622004900018e-01
-6.742381556628103401e-02
-7.349062183935728410e-02
6.316749601423708727e-02
-7.578386223346103567e-02
2.065575326432549652e-01
-2.773602418336428288e-01
-1.162322598674909030e-01
-2.354707566736647349e-03
-8.236369291552461669e-02
6.336088198640556224e-02
9.908965214771817132e-02
-7.728840694889262120e-02
3.578346475688710671e-01
2.740559467149007999e-01
2.386885522711904711e-02
1.232542230857651550e-01
-1.693733740895305706e-01
-7.126954306929081384e-02
-8.902413174198858803e-02
4.733440607145884133e-02
-1.139897560077682837e-01
-2.278221600559238169e-01
-1.378194726213241850e-01
1.476217435041344561e-01
-2.233293908340219514e-01
8.164277957546069164e-02
1.253187424684490126e-01
-2.090336969650897492e-01
3.525271114518321175e-02
8.441681394033881403e-02
2.062748456438962541e-01
-3.188327506523875449e-02
1.514885248818233776e-01
5.308449290123518766e-02
-1.411744573127116445e-02
-2.465298760320591351e-02
2.379410896271577369e-01
-1.298602934555649069e-01
1.583603597090347814e-01
1.219985218760993584e-01
9.165741068333924102e-02
9.440741142514302853e-02
4.879603985267089161e-02
-1.699185040841496019e-01
1.410577496299446065e-01
3.401998732567728528e-02
1.088564352278381525e-01
-4.746640451449147396e-02
-1.187494187157955329e-02
1.115059550360581325e-01
-4.339804034946446315e-02
8.257921690611336185e-02
2.914694111062473558e-01
6.296026419017833331e-02
1.102769567377301502e-01
-1.122447502092910193e-01
-5.569601373736084160e-03
-3.306054135120936599e-02
-2.823012366394072811e-02
1.008427940064887951e-01
-1.776587721090695793e-01
8.036670950905325239e-02
-3.521324477329274699e-02
-8.043349796001748875e-02
-1.447103703672002473e-01
1.505753787441980462e-01
-3.121176441062135237e-02
1.004117444349480748e-01
8.410512595629383858e-02
8.553614235467291160e-02
6.107845028368737855e-02
-8.393940377698624888e-02
1.236609319169595239e-01
-1.292723099388668473e-01
4.656838066561252987e-02
-1.403033015039229781e-01
8.192388769397401793e-03
1.640236291923958256e-01
1.475340289519205123e-02
-5.446237934052428065e-02
-5.226160867232321205e-02
6.561450499761448119e-02
-5.013188264036869124e-02
6.008413583636742356e-02
1.052579989300904545e-01
1.307053485469157617e-01
2.429019239557344001e-01
2.242319518270320944e-01
-5.840548317614140811e-02
-1.042956306193058291e-01
9.766677515243020469e-02
2.177522916184515822e-01
-4.707677433154280888e-02
5.877452939360804790e-02
9.902612599436123875e-02
2.534160815978640791e-02
6.915487857117541548e-02
-6.056775010644063068e-02
-4.552664605083050348e-02
-1.998314813560592151e-01
1.060654305150061059e-02
-7.180740428624472760e-02
1.447345634393089886e-01
-2.780896870170680435e-01
8.162891717121896831e-03
4.346725682155967024e-02
-6.618350916621150437e-02
1.811569510200348732e-01
-1.706834732570814417e-01
3.905553105680220627e-02
2.871970921163208290e-02
1.337513286602697860e-01
-1.098990927848924049e-01
1.018787201355467881e-01
1.745390519127514306e-01
-1.853234601060773368e-01
-2.842226313196861698e-01
-3.083647948994994864e-02
-1.491327864946272522e-02
-6.421530988318950584e-02
-6.452352205121904272e-02
-2.956866699361936773e-02
7.043666511480625725e-02
3.290563295851960807e-02
-1.065200603527445000e-01
-8.692700402045727692e-02
1.293653136716406415e-01
-3.703090492062979106e-02
-5.561349953762258214e-02
1.463156195629860268e-01
-1.240140687908174305e-01
-5.739526782324273074e-02
-5.112520160971241456e-02
3.316050005874980611e-02
-9.902118144840570124e-02
1.816933273769567869e-01
-4.862994311555757232e-02
5.366384763284839238e-02
2.020055870521733632e-01
2.355415977529660143e-01
1.492955224016744298e-01
1.234439509772274346e-01
-1.277583839799721621e-01
4.840685166799971184e-02
-9.497995550742947823e-02
1.225855773552929351e-01
-2.290661176894667750e-02
1.074174144690107253e-02
1.335900516164997553e-01
4.519698597748843943e-02
-2.145988341530612187e-02
-2.877493985566128079e-02
-8.168025323893317313e-02
1.915822020878052145e-01
1.004804335857986675e-01
6.629887271171042151e-02
2.841684581040796777e-03
-7.504527548337303067e-02
-2.087415005268269397e-01
1.508608734174467399e-02
-1.950739608754560941e-02
-1.245509310252050986e-02
-1.417533167232617186e-01
-1.904894745478220575e-01
7.351096453767581862e-02
6.484779791665942761e-02
-5.998169010522328565e-02
-3.806688846179729496e-02
2.051585070062885985e-01
-2.083205105310293181e-01
-1.188379273327958841e-01
-1.985378800026899645e-03
-1.725590746187907476e-01
-2.061821388381159317e-02
1.591128564086870534e-01
-4.579187984413777418e-02
9.545147695726112491e-02
6.378305975329441602e-02
-3.145873847018718777e-02
4.898317608655797760e-03
1.471319528760959561e-01
-2.628359249017287597e-02
-1.010748921397350009e-01
-1.237683906409663415e-01
4.993779217746609211e-02
2.766037706532772575e-02
-2.452927288870426423e-02
1.221897413131581289e-01
-1.783267969193403080e-01
-1.631067770064202060e-01
1.708913706261880328e-01
-2.834214903329959623e-02
-3.461283616703140359e-02
9.775130111112351194e-02
-1.677726240986561201e-01
5.242255578313385900e-02
-3.933662447363959341e-02
-1.107243620004212253e-01
8.623256060052637839e-02
-1.562237015179389898e-01
-1.711946923175738100e-01
1.949777925583112302e-03
-2.724492059735496019e-01
-3.524037631174804786e-02
2.746307996446180691e-02
-1.547151815761049765e-01
-1.750994172678703442e-01
-4.770331565548548147e-02
4.111238328161343283e-03
1.008378333305033625e-01
2.090790382564305938e-02
-5.583898775265602743e-02
-9.242134978181071325e-02
1.423201053826695095e-01
-2.952264477282790303e-02
-6.103295028890827478e-02
7.723541028047588297e-02
6.463476169551850975e-03
-1.218694339884936750e-01
1.389063588315336828e-01
9.983165730171211782e-02
6.162627123926408797e-04
-2.864719250261669320e-02
2.546414178882332874e-02
5.047876468099194575e-02
2.223042505807241442e-01
6.820745697004192143e-02
2.473102413450101733e-01
4.912013702356448075e-01
7.552392568261611094e-01
1.000000000000000000e+00
7.540777632503902206e-01
2.293671733068175789e-01
1.060855154923606991e-01
1.428586549602966493e-01
1.753919046933752612e-01
3.945299018271022917e-02
7.452018775536500828e-02
-1.368712885334192053e-01
-6.163163143854320965e-03
4.380814142611064860e-02
-3.206913586898413326e-02
2.084142700649790902e-01
-1.847182697457235845e-01
-8.983492415706341438e-02
-7.853857060329001716e-02
-2.084401151381850281e-01
-1.090006564389568444e-01
-1.083976459848727952e-01
-1.201855988579773743e-01
-4.681376448542376445e-02
9.802391808355936584e-03
2.694055614499463180e-02
4.129096177471042878e-02
-5.223241205181721608e-02
-1.582958680017400310e-02
3.905982342886987063e-02
1.776943373806558479e-01
1.171538938075279424e-01
-1.277261573074365414e-02
-3.685664973053930354e-03
1.870300067914991149e-01
7.971346861653950955e-02
-6.461784785213071924e-02
1.348397359172656407e-01
7.800243450706517701e-02
-1.332808601005548710e-01
7.713636013755030552e-02
-6.953334497782241719e-02
-9.579267812358049916e-02
-1.319756000992059475e-01
1.205867066201262022e-01
-1.158862763631822723e-01
4.675208830537715826e-02
-6.541182135251555341e-02
7.422961440087541551e-02
-1.544667700402854449e-01
1.399826514590669924e-01
-5.019689365375760992e-02
-1.511764818128312760e-01
-1.143866990093315994e-01
-7.274122305511697417e-02
-1.393564841090022266e-01
6.570990374536736511e-02
-5.660644060639381803e-02
7.470090853822837496e-03
-1.382536746005611980e-02
-4.516507878663937603e-02
-1.771262360975756067e-01
-2.164450572141526224e-02
1.180593425403396457e-01
-1.267020793888138687e-02
-5.566025416006780552e-02
-1.723885985962793910e-01
1.344225418032218670e-02
-2.474202889684042755e-02
4.152310119000525435e-02
1.033317988349546392e-02
1.414740319977170480e-01
1.633014561294335310e-01
-6.939613077704790160e-04
2.986705316100743413e-02
-1.031010259515337812e-01
7.661756183929206709e-02
-5.904673763457159164e-02
-1.964003356681527090e-01
-1.568727241644213011e-01
-1.648965489498594719e-03
-1.442368925578692840e-01
4.995265314114648823e-03
8.167912346384829936e-02
-1.442877539448626789e-01
-1.839787420099436854e-02
5.222780980354563979e-02
1.624438282802817546e-01
1.743013505349905873e-02
-3.361944641441819148e-02
7.204045895174990277e-02
-1.243761761635783364e-01
-5.627195749694172133e-02
-1.815300114095902140e-01
-3.498159139725592892e-02
-5.194978246456800203e-02
2.005542725802911264e-01
8.177047620196026267e-02
1.474156420390574096e-01
3.922116791311164308e-02
1.746019097621905880e-01
6.051985568057929171e-02
1.209806224895780408e-01
1.428954241330040453e-01
2.934590488500854466e-01
1.157056394727930607e-02
-1.915009153324601782e-03
6.660945373629591215e-02
-9.843865467531330571e-02
1.430516730602549025e-01
2.262638795848572471e-01
-4.659559577463145974e-02
-2.142702202846744064e-02
9.167245433468296234e-02
3.405291615298770835e-02
2.561038279501323678e-01
1.095755911870512356e-01
5.087007535982332462e-02
7.013026498083617388e-02
1.503549927717509893e-01
-2.619782134827883593e-02
-1.676968221153287905e-02
1.271383079437562059e-03
-2.734714288247766870e-02
-7.870878689221465219e-02
-3.994676882441429433e-02
-2.206381522129918435e-02
-6.739225008918810211e-02
2.352581750091557733e-01
-7.569373462179433687e-02
9.045221301681882764e-02
-4.004849159840107725e-02
-2.041604123845510987e-01
-5.459538780129280511e-02
1.044854638905217264e-01
-1.403619995271156336e-02
-2.722219301316853093e-02
-6.057990877685269504e-02
-3.356808561703781418e-02
-2.985693224642926857e-02
8.779033555950729872e-02
-1.913092339581398682e-02
-9.153554185465307552e-03
-7.641790532630460264e-02
-6.123117208451193949e-02
-3.069928345297053690e-02
9.283972514252249175e-02
-2.695099303744436306e-02
-7.140981362212897587e-02
2.640236674646182467e-03
1.279101521687659726e-01
1.256505089058903846e-01
1.075838576913728806e-01
-8.470431654539100491e-03
-4.495709450420239811e-02
-6.882394816267591031e-02
1.710644585248843608e-01
1.243962351441160741e-01
-5.578482612880446279e-02
1.621094126113324096e-01
2.098193823867804467e-02
2.765899753661706928e-01
1.991614384239855096e-02
9.807293718952131423e-02
8.363453312789451144e-02
-1.909308841268753665e-01
5.255248304244814622e-02
1.257287582221280620e-01
9.282041251866431086e-02
1.585446341996891162e-01
8.670336577879615703e-02
-1.082902641458341197e-01
6.001515628217156395e-02
6.533239153467897131e-02
1.157031361581731949e-01
-2.299441122217821612e-02
-1.425770877075985821e-01
-2.612814006224976893e-02
1.869621298463515838e-02
6.856765754121781076e-02
-2.388638197534089652e-02
-5.537414976441656748e-03
7.544042374873144441e-02
-5.051665025759322081e-02
1.809935097762774281e-02
9.624366182307772521e-02
-7.122189107916164497e-02
-5.828200813847102257e-02
-9.219311480964882677e-02
-8.617685946343422998e-02
-8.645178496033632809e-02
2.836195496587710224e-02
-1.851265816039356915e-01
-8.245415497145512640e-02
-9.090642266683374509e-03
8.575947974103393864e-03
2.365866036862281779e-02
3.396889629024587437e-02
3.309481071304989225e-02
-9.989407256894597409e-02
2.001252803976541830e-02
-7.121406547896902417e-02
1.773996098778708175e-01
-1.744657794025910591e-01
-7.928285377378395393e-02
-4.395768449986053872e-02
2.948072321494794867e-02
-9.140845511222434050e-02
1.633008418948275198e-01
1.860894186553487539e-01
-9.474245512338894462e-03
8.869615885015573464e-02
5.101949750768654257e-02
8.185512701326581875e-02
6.931406320590295655e-02
2.284555985189930249e-02
-9.006296237372487124e-04
-4.072428125392616588e-02
2.741839604870965896e-01
-8.782554181945187444e-02
8.528564175257760671e-02
4.916974292204770100e-04
2.905967246424306233e-02
4.455014658007359907e-02
8.255073204583381064e-02
2.475173354790965053e-03
1.104235373609703946e-01
1.279861067544839082e-01
4.574691444015762526e-02
5.507179420875737974e-03
5.695974085601167997e-02
4.432297786915743304e-02
9.014593104986548533e-02
1.377767535564100587e-02
3.963278669377742758e-02
1.598972190171087659e-01
1.803931763037587288e-01
1.151293987860326808e-02
-6.571244759715273720e-02
8.416047869403436854e-02
-2.203504600737565822e-01
1.126158007539011102e-01
-3.432435856438204730e-02
8.405105517246722058e-02
1.459306663382729796e-01
1.353493552935380040e-01
-7.517250671204191159e-02
-9.509072900802313655e-02
-9.985343063047762147e-03
6.649463422603033025e-02
7.007264091212912771e-02
2.699046997317401386e-01
1.471681111569950740e-01
4.188622075470010281e-02
4.917153043761726683e-02
-7.394369402120241908e-02
1.100106226705898638e-01
-4.929137413764542869e-02
-2.288287189201535649e-02
