4.985719289851875957e-01
-7.819539956373970646e-02
3.596597584435035633e-01
-4.964885468204787572e-02
-3.066064548285227787e-01
-3.069004048466994483e-01
-2.277824027494798620e-01
3.225484011755099661e-02
3.836460690592703449e-01
9.447843550742500429e-02
2.251994076228898689e-01
-1.075669447374083820e-01
1.085369964731228848e-01
-1.025312792131673895e-01
4.811505262372247071e-01
1.462479910781651626e-01
-7.156217612695653200e-03
-1.796059114972836934e-01
-2.034879522993964795e-01
-4.100284917678055988e-03
2.865225558956052340e-02
2.360699113232250512e-01
1.105210458955421110e-02
3.119599291967404264e-01
3.447695818264973761e-02
6.868364722159917002e-02
-8.365247006985704337e-02
1.587548304218309170e-01
-1.712705162991408625e-01
5.794324731580612342e-01
-2.706375679215876628e-01
5.617679793026946200e-01
-4.413608461652830384e-01
5.000801037933141346e-01
1.387326550712522644e-01
-1.561100183254950091e-01
-4.114017720812529477e-02
3.295667769200315567e-01
-3.457315172571219508e-02
-3.321182250486272025e-01
2.469566319562435663e-01
-2.700490525116757135e-01
-3.616074607290304527e-02
9.096989471216160306e-02
1.757758052253600156e-01
-6.427249252607697416e-02
2.322986236281543715e-01
1.693218638945429289e-01
-1.595839171427167469e-01
1.288542620909535197e-01
-2.518050658265021113e-02
1.570276184114159645e-01
-2.154751530581257984e-02
3.199863881910683938e-01
-2.271832268810701494e-01
8.354331745774781770e-02
1.629419212658986260e-02
-2.016044261760593231e-02
-3.051329219984379448e-01
-3.859197841024445408e-01
-5.193262333398174224e-01
2.564704697172671688e-01
-9.866145917466397075e-02
-2.682028559959022118e-01
-2.283854699674831568e-01
2.794562442940764363e-02
2.610232108903611792e-01
-2.327675713548993941e-01
4.326167918625727915e-01
1.389580270048980382e-01
3.589997509649530683e-01
8.733337407765788540e-02
2.184017976122223370e-01
-2.033390588937339719e-02
-4.977172600116421264e-01
-2.789657144939314964e-02
4.800428787860769320e-02
1.986844137343298233e-01
-2.870763801589606423e-01
3.843690800357437154e-01
-2.394843500835176220e-01
2.461132066189802570e-01
-4.068660985474403108e-02
-1.028901785457359865e-02
-1.531796039756034844e-01
2.827195312279787154e-01
1.916468876054266187e-03
-1.377055001914253562e-01
-8.819808014209538916e-02
-1.609549538941558722e-01
3.445374136931669828e-01
1.182842241361400787e-01
-2.454053045219370122e-01
-3.292162808290092779e-01
2.934058207000309060e-01
5.024332874799009724e-02
1.949009633397586483e-01
-1.555081999669833126e-01
4.588696450267968491e-02
5.734201987771391645e-02
-6.471434966985514792e-02
-2.783949452847750416e-01
2.152197311986160377e-01
-6.487555974408029669e-02
3.760937924637907104e-01
-1.307585894244980840e-01
-1.405238077552548870e-01
2.908598615455055755e-02
-1.643780842985745616e-01
1.580717282912526556e-01
-2.593698217549078033e-01
-4.038432421183933418e-01
-5.739354447017005340e-02
-1.355294809323643601e-01
2.618411524670777313e-01
3.177313837705137978e-01
-5.361734914900200266e-01
-2.581588548286185558e-01
8.372250008731403625e-02
-1.564416148038148269e-01
-1.935396781018304257e-01
-1.045649027456070634e-02
1.571072008340215764e-01
2.948672813285611038e-01
1.727851746388622545e-01
-1.762096331304369894e-03
-2.358007713898167268e-01
2.164028433681422781e-01
1.842591799346996462e-01
-3.737419260572905771e-02
-5.908509206154021094e-03
-2.871104972614615947e-01
2.994023938258669748e-01
2.194519888418332565e-01
8.460425964385033526e-02
-7.204282895835904810e-02
-1.468558055211127526e-02
-3.730217836422083377e-01
-2.312981832559912465e-01
-3.027295941871336327e-01
7.741002254034871910e-02
-4.395055819300563993e-01
-2.186660065631871597e-01
-4.488679562449815474e-02
-4.136208041446863271e-01
-5.659314107127169646e-02
7.883772805835342901e-02
1.276759824116859010e-01
1.956369333852787662e-01
-2.985013002790813941e-01
-3.604476604962197211e-02
1.591091414477805721e-01
1.101205184747323790e-01
-6.655006672311863936e-02
-2.812248637095416878e-02
2.272177280529693311e-01
1.928938370941260527e-02
1.418902874753932564e-01
1.593292284011744164e-01
2.687913210976415890e-01
-1.329891779479379088e-01
3.100648827743628932e-01
-6.002032570889716256e-02
-3.524308391721390210e-01
-2.096777530997479821e-01
2.221034393592102307e-01
2.188336909072568365e-02
1.608016209821599984e-01
4.195648753125562624e-01
2.503323241971630031e-01
2.148428322837568072e-01
-1.143074516039874755e-01
-9.627655640867005538e-02
1.004215796179335346e-01
-1.606925689863480389e-01
3.688062987350702177e-02
2.498446397413287001e-01
-1.656794932144013688e-01
-1.444601880234962048e-02
2.761049859344569951e-02
-3.965149530876515421e-02
-2.218426974985956146e-01
6.577189318617861213e-02
8.982527964542563748e-02
-2.514050723876126714e-02
-2.275482345903625248e-01
-5.337667248190673952e-01
2.599430291770034596e-01
-2.734057405585472167e-01
-2.221353262716853627e-01
8.129473826654438906e-02
-1.594999366073753255e-01
1.003957519778098800e-01
-2.531529175561568479e-02
-1.331390216921368996e-01
2.121782417013213518e-01
-1.330062817482093040e-01
-8.423618036389900546e-03
-2.288473448955683776e-01
3.809319226987264440e-01
2.184296342565628379e-01
2.353152266260143954e-01
-3.187288752657619489e-02
2.900493136491231194e-01
-3.510093959998722979e-01
-1.385086546908660676e-01
-2.201705796281001604e-01
-1.619253998175719800e-01
1.199536540298662066e-02
9.928491013399796949e-02
6.144046971352363357e-02
1.646226997244757406e-01
3.102197400048561926e-01
-1.064239586345380323e-01
-1.112991199560822847e-01
-7.067101394982011620e-02
3.418413030117371104e-02
3.549224229378005191e-01
-8.123002945413639042e-02
-3.497835788725581208e-02
-3.812052355939893888e-01
-2.549753947843539370e-01
2.992759886132727032e-01
1.771424076392423552e-01
2.851246146618928723e-01
2.246623752836231225e-02
-2.721319330179243212e-01
-6.053199168429936744e-02
-1.491088010016170320e-02
1.299397830577360136e-01
2.237022190404395205e-01
3.424940257676411526e-01
7.468822020340848411e-02
9.027408689407169506e-02
-1.286954914334199063e-01
-5.991040800319983317e-01
-4.884966845096653243e-01
1.811471757342525135e-01
3.981133112069823454e-01
-2.187267476753820272e-01
-1.820492929896725676e-01
-2.326979616316616206e-01
8.607143963020329192e-02
2.312052113517683027e-01
6.232739934675378679e-01
-4.998188101582307780e-02
3.249330958544479619e-01
-2.433924500680732517e-01
-3.125589924896856053e-01
1.140747715385225652e-01
7.675794253220011298e-02
-5.740439525054853720e-03
2.950000936581080313e-01
-1.359920617320019565e-01
2.725999656464512810e-01
7.460367226812542052e-01
1.000000000000000000e+00
7.698347648356030914e-01
8.531889065997645683e-02
-3.166726188330382108e-02
6.726833967230347322e-02
6.423338401472838965e-02
-4.772115723746973848e-02
2.206420511162753284e-01
1.243356922935333758e-01
3.190391998032692800e-01
-2.083514215237361744e-01
-3.199585113569066164e-01
1.004726014122956645e-01
-6.583878406864691890e-02
-4.101328334476340987e-02
-2.543721646827374339e-01
7.888724761166486521e-02
-3.801455241549560049e-01
-1.837176281209428053e-01
-3.212677572450695074e-01
1.115519792935988456e-02
2.540273322807601666e-02
-1.693868000460151679e-01
-1.025840204693650448e-01
9.233020734194250304e-03
-2.125290375170032220e-01
3.252377063311224226e-01
9.071810659993068474e-03
-5.654300614442570733e-02
-2.128169061854057187e-01
6.662614186552884288e-02
2.347174443882630024e-01
1.097399092062432968e-01
1.678564033059787575e-01
1.339120687830137966e-03
-2.335617486328568082e-01
-2.561648148504041406e-02
4.197128092732307220e-02
2.484752681145054876e-01
-2.597797880211626942e-01
-2.723117491334476337e-01
4.916587371039887744e-01
-4.965425459148137266e-01
1.585984347255138260e-01
-2.882735373734839901e-01
3.471864626943149592e-03
-1.490186755174355560e-01
-1.697350478346131009e-01
1.768948098086864373e-01
-3.306676876499257955e-02
-5.075675629660413302e-01
1.365019847722294226e-02
-1.776133463217804964e-01
-3.688062590848282390e-02
-2.050322170534185640e-01
-6.262658240010314514e-02
6.535338407598732802e-02
2.063820816240531375e-01
-1.696998809810307263e-01
-9.450679306225800991e-02
-4.128035597171112597e-02
1.243916551885944910e-01
2.122860227602189620e-01
2.063685071814478356e-01
-6.886246389416574021e-02
-4.213305985731597980e-01
-5.006118378612199882e-01
2.679570627004519007e-02
-2.942087721260371325e-01
-1.968817419550392411e-01
-2.186404685294436323e-01
-2.182781214226757471e-01
-1.227140854892337096e-01
-5.086682605042455729e-02
1.053210482261761616e-01
3.223832418840399255e-03
2.039240940503761201e-01
1.286192432251183071e-01
-6.434295295605660381e-02
1.702145191787615142e-01
-4.266406488212158288e-01
-7.458025418347496993e-02
2.801568032382558693e-01
1.049792343895320119e-02
-1.416346261665717057e-03
1.635607620604886403e-01
-2.437918282614257026e-01
-1.098151076634874684e-01
-3.431317403886975648e-02
-2.617116664217145616e-01
-2.334888629335599708e-01
2.336984287748270980e-02
4.563349438755134324e-01
-6.037476345763773122e-02
7.088668864305588957e-02
3.118269720320040461e-01
-1.079437893790947817e-01
1.027939576924035286e-01
-1.003564639304607709e-02
-2.724270904765633498e-03
2.318846755143120497e-01
-1.529993897073304299e-01
1.855355843508315825e-02
1.667371815018675596e-01
-4.708496839489795943e-02
2.635386273753289599e-01
1.098513101207768961e-01
9.586520047682901835e-02
1.449736948227758615e-01
1.585247975397839973e-02
-2.893493933596772982e-01
-2.845602578024644114e-01
1.377625349149906031e-01
-1.668602525001817716e-01
2.254272953238706800e-01
1.173204568236102668e-01
7.270714801667564620e-02
-9.752915164268988191e-02
-2.443446519421906549e-01
-5.257517863798229218e-02
1.507245343510822122e-01
-3.451651918394368218e-02
4.358189122213323441e-01
-7.238466963000433907e-02
9.956720421576840951e-02
-5.947416525493361972e-01
1.924952101950904160e-01
-2.843039093611017878e-02
-1.189844984875129269e-01
-7.628455253782591428e-02
9.395580135474640437e-02
5.851640550467378521e-01
-2.983579817163337089e-02
-5.371783897369820926e-02
-2.395080695631862655e-02
1.687194663232709779e-01
1.605113450928160601e-01
-1.059689976505224229e-01
-1.340204554815427329e-01
3.539630986213354591e-02
6.367058763459561288e-02
-2.774860730678251897e-01
2.422260655594446477e-01
-5.490721348901038412e-02
4.157370636221106586e-01
1.997905584050873110e-02
-8.083130285916348412e-02
-3.217160577305733793e-01
1.436521052390528352e-01
4.015402967362215469e-01
-1.681364491493955171e-01
-1.873858043637853243e-01
-1.964432512853379609e-01
-1.314163345172726094e-01
-3.288181877199454761e-01
-1.286970117868691532e-01
-9.833802549995331044e-02
1.843341556822686994e-02
2.551399390728591454e-01
1.461065634550877124e-01
-1.984731371538058509e-01
-1.579222425739809643e-01
-2.039382256283189254e-01
8.347046791922528575e-02
1.352684936202390442e-01
-1.741027965223242158e-01
-1.296527249062061626e-01
-1.981604135936730713e-03
2.649017185439437316e-01
2.989539847299706454e-01
3.678672099632283032e-01
-5.940592838566473993e-02
-3.763954126057380556e-01
-6.530854827676760288e-02
-6.212798410421201123e-02
4.035934306863678961e-02
2.813897064550991423e-01
-8.833149925073958617e-03
8.065311015478447004e-03
-2.346066100629815021e-02
-2.843946496155034809e-01
2.344295576074619802e-01
3.284879707249336311e-01
3.379998718673357661e-01
-7.242830694190383056e-02
-2.447750522579248134e-01
-5.443340253610002427e-03
1.556345910322272375e-01
-9.184040203797844137e-03
-2.561813663367474292e-01
-2.874113612237079174e-01
-8.596472246973743681e-02
1.089575507482813538e-01
-1.370364163990084316e-02
3.748906262850884574e-01
1.989792867807970156e-01
-3.981975954961021746e-01
-1.553141578745458606e-01
-2.844096358011656278e-01
-2.864279743436435877e-01
2.599735806970652208e-01
9.498765803704077582e-02
-1.762154502915348475e-01
-2.217662738472433656e-02
2.933498939657680493e-01
-9.702927778049531132e-03
9.326053652464365296e-02
3.192861460354456393e-01
-8.042251306678094291e-02
-6.632940062101128076e-02
-2.194762378903106215e-01
-1.342585331026522055e-01
-1.030630896956915427e-01
8.749673792724260712e-02
-1.710823021748945627e-01
6.325748572636247236e-01
6.374743706910537822e-02
7.877995520348692049e-02
-2.514459769674114165e-02
-4.407330735078555661e-01
-7.065667936248958003e-02
9.184966331288078878e-02
9.406508465469472224e-02
-5.666246125215210205e-02
1.813309193601916613e-01
-3.459181476849681469e-01
-1.458098403229686757e-01
-3.346518770525751252e-02
5.758197978022534108e-02
-2.395125944626398315e-02
-1.169503955022250657e-01
2.689800782098271115e-01
8.207897900588431717e-02
-1.153100056257116701e-01
3.147725354511469731e-01
-3.042551805142861832e-01
-5.413960594752605104e-02
-1.186432284342385686e-02
-2.287620612275625409e-01
4.893086115691700627e-02
8.988843650912025501e-03
-1.810779240379659927e-01
5.233424527101022961e-02
-3.916551669067676045e-01
4.596543112294202427e-01
-1.805936784417559726e-01
-5.291240303712262394e-01
-1.800748813654981517e-01
-1.272988442626179217e-01
2.883837657791695208e-01
-4.869070087727341845e-01
2.067496051006565694e-01
3.350997776183875509e-03
2.672616805373062010e-01
-1.874028452962788263e-02
-1.273232601597326652e-01
