-3.212673617985555841e-01
1.787094796614210335e-01
2.611182771236701672e-02
3.982237566286838670e-01
-3.906868517327017482e-02
-1.626190581240040400e-02
3.154962807028663385e-01
-1.332219152852760213e-01
5.187408753337667822e-01
-9.135531370769664483e-02
-2.384188085589953598e-01
1.010798025830447755e-01
2.510988933495832132e-02
1.986207640950578279e-01
-1.300961991453672417e-01
1.533582865545711493e-01
-1.582755102326493524e-01
5.835526242610793446e-01
1.244316919911416519e-01
-1.258456815608088308e-01
5.471197898924768932e-01
-5.677666413744712065e-02
-3.268857944161435158e-01
-7.625416027814738151e-02
-1.476636322652543909e-01
-3.298795013767055750e-01
-3.282109835362151951e-01
6.471874346054491689e-02
2.210724986658878510e-01
-1.747815552459696387e-01
3.708736519251009667e-01
1.425603495272706467e-01
1.945539529582619442e-01
1.412383398119228528e-01
-6.578879486251591746e-02
1.443904927391039816e-01
2.712369604343892182e-01
2.899270171434537025e-01
7.368425082563555550e-01
4.834837554740519794e-01
-1.796368073637217566e-01
-2.452928561014064684e-03
-5.374620685166520140e-01
7.817742373474137474e-02
4.594102351729482669e-01
-5.608761149594884005e-02
-1.664138429104863523e-02
1.070251000385115531e-01
-8.274293923092288505e-01
2.507867500061876642e-01
3.283558010492768631e-01
1.403839155355521839e-01
4.260200177305737967e-01
2.996017637227713637e-01
-2.310071666918896427e-01
2.317219626313477832e-01
5.257763928837336787e-01
5.021899265520622935e-01
2.293198804829719994e-01
-2.147516477968165749e-02
5.936014824762907149e-02
3.927576285134787848e-01
5.605373030789617683e-02
4.574619182907097709e-03
-2.575229250967887018e-01
-1.850154537966316147e-03
-1.503927114198455317e-01
5.501660113315232081e-02
7.518565988633683084e-01
2.209641815595127234e-01
2.816595999370858916e-01
-2.933211913949667071e-01
3.587328760065017219e-02
1.328427022782096845e-01
-2.670417956669796644e-01
-5.057649443541564066e-02
1.657409005930673418e-01
7.877773361266984242e-01
1.062424510081975970e-01
5.303776751419794766e-02
1.944653217276224866e-01
-1.339435035897879600e-01
-7.682248511945097280e-02
-2.085283858865097650e-01
-1.130257077226321932e-01
1.131890773938185324e-01
-1.349559817307347254e-01
-2.654909583902735903e-01
-2.838041631521329503e-02
4.353101033278555243e-01
-3.638285620203922377e-02
6.981978743418909561e-01
7.635546767425716030e-02
-1.888111303189161094e-01
1.971053775494623073e-01
2.771888340446072019e-01
-1.218205521991782836e-01
2.272535779538675457e-02
-2.990646649351530462e-01
6.406196214538735501e-02
-4.665716193031166914e-01
-1.514775316657004101e-01
-6.088235894989415531e-01
-2.216991809722327622e-01
8.567913307232198628e-02
5.390352346594946267e-04
1.723243376257254655e-01
3.084395940460276653e-01
2.294499291521956974e-01
1.256859752461176594e-01
1.536571461970976382e-01
-3.845443026411639598e-01
-3.501268863402603460e-01
4.794258121272101242e-02
-1.621905837259138006e-01
3.245855255458805766e-02
2.554440522376047462e-01
-2.791953222103881194e-01
-1.300519944041020615e-01
-1.624142287838613585e-01
-2.589554297739150579e-01
6.177141909662851871e-02
9.330917651693250783e-03
4.359709334287668603e-01
-2.790154046146728906e-01
-2.936042435936692674e-01
-2.345850955174206831e-01
-6.459931859684837907e-02
-4.397415573108481857e-02
2.209920545865745600e-01
2.992020325096049205e-01
3.922447714043078570e-02
-2.828490324793035970e-01
-1.283934068798493200e-01
1.053645945925848204e-01
4.880271659936861739e-01
3.876280782072016873e-01
7.193245964122751274e-03
-1.103629613770494150e-01
3.964315261374191240e-02
-3.376116962635889451e-01
-3.792450477805274500e-02
1.857882004033785672e-01
-2.197044077411180185e-01
5.057410036970959311e-02
1.924083966415437441e-01
-1.412141223336169649e-01
5.603342228606364994e-01
-3.392760331500120352e-01
-8.773231075987052152e-02
-4.035321322665363919e-01
6.394482564931825222e-03
-1.952710522486297284e-01
9.995430211129907594e-02
1.792859020742322285e-01
4.547411272920915404e-01
2.101704680747515097e-01
1.002437557079444153e-01
-4.154882757824153172e-01
2.678429554018322833e-01
-3.745214369401057564e-01
1.804148844728573620e-01
1.875312807926754477e-01
-1.198378871397046408e-01
-1.231858546862664161e-01
3.278833356291593337e-01
6.783182715847908828e-02
-1.699597977520107550e-01
9.474757671027407568e-02
1.756321918052708153e-01
-1.892478380828011564e-01
2.258308428218328279e-01
1.101974161203693597e-01
3.173199755254103582e-01
3.282449565739731789e-01
8.531359110721616068e-02
1.343120939262819891e-01
-2.516815464483722620e-01
4.186955664514204756e-01
8.498676885778629064e-02
-5.820651368016015875e-02
-4.489038234887144513e-02
2.765020444354792661e-01
1.558644578638851974e-01
-4.011087532458958993e-01
-2.447673235574515105e-01
1.232648592578704655e-01
6.038043605326123275e-01
-2.975068168132037894e-01
-1.571639080888716233e-01
-1.778238968439382200e-02
1.756465204208561837e-01
-7.403922831888505585e-02
3.187795690255126324e-01
-1.034880676490820828e-01
-2.623840587450246842e-01
7.430433453884369155e-02
-2.787925011723163538e-01
1.482542566631669112e-01
4.351968636518450118e-01
4.715000840417616912e-01
-8.536219741570290342e-02
-2.000712103480306037e-01
-1.160189374042073229e-01
3.303049288964622909e-01
-6.086853536783916052e-01
-2.594495841683862603e-01
-1.950318596805188931e-01
-3.031097445091003872e-01
-2.518063700257362481e-01
-2.851669712761144004e-01
-2.347633595279971230e-01
-3.307635308536236579e-02
5.474752803644114540e-02
-7.774720581359390037e-02
2.239860214808890304e-01
-2.504678538393996234e-01
7.643407900881747652e-02
-2.278167331423991415e-01
-1.363938010795164579e-01
1.693452192144782598e-01
6.060058802486657514e-01
-3.182923861557094281e-01
-9.767338572162155563e-02
1.026824648934907547e-01
1.970265444667698984e-01
1.255061428274152624e-01
-2.066496396341323816e-01
2.308491565507403698e-01
4.597097578426729420e-02
-1.298109734941128579e-01
1.153481311306895629e-01
-3.520555485104988058e-01
-1.545222412703879666e-01
-3.604479956478097435e-02
-1.272737027616664407e-01
-1.921259997465333269e-01
-1.534686056246323260e-01
1.754916885495218792e-01
-1.163103515109986247e-01
-2.012655665948615280e-01
9.637625923423699843e-04
3.021793181761910363e-01
2.613987557389985672e-01
2.940012378161558151e-02
-4.131676392627421923e-01
-6.643394968780212684e-02
1.795139880199765336e-01
-1.587799018684571406e-01
-8.095884446983100946e-03
2.551077769509241810e-01
1.085742793272501117e-01
6.503469486680468759e-01
8.102997548144690310e-01
6.526239898938013262e-01
7.073785091152094973e-01
8.376884470654144543e-01
4.316535161763945805e-01
1.000000000000000000e+00
2.598203053689830400e-01
1.340676292749647947e-01
3.162250567951065128e-02
1.240438046130581257e-01
-2.326274310053380867e-01
2.736107730507626457e-01
6.230437508314661255e-01
-2.459334361808458713e-03
-1.036226041974261797e-01
3.495912260623412204e-01
1.668576852402098576e-01
-7.179672585473936830e-02
-3.235049864986211388e-02
3.465897666409449851e-01
9.366240695084819545e-02
7.440219705864768718e-02
2.758796697136398079e-01
-8.465432609370746736e-03
4.357678045080764020e-03
2.321871058782714603e-01
3.456434061496323207e-02
-1.415503976203204839e-01
-1.861765213370221994e-01
1.904465467725880712e-01
3.678399593629613773e-01
1.218888422504128682e-01
-5.453825526479410234e-03
-3.966488744444134767e-02
3.221922113931382503e-01
-2.821602867628814071e-01
-5.472509852871671257e-03
1.834329355422093244e-01
-2.945583631345510267e-01
1.404017708523262568e-02
2.171446179738862614e-01
5.271112905719568253e-01
1.085289834568459177e-01
4.874322721968655792e-01
-1.859957747627051169e-02
-2.351666622479304525e-01
4.847270620578458117e-02
2.075873772015673913e-01
1.333923383902463899e-01
-2.557319832824928585e-01
1.226782847806895671e-01
-5.973479260148269882e-02
3.287454227865914680e-01
1.914437373371239703e-01
2.949580015000021205e-01
-5.738697767894618967e-02
1.521390575258110278e-01
1.036550470127015205e-01
2.828908409379172345e-02
3.212342178232422962e-01
2.673516308985598999e-01
2.598560608083389650e-02
6.031674376328697434e-02
-1.049392140641516868e-01
3.266926360661310813e-01
4.005763575496905649e-01
2.372062038112419946e-01
-4.716050502545242051e-01
-2.043093172386776235e-01
-2.089884406127618388e-01
-7.044505735896924858e-02
4.011091420799961504e-01
4.333819184366269339e-01
3.048034218272812506e-04
1.749742767725251946e-01
-1.819434691843010710e-01
-3.960382671863933030e-02
1.184631753387926645e-01
-6.732709367987170512e-02
-4.245653030766570746e-01
1.396028305105354861e-01
1.751418688513189381e-01
1.753806267289148291e-01
-2.047583931080250441e-01
-2.602679482663688981e-01
-3.848250492190012362e-01
3.899368664889861780e-01
-1.460952913711595913e-01
5.336079650875181352e-02
6.273276242518219248e-02
-1.563487277984875190e-01
1.272496086987054409e-02
2.885131005933105203e-02
-1.936153908152833669e-02
-6.043791392481393659e-02
-2.926707307037054728e-01
2.064186735379458515e-01
2.685931539460995054e-01
2.354235980778324102e-03
-1.890441432371933461e-01
4.052968557738640398e-01
-1.228099947057316454e-01
-2.140339393645365046e-02
-3.812454734284729391e-02
-4.266449186863640053e-01
1.303549399359202332e-02
-2.589224638233070253e-01
-2.821514901642547812e-01
2.905952032003046304e-01
6.656159541100734600e-01
5.817577100322474104e-01
-3.648374164831745259e-01
1.863863903476901951e-02
1.379172393402507968e-01
-4.967560304426686946e-01
5.242195792411651761e-03
1.523025112390094249e-01
8.135512864264156027e-03
-1.205876128078595261e-01
3.263525293388853110e-01
-2.927905891228932411e-01
-1.900158559753283016e-01
1.422846532845075951e-01
1.138789098365281249e-01
-1.109585967894380354e-01
-3.120792925121966543e-02
1.905080421888820930e-01
-4.304099507096389443e-01
4.401609417208283276e-02
-2.139400764219876183e-01
1.602166583860032897e-02
-2.560595471475367035e-01
-3.070086610449010989e-01
1.174374127200988882e-01
6.746518304135586466e-03
-4.320742875960849605e-01
-1.102504677194815763e-01
2.372597294214673080e-01
-1.213020691215783639e-02
2.109662224231523553e-01
-3.253247712922990309e-01
-2.584711359442839335e-02
-2.164443342124793279e-01
1.392746571981912374e-01
3.720712683507710339e-01
-1.243466781236378244e-01
3.565625886587491244e-01
2.966980192270667407e-02
1.750908977731543623e-02
2.621874992421562300e-01
2.204578720020309301e-01
3.485985189740741230e-01
2.168108120421158649e-02
2.940142785316043200e-02
8.467361878527181196e-02
-2.526219042325200670e-01
-2.372104350245297366e-01
-1.162425127107572648e-02
1.606417462799518692e-01
-3.486933419282161606e-01
-4.626988568606012209e-02
6.503410517120855605e-02
-1.237142879086397390e-01
7.243856143626266342e-02
7.212267105243680421e-02
-3.079177446491540016e-01
-9.584981799303898256e-04
-2.445312671345054034e-03
-2.316337267706021497e-01
-4.834871709174994731e-02
4.072932400015767396e-01
1.300106588745650049e-01
-9.704544079724893024e-02
-6.335522999469110628e-02
1.859329227987921995e-01
4.224661958398557432e-02
2.582189001387123484e-01
-6.681273354220594596e-02
7.291389933605102458e-02
2.293662586767889477e-01
-2.269814322857873490e-01
-3.591433771789876994e-01
-5.082282568054130589e-01
-4.551376823684079032e-01
1.060600016407021867e-01
2.655937402118161428e-01
1.569488816048454638e-01
7.136796480028383301e-03
-3.622666981182355306e-01
4.852404184604686144e-01
-2.234475804361055196e-01
-2.253657880197728336e-01
4.361246271796385132e-01
-1.959233074990236190e-01
-2.205820938028658362e-01
3.114164406192241885e-01
-4.311015505485326499e-02
1.675945368897911736e-02
1.704139206885356417e-01
-1.173453498217085916e-01
4.344559147539876071e-02
1.328594642800762782e-01
2.972741075520828891e-01
-5.081856828890061323e-02
2.301831395436355066e-01
2.261819196002110566e-01
-8.027516007997773095e-02
2.473049163044831189e-02
3.726967328974928328e-01
2.048031144488523247e-01
-3.454773409725291344e-01
4.053114443231559116e-01
-1.446115711075018906e-01
-2.141229134886972751e-01
-4.815525508455825027e-02
2.412031532207805640e-01
3.337485994646698789e-02
8.703240816186133544e-02
-1.750805331027145001e-02
-3.304483548911254509e-01
-3.517915771430830674e-01
-2.144807455814638775e-01
-2.144884980422980536e-01
-1.836701326824047575e-01
-1.040427203134243750e-01
3.982636438447165195e-01
-2.466028284322868136e-01
-2.903784914813588025e-01
-3.092178722761174114e-02
2.484342438135980075e-02
-2.221039808920675191e-04
2.638443436015204813e-01
-4.190833249290872864e-01
-6.166341218324917356e-02
-3.076638313634607047e-01
2.970246535115923445e-02
1.715966218113250050e-02
1.585379143268710045e-01
-1.120888876625055763e-01
1.106747527159469696e-01
1.381775540239097710e-01
1.748505399214715927e-01
-4.136883200242583714e-01
-1.392684382277824262e-01
-9.787477934928459633e-02
1.991131804828354286e-03
-5.371563162430548211e-02
1.904646781946602724e-02
3.229489860921566091e-01
-2.676112586287229256e-01
-9.188179082275270415e-02
-2.121249608528127384e-01
-2.439078959373072730e-01
-3.757595461433877078e-04
-2.546593894223826357e-02
-2.937632182334276587e-01
1.693480021143304870e-01
-1.316365480527105225e-01
5.196892506610077678e-02
