2.373794846233906984e-03
-9.218763742588940990e-02
2.075927941102902879e-02
-1.276429498061637247e-01
2.288378115024141887e-02
3.802202430712842834e-02
-1.344653901504919147e-02
-1.053829479321235774e-01
-1.332617059981388852e-01
3.054713463790724726e-01
5.574018094790043204e-02
-8.931375258327613198e-02
2.382536249543780113e-02
-9.341040446008509746e-02
2.839760038450866997e-01
1.329538091213039175e-01
2.630974107504504556e-01
2.034149015157497575e-01
3.286625058275796096e-01
-1.126498438859500212e-01
-1.149611779446968046e-01
-9.943853830421880979e-02
-1.334018880776113025e-01
-7.194386864800168813e-02
9.842480184955368361e-02
1.811713054822386149e-01
-3.351893998039522926e-01
1.601409769335627176e-01
-3.114628272566298817e-01
-7.341002855624262358e-02
1.127593605562893786e-01
1.474917086793798016e-01
1.616588449303527630e-01
2.890307455988695984e-01
-7.708063496695360430e-03
-1.597570014595435517e-01
-2.602007115003025506e-01
-9.768182182554303872e-02
-1.548708117653800620e-01
3.093183919527972003e-01
9.032377166350813447e-02
4.747378213130834523e-02
-8.000647641265289133e-05
-1.308363219715066861e-02
-7.158766273874632435e-02
-1.201611903756976996e-04
1.028071578308451528e-01
7.449342479654641469e-02
-1.611276997336445055e-02
-8.680115747510053215e-02
9.620201849627417479e-02
-2.320724757991655396e-01
-3.338868627748250439e-01
-2.021601545750998652e-01
6.575418148213520164e-02
1.625463303113052760e-01
3.444630484586886504e-02
1.437616864825461971e-01
-4.841116337933534797e-02
1.635077322853240867e-01
-3.284185070504980208e-01
2.095191851839962316e-01
-3.598867677614334126e-02
5.739954003385921988e-02
-1.239646876512695561e-01
2.771126828794305830e-01
4.813386971370321038e-02
-1.698896436696812062e-01
2.249665732450070177e-01
-1.897617249191158872e-01
1.609281043204898939e-02
3.043093502410498252e-01
3.367454351595404183e-01
1.254756672955239551e-02
1.573184661290294162e-01
8.719149980728431448e-02
-1.123489606485565629e-03
1.123393277741997209e-01
1.121118272843935199e-01
-1.537285855183216088e-01
2.269302507458418328e-01
5.210076328176915100e-02
2.505506084753393314e-01
-4.406896211201634384e-02
1.209854781973957426e-02
-4.232885685640435519e-02
-1.602777804459484534e-01
1.534093676170477510e-02
-6.318711586590000651e-02
8.180632886619174093e-02
6.366898695011739828e-02
2.645465994084727490e-01
-1.611836725482726843e-02
9.492174070954118026e-02
-1.475109493818705375e-01
6.139346859569008719e-02
7.342113494457112866e-02
-6.127432492353157567e-02
-2.728743707521625872e-01
-6.863834691085445028e-02
2.060332747000326037e-01
-1.257109036446625583e-01
-5.151216392340864092e-02
9.217525326756025733e-03
-1.804668630887207581e-01
-5.745482779988056454e-02
4.188141880883617524e-02
-6.680658423524626910e-02
-8.762612521750172065e-03
3.738529959429873206e-02
-2.658629604799713775e-01
-6.820090636138684270e-03
-7.529819835722663390e-02
1.936965411525643291e-02
-1.403570978224747690e-01
-6.774652252025838151e-02
5.868302132417571038e-01
-2.088350001610373152e-01
-3.203780426026962141e-02
-4.467369568295360104e-03
4.033009700671680992e-02
4.609614695184893057e-02
4.496670367774221466e-01
-4.614868803053391588e-02
-1.959114784857000080e-01
-2.220098738908823088e-01
-3.326451485952706122e-01
-1.338007912211633954e-01
-3.150284569976480320e-01
-2.756530039806560084e-01
-1.395512568558398281e-01
1.184142912642444784e-01
1.076664659603598917e-01
-5.300610364093442245e-02
-3.005674520792047666e-01
-1.204978282194454214e-01
-3.274851162449940456e-01
-2.463571241221658714e-01
3.824650472392538414e-01
-1.607427177166861065e-01
2.892895681387128159e-01
-6.762246418424558425e-02
-2.789291548017244771e-01
2.587303557670131982e-01
-1.932489963661567223e-01
-4.139683429831463313e-01
2.841716416363575526e-01
-1.517540994584206382e-01
-1.443796537003777802e-01
3.027807229829801439e-02
-7.919389725837130967e-02
5.181381095393978731e-01
9.843288848245596023e-02
-1.004770155392137737e-01
1.465686377378056793e-01
2.029435194567620060e-01
-6.633623030438932922e-02
3.858388101333323772e-02
-2.421063748923176773e-01
-2.215055801151635459e-02
1.686578776422619289e-02
-2.236954983939136443e-01
1.478794420211881344e-01
9.385160737404009412e-02
-2.385959733750321610e-02
5.398079328093782076e-02
-1.407715592997873522e-01
-2.761245394687599775e-01
1.751317457159681235e-01
1.031174037065642896e-02
2.250073948444138716e-01
3.362461957724927324e-03
1.301931728401334032e-01
3.585428590062481047e-02
1.983731755753748716e-01
-2.726186289501530968e-01
-8.564504193115160535e-02
3.407939185329203480e-02
-2.468182358395592801e-01
-3.193021595475333263e-01
5.998525231060590143e-03
1.300727086982442771e-01
-5.756325108757003733e-02
1.689171903173319333e-01
-1.836472007571061937e-02
-1.540009397589081619e-01
-1.122230087194725084e-01
2.305828896079159251e-01
-1.985956816301562844e-01
8.754208245837226399e-02
-1.924754796009944258e-01
-1.538998633752408640e-02
1.957145957237386436e-01
2.863994167095174417e-03
2.673743982051721702e-01
2.030639576219653852e-01
-1.570699241753016062e-01
7.626895975261840932e-02
-1.956509869089961828e-01
-3.296518823478272048e-02
-2.711594013097570199e-01
-2.152918746543506720e-02
1.020240376095228885e-01
-7.463639100008467864e-02
-1.097984508604648440e-01
-1.947718610942687746e-04
-5.053037712638157319e-02
1.723235869267475961e-01
-5.510246675920153769e-02
5.940732525442234124e-02
-8.462998073463486037e-02
-2.782392595615142961e-01
-1.784174594998405305e-01
-3.529485339042927605e-01
-2.319040016696128081e-01
-1.221485872161931635e-01
-1.851085822583632134e-01
3.955578138363590179e-01
-2.938622346412755881e-01
-6.224807704104670658e-02
-1.202564384327393099e-01
1.360551932382101092e-01
2.765548755681147830e-02
8.243208915978424145e-02
-7.637973672486563989e-03
6.972697918993404909e-02
-1.391114813750132517e-01
-6.798062752964994723e-03
1.871199502130156678e-01
-1.988241323180077735e-01
-9.556299529788839231e-02
3.268230908297791171e-01
-3.875928447782058806e-01
-3.403423216960670405e-01
-2.228447592407272956e-02
3.126514101866371687e-01
5.009354103985030199e-02
-1.805442464234708333e-01
1.195278901952307737e-01
-1.941344798752833722e-01
3.071134595084431054e-03
3.229852107549363027e-01
-3.306698732842010963e-02
2.384908417665398614e-02
-3.921487339530222438e-01
7.905583921794005157e-04
9.908488821643526845e-02
-3.257080472221771106e-02
1.986907088840877619e-02
-1.617783963109449274e-01
4.306962719502776399e-02
-3.579730127994384947e-02
-5.951850790502403316e-02
3.236247006141499544e-02
3.120565352013357496e-01
8.504797808887870625e-01
1.000000000000000000e+00
7.706721952899597827e-01
2.858775222944345829e-01
1.614191477261758545e-01
-8.005255115624898554e-02
1.375210190959725021e-01
6.669524063779607055e-03
5.328781608739005526e-02
-1.669459770766425211e-01
8.829844856749509419e-02
1.816006819535365135e-01
1.617133244674295312e-01
-6.563180364303616843e-02
-1.846883960471384922e-01
5.894305882632037141e-01
1.100731023711035983e-01
1.565851795768797017e-01
2.245627656821216622e-01
-1.449331936299918799e-01
-4.242061818317181821e-02
6.808335784355658282e-02
4.497133010136434850e-01
8.372243069007292982e-02
-1.015312824671803782e-01
-2.115444418099580448e-01
-7.753664395102849438e-02
-1.196532454553244362e-01
1.748552578482539810e-01
1.355356465469292615e-01
1.254706307862654968e-01
-4.111164105246666312e-01
1.418299632073362002e-02
-2.635049861298367421e-02
-2.021864979222485204e-01
-4.495329998923697397e-03
1.372358024711035906e-01
2.579161696160564010e-01
-3.588428277659462262e-01
-3.479143155902301998e-02
-2.134851152528787210e-01
-6.540132510666363252e-02
1.591470181833468389e-01
-1.735480356733797580e-01
-1.344709957160175606e-01
-3.263858953060251311e-01
4.012108094383769197e-02
5.118775608374128566e-02
-3.851308381033402561e-02
-1.413238669342585241e-01
2.405943735985122123e-01
-9.420980306949647276e-02
-1.450309617877408030e-01
7.926954692732285368e-02
-2.622695373327021615e-02
-1.385566076745398112e-01
-3.164460934619448551e-01
5.440557462218970769e-02
1.271476539845725340e-01
2.144259898448563906e-01
-1.320061804517794479e-01
1.975178077978469171e-01
1.756073109244190023e-01
-1.918857403942279549e-01
1.088489743738212667e-01
-5.526799003439639146e-02
-1.923962750157431345e-01
-1.276961747179611029e-01
2.702048669746451859e-01
1.721990398956173562e-01
3.573333306360879785e-02
-2.282127596267929590e-02
2.168283540118075628e-02
-1.903673589411385703e-01
-5.565146229663725519e-02
-9.250790139389870881e-02
-1.815866259263822502e-01
-1.018394264353912199e-01
1.777888866744321839e-01
2.813079739664349765e-01
5.169692974217921649e-02
4.023981295285876669e-01
-2.992315651515288777e-01
2.064710606905428153e-02
2.156171515164324315e-01
1.058417110516555459e-01
-1.111803483349955851e-01
-1.608432597539986852e-01
1.026252274995986119e-01
-1.551226277538327314e-01
1.015278933614215291e-02
1.185830474908665666e-01
-3.179174262896410086e-02
-3.989863808879906548e-01
1.548430712339097237e-01
1.218150002824017024e-02
1.161962564701366080e-01
-5.617005878988223094e-02
-1.141581887877016199e-01
2.222444733788160043e-01
1.506153260619756684e-01
1.026923145160780204e-01
-2.800602656314466476e-01
-5.353239081272043870e-03
-6.467158322626437306e-02
1.058083599375936462e-01
-1.505232977447130138e-01
5.582184890787718345e-02
1.511876844689765687e-01
4.235806166778163795e-02
3.732577847007862437e-01
5.409247549675912786e-02
1.844131018223056639e-01
3.059836502976796546e-01
-1.112078200705158976e-01
-2.662560621750579837e-01
-1.132459276207163634e-01
-7.066412034386506009e-03
4.459455491212141465e-02
-1.844651838290988222e-01
-1.151118629404785793e-01
-1.208524182607343816e-01
-9.340337193199937937e-02
-1.722195561118036039e-02
9.218446729793583483e-02
-1.293441350739821527e-01
-7.496204565153695432e-02
-2.047999441222437926e-03
-1.326820069892783449e-01
8.055698712561742969e-02
9.551314773764554844e-02
-5.192809027057915250e-02
-1.178890213486405783e-02
-4.925299072119743507e-03
1.776732490217907690e-01
2.408458790821549067e-01
5.027363176136419032e-01
-1.213919649866773004e-01
-1.339505000422047121e-01
-1.646667110989470661e-01
1.179204433648332051e-01
1.608768530973833100e-01
1.449245017196155727e-01
1.091690924320199742e-02
1.718368618669605455e-02
-3.731452836800411288e-02
-3.072366248846392645e-01
-1.625344196346761166e-02
-1.247492467657639881e-01
-2.920981763452268898e-01
-2.270592002000591525e-01
-1.881136643028728517e-01
2.204038013247001104e-01
6.568937721906600857e-02
-1.561072911216720149e-01
4.243359534433704949e-02
-2.264921050240425449e-01
4.085107571656427239e-01
2.451271807853289131e-01
-7.678959798545473281e-02
-2.691394725437362689e-01
-5.171564184561988842e-05
3.401805433189720312e-02
2.384513342634690947e-01
1.946707006131110917e-01
-4.483081832285710222e-01
9.017575664049988504e-02
-3.047911587958599192e-02
2.634325613047233117e-01
-1.802114565526936885e-01
3.969378184342461230e-02
2.266218482262019607e-01
2.224441001029736631e-02
2.144031479510469240e-02
2.685770093445535855e-01
-2.703619315041579929e-01
-6.839688162510823566e-02
-5.780058639275676563e-02
3.345621112270583675e-01
1.284548888350037776e-01
-2.811599245276747983e-01
8.179644209743029692e-02
7.854940607204757841e-02
-2.087362842362696647e-01
2.234923750107142837e-01
-2.490471311461142367e-01
1.574421372456694668e-01
6.394285315189905672e-02
-2.833243161255158404e-02
2.515639474660918418e-01
1.719433995693431805e-01
-8.636861603198740106e-03
3.010198978629358701e-01
3.547495248329700646e-01
-2.091802452976141702e-01
-5.725249031548928363e-02
2.703596312131282264e-01
-1.645747715818721146e-01
1.932529366963743889e-01
-2.185873299923478397e-01
-9.462441919146681590e-02
-3.633427477726460242e-01
2.247536277220124057e-01
1.708623549835085187e-01
-1.278995934993868155e-01
-2.650582255715433488e-01
1.704226302405495719e-01
2.700623477573644848e-01
-1.680787309665301432e-01
-1.468002597691240585e-01
2.599671902884163055e-01
-1.089060819485480891e-02
1.744745830112171270e-01
-1.492920358223596413e-03
5.086602967690063287e-02
-1.755723096059351278e-03
-1.005657480815472515e-01
7.267683953917485409e-03
-1.197347883938972984e-01
2.216852594531856790e-01
-4.374546762359694807e-02
3.852360529067274109e-01
-8.759680846125320053e-02
2.468484663480313979e-01
3.703889887717003171e-02
-1.750062376166715561e-01
4.102324534933865507e-01
7.936346864332085443e-03
2.918941782630317117e-01
-1.022385609381732813e-01
5.227881245972242769e-02
-2.604630291895512761e-01
-6.550309943910971600e-02
3.181506563075437582e-02
1.657318222172639022e-01
-9.712445998915282541e-02
6.742006852094109288e-04
7.088735581344103587e-02
-3.541840060208040902e-02
5.699201803210207640e-01
3.185148670468406773e-01
-2.499366196144058860e-01
1.297106469561064845e-01
-2.252338823126916745e-01
3.221070741515746905e-02
-4.718223730052701487e-02
-9.668835541701273351e-02
-2.859949664546809767e-02
-1.848413909885295303e-01
6.709520175733833802e-02
-3.728565867182179749e-01
-1.364020681338142527e-01
-1.013965961934354953e-01
-1.131711647363854573e-01
5.822930684871302498e-02
2.499572714279093555e-01
1.257467314345974696e-01
