2.124796064626174597e-01
1.139154369842037828e-01
1.985761137918256591e-01
5.526799512864061237e-02
-1.333109997080453302e-01
4.966079972585057956e-02
3.576370723162020093e-02
3.049385197655398727e-01
3.787018979994195567e-01
3.187042996049256893e-01
4.160672802026318950e-01
3.483480934694595937e-02
-1.858194645219584107e-01
-4.198599261449762476e-01
-6.669070937841978242e-02
1.150366454652695936e-01
-2.862414733839716563e-01
5.464025445590264818e-02
2.216024424049794217e-01
1.115131464514998866e-01
1.177962365011591683e-01
-3.471727806991027343e-01
-4.550787426960420379e-02
1.649201846365477842e-01
-3.719127048450100448e-01
4.815120259720467866e-01
8.078543315833838778e-03
4.933003632486898833e-03
1.841714692958049959e-01
1.606887900931852631e-01
7.183353066088739303e-02
1.639160301596508940e-01
2.546648119684614964e-03
2.619901281823979744e-01
2.568714150947595809e-01
-1.917852878825665741e-01
1.227837241625804598e-01
-1.060883684867385129e-01
-1.439998782081975959e-01
-1.559305013047445308e-02
7.543559539095527622e-02
-5.397061974199466455e-02
-5.168993256354015992e-02
1.726400298728051896e-01
1.525655592775979341e-01
4.858637414994896458e-02
-5.580762584110217361e-02
-2.443305646151661958e-01
6.863524403895228387e-02
-5.230650563808837000e-02
-6.551971416833136941e-02
-3.259177364362575435e-01
1.079497880808505811e-01
3.533365664750683002e-03
5.611876344011236528e-02
-3.695437426497457656e-01
1.828038758250434548e-01
1.276607324536074839e-01
2.973920898962069126e-01
3.116351408381364263e-01
-2.337743262245745024e-01
-2.465054526162690496e-01
4.780489839727589119e-02
-1.427248474186109672e-01
8.753584644313305851e-02
-3.679821185990738153e-01
-1.325813165684454776e-03
8.349182061727877802e-02
1.059078454894836485e-01
-1.587952823877638586e-01
-3.683840894951020406e-01
-1.636737489763854803e-01
8.049461905287081942e-01
-2.060905509333060479e-02
-3.164232977256996038e-01
7.414154710484769373e-01
-1.336597002937622292e-01
2.180520588446244190e-01
-1.067655905883237583e-01
1.069361423749481260e-01
-2.255723988497686516e-01
-3.555840194590770276e-01
3.686928599295971609e-02
-4.225950258578300422e-01
-2.359571599285026078e-01
-3.084440490751593211e-01
-1.856316160470616039e-01
1.775267910787202419e-01
1.368573230762628878e-01
-2.289764436023397631e-02
-3.695169382980571793e-02
5.385272744113634574e-02
-1.554894329906654216e-01
2.527604709081854306e-01
3.576105232222997338e-02
3.058551842831073175e-01
-9.106177289414887910e-02
-1.221120205507272294e-01
-3.369252526944279680e-01
1.278179511147895520e-01
-4.486577858529871010e-01
-9.476146599363161060e-03
-2.724191141102825231e-01
-1.878369157903313491e-01
-2.740239066417842206e-01
7.516532967861619396e-02
1.871253089830692551e-01
3.597491592570012942e-01
-1.672066519905750226e-01
-3.453592191795846200e-01
6.639979423939813830e-02
-2.540006374589430793e-01
3.715561988000680715e-01
3.116819237432588707e-01
4.612891547046323315e-01
2.288518964726012628e-01
-1.659797751751614370e-01
-5.679305667758656195e-01
3.716747547161244336e-01
-1.278135858467131791e-01
5.147955046618429842e-01
2.775161000107066039e-02
9.772559840170882972e-02
-3.001779454776930534e-01
-1.713002464739458441e-01
8.300849825264179638e-02
8.365234840249459458e-02
-4.003196740265967390e-01
1.629700878719486379e-01
1.030060675090368680e-02
-2.250852003750818953e-01
-3.701086345545392953e-01
4.586579477365328866e-02
-3.671742335591112166e-03
-2.079352234938890709e-01
1.267915486700570971e-01
-1.904809547339812170e-01
-1.773926586820213647e-01
1.851267093298706312e-01
-1.487720222478696452e-01
2.818554618496917352e-01
4.560639135937040456e-02
5.799959223477674231e-02
2.499515729007035503e-01
-6.404725644621489522e-02
2.485485821946407103e-01
-1.587051129301385033e-01
-1.359751741072509068e-01
6.335378439976178944e-02
-7.166924820794587370e-02
-2.629053004128688587e-01
-2.238406249419550298e-01
4.170175473406453198e-02
2.279696506501290854e-01
1.613238032286760104e-01
7.111198708092777987e-02
-1.525468917445112482e-01
-2.728047574576062950e-01
-2.733044509851988435e-01
1.021750787048800874e-01
5.298091690583893731e-01
-7.860731239135484993e-02
-1.182901936916664620e-01
7.091503990578647276e-02
-2.773881927282225573e-02
-6.262330161269788475e-02
5.472714707497500219e-01
-2.599085975448248154e-01
2.338155906399231598e-01
3.096866768284286531e-01
-2.604547250630715460e-01
-3.388723456351687147e-01
6.787525578541481197e-02
-1.429019398495079973e-01
-2.932394887654812821e-01
2.047449601785322759e-01
-3.629636085952185343e-01
2.813607974296100100e-01
-1.818677897342032418e-02
-7.659137872511495582e-01
3.872202879802419395e-01
-2.208038010311489108e-01
-2.970128127359425996e-01
1.256434992567823927e-01
2.751722517304433513e-01
-3.104069898071323830e-01
-4.122336221301415859e-01
1.459886717074244111e-01
7.285153223431170555e-02
-1.687008804307104032e-03
6.691855484782189833e-01
1.336806047538276199e-02
9.129079855580858605e-02
2.105268547885863206e-01
5.810061836928320789e-01
-1.289166159526771438e-01
-1.615476445751935219e-01
-1.541588949642063756e-02
-1.829626496373220335e-01
1.709913520059830050e-01
1.724872543076889364e-01
2.316536338348217372e-01
4.170687107020282225e-02
1.199995791639750509e-01
1.346126001192092525e-01
2.929309432119866496e-01
9.446365892883651361e-02
7.302142040565451353e-02
-2.408652968160200913e-01
-8.446407106491224392e-02
-1.704828937284993962e-01
5.800642855439207962e-02
-3.874152449502975271e-02
-7.740418545566425668e-02
3.971295161004680802e-02
-1.906278098799663590e-01
2.332953691280139075e-01
-1.655835502410511195e-01
2.169335480224969526e-02
5.068858102559420375e-01
-6.413006621245999350e-02
-2.975167757669653842e-02
4.758807745241960124e-02
2.262211376394210050e-01
9.758849617065350202e-02
2.994399774956106319e-01
-2.089949106617264851e-01
2.492570010959149762e-01
-2.563190278676626965e-01
4.741299127694353910e-01
9.077852274664106880e-02
3.694709124055792215e-02
4.568543683305711922e-02
-5.539004425081837241e-02
-3.364669213007649012e-02
-2.283021641549363434e-01
3.124221682053822391e-02
-1.725616046242600399e-01
-1.010853137453545103e-01
2.710308521874512100e-01
3.220915250594550416e-01
-4.320370855696969992e-01
3.202400858523751226e-01
-1.734184241977832497e-01
-8.061840709750098255e-02
-1.982752715048973768e-01
-2.654144122774650949e-01
-4.656673276550134938e-02
3.375520479514247663e-02
1.174405061131430089e-01
3.104050222372681939e-02
2.343830748143851395e-01
2.985608663399589857e-01
1.255990905497805232e-01
1.000000000000000000e+00
8.893389322077351888e-01
9.471151213818862491e-01
5.527431094476650264e-01
8.841962075544913535e-01
2.863967443652961631e-01
2.602345853693905919e-01
4.112207954712631675e-01
-4.849016305510479852e-02
2.582534226479810679e-01
2.463407147705664879e-01
-5.693150301924002621e-01
1.408764697488852635e-02
7.317554801435066647e-02
-2.739542850588581532e-02
7.913490769359671911e-03
-3.879882078374017468e-02
1.562586657514407618e-01
1.042770843118808466e-01
3.561321863599702792e-02
-1.193881946901196311e-01
1.530827143259687051e-01
-4.621613955511666427e-01
1.092452842150321429e-01
1.932220770586666192e-01
-2.906826780952784239e-01
1.882202871322350424e-01
3.430070982798317236e-01
1.206262976821723537e-01
1.132541308771329719e-01
-3.481385095279342368e-01
-1.937665132436979520e-01
-9.255808675008657394e-02
1.050219226030805753e-01
-2.834978363934543832e-01
6.441332169920811757e-02
1.568994248488494170e-01
4.098029838269064834e-02
-2.065920967572994205e-01
2.106043547360509638e-01
7.596250335421408928e-02
-1.373035814611635597e-01
-7.810356829645757892e-02
3.368824282017150729e-02
1.148285988950952935e-01
-2.981764482546507278e-01
1.624970854082157246e-01
1.274108012429012171e-01
5.262657090463189746e-01
-4.327028736886451288e-02
2.560514756431214733e-01
5.014815833097001699e-03
3.448426896956375276e-01
-5.435014362406846017e-02
-1.853595621480051692e-01
-1.697487432781008831e-01
-6.878696346006768492e-02
2.035718334307768107e-01
-4.829083208262472948e-01
2.134024776740623686e-01
-9.482257722279875678e-02
-2.695629677670284552e-02
-6.510324196121573814e-02
2.038809799597476879e-01
5.888227730204477206e-01
-2.818015469495695480e-01
-4.152550098038635396e-01
-2.713318635923941402e-01
1.933777065792919858e-01
-1.053738737344653703e-01
-9.957286582339631986e-02
3.603831502379096219e-01
3.114828307035446761e-02
-8.889656960473553415e-02
2.451687410202720296e-01
-2.268184952202537130e-01
2.163655469045750179e-01
-9.295820681971740662e-02
-3.322903607542440629e-01
9.289968526899146373e-02
4.832871530800703780e-02
-3.474222757667550510e-01
-1.539007253473728687e-01
1.258911054471376634e-01
-3.936316718968143613e-01
1.501281577842555615e-01
-3.401109324459659633e-01
-3.575171344603282342e-01
-2.520036023574372397e-01
-2.015371237491839773e-01
-4.065741785716226464e-01
2.270659419174687610e-01
-3.357872702599380699e-02
-7.658012723352283779e-02
-1.452888377594624136e-01
-6.095403373582055639e-01
2.907472618107728168e-01
-2.852083742260568336e-02
-1.011871059696525105e-01
1.086355474601410354e-01
-2.590986235161876206e-01
5.366444188629596601e-01
-6.096779618948065631e-03
-1.670898684357594727e-02
-1.088267091204275366e-01
-2.681220168434246820e-01
1.196898466234756764e-01
2.364145912508333336e-01
1.273903604872119733e-01
-2.618722884834980349e-02
-1.373976460542676581e-01
1.422708614024746632e-01
-2.030933159012500780e-02
3.170632867295755664e-01
6.077075712476472935e-01
-1.500320617068551937e-02
4.641662707389008352e-02
1.529728019415904638e-01
1.814653040020109964e-01
1.897439898810104886e-01
3.493291999890849042e-01
2.397668310242096201e-01
-7.816775328263060596e-03
-2.638760583491693845e-01
-1.488890516631329042e-01
2.083386240372502585e-01
5.459286651386451722e-02
-6.993647117097874510e-02
-3.170828402350422404e-01
2.009696791276588956e-01
3.729078730762792199e-02
1.050561668410043836e-01
-2.629919180860069705e-01
-2.385354525343225951e-01
-3.099012204285827576e-01
3.150502103540699372e-01
-1.636301197635125493e-01
-1.010555316289254713e-01
3.679255105145088911e-01
5.264860293976899447e-02
6.284500780155677369e-01
-3.379067857001572528e-01
4.561545748002908685e-01
1.385345238079548902e-01
-1.136120460419417361e-01
-4.937819845374596950e-02
1.005725017397205052e-02
-1.745305530040335007e-01
-2.744512791978557797e-01
1.463663939408703651e-01
-7.372731930189836691e-02
-2.326078121614515992e-01
-2.442962957883784980e-01
-4.959756805397780993e-02
4.878563288344726218e-02
-2.017128887253650527e-01
-2.501517270072198817e-01
-2.371643318680212442e-01
-2.194009601933936127e-01
2.870031093564316960e-01
2.875460585936068236e-01
-1.793288647358420029e-01
5.899669272982854817e-01
-3.771041726839078484e-02
9.325430307401237282e-03
2.105378725184685329e-01
3.362876432279546246e-01
7.425278393151030221e-02
-5.336031368920565177e-01
-2.335750674910344604e-01
-1.447662420493908142e-01
2.520818587121623766e-01
4.210844873406768829e-01
-1.213652196155969309e-01
2.258508433005538274e-01
3.765231394517019048e-01
-1.556122519821811767e-01
-3.130872768834051800e-02
-1.424518776190702996e-01
-4.224027370029303195e-03
-4.201776234136880839e-01
1.052294513650084279e-01
1.094833119477543609e-01
8.272695868801474561e-02
5.102489369162802602e-01
-5.251548713417585057e-02
3.701408248585073557e-01
8.022368001396390502e-02
1.421928626721925271e-01
3.729692723100999086e-01
-1.326067566535194808e-01
-3.309619288114257762e-01
6.270218759320260460e-02
-7.750042520072829288e-02
3.527234552459135308e-01
-1.264725906477905670e-01
8.889961298157263159e-02
-3.006179439296324807e-01
-3.168918134790320584e-01
-2.318051105954836433e-01
2.245184726079221538e-01
-2.763824807330295119e-01
1.153084622673492265e-01
7.763238800890219504e-02
-2.600108885519820667e-01
9.163923981895851986e-03
-2.119163759629350829e-01
4.126090287438328175e-01
1.199899816808712855e-01
1.786518566444068590e-01
-4.886571241959220546e-01
2.319932166949069396e-01
-3.162751095615635166e-01
-1.168564613543975061e-01
7.260663013115800646e-02
1.213914268607120400e-01
-3.234870974958552470e-01
-3.060488509844764837e-01
-2.512548443418113342e-01
-4.311339382595759662e-01
-2.016019732118750907e-01
-5.524266336975280911e-03
-2.066934528385017400e-01
2.003792737452888828e-01
1.419400338916842752e-01
2.024517589217430802e-01
-2.981689141060989701e-01
-1.047482645994362305e-01
2.567620942853030552e-01
2.271356706193213559e-01
3.583235113921030834e-02
-1.061864780836706684e-01
4.737831089881001934e-02
-1.660671533169577607e-01
5.928302945910645522e-02
-2.161716512289827419e-01
-2.913018164869397506e-02
-2.799303814776831628e-02
-1.951255044337169703e-02
-4.778241739386127063e-02
-2.536715243681530452e-01
-1.119009309613651776e-01
-1.295425684387812859e-01
-3.600514981166184625e-01
-3.090132476696634267e-01
4.284987568578378370e-01
-1.834156228995557081e-01
-1.630768918762019043e-02
5.232095371009200940e-02
2.582196827563932318e-01
1.418408965767347374e-01
2.194048758564220714e-01
3.555138069383964039e-01
1.934605409344427596e-01
1.645151742292022545e-02
-2.681895188519399509e-02
2.919430536440305590e-01
-2.916181696391562106e-01
