-3.768932533513806860e-01
-3.823878808621761771e-01
1.181018225631099983e-01
1.841047938139593956e-02
1.619279054657385697e-01
-1.409978961321809998e-01
8.968069611549676912e-02
-1.016851846117711178e-01
3.029175013112556658e-01
-1.092318877359568369e-01
-2.738835412725234425e-02
1.034916320869076756e-01
-2.316489266649590650e-02
2.071322284487726179e-02
8.460946789847187399e-02
-1.645275665209839921e-01
-3.030781523286615875e-01
-2.609257376398951278e-01
-2.204636247825189077e-01
-2.512207553314178832e-02
1.619272600199313517e-01
-2.024688898540203674e-01
1.415661220693982258e-01
2.605142980655179158e-02
6.784985458298865846e-02
-1.632248445598337427e-01
-8.689470383566251510e-02
-3.298982405757038688e-02
1.386698000569741018e-01
4.438565278611092402e-02
-1.770870699847880148e-01
-2.916990879711940376e-01
-1.108091768926556392e-01
-1.040292041934392786e-01
1.040559818998028491e-01
1.357745439226548390e-01
1.725817109352445755e-01
1.403165963045079068e-01
-2.403099910497716873e-01
-1.446336110537623648e-02
-1.605539320456739472e-01
-1.514464756728905737e-01
1.472689777245331233e-01
1.496240765196461819e-01
-4.791007842994822463e-02
3.529631634122516737e-02
5.796158635623157446e-02
-1.284218863549809464e-01
-6.723366413069115088e-02
1.011419759142762921e-02
-1.033119541886742543e-01
1.236143449883264217e-01
5.645467474971756217e-02
-6.822835624246507968e-02
4.573091216234086154e-02
-9.964282920548943323e-02
-5.695057990042037138e-02
2.261856852156654898e-02
1.455072324648862270e-01
7.410853302613058802e-02
2.266438521270693618e-01
1.384306318526420387e-01
-5.083785864407307231e-02
9.472385918397289994e-02
-7.165033373280992046e-02
-7.825117971965181440e-02
-3.242200044237579237e-01
-3.636824192157744450e-03
1.993996984711382189e-02
1.465986263567435610e-01
1.897465822322988221e-03
1.425121746255630373e-01
-8.961564450643988433e-02
-3.771163356746143336e-01
-1.798720906464656988e-01
-1.640299761915955390e-01
-9.753190528236199697e-02
-1.260093278511721371e-01
-3.120211111544550775e-01
2.300270079783406363e-01
1.610312008788654728e-02
1.213099879103270579e-01
-1.220747104337566169e-01
2.884110481827430184e-02
6.344468462659590136e-02
3.241150721963976244e-01
-1.707706091100467116e-01
2.565945911976036387e-02
-2.753530907746292583e-02
4.213097154710390008e-02
2.245430392486594817e-01
1.180639394980421558e-01
7.671898361605165861e-02
-5.353053874751366459e-02
-5.576845906487695737e-02
-3.682893287712293157e-02
5.705025775078739064e-02
2.636929349512864840e-01
-1.879440288162910477e-01
5.747824327993036886e-02
2.466444428508283299e-02
1.555001817602016390e-01
1.709119191745590849e-02
8.659817708149090965e-02
3.713800245934471833e-02
-2.900892066200172481e-01
1.332306959174362482e-01
1.588075329613699571e-01
-2.294829359948450942e-01
1.052775402255384102e-01
1.708817866061397572e-01
-2.291777476837753361e-02
-1.038919013356648657e-01
-8.017351133147795905e-02
2.948179184251791818e-01
-3.452438038033554812e-02
-1.037548916060889587e-01
3.175351271178035450e-02
-1.095050959252185374e-01
-1.647884046051698859e-01
9.883779873258385917e-02
1.254854552612980900e-01
-1.069344055483767431e-01
-1.659511404374576504e-02
4.817725604286457464e-02
2.045002672057133764e-01
-6.232741308239693467e-02
-9.338011226338829851e-02
-1.276275704031871461e-01
1.883802902115531697e-01
-3.571082490624050698e-01
-2.010861293250364168e-01
1.063551754113114950e-01
9.586929013666890820e-02
-2.225524198734781800e-01
-9.020337552315038643e-02
-7.429931283363902517e-02
1.164403675554700063e-01
-2.714430130015495490e-01
3.419163739700242233e-01
5.923879535734034169e-02
1.566047866217135376e-01
-9.470043601074454309e-02
-7.750431014123020101e-02
-1.534960286924786643e-01
-4.491758967027491278e-03
-1.880610118752198134e-01
-3.988861844375966165e-02
-2.852202613056725178e-01
4.975260886212522216e-02
2.643246600988234385e-01
-8.408884523346406292e-02
2.743093073827273520e-01
1.275461556090034532e-01
-1.290777654562066112e-01
-1.749095434769745716e-01
-2.237422437605230199e-02
-7.394948872435126719e-02
-6.665623065224053623e-02
-1.652413553579246408e-01
1.030132660835384045e-01
-3.402401284893019628e-02
-6.113857425525495715e-02
-3.118561746331419571e-03
2.667909625352724023e-01
-4.620887117505990786e-03
-2.533708085847353325e-02
1.748791466370264169e-02
-1.648689227947773561e-01
-1.523454637679970136e-01
6.151860764404203791e-02
2.797367549777184936e-01
2.208427491919889019e-01
-1.018091402704966869e-01
3.534531713972167283e-02
-2.357036928529354092e-01
2.430952786943555433e-01
-1.149910009923213600e-01
-2.332314155800890854e-01
9.944052015754988039e-02
-7.235856816570029881e-02
-1.638638946247762407e-01
2.536594230982803233e-01
-2.664126404704303952e-01
2.052622840912277091e-01
2.299983950933786603e-01
-1.442032753521025057e-01
1.000862290246477548e-01
-3.012045194618712673e-01
-1.585543686627361171e-01
4.158160417678163044e-03
9.893117557422068109e-02
5.560387618318452657e-02
-1.738955678497712265e-01
-1.782220286498790718e-01
-3.309394846445332800e-02
-1.017315265870546853e-01
-9.872154645413190599e-02
6.080507341531611598e-02
1.835698408893204348e-01
-1.515601929827994632e-01
-1.733737554519887147e-01
1.284370380710989773e-02
-1.185385862759101017e-01
5.620075007588528487e-02
1.955587946903553087e-01
1.483995544983678916e-01
8.388760302297815566e-03
-6.555866650523081707e-02
-2.373369248536922813e-02
1.570057728804125918e-01
-2.103638922571240966e-01
-7.508558138225253364e-02
9.814929784215861708e-02
2.427906418981311820e-01
-1.535973463026231167e-01
2.361554627981776455e-01
2.744228381991269394e-01
1.317571196606014683e-01
1.318378332689804366e-01
8.143958537917735108e-02
-2.712660476400898801e-01
1.928688917889480881e-01
-1.001274927681431587e-01
-1.612162360102996628e-01
-1.481617921150249761e-01
-6.984930788180807038e-02
-1.334336800059046368e-01
2.901871139570290081e-01
1.494594901885244742e-01
2.871183832237960143e-01
-2.243587948251148101e-02
-1.193838008436547832e-01
6.878060293325653773e-02
-8.658464394841413302e-04
4.426008351283432229e-02
-3.222722091565906333e-02
1.004909024242274171e-02
-1.652013997260573519e-01
2.769419163995217037e-01
4.848636165508860875e-03
5.129317854125502174e-02
-2.033561434053131681e-02
-2.062500504179071437e-01
3.090187318471556144e-01
1.658751269269851947e-01
-9.702803710383263794e-03
-2.510029901859881646e-02
7.312411778317362554e-02
4.096722430608215060e-01
-1.362077762569262893e-03
2.292545662504673343e-01
1.084831237895430706e-01
-2.369564359621849012e-02
1.000000000000000000e+00
9.820006788361620442e-01
7.897763725715113425e-01
2.905897138302461213e-01
2.841570130517607762e-01
2.443784625318451698e-01
2.482468682021671813e-01
1.685913540583075243e-01
-1.116348444114939886e-01
-2.742842813797304741e-02
1.339654885190135203e-01
2.493766139960671563e-02
1.137636460290122331e-01
-6.280545636286258282e-02
-3.061282064722885554e-01
-1.032289725946748393e-01
-1.976104670914451411e-01
-1.762903587432746721e-01
6.494598263964941609e-02
3.650950951820079449e-01
-1.429767103587298860e-01
8.711779853362056070e-02
-3.920243580306990300e-02
1.786086231314275297e-01
-1.409724038416154401e-01
-2.957071255337424820e-02
-8.696026121168660972e-02
9.130127476778812645e-02
-2.927678644838966893e-01
-1.473211933773578008e-01
1.165793521424678403e-01
-1.820124109891615299e-02
-1.763097695628196848e-01
8.971471543098347157e-02
-1.127310495521838957e-01
-6.295900200053963780e-02
6.015090563798602269e-02
9.735631130194653815e-02
-2.088704462284463881e-01
-5.771568778560949575e-02
-3.245744166278888981e-02
1.606679144791005667e-02
-2.779149281160398985e-02
1.639570588276278718e-01
-1.632893764372405840e-02
-1.080112590589648036e-01
-1.427366035803755984e-01
3.265134900818248420e-01
-8.295442537950756257e-02
-2.009293475330281020e-01
1.184148680054020464e-01
-2.404730633353390629e-02
-1.614208756827156255e-01
2.172343496665526952e-01
1.556677200427347696e-01
4.571066940346279334e-02
-6.683050759579864386e-02
1.307146288578466264e-01
2.479306321913190073e-02
2.243124643243676886e-02
3.638201837612082268e-01
2.903948920743656958e-01
2.900980668830625483e-02
-1.407803888824735172e-01
7.678287711340966992e-02
-1.846818560029074574e-01
8.553740945198477774e-02
5.827240233290346266e-02
-4.109150017988923848e-02
8.434589113221992174e-02
-1.905527591570213841e-01
-1.544358724734908039e-01
-1.759750927606246462e-01
-1.854167077938949637e-01
-2.041771072692580291e-01
-5.978355615191616873e-02
2.157367082401280556e-01
5.374314048842383090e-02
-1.009759345649239443e-01
1.065074686773578860e-01
-3.798129790964844404e-02
2.463356158037859345e-01
-3.889424647325876450e-01
1.706370048083142299e-01
-1.477227569671751839e-01
-1.553855726909893487e-01
-2.267368868052373546e-02
-1.143560100957809744e-01
-1.453910097811558499e-01
-1.358941645047934688e-01
1.982025806299720638e-01
9.989179810634338241e-02
-1.687766297258807557e-01
-8.046444154512152891e-03
2.786689832942890882e-02
2.933249994634882230e-01
8.177284398564235723e-02
1.850062180468784179e-01
-8.818443091537266076e-02
-2.972193101603714041e-02
1.271851635021719606e-01
1.187966684580821636e-01
5.747783177289493561e-02
3.306244344806676810e-02
1.480925313376861840e-01
1.378101902626331088e-01
1.257048011390661801e-01
9.310339609161641383e-02
-9.706776868152265647e-02
-2.961329300019424626e-01
1.214700354513717495e-01
-1.313750432997365103e-01
1.411363068375062479e-01
-8.829233921298358656e-02
1.651212551540616746e-01
2.492745729407166988e-01
-1.065550210548590893e-01
-8.308442398928640726e-02
-2.440068039474489400e-02
-1.248265526445428292e-01
2.703618562296971131e-02
2.905827412304657908e-01
1.009425613258046195e-01
-1.434775575118595603e-01
1.710346957232882770e-01
1.261675402136349100e-01
8.218535948478901398e-02
1.590110860862216646e-01
8.514330700896720339e-02
-5.220401982862337906e-03
-4.684854979471649722e-02
3.167632838591463718e-02
3.541356551528616059e-01
1.907261277518225717e-01
-2.866690428414007952e-02
-1.022296397364746978e-02
2.203848302915808743e-01
2.084178258949961893e-02
6.912707250935962167e-02
1.278179409241951905e-02
7.065136088861946606e-02
1.031133017273470898e-01
2.680205682641882969e-01
-2.632198770385042463e-01
2.648721898006976549e-01
2.915994940596860485e-01
1.838991291115151527e-01
3.161795501959482457e-03
8.504957784970516854e-02
-3.579580571709405686e-03
-1.014502756730185570e-02
-1.070221509459792358e-01
-1.130221277395508303e-02
-1.447287946006784176e-01
-2.296233594469994088e-01
-3.904310609923995479e-01
3.360900512031337883e-01
1.006789756342574976e-01
-6.074820825771939242e-02
8.613212199375426537e-02
3.231787144995420386e-02
1.006124411642438932e-01
-2.097317809503839933e-02
4.056903404158097165e-02
1.975292270466230404e-01
-3.283749227155668277e-02
-1.064220794189474906e-01
-1.463510756516031575e-01
1.688603076603790998e-01
1.483211088755598817e-01
6.434691780129579708e-02
1.890320805497046064e-01
2.539106476100138066e-01
2.928741461938157153e-02
-2.144512736370316752e-01
1.483540533876795409e-01
1.130888742499496502e-01
6.968192712863933991e-02
1.376402064262323977e-01
-1.101428165785463265e-01
-6.982229968610195736e-02
-1.946734758866411341e-01
8.685576726719776430e-02
1.755224564360714501e-01
2.215068119257891655e-01
-6.086987526141458826e-02
1.624191775663996196e-01
-2.414202982888759008e-01
8.498601600052944904e-02
-6.951181535761234709e-02
1.059797495578998910e-01
-1.381483276020759043e-01
2.074796389268258046e-01
-3.008311098047344867e-01
-6.872770815991362248e-02
-3.847820427322941328e-02
-3.924706645444141911e-02
-7.173342478038409464e-02
-1.830090878430672696e-01
-3.108603285505832092e-01
-1.669800628061192393e-01
8.157512197046931299e-03
1.925430736598399417e-01
-1.515252054985854469e-01
8.194105730868780912e-02
-1.420361440919429286e-01
2.241409368477075559e-01
4.860502891106793233e-01
-7.422617875086379158e-02
9.313246792885979120e-02
-3.307271968632356784e-02
1.174094579231036023e-01
3.884517499241620930e-01
-7.770764999675303097e-02
-4.736079888417818462e-02
-3.032413411334961562e-01
-5.384313273471687082e-03
-1.282354464693487295e-01
8.235421825364168391e-02
1.127099191140247675e-01
8.251564547041616293e-02
5.191428342762852144e-02
1.780242555731638698e-01
-3.691722850277846524e-01
-8.239514142367614091e-02
1.180792615544799529e-01
1.998087297826550354e-02
-1.165785195725746459e-01
3.615655706369065858e-01
-4.697312130454418116e-02
-7.291951600018131696e-02
-2.180012156903561871e-01
2.541161962617138892e-01
8.737916368479323181e-02
2.453570776877993243e-01
1.341256633641408624e-01
-2.633862428082598406e-01
-3.426520617481575159e-02
1.903336093286179254e-01
-8.144992973212304699e-02
-1.376005136972983656e-01
-2.279730724369196382e-01
-3.093896863946024589e-01
2.215519992388360893e-01
-6.205480289371297087e-02
-2.762972817052636865e-01
-9.334537938740548879e-02
-5.529924768167869542e-02
-1.626013739784787915e-01
2.770197640217519908e-01
1.664343812881115270e-01
-1.131546353394967674e-01
-3.004584818227826748e-01
8.674559990924507469e-02
-1.804319800999849843e-02
1.289256297195410794e-01
1.778923502206355145e-01
-1.671671006923126923e-01
