-1.327175828096796573e-01
5.227393995131625337e-02
4.690245752270336826e-02
-1.100780823314703033e-01
1.452391085162766868e-02
-7.712639457372137686e-02
-3.632804863970924836e-01
-1.766608837518864050e-01
1.394992946514430343e-01
-1.662485636192088945e-02
-3.615028183014084434e-02
8.686127493429540714e-02
4.108607050344109668e-01
-3.205591188208365971e-01
2.640387636747996460e-03
-8.405847220643523562e-03
2.291563837697649722e-02
8.403192694226246928e-02
9.515769328255330173e-02
2.461665775355739993e-01
1.552879631535902527e-01
9.670744219709283274e-02
-2.913286890855599776e-01
-1.333275311101977112e-01
-8.147153506548819590e-02
1.448995671803164076e-01
-4.532015273763286695e-02
1.623844654765836323e-02
1.012018705267503926e-01
-3.621023700848942095e-01
-2.191585983218623523e-01
-2.324540302447233586e-01
6.200469028005962252e-02
7.066480962807845934e-02
-2.340945650339250339e-01
9.084595170447978818e-02
7.712703079439651999e-02
4.063186474896920281e-03
2.039709324525175449e-01
-1.556161497551978856e-01
2.613803497014323754e-02
-5.977164196174816063e-02
-3.466132817673919092e-02
-1.822592342473435545e-01
2.207161893013675352e-02
-5.825179586852450297e-01
-1.272651751453515445e-01
-4.663553903715083604e-01
-3.423462817705215655e-01
9.690802891875224812e-02
-1.389261603562285674e-01
-1.951445538506463573e-01
7.324606679399170428e-02
-1.690157442203851224e-01
-1.350309834364560591e-01
-4.937115534504295244e-02
-3.220677082411280701e-01
-4.247815660103868018e-02
-9.741667226742443952e-02
1.631577024363486256e-02
-1.046493839638790863e-01
-3.857498405397308816e-01
-1.290663376751758074e-01
-8.718056097066124305e-03
-2.887174413061399658e-01
1.649260840823088548e-01
4.958613227064871953e-01
1.531667456557495866e-01
3.310907077633422069e-01
1.031334136506959348e-01
6.632022663744152613e-02
2.832145864358496246e-01
2.476608524319877727e-02
6.243156830292991843e-01
1.504053960043319760e-01
-1.329254359042238709e-01
1.331971659421968268e-01
2.731106387299760963e-01
-1.606434814399356203e-01
1.811518969899161835e-01
5.833280210498935359e-02
-1.097149166152600469e-01
-1.037168880337574310e-02
2.257020166830105701e-01
-3.100941276746890796e-01
-1.214700104899642252e-01
1.790304862525058383e-01
-3.528105160518262007e-02
4.652032126931633649e-02
1.474194777081577583e-02
2.101512996174799419e-01
4.404221937205279186e-02
4.658527557132281782e-02
2.299860650173223345e-03
-2.351718193754004371e-01
-1.203006620320147824e-01
-1.365981603309626424e-01
2.325451958070485770e-01
-1.165299486511539306e-01
9.613893214141405741e-02
7.566300916855717151e-02
-1.243534226538009907e-01
5.844536824002177083e-02
-2.381830178672963150e-01
-4.097619054153311957e-02
-4.254568295152815621e-02
-8.827096042921599162e-02
-9.080977207663093465e-02
-1.544815717461609783e-01
-1.122340702782235050e-01
-5.399750682604907009e-02
3.432184637316258446e-01
2.515399257071111450e-01
-1.578400505315623870e-01
1.271589676978047024e-03
-6.648452600266889501e-02
-1.200289823719873084e-02
3.990956300580709992e-02
2.336343697699648225e-01
3.867418772263315208e-01
-9.811088132698101566e-03
-8.015519206759234849e-02
-1.492476507735676361e-01
1.370236159982335944e-01
-5.671576794685199985e-02
2.022545754487034275e-01
-6.079583940509628720e-02
-2.495192315681759587e-01
-1.527451702787735177e-01
2.307215244937336762e-01
-3.720371914629615195e-02
-4.646337371070217714e-01
-6.375693952648726903e-02
1.126801056926360206e-01
-3.749418136519505063e-01
6.969551260822021144e-02
-7.862703017385339055e-02
-1.381956921005361438e-01
-3.832337086977971041e-01
7.741150127937598824e-02
-1.695369211935941478e-01
-2.135023666577138268e-01
9.109185696123832388e-02
-1.449681931069277119e-01
-3.418135177364143434e-02
-4.666744918758872207e-02
-1.109885986375262618e-01
9.689956203262124756e-02
9.231859238015661939e-02
-1.170522406266051585e-01
-1.681417119424594708e-01
-1.480834369292509389e-02
1.220296510141033117e-02
-4.992545248137156971e-02
2.350000603977010771e-01
-7.266727197654458681e-02
-1.173479432857683219e-01
-1.204984612480598793e-01
3.177771193374113179e-01
-4.003130912397050156e-02
-3.119238331466249112e-02
-2.852698585243466922e-02
-4.196216487094881487e-01
1.227757575343690483e-01
2.161713177923759166e-01
4.083056881378719360e-01
-1.161315404959052805e-01
-3.113296087303120685e-01
6.178826384423810048e-01
7.403079246105762068e-02
-6.028838114354993089e-02
3.512791606477691508e-01
2.915505139925801958e-01
-1.426287770428767351e-02
3.947072649654013721e-01
2.139548766284658510e-01
3.217772950511785801e-01
-3.942845617434670435e-02
5.593306288355878175e-01
-2.271333524921741176e-01
2.948801171666995402e-01
1.920402916122819215e-01
-1.588982043896986496e-01
8.711337599683730004e-02
2.405032094446679924e-01
-4.520857165869783534e-02
1.516971079428184044e-01
-6.864679526619194005e-02
-6.137948414281527848e-02
-1.724980939833432175e-02
6.471154820468835722e-02
-4.377479717935976039e-02
2.812033630245583948e-01
1.475562540661522551e-02
1.937712480145855620e-01
-1.807508791425024852e-01
1.954600376489470659e-01
-1.094499108751798983e-01
2.310279462610914658e-01
1.352650922264773403e-01
-4.804120737970576406e-03
-8.386268694324366946e-02
1.241289932571137400e-01
1.220230814633038036e-01
-7.327850630129537080e-02
-6.955909180420319360e-02
1.437214953032589504e-01
6.654348714897904797e-03
-7.718493761281318422e-02
2.185913042055502298e-01
3.345353003165481565e-01
1.098623985714702461e-01
1.532580257381167543e-01
3.987802410727513958e-01
4.933521596285979638e-01
3.210977836352738590e-01
2.618208585664553167e-01
-1.478120387843999059e-02
-2.415230451970780401e-02
-1.807469988522075743e-01
-4.845632783441191499e-02
-2.984726927481479164e-01
-2.971624600450314402e-01
-1.855662842028314719e-01
-7.641693362015555824e-02
1.274339653718236931e-01
1.001539860042445357e-01
-7.627881466302365021e-02
-1.605227682451740578e-01
-1.639744339317125987e-01
1.244425103753482448e-01
1.184781433646416859e-01
2.502095159379334743e-02
-1.377566819521517938e-01
1.505943862902475172e-01
1.154186900275684380e-01
2.409429481161902420e-01
1.297624313716123912e-02
-8.062211162942785336e-02
-1.505427265770822864e-01
-1.497707405811847005e-02
-3.166967388785042470e-01
1.736290738475381595e-02
-1.783904019662333196e-01
-1.683280635271720560e-01
-1.745559347966122166e-01
2.731869773698552550e-01
-1.048264572846091015e-02
-3.692321608281144973e-01
-3.859806992818312632e-02
-5.159235412677962845e-02
-1.397794607233061870e-01
7.295529613394081958e-02
-1.318965245751851922e-02
-2.922855944938514972e-01
4.736198883395454362e-01
1.000000000000000000e+00
4.534501468029402543e-02
-3.017162043720069131e-01
2.737415754743192098e-01
-3.982637012190785170e-02
-1.331988640952941894e-01
1.161159303915755836e-01
-1.308795464132906095e-01
1.048836004824660190e-01
-1.481912960056531725e-01
-1.561319449567304118e-01
-9.635199941779030997e-02
9.612116211746599137e-02
-4.551966553287821460e-02
3.462756459883339355e-01
1.658688627851187536e-02
4.256605484784108384e-01
1.032652102151947887e-01
2.704325520473413458e-01
-1.966830894493037940e-01
4.380255051426115154e-01
-3.452020625684410621e-02
3.873609994214739088e-02
-3.085886233688872049e-01
-2.844099853557497393e-01
8.759427416260760768e-02
-3.847820416419590606e-01
1.514606579875834025e-01
-1.509073297783146590e-02
-2.829877440187131277e-01
6.370286926619436740e-03
-8.137450894991939132e-02
4.372416379448108015e-01
2.366887867386377464e-01
-7.789553242692277835e-02
5.669138998825594411e-02
-1.242586265427166325e-01
-2.615516339242453525e-01
-2.111449113024918556e-01
-4.377994127632574284e-02
3.356871352835440470e-01
-6.560890673237516901e-02
-4.301555155237827277e-01
2.496311290413667505e-01
2.139378351276381984e-01
1.727203626472720022e-01
1.120035750218977277e-01
4.867997740851071065e-02
8.076374318313084277e-02
1.775472153389160146e-01
2.673195920395766700e-01
-8.280956945349020326e-02
3.460739664820114414e-01
2.262461118393108150e-02
-1.734392567576682198e-01
-2.223171744735839284e-01
8.388630729683044240e-02
5.269140751404083334e-02
-3.308651513704559677e-01
3.457973427916480325e-02
-1.254593371494095722e-01
-3.591007945572172178e-01
5.459469652428132133e-03
5.054905276794627311e-02
2.558414653053315418e-02
-1.778860732542822953e-01
3.823659550074298002e-02
-4.037238001548808519e-01
8.408393619383718043e-03
5.321565074342033547e-02
-2.627581531545775465e-02
3.182204817662164231e-01
-1.496856725065769944e-01
-2.832519768005495875e-01
-3.108568979971644552e-02
4.433511566730007070e-02
8.119809231681199800e-04
1.386268305076014118e-01
2.233643936935257313e-01
9.739849081758143734e-03
9.214962840244745462e-03
-3.772431640081364695e-02
-2.937730466658715622e-01
8.945837644708522218e-02
-2.406632831163418307e-01
9.199414405587377774e-02
-2.701621046743060139e-01
-1.027971346481398734e-01
9.603777256183343436e-02
-2.332682574298842299e-04
2.663975203736400066e-01
9.645821751044687808e-02
6.520689766752405143e-03
3.786190579489369101e-01
2.744334785017906730e-01
2.374791284927955104e-01
3.355330676102475373e-01
-9.681883346862180106e-02
1.679486036186700615e-01
2.729289403938021108e-01
1.559069392006467991e-01
2.983895785109079157e-01
-1.030099830352211726e-01
2.372326024414822543e-01
2.625311335541455349e-01
-6.251806902897925899e-02
1.315831723904871686e-01
-1.426944060578944629e-01
-3.912569924015249501e-02
-4.737926734491878511e-01
1.661910689652058848e-02
-2.255015411220979704e-01
-3.628453935526189389e-02
1.192792042269765346e-01
1.914344390592076228e-01
2.214666359623778114e-01
-2.843464880999840294e-01
4.282440397110733044e-02
1.847518021647881481e-01
-5.907221266910225171e-02
-1.059471765580582980e-02
3.873741222124689743e-01
2.212650419670593727e-01
9.396637468395903359e-02
1.154158614461084503e-01
-7.197118769064286825e-02
-1.910824012207790190e-01
2.734400857060912404e-01
1.175041520203816553e-01
5.996823723236587023e-02
-1.442266192639013178e-01
8.097753555044633067e-02
2.939381532008785713e-01
3.773299624940743002e-01
4.406013394610025502e-01
-2.696722676322788059e-01
-2.231493335301428307e-02
2.766704139018382747e-01
1.361400684846547082e-01
-7.852908229559453501e-02
5.257983385657811169e-03
-5.193580517093735471e-01
-2.861828930688641859e-01
-5.513459023083146227e-02
-2.034194895473917242e-01
-1.395646388647349689e-01
-3.395246054887792742e-01
-8.869466151429199197e-02
-4.550607340808278389e-02
2.450659593006378756e-01
-2.514492287756166511e-01
-3.251436011427583095e-01
-7.344785746104347257e-02
1.218673857217935086e-01
-3.592892684178485840e-01
1.754571034568418175e-01
-2.672938049749478129e-01
-3.524795030034704596e-02
-1.658874751493120692e-01
-1.128551208067803957e-01
3.903930812849721876e-01
2.971805720400744755e-01
-3.655775706868664154e-01
-1.070683597440817009e-01
2.059956436193161600e-01
7.164980961197944635e-03
-1.545021703515865596e-01
7.378874863629242276e-02
-1.881205429371109877e-02
-2.271382811320087625e-01
-1.339685816671871144e-01
1.497932284801845905e-02
3.193947400056989516e-01
-5.033387203610560912e-01
-2.142087140753452280e-03
3.398038651512043096e-01
2.366723027389399381e-01
-3.855061841457408378e-01
9.983313921968289817e-02
2.314611134285460975e-02
3.887698034537294678e-01
1.359301786251957689e-01
-2.027083150145906065e-01
-1.826986908090144912e-01
-3.669330997075379575e-01
1.633148780362135011e-01
1.257958760442377533e-01
1.800610538829229557e-01
-1.489313017145779960e-01
-6.837216320259775770e-02
-9.305474344852934787e-02
6.694151819996900510e-02
5.306261256139705590e-02
2.001565763991897673e-01
-8.727739325223089761e-02
1.852634194672030943e-01
-2.463262014346836171e-01
6.734009737720815514e-02
1.506189762738112947e-01
-3.245617777128227410e-01
-5.934261903914291730e-02
1.175859875820628626e-02
-1.839194236617191225e-01
-2.356958882234942709e-01
-3.213420608966870984e-01
1.666793593878110880e-01
-2.055371055054936724e-01
1.590270275576699185e-02
-2.179175611133122858e-01
1.055360387366231917e-01
-1.807356892445189517e-02
7.527493700165892310e-02
1.637956684734181434e-01
1.575545168280853212e-02
-2.840443963954853435e-01
-2.853221519476161205e-01
1.531009692421196437e-02
-2.992836331077137757e-01
2.860248480846410910e-02
9.695572962207733847e-02
-2.014418993652091483e-01
-3.983903887468014382e-01
2.607488149746658990e-01
1.670563515442496372e-01
-1.131688944580094280e-01
5.662407909491532637e-02
-1.460464627995436415e-02
2.740852131522052981e-01
-7.361594481412048196e-02
-1.977337392598622900e-01
-4.424038628180419069e-02
-2.016914694551312504e-01
-1.123896360736064831e-01
2.162587620195890181e-01
-2.140415701878654320e-01
-2.038757122186117821e-01
-4.128205144846588959e-02
-4.921639484349233928e-01
-1.328549476668344220e-01
-1.879816806608745339e-01
-1.346293568613304570e-01
2.975103388426089679e-01
1.677272028344712340e-01
-1.291270440660495789e-01
-1.274403767076068561e-01
-6.480388814620539548e-03
3.815747271452716444e-02
-2.512716006100120802e-01
1.765767400233906881e-01
-2.092007833274274475e-01
1.731460183455539037e-01
-2.257905840628509492e-02
-2.325333651287753711e-01
-2.530563424335633416e-01
-6.141133713998619265e-02
-2.623029795359195226e-01
