-8.702812091312840670e-02
1.411603327330943625e-01
-4.993674164876658189e-02
-1.363928494831594951e-01
-5.628312972721122298e-02
-6.075845273547070269e-02
-7.061800058917051814e-02
-6.761314176087419858e-02
1.277679371860920843e-01
5.060557778697126752e-01
2.190592581638200753e-01
1.541902522738382575e-01
-1.117149157939133636e-01
1.142144225325442269e-01
-2.695814876361447756e-03
7.519387014185387012e-03
-2.716392575961885658e-01
4.489315569352955032e-02
5.663326042491787643e-02
-7.940415335799960728e-02
9.807343667982766633e-02
-2.315199574443038144e-01
3.475655832444446425e-01
-1.248821577452059219e-02
1.393923426263007359e-01
-3.392674925307482409e-02
2.990783799099193674e-01
-2.182369555344889495e-02
1.638933900811885835e-01
2.727237150733176699e-02
3.172682933247740478e-02
4.231855044298510338e-02
7.274655912509755962e-02
-8.817877509723293095e-02
6.564085728638682782e-02
1.407303207761902708e-01
1.663828106851441280e-01
1.519049829880193998e-02
-6.938301343579833524e-02
-1.208102831731773658e-01
-2.301775855422004413e-01
1.456377789303437975e-01
-8.633045677826874098e-02
5.763064736270909899e-02
2.643501037789375285e-02
1.823254984712982529e-01
3.112697610561703798e-01
-5.371016442394951212e-02
3.072325104121598899e-02
-9.294550636598716831e-02
-2.842182897171631750e-01
4.794235248640463568e-04
-1.347735752164683221e-01
4.135896056701294718e-03
-1.585277018977818420e-01
-2.090827021089182169e-01
-9.937229634371347320e-02
-7.692075673541938410e-04
-6.299002827694460960e-02
-1.408489472555761735e-01
-9.864843762935407434e-02
-1.525672533941363138e-02
4.020134052508215761e-01
-7.802451852900518792e-02
-7.454273535542511875e-02
1.329748131149462997e-01
-1.240655264333325250e-02
7.180722661018840158e-02
2.595512407122818610e-01
1.897121811188283713e-01
5.300958338064668679e-02
-2.696411855009839265e-02
1.211128155044854764e-02
-1.407377154037214584e-01
7.186284253612161554e-02
-1.197990106756806200e-01
-2.552277183863280174e-01
-1.855162044216322748e-01
-2.141577860310464321e-01
-9.810930672983385337e-02
-2.100432151149234650e-01
1.844412273473468589e-01
2.294483897474239309e-02
-2.910500406961390694e-03
2.627039637033827812e-01
-9.583748311540633835e-02
-1.909133505777512244e-02
-2.709338809300134571e-02
-2.528867085942557713e-01
1.229788584409499258e-01
9.140042691584103485e-02
3.672254124613323623e-02
1.528023971490092281e-01
-7.420206017645263052e-02
-3.130794235713469931e-01
5.492944240734201622e-02
-1.745035638868673855e-01
1.573469063349134667e-01
8.494124072538174197e-02
-1.486874877696810551e-02
-9.146005304839810446e-02
-2.445653740375444869e-03
-3.110104494296927480e-01
1.093910660065619406e-01
-6.846508247334200103e-02
-1.340871268032455266e-01
9.019180227571695074e-02
1.761626712223892943e-01
2.980158218313318508e-01
3.071753264972502950e-02
-5.988028660424904448e-02
-3.347475825538513000e-02
-1.912059544283809809e-01
4.752453989191970755e-03
2.090444878085653269e-01
-4.863375982591180806e-03
1.450341811931029345e-01
1.930895646897281270e-01
3.453002623281838102e-02
4.786406232870769190e-02
3.536887993528184393e-02
2.172329188856531590e-01
2.820371323501923988e-01
1.153842979891823474e-02
1.239785999088392210e-01
-1.487917686028654707e-01
-3.215340919038086470e-02
-2.012868624078581470e-01
-1.849092959506185296e-01
1.489367261369549111e-01
1.554749753442880716e-02
-2.251685347179410990e-01
1.309109473083212571e-01
-1.513037783040683815e-01
-1.789148764232736943e-02
1.053469385365984196e-02
-6.561733799448248028e-02
-4.986212551164478923e-03
-1.222666938596983360e-01
-2.663810692102986516e-02
1.490510168219833231e-01
9.504459042787238854e-02
1.830988657249948415e-01
-1.157391834486668769e-01
-2.403806155074355855e-01
4.068368726195761842e-02
1.158986571584146724e-01
1.296280384352628823e-01
-1.294935083528605257e-01
7.713294463027019210e-02
1.591252604860227682e-01
1.044662007773130008e-01
1.977478179115704504e-01
-2.931213087624637836e-01
1.531721783664212189e-01
-5.622373010553762679e-02
-1.490804064622355297e-02
1.067442997120731929e-01
8.978736456211111605e-02
-6.875334793380057097e-02
1.589393554061403757e-01
-2.639697491031935128e-02
-1.009613507142933658e-01
-2.108055774286002049e-01
-6.356660600909807245e-03
-1.546999775562148127e-01
-5.251331564054345646e-01
-5.699527919848682012e-02
1.281068250435479228e-01
4.910579776436840849e-02
-1.274011568440091002e-01
4.463573046539540123e-02
1.781484262524593021e-01
1.778085393434366279e-01
1.377144981268795809e-01
1.190192992447648562e-01
2.289367905809480686e-01
4.931727708756074302e-02
1.465962732737243202e-01
4.493184348576864640e-04
4.764498304589388777e-02
1.077176049795915830e-01
-3.517245860661359635e-02
2.686587063297464217e-01
3.301432753382973484e-01
-7.305335096785005311e-02
1.038971121620437116e-01
1.809570262363089932e-01
1.098378012949768612e-01
-1.286755935206220225e-01
1.462953732057379053e-01
-8.624391665314862232e-02
2.278034697848161372e-01
3.838190593178104210e-02
-1.820995243939448061e-02
-1.180450432230750468e-01
-6.439834931004273511e-02
-2.021175489421187521e-01
1.588880595452982492e-01
5.570194770396599826e-02
-9.794590219283919735e-03
1.592175926897566318e-01
8.763399404380611823e-02
7.440459917145658686e-02
1.150488293551854696e-01
-1.996846062211573292e-01
5.839947348995792181e-02
4.351966937011327724e-02
-7.944625215982960287e-02
-7.477215812304012499e-02
9.445966099764425972e-02
2.223622204072913111e-01
-1.978091473987582949e-01
-2.008681986795646246e-02
-2.492499873878605832e-01
-9.167771344529757060e-02
5.584777264464310664e-02
-2.072470566578884371e-02
1.507497722109859238e-02
1.560108451799758870e-02
-3.038548249094697243e-02
1.097162996454320305e-01
8.915733062451104696e-02
1.059490682237076153e-01
-3.901185107228231919e-02
6.067059280129810661e-02
-7.447572549437866951e-02
-4.889853942942865017e-02
-9.732620604778613460e-02
-7.690550026828060597e-03
-1.632755866460469940e-01
4.464358232561601442e-02
4.626159536038982473e-02
3.492204907705072081e-01
1.936968628547841229e-03
1.517905985619131815e-01
2.803395159658264024e-01
9.576249940962106022e-02
6.632395211796808521e-02
2.126822286260300898e-01
-3.553908674422635861e-02
5.243360938857125064e-02
-1.946958002437987056e-01
3.002753467056931136e-01
-1.015407091272644557e-01
-3.271401532947670193e-02
4.273314141928954285e-02
-1.239592121887748283e-01
1.936086289558240081e-01
-2.290603163426326860e-01
-1.732575260869960443e-02
-4.236530034715485504e-02
1.712142075645981254e-01
7.089591711530113249e-02
1.000000000000000000e+00
8.312305153618182452e-01
6.701294721701726020e-01
4.979587639116777043e-01
6.174774953568629154e-01
2.591556847497176186e-01
-6.096850003435163624e-03
3.426499076531138582e-02
9.797102317163140783e-02
1.395691020459161324e-01
-2.156331774739284404e-02
1.538936191433111500e-01
1.744203421843670485e-02
1.503334732925651895e-01
1.062734296257537153e-01
9.631347664673099718e-02
-7.964540932487742392e-03
1.936345950529197793e-02
6.164554829583892420e-02
-5.552825256703935314e-02
7.325912700951572876e-02
-9.200245356269735886e-02
-1.197592150052034926e-01
1.000083922291715270e-02
-2.510432232915848702e-02
-2.560736756683086937e-02
3.795576701016625809e-01
-1.077454952248868732e-02
-5.150239809264653412e-02
9.872775106067967210e-02
-1.128205922853887794e-01
-3.522125319475630234e-01
-2.303782072996184982e-01
1.594562227961468792e-01
-8.202539853681013737e-02
5.301847541142794273e-02
1.231943630807421225e-01
4.839152510412621927e-02
-3.339271104551913560e-01
4.299085224593434361e-03
-3.153228248909079046e-01
6.041585054962965093e-03
1.074685679810287176e-01
2.726967327294625987e-01
-7.733537971821102808e-02
-1.231462377578405182e-01
4.691392364675776860e-02
7.015669054795044268e-02
1.773193162580866677e-01
-1.613481910671016040e-01
-1.965725837054981828e-01
2.248706349059698961e-01
-4.030659600317903352e-02
1.067607917024759184e-01
7.344409644521437963e-02
-2.533693307715393916e-01
-1.984685484253775889e-02
-1.902228214858859012e-01
2.164979929536615944e-02
1.841607503397491574e-01
-3.290359957874591790e-02
1.438523286208230334e-01
7.602764685414846457e-02
1.554094294515057095e-01
9.076005977316774220e-02
-2.203776172525488131e-01
7.397153866113016785e-02
7.296646779685499185e-02
-8.186994356434124792e-03
-4.742863104850133724e-03
-4.202955951460465300e-01
-1.806797831740115656e-01
-1.522159497560282848e-01
1.709744852898097134e-02
-7.598539757673479500e-02
-6.662991457176525856e-02
9.837233864469210887e-02
-9.466380971996726790e-02
-2.015999939322291479e-03
-6.673439814131976178e-02
1.945249936581320838e-01
-1.926821164403440256e-01
1.650038475910846902e-01
1.050044902792633544e-01
1.285039158278437899e-02
-6.729274399693140063e-02
-1.407904718685407293e-02
1.180562957439731768e-02
-2.323367275796164588e-01
-6.772354422378530636e-02
6.905231813627274451e-02
-2.970552932965446220e-03
-4.929598723987478615e-02
5.162269473924380181e-02
1.233423112103975150e-01
1.675948505854063242e-01
-1.099635873401339919e-01
-1.632427694692541176e-02
4.542385551559812579e-02
-1.775643967969478543e-01
-4.432781510451021950e-02
-7.260517510421217631e-03
2.601173116133946306e-01
3.099179601548660706e-02
1.042655167423293776e-02
-1.412489603777256908e-01
8.493139076203913562e-02
-9.517132239696461660e-02
-6.001799750434333447e-02
2.476683589945230177e-02
1.037783745971813804e-01
3.066333600603707854e-01
-1.025875737651504305e-01
2.130098167949865395e-01
-3.681737201069932297e-01
1.331982535818332924e-01
-1.023594653570728263e-01
-1.382427666304009151e-01
2.193114156740414988e-01
-4.718539813717847337e-03
-3.624316443485930961e-01
1.264085146358693845e-01
-1.940103611618824442e-01
-3.139900499217654350e-02
-2.730626106147813204e-01
-8.492325133172894114e-02
2.687716089681146392e-01
1.306383644096970921e-02
-2.140912285724764774e-01
3.889221085447848170e-01
4.157583319949866019e-02
3.141810041604378156e-01
1.423491631999076745e-01
1.281298128165944336e-02
9.058828187385035979e-02
-6.673927573430984625e-03
-1.241112918902818746e-01
-4.875198962617315751e-02
-2.426541321967425058e-01
-2.013258920967630761e-01
-2.487111646489544806e-03
2.392434832776589027e-01
7.378109245480002354e-02
3.070902074924904968e-01
6.237052086787008703e-02
3.945830672219371310e-02
-4.391034350853180446e-02
-6.127659396517160829e-03
-2.250432288131531400e-01
-7.962092155775821536e-03
1.027924444027006334e-02
8.523692620308719048e-02
-3.322611551412286146e-01
8.704217923679521962e-02
2.212388849401213664e-01
-1.172278121344211138e-01
-2.283546330129081203e-02
-1.758403979389467839e-02
-2.476402586553968707e-02
-5.870197783573665590e-02
1.688714944178833777e-01
-2.529879345576574456e-01
2.131983180258264499e-01
4.288510458580511303e-02
-1.699245781471322159e-01
8.026514858547026399e-02
-5.188156659118497299e-02
1.279429932510766921e-01
-1.058262593930153067e-01
1.802331983611920041e-01
-7.077435923677481699e-02
-1.150540391152301278e-01
1.649560098382726603e-01
-1.174971779467588601e-01
2.748850322040633509e-01
-1.915040698521821572e-01
-6.477269454139588691e-03
-1.230988421277419420e-01
1.006906119652714177e-01
-3.171339134502374618e-02
-1.823283742607592905e-01
-1.299492950549285541e-01
-4.260413095539904854e-02
-7.930949919230835532e-02
4.474001353307255346e-02
-7.450464303959047907e-02
-3.369725452722356629e-02
-1.905248045723016426e-01
6.374388037654350747e-02
4.405718088186519332e-02
2.551192590454892748e-03
-2.268755383834218375e-01
2.070304664087507796e-01
1.674321754984755273e-01
-1.078922483886303324e-01
-1.073222138494142608e-01
-2.003736833534666140e-01
-8.435658065391744842e-02
7.142845505846902657e-03
6.073933685621776823e-02
-1.655497339513184452e-01
1.719485245698753606e-01
1.409913497577135744e-01
-1.708498903357971721e-02
-3.376581008890382207e-02
5.900750609839477967e-02
-6.376388050123499296e-02
3.622605406864680411e-02
-1.803406758458200128e-03
2.858695000165817693e-02
2.399867122741044037e-02
-7.545362501597659144e-02
1.725711162018509492e-01
3.897526579845511652e-01
-2.017600561850215746e-01
2.454621783531002188e-01
-6.597043872825235356e-02
8.309250084319518004e-02
1.533248663955034952e-01
-7.753891293455719702e-02
-3.699508787615121003e-02
-1.273042423948219648e-01
-6.479679617204402164e-02
-3.946223771484846932e-01
2.497076690391485665e-01
1.839161910602626349e-01
-1.690213947014423401e-01
-2.138407521285082269e-01
3.660626273773420064e-02
1.093926836654436907e-01
-1.032663913795093119e-01
1.122647411556958047e-01
-1.045799725511554340e-01
6.524172668080097104e-02
-2.799125237796696469e-04
-1.151192942228889127e-01
-4.852661446353561531e-02
1.714788214688710843e-01
-4.743674794776491649e-02
2.184804423430855222e-02
1.019012861072626785e-01
-1.525137704313499487e-01
-8.459699808180094760e-02
-1.199719984081818736e-01
7.689005613729714417e-02
7.284033389062993444e-05
-1.869766524333910385e-01
6.691264062753329162e-03
-4.748459598033998724e-02
5.350938984277077426e-02
1.656546198970557382e-01
1.427926083140408087e-01
-3.577279610316568270e-01
-2.196169092228301284e-02
7.054178649072198604e-02
-2.867930372038717413e-03
5.463808554559243524e-02
-2.210252056394781950e-01
