-4.942646678746533823e-02
-1.205462512237321926e-01
-1.560062641171622855e-01
-1.210112132350348035e-01
8.001429315167703227e-02
1.012208990372275436e-01
-2.053326215185238557e-01
5.468705066914446127e-03
-2.245783965423871487e-01
5.922820778346354204e-02
-1.038649712563178701e-01
7.673000743434979509e-02
-2.759074643455484144e-01
-9.286312760952761258e-02
-2.505380907878074995e-03
-2.818926391428003830e-01
-8.013952933672967294e-02
5.044410389658842142e-01
-5.912218049133070169e-02
1.975541814849731681e-01
-1.126085401905683875e-01
1.559178831199459214e-02
-6.719846681101884767e-02
-1.388441428276144252e-01
2.290907063623401629e-01
2.597921766708116698e-01
-1.079880910248528086e-01
2.941894213060143939e-02
5.714516281337767012e-02
2.738645039612078429e-03
2.694211253361109698e-02
-1.421952176828248648e-01
-2.984806221553240047e-01
-1.878148156598852259e-01
4.308565488604763905e-02
-1.226585940381305362e-01
-1.972939276689101018e-01
-8.216164473780286637e-02
4.441530180620910651e-01
1.451492834814695765e-01
3.718106845095147522e-02
-3.781599692903308552e-01
2.167079028028226495e-01
7.590388197587698282e-02
1.843292462592439063e-01
-1.103953157362372040e-01
1.432985926201068849e-01
2.638338712395227326e-01
6.877656970770763822e-02
2.749313200012005187e-01
1.980339321755689996e-01
1.133490265645220041e-01
-1.258111277723800159e-01
-1.247396858185928908e-01
-1.969299483899503503e-02
-6.206163821920906293e-02
-1.038107380938303737e-01
2.799879152853617173e-02
-3.603946655892088791e-02
-2.996211614069911877e-01
-2.862813172436046161e-01
-1.876677931302195290e-01
-8.160617571478063006e-03
-2.024470917184278129e-01
-1.087899156497844771e-01
-9.737353795143573187e-02
-1.728949628751113299e-01
5.553225528721630888e-03
4.217764481836529522e-01
-2.309001801593985326e-01
1.090399473708529993e-01
-4.727483031796428543e-03
-2.757509039412304741e-01
3.212493504502555441e-01
-2.949390470110851425e-01
8.849879780717614941e-02
2.366758023679788048e-01
1.101789141236877295e-01
-1.701304553753860138e-01
-7.305858603173166765e-02
-2.685769431956157582e-01
-2.217241177762136750e-01
2.959889758878929689e-01
3.459755388065006709e-01
-1.908104340194568538e-01
7.030906908291873099e-03
-2.725004312116654503e-01
-2.031495317461597394e-01
-2.367076901573052228e-01
-6.024060017250531390e-02
1.286749918781441848e-01
5.681319603401627227e-02
-2.532630777105123188e-01
-9.352366237671586036e-02
7.042144178711393088e-03
1.967599690547892910e-02
-1.888173351591476701e-02
9.209384473232039292e-02
1.623380394849731900e-01
2.454197519930338134e-01
-2.524214279115953308e-01
-1.608194170608502616e-02
-1.096781882057156765e-01
-5.981409318937633279e-02
-2.594720042686223926e-03
-1.887190687031644332e-01
-2.766673837099363764e-01
-1.859206213187286627e-01
-1.300700070797433938e-01
2.125500063119226124e-01
2.224751572002847677e-01
-2.058546821756914169e-01
-3.564786319509182649e-02
-1.422513748200896974e-02
2.774986565257900328e-01
-5.528460709813687313e-02
-3.862812801477963909e-01
-1.117750324000741369e-01
2.739392746015278379e-01
-4.676289066334100158e-02
2.133451380247709805e-02
1.885300631861260290e-01
-4.264086152633034948e-02
6.686510189468486409e-02
-1.008962654197951836e-01
-1.310613425386828457e-01
3.792604530238310456e-01
2.046408831823246233e-01
-2.232290888751552183e-02
4.195637862523116102e-02
1.500287471902952419e-01
-5.799098123677575703e-04
-3.093666685859533527e-01
-1.001430167415146150e-01
3.292721187479059897e-02
1.099071412521880342e-01
1.511696671327400765e-01
2.105286265720003880e-01
2.557132498019684674e-02
3.155229364022306138e-01
2.669084300063318538e-01
8.381696292555752825e-02
-1.059958307914592723e-01
1.860953669231312779e-01
3.570514013058429525e-01
2.534873681957781552e-02
8.763251792477586011e-02
-2.096710740125777850e-01
-1.155096183463590054e-01
4.697451879708481465e-02
2.462566585750357584e-01
2.908042058340928326e-01
-4.799439298948428301e-02
4.747614966503770906e-01
-1.420320363280541953e-01
3.278465355089070776e-01
1.506479357255146589e-01
1.363321587463608639e-02
2.901899440531546803e-02
-1.309030518184632619e-02
-3.633954781969898212e-02
9.951366048105599049e-03
-1.208246947813392952e-01
1.585874730513671393e-01
-8.091847300960004763e-02
-8.512035484760210879e-02
7.493603623322837859e-02
-2.769401905724082694e-02
1.878187197683891529e-01
-2.397186802399684513e-01
-5.750280284282161675e-02
-3.075193765161118309e-01
-5.049001882150511850e-02
-1.380277061559790630e-01
-8.510911757718259141e-02
6.094991267381650452e-02
-1.549413402321165589e-01
-4.328858652428006076e-02
-2.996734911155233272e-01
-2.995241604258742085e-01
-1.755669845371828353e-01
2.052918303391925159e-01
2.227595632084334587e-01
-1.488775233574214651e-02
5.270537253250048154e-02
-1.037169078307825787e-01
-2.870605147103446053e-01
-3.466250923678821927e-01
2.459230935764375736e-01
1.963648639336475765e-01
-9.011112464434906100e-02
-4.385623074778644687e-02
1.481114524337036852e-02
3.816365793186454747e-01
-7.216658372914298847e-02
-6.896275947703672804e-02
-1.681132855442351859e-01
1.601851872762740658e-01
-6.628873318449278462e-02
-1.333958928229091179e-01
2.213638986825770816e-02
-5.699423617520803925e-02
-1.279771447207044277e-01
3.446173329488999015e-01
5.015399865305247840e-01
-2.726608208339637018e-01
-1.881815334411939544e-01
-1.710667962902558126e-01
-1.010747413363907582e-01
1.994667416347144506e-01
2.192901806240579454e-01
2.254332345306040986e-01
1.447681577116721185e-01
5.811193403041022831e-01
-1.607212431714535178e-02
-8.328734386932785949e-02
-1.475417217843038586e-01
-2.551521635491483392e-02
-1.948254424333766832e-01
7.226069123572166630e-02
-1.783914866482921380e-03
-1.711596782238728950e-02
-2.365587898941018674e-01
-7.625025901448365118e-02
1.473597693493715610e-01
-1.295204988861889950e-01
1.215129886589009882e-02
1.200075476034084265e-01
-6.316316341412775426e-02
1.437696182584815852e-01
9.038606766836908279e-02
-2.299270819069415550e-01
-1.851129868605945750e-01
3.453484466515426010e-02
-7.740997519197240218e-02
1.222323642985324449e-01
-1.210916987155061519e-01
1.239718245280597431e-01
1.112953380549713345e-03
-3.131417793317648607e-02
6.974150023132408283e-02
4.721986101284372794e-02
-2.399765269902607023e-01
1.591516173068487638e-01
-7.155104777930094972e-02
4.746394351593309913e-01
1.702535915272219286e-02
-1.451889325884276882e-01
-2.343547226236452896e-01
6.702242368059840860e-02
-2.029131940969228221e-01
2.158314265458723957e-01
1.789594307792309880e-01
2.155177484138290078e-01
4.004063076781392838e-01
1.000000000000000000e+00
8.088976913120268231e-01
8.389435981436635936e-01
4.544140438142424965e-01
1.799759296297974154e-01
-5.041696370355593787e-02
9.367031396517986469e-03
-3.540774606354271659e-02
1.150271130985458350e-02
-1.648097971806552209e-01
1.051507301946233153e-01
8.999157310074482052e-02
1.339195768541957821e-01
1.061894497921725133e-01
3.332629874714473917e-02
2.399781246439620375e-01
3.148833036770489757e-01
-6.596892966936328782e-03
7.033260845070356260e-02
9.205069792809404683e-02
1.064279172636224818e-01
9.603780436394429576e-02
2.114222270938392878e-01
1.909177062656608193e-01
-6.194444513680524844e-02
-3.470089206885125510e-02
1.058542865743107297e-01
3.648507274106926185e-02
1.578055867338526153e-01
4.564524192169242545e-01
-3.010639374620672770e-01
3.778889555296836011e-01
-2.599773135238447538e-02
7.031771859490668075e-02
1.855004294857714731e-01
1.368321340794784527e-02
3.775910298115363051e-01
1.286766672586610871e-01
-3.343836284017627780e-01
-2.367010554813526318e-02
5.324498788101588581e-02
1.495100098685494816e-01
1.627129781411522091e-01
5.640168178838206314e-02
-2.551689003025092370e-02
-1.538075728430738642e-01
1.634471767905326112e-01
1.421574205889732101e-01
-4.667562990989696653e-02
7.172273927288579098e-03
-4.515051799756022869e-04
-4.104076198015991356e-02
-2.041987769682010179e-01
-1.685121426379834475e-01
1.776090119596930861e-01
-2.249108554787669287e-02
1.096858477812948374e-01
-1.632394276104238151e-01
-1.150250472775813798e-01
1.618801305557364678e-01
1.562989007498914035e-02
-8.487498691142543461e-02
2.307372520329352139e-01
-2.558512888515098171e-01
1.883810634516132620e-01
-1.784050530374024224e-01
1.027937053695579805e-01
-5.558806143001832761e-02
-4.186640557132457335e-02
2.288834556199326534e-02
2.027124968677821437e-01
-2.087744039491733483e-01
1.051953243059549070e-01
-7.778808286105323710e-02
8.084191735806378620e-02
1.028625745939861363e-01
1.781746927039865036e-02
-1.460245804907647077e-02
-2.247449235426491887e-01
2.462502674032157612e-01
1.685964601812344477e-01
1.034343789906092131e-01
-4.752727373035662423e-02
1.673082896356720140e-01
7.240812017660963607e-02
1.029438986173063370e-01
3.049131282509094376e-01
-2.515109329034870833e-01
-2.836499044471701425e-01
-1.768814588415512090e-01
-3.355369774226685253e-01
-8.843472380606090533e-02
1.325490585254794802e-02
-3.430277870183958133e-01
5.184279667632649136e-02
2.555346846451886020e-02
-7.208421880996661313e-02
-3.987945152802211957e-01
4.158370009856166005e-02
-1.538554131285605753e-01
-2.157180649521920346e-01
3.069873967279251881e-01
-2.145765362455042125e-01
1.172807097350376249e-01
2.924594679723930765e-02
1.740154620772954019e-01
-1.081021099787989465e-01
-1.270156730139472036e-02
-1.961028061349653906e-01
-6.430794687939274216e-03
2.729237411907451394e-01
-1.679410481821070056e-01
-9.772103595058994133e-03
-3.016136051523363171e-02
-1.222447682221244475e-01
1.682903667342332266e-01
8.375674500245887388e-02
2.905310388015444611e-01
7.805447917062245666e-02
-1.545572443920629480e-01
6.761198512156321727e-02
-8.402684305900397221e-02
1.111634279843480011e-01
1.399702478047859522e-01
2.395058831823090317e-01
-2.009977274695543253e-03
-1.952590762494900156e-01
1.720202094636030243e-01
-2.700649290055613660e-02
-7.907171254272132854e-02
5.873874429079329468e-02
-1.311604973572498556e-01
2.241114994591530876e-03
-2.260121920461916067e-01
-2.630501660741365114e-02
-1.699940922464421300e-02
1.848113325354351355e-01
9.811651252833734904e-02
2.034945872434982261e-01
2.479556865715289438e-01
-1.130384185396199059e-01
-7.607667722696151436e-02
1.322928631404403366e-02
2.063952349728296332e-01
-1.238481962778576612e-02
-2.406237186800667671e-01
-2.270821626776499680e-01
-2.046436737751650692e-01
1.770147844630799161e-01
1.492990653895588105e-01
1.084648727848378513e-01
1.209114216610773646e-01
2.201303539265320880e-02
1.226796978675955552e-01
-2.250518538273050539e-01
-4.266308056813233884e-02
-1.444718805139920403e-01
2.561247056433919866e-02
-7.574247774368918218e-02
1.715827892859093581e-02
1.393986317608463020e-03
-2.395161864730793039e-02
-2.895072079201736481e-01
-2.907194321439648954e-01
-5.633222838051019088e-02
-3.381112127068038875e-01
1.041976731312813514e-01
-1.237962901164629814e-01
-6.697316754811404385e-03
7.058518038113131832e-02
-2.766204797334539944e-01
-2.621784244496524474e-01
-2.320748856640204305e-01
1.959322381131438796e-03
2.603311797862447111e-02
1.279460714590033299e-01
2.396166524931801767e-02
1.058189473544240630e-02
-6.061713363758631373e-02
-1.801261474583315814e-01
1.492817404768436995e-01
9.496167063409104159e-02
-2.547149595086140583e-01
2.373907708869898645e-02
2.836716444664767467e-01
2.058017174169496644e-01
-2.535479930701796739e-02
1.936590807246494073e-01
-3.181722560155734736e-01
-1.392197880141650135e-01
7.872790086832937018e-02
1.162227377555809654e-01
7.782349520771099372e-02
2.233998578438744220e-01
-2.070047318764122735e-01
1.757055095225035501e-01
-9.289736931856822089e-02
-1.037485378503154032e-01
2.405283942190851454e-01
-1.215174940527076891e-01
4.626878285952963632e-02
2.650953590406555649e-01
1.521996119423865701e-01
-2.276574962317159598e-02
1.253752349663890819e-01
3.913447495265702791e-01
2.168260356045789705e-01
-8.364731380324905152e-02
-1.692039027186764966e-01
3.390575504880156132e-01
2.315647990780552723e-01
2.054627747167756813e-01
-1.549261948772691910e-01
-3.643266489629808924e-01
1.662455744393002699e-01
-2.838043076036764756e-01
-1.079279451474650098e-01
1.737462768800665525e-01
6.636878937812343282e-02
-1.174574851162608485e-01
-2.652277683839856515e-01
1.105810465223839023e-01
-2.408893781888396535e-01
2.035735019303045179e-01
-1.676981942278141235e-02
-1.522291384842312627e-02
2.670237950322810680e-02
-6.485513662334742302e-02
-2.615693568329104934e-01
2.467497283278037024e-01
1.966346835569520585e-02
-3.198391961990745824e-02
-2.822526330919719606e-01
6.375325759768735168e-02
1.482897944899221748e-02
8.253736822525209460e-02
-1.744161718083377804e-02
-2.155029843153350444e-01
-3.497297583910463636e-01
3.275085839689345080e-01
2.337538495957935669e-01
2.465966181558423564e-01
-2.568750174753033425e-02
-8.238488969313877142e-02
6.048277110461928313e-02
4.571983369455009244e-02
7.425290173344707700e-02
-1.562624595021745999e-01
-2.571707601666361476e-01
-1.201527427007535315e-01
-1.207814433902208440e-01
-6.376763878472492368e-03
1.534130794150680988e-01
-2.658109112275319208e-01
2.921436943230972250e-01
3.316844655776415851e-01
-1.530670567727785425e-01
