-1.296637831062723567e-01
-7.136545873062985490e-02
5.603125070891780413e-02
-1.742180391901387293e-01
-6.158891448355889413e-03
3.357747253293427159e-01
1.056461312993709628e-01
9.310805009598625837e-02
-5.264095568478209808e-01
2.803117822750171295e-01
-5.474980035680467039e-02
-1.784125682472642305e-01
-4.110516363546444785e-01
-3.158565847929132309e-01
-1.744953632976558311e-01
2.406282285066839999e-01
1.363492171948725296e-01
-1.746697483107834958e-01
-5.744484559579170480e-01
-4.252747161848367818e-02
-2.610571926272254872e-01
1.948495333484567826e-01
-9.341518410365245301e-03
-2.654921418198618044e-01
-3.013486649347687507e-01
-4.193387269771871595e-01
-8.812290337621306313e-02
7.734128317976374234e-02
-5.224541279652010831e-03
-2.587338488706692613e-02
8.613460124130534190e-02
3.865126302853750806e-01
-4.190720710088827183e-02
-4.995540197350546024e-02
-1.299021260733161931e-01
6.730507405786945174e-02
8.874288000815537536e-02
1.519303697105179457e-02
-2.077782920208595674e-01
2.389072695550281955e-01
3.913363022474211639e-01
2.938403987794375727e-01
-4.184561227471188527e-01
2.365987872555389837e-01
-6.267238779395457524e-04
3.000651144258315028e-01
-4.352966615187342514e-02
5.881058086100748872e-02
-2.633003350156055689e-01
-1.786782415876476127e-01
2.311105928021514044e-01
4.904037480021105067e-01
5.663478084412341129e-01
4.591962354446699202e-01
-2.844691424628628673e-01
3.125793328468468579e-01
-2.729623869432673544e-01
7.505430163745956118e-02
-6.270554885364443276e-01
-8.966698132645221919e-02
1.322828719717213108e-01
1.869241115134138709e-01
-2.767389196521687911e-01
-1.575253901380931909e-01
3.209997417082892102e-01
5.514707233654351226e-01
7.124821895833670371e-02
2.860045984577176403e-01
-1.927212771724732543e-01
2.635233972367093114e-01
-1.652585277568757727e-01
-9.236807280616579630e-02
-1.573002307890336293e-01
-3.060073915192492167e-01
-1.830242873141910143e-02
-1.722601589952758860e-02
2.874970644324034152e-01
-8.070760385627141764e-02
-3.303165111601321091e-01
3.627696671982226784e-01
-1.164510614953079837e-01
2.685336349257626265e-02
-1.526312438599675969e-01
1.144950732450525643e-01
3.167423177354765362e-03
2.797442268334732196e-01
-1.840757089619713405e-01
-7.763180239942117644e-02
-1.678679518561554743e-02
-1.044821940821122341e-01
3.549488512715019417e-01
-4.587991043684219727e-02
-3.607007958193768626e-01
1.491087052996068196e-01
1.732983770655382172e-01
4.790965824686735375e-02
-4.918794885308472309e-02
6.580122524223681879e-02
7.319003202843792077e-02
-3.897005455748582814e-01
-1.300332331806666741e-01
4.253994006572763692e-02
2.145217035534963679e-01
6.060048127786973882e-02
2.818140897744889628e-01
1.597927857038881350e-01
4.063163179522993329e-01
-1.639211656350145208e-01
2.228509665160529063e-01
-2.646827070197287080e-02
-3.656455824703521706e-01
1.547006680216951036e-01
-1.743019819809198678e-01
1.513739012280310992e-01
1.150587338104941126e-01
-1.895754202193879745e-01
-1.043619170328044798e-01
-1.794145515517088854e-02
1.419707214218720592e-01
-3.028758237499115658e-01
2.317970471560222654e-03
-1.358752547993945410e-02
3.132591076593519430e-01
-7.391895125298385272e-02
1.073926029167983909e-01
2.495986954958065995e-01
-3.339468920314413863e-02
-1.518916738958130397e-01
1.850934122485104749e-01
-3.345000846613979673e-01
2.829580621143490404e-01
1.142998742207037288e-01
9.863958279030356907e-03
1.411467246846523534e-02
1.785167353762981690e-01
-3.176979716875344417e-01
8.138513911245082166e-02
7.112820983519330120e-02
-4.502727499679480549e-02
-1.921653894286160236e-01
-1.537993035037842765e-02
2.488255467222685591e-01
4.656562886916265631e-02
7.190191139161300482e-02
1.281604755793428474e-01
-4.863261389210916247e-02
-3.565134868009764979e-01
-4.264424537648848212e-01
-1.094566731316564123e-01
1.236092697113180400e-01
4.629599948901213513e-01
-1.751568454831143873e-01
1.469826487609939281e-01
-9.078599378344479054e-02
-2.510799579479571220e-01
7.173543316315184049e-02
-2.049813041177774367e-02
-5.791163023819078520e-02
4.957026079868179919e-02
-5.889810847033400965e-01
3.507712413495177595e-01
-9.781308837756899285e-03
1.839619198500729302e-01
-3.596500550121798367e-01
2.027345666899253718e-01
-2.717066055869579166e-01
-2.150256058573301876e-01
3.227037995336749787e-02
-1.244871952463021819e-01
-2.472568137053680060e-01
2.900351368093607718e-01
-9.885680344429809141e-02
2.599322315708643000e-02
5.393653645225355425e-02
-1.492286004191342996e-01
4.172476112457069730e-01
2.310402439838663280e-01
4.585783160217059007e-01
4.547665461547759636e-01
-2.968031367109899565e-02
4.327048921416461191e-02
-1.595808383975668709e-01
-4.225145696508913473e-01
3.325368679071522005e-01
2.199298416269174494e-01
-1.525595300150650313e-01
-1.197280340210539612e-01
-7.520110831052710665e-02
1.406779408686408862e-03
8.128552518070661370e-02
6.070992985433126821e-01
-3.984040986164111980e-02
-2.770176426474767473e-01
-1.733014627267731034e-01
4.333906125246064778e-01
-8.334239228743745009e-02
-4.354220924633826484e-01
1.956734490708449126e-02
-6.467615213294462817e-02
1.190855281797149612e-01
-2.568557453187351181e-01
2.051581916337744116e-01
-3.161612562043678021e-01
-1.410555457968473182e-02
5.836308871839362977e-01
-2.877773306945346013e-02
1.584720578603834029e-01
2.604676987273692179e-02
1.339148876907527153e-01
1.650325023434407457e-01
-4.204971478597627210e-01
-5.325127643813718503e-01
-5.405126809063236504e-01
3.232495259566045553e-01
2.114149532386563057e-01
-2.538533329860753751e-01
1.662832928014905051e-02
-1.538765054108373054e-01
1.215735799499988959e-04
2.164711385515467323e-01
-1.621375136541512441e-01
-5.344820502532050543e-01
-1.551809923998993535e-01
2.167214086771314108e-01
-6.465465137575958365e-02
1.639484432660102270e-02
3.980253324536767723e-01
3.800559371404430009e-01
8.604549972805393063e-03
-1.524135894063504970e-01
-9.126684251977670859e-02
-2.847521706887849446e-01
2.248642170396270845e-01
-2.675680092817237562e-04
-2.166006242002939119e-01
2.097356138441101858e-01
-1.516859466007367541e-01
-3.457252520910500393e-02
-1.619768650418895450e-01
-1.379632694207207945e-02
-2.975742347902199936e-01
2.248841934112267849e-01
1.667110040983653674e-01
9.591302687688479933e-02
-1.499301693108519573e-01
2.764394293599446283e-03
-1.867379701948692905e-01
2.311736961858481820e-01
-2.010081411171518034e-02
1.834549887345346963e-01
2.583127863516929690e-01
1.914977728107519206e-01
2.354212191757200090e-01
4.015250938379652523e-01
4.909267436825706099e-01
1.000000000000000000e+00
5.127892047715688628e-01
5.814794434773462584e-01
5.793936245386500650e-01
3.265500679426923680e-01
-7.051298264952782224e-02
-9.732938516832360942e-02
9.121185156098339519e-02
-2.682302966305045167e-01
1.940612408209516915e-01
1.164439469949110489e-01
1.374605156840467794e-02
-3.722129790659478021e-01
-7.165390621821719763e-02
-3.685506755775781740e-02
-4.110134255347389770e-02
-1.583792989681594987e-01
3.932392512095783110e-01
-2.565488797063292803e-01
5.382356379618236097e-01
1.726500700327762150e-01
2.006416616755862525e-01
-1.882502785780725829e-01
-4.778220651420889836e-02
3.445419356157923829e-01
-5.597301683289539198e-02
-4.332298753046145978e-01
-1.183200636200310019e-01
9.093258424808145501e-02
1.733942216189969798e-01
1.605730624761247602e-02
5.873854918505655442e-01
3.919690297758636199e-01
2.345596968830147289e-01
-9.521540668190918433e-02
-8.527991705754493779e-02
3.261141723914031121e-01
-4.892188208874253402e-02
2.989741106228546164e-01
8.623779133123872509e-02
-1.308073704874838095e-01
-1.857700496820921532e-01
3.490838442766475147e-01
-3.955712397575647521e-01
1.392102366797330348e-01
-1.224682575348759461e-01
3.262815386478740837e-02
-2.026662233629749899e-01
-3.202418402229682826e-02
-1.337444429090344222e-01
-2.769116632472268247e-01
1.180315792423794613e-01
-2.456887290559213888e-03
-9.167305413778487067e-02
3.501122551523482285e-01
-3.226210816951868843e-02
1.442527359800559357e-02
-3.456444931128175857e-01
1.024894188923572841e-01
-8.862370349161954181e-03
1.766880127745025508e-02
9.658198009663487849e-02
-6.029629097214204980e-02
1.777061129172967657e-01
3.114997034195290948e-01
-1.528875029606970859e-01
2.655190164833601263e-01
-3.724047104993039592e-01
3.476932033652551657e-01
3.767348490692983276e-01
2.945431818041150951e-01
7.386507432524162808e-02
5.413706733221314016e-01
1.928152925241181370e-01
1.230432301900717396e-01
2.605424937231618290e-02
5.732876865484362594e-02
1.682625615481612991e-01
-5.235530696662563967e-03
2.091829003692180500e-01
3.725107700419963974e-01
-7.362722092923487671e-02
5.689356666208442714e-01
5.123315236063772371e-01
5.831942879560852999e-01
-1.784547744484289711e-01
-5.678536373523157543e-01
1.715314763955831656e-01
-4.018803085492516081e-01
2.188849050400342722e-01
-2.624480013628509578e-01
3.659572607409243838e-01
3.762548379726103898e-01
2.652772059253236669e-01
2.483699342602337379e-01
2.456927055629120060e-01
-1.380093123191347415e-01
4.126678100795664328e-01
-7.040311683848575475e-02
1.574246252852337102e-01
1.294668604921766445e-03
1.633914404128060660e-01
4.036836062861499236e-02
-1.437268289238261276e-01
1.664154959310207571e-01
-1.362151066716808523e-01
3.614523900151126456e-01
-3.167597524418844235e-02
-8.194358513052445170e-02
-2.545243887701556518e-01
8.943691860854491305e-02
2.662223776868050118e-01
1.965589416349326213e-01
-2.803202871979172395e-01
2.419761015653142458e-02
-1.342617767975280985e-01
-3.149171340804348684e-01
-6.174881307232162574e-03
2.555684000356042707e-01
1.873774535868404922e-01
-1.901207966230707425e-01
6.760331227849403213e-02
-4.326569348659618092e-02
2.984989490743522600e-01
-5.322002200464017729e-01
1.684294501311567327e-01
-4.034977756236587387e-01
2.218056026440600181e-01
-1.390366176290496192e-01
-2.752758950804854443e-01
1.759961095214781224e-01
2.315667072552965999e-01
-8.720093304702290771e-02
-2.111292318495184284e-01
1.387582427023484888e-01
1.040483303439380253e-01
-1.517764142189464704e-01
3.008232449431969546e-01
-5.925859135455943671e-02
-3.135746375536256902e-01
-3.161191007949294418e-01
1.871848929791730121e-01
3.180325068732609006e-02
-3.604681739013359532e-01
-8.745189838388163495e-02
5.063846505859155578e-02
-4.034544050159364660e-03
-2.503001757797715388e-01
-7.864429113859237874e-02
-3.468041535242386564e-01
-2.289303481572536325e-01
3.145888559018822448e-03
2.580837571051627314e-03
-2.700206327977417442e-01
1.619400327470605916e-01
-1.105648809264694471e-01
1.049156737875550499e-01
-2.512435467641929709e-01
3.284367929809823283e-01
-1.087328424341497610e-02
-3.043068616201435317e-01
2.152427961358183428e-01
1.861331721039846399e-01
-4.775591229330790610e-01
-4.074808817325681898e-01
8.779683674592411724e-02
-1.889686411070921057e-01
-1.232837295420854268e-01
1.536793008951762296e-01
3.396376460255654539e-01
-1.197286121997988145e-01
-1.335943479633858455e-01
-2.873948743699276664e-01
-1.124681316759418709e-01
-5.454396449450939210e-02
-1.387512527738063162e-01
9.577511008534346504e-02
-3.496043573480140526e-02
-6.717194360266914854e-02
-1.368233100676307656e-01
-7.256260975808974389e-02
1.819027106775790714e-01
4.393854278409518033e-01
-7.307764128172874671e-03
5.841335619756598402e-02
3.385265488185270621e-01
4.116342563336526372e-01
-2.414971501565260081e-01
1.035866288048720441e-01
-5.073374322584984775e-01
-3.076076884629711516e-01
-2.812190609553306703e-03
4.296997213966654433e-02
1.023424897503636272e-01
-4.348001865277401068e-01
-2.224577244104818663e-01
-5.632971057441513163e-02
1.407447241007525329e-01
-8.395255581939263523e-02
1.252035353534340090e-01
-1.685076425222412078e-01
5.848729810461567730e-02
-9.782370237935714141e-02
-1.002474697515536306e-01
8.497463057728130154e-02
-1.536388830509307080e-01
2.172255335517776498e-01
-2.090700565381979625e-01
-5.544613474164315076e-02
2.922688141662931338e-01
5.309591845096433005e-01
1.677392556151207081e-01
-2.408046956020739454e-02
-1.491674487061325771e-01
-1.324367816510297335e-01
1.544715884006700179e-01
1.210169130809975041e-01
1.440479045034992467e-01
-9.408282564828372718e-02
9.644989292127054137e-02
-2.990923897201757109e-01
4.896331953187702535e-01
-3.627791606544019110e-01
-1.427966500226766910e-01
4.943788030131240213e-02
-4.832390488198228251e-01
-2.534801727904096857e-01
-2.900608711199826328e-01
1.718806483110849881e-01
1.195129303022827022e-01
-1.089741999078303603e-01
3.892847065375887317e-01
-4.097076577686886156e-01
-1.502213891781578881e-01
-1.223746325782765626e-01
2.350925425535261293e-01
-2.947058293272383084e-02
1.520099454537860995e-01
-9.396601618996862360e-02
-6.070057274073529241e-01
1.892874886246181110e-01
-8.434264550032433139e-03
4.889435620509036684e-01
-2.034743498336873957e-01
-4.406909590689494366e-02
-1.090857409981153964e-01
-2.609189247382089349e-01
-7.541922391042732432e-02
1.378043180512914523e-01
-4.730231863167707607e-01
-5.024466196082834069e-01
1.304847375870141213e-01
-7.673578048640009031e-02
5.088465872581425797e-01
-1.141349911290430036e-01
-1.018700712309086875e-01
1.662338824138802629e-01
