9.707070309757810656e-02
7.624854509378414802e-02
1.208333452545536646e-01
1.580133007180689053e-01
-6.337050280891820542e-02
-2.572877897643610634e-01
-9.352454256210683547e-02
-2.634098791814749041e-01
1.477923366682057094e-01
-3.748346147890368324e-02
-1.037510388994086069e-01
3.794787390057120097e-02
-1.878518005006441505e-01
1.667151190570893560e-01
-1.917459278553917956e-01
-4.852499153412961896e-02
9.274835547864951346e-02
-1.429343101201771722e-02
-6.936612490096651096e-02
3.106946886382654927e-01
-7.407633723585675678e-02
1.457705185362156465e-02
1.400944514273360919e-01
6.758858023212009625e-02
-3.583339373916284015e-02
-6.929441172657811385e-03
2.302564209625110880e-01
-1.358297635253233326e-01
2.539010226634830572e-02
4.840122034422278396e-02
2.436062692361261328e-01
2.494608674722326516e-02
-1.922922053468160419e-01
1.589252611328695608e-01
1.727792048014497317e-01
6.008990998183234150e-02
-1.464992241195503253e-01
4.892111099411335096e-02
6.943390756832258648e-02
-1.467029201352963441e-01
3.853387602345278995e-02
-1.749093705800019438e-01
1.100049462538014861e-01
-2.120076426490040966e-01
3.930199696488818895e-02
-4.907497476477125364e-02
1.323467492781505717e-01
-1.278987206047185743e-01
-1.129533258583953342e-01
-2.166556725835987185e-01
-1.642254419693582879e-01
1.886542344085512524e-01
-2.613079608868422096e-02
5.782134271634406519e-02
-1.894819205793235317e-01
-1.651240119513855964e-01
2.008775092578214683e-02
9.971914532662504160e-02
1.275116201901256296e-01
-7.759554364053472542e-02
3.125336557582329977e-01
7.754176035346460605e-02
2.611614065208885394e-01
1.166898573818428431e-01
5.955942774535218781e-02
5.367905368706122997e-03
-8.640357934591862132e-02
1.552746230422043586e-02
-1.876120855926395325e-01
-1.991619160917790232e-01
-6.218428020156659825e-02
-1.319965702966557075e-01
-1.562282612543750004e-01
9.988776842676211354e-02
7.959631599288898018e-02
1.166410917357267180e-01
9.133686207317411737e-03
5.890538231563367810e-02
3.418303903853497222e-02
2.064556598037103896e-02
-8.098903168466910218e-02
1.787718437974150365e-01
1.452127521155025525e-01
-5.807699547095767495e-02
5.444312429601656789e-02
-3.078466060835795964e-02
-7.977927372485456303e-02
5.178616668342941876e-02
1.962988203352722671e-01
-7.456576760235211765e-02
-3.719456074107565513e-01
2.386867496337954364e-01
-1.775866810220641523e-02
-7.922986876812519730e-02
-2.778884592586154945e-01
-1.403150312663221100e-01
-5.527144138355078590e-02
4.002196562729375962e-01
1.050327319326966186e-01
-2.001324584533013262e-01
-4.548633240978130349e-02
-1.120392892405453200e-01
2.081369080550731498e-01
-3.751981074705404429e-01
2.094647232421309735e-01
8.418368777767526456e-02
-1.597901490651871259e-01
2.224785999111683066e-01
-1.364630860080149610e-01
6.781402413572390486e-02
-1.188936777188890626e-01
-2.071905429474283911e-01
2.267058099156907605e-02
-3.331819979782066343e-01
-1.147010038545683147e-01
7.800071687733112213e-02
8.713839029246393808e-02
-8.831088384935968909e-04
-2.552257309200735014e-01
-7.371388706339156160e-02
-1.855921035591676926e-01
-5.617303192746785252e-03
-1.753023735593331744e-01
7.315347195219196186e-02
-4.608953599031567760e-02
-4.270951734321049714e-02
-5.239175813153440844e-03
-2.114878572847569138e-01
-3.505572242545141881e-01
7.801808902561220560e-02
-1.795988862892714810e-01
1.813815600144106921e-01
-3.047958319194019744e-02
2.200390047234281610e-01
1.846654025471198071e-02
1.872965236528141564e-01
1.411156513881619279e-01
-3.113282701426846322e-02
6.969675024550617271e-02
-1.385445804414604243e-01
2.172402064940972058e-02
-4.665135908181849284e-02
-7.183361680078313195e-03
-1.807535973509721283e-01
-2.117142344028005718e-01
-1.616020856647237824e-01
7.755139240420819147e-02
-5.104404954407404382e-02
-4.094009145919836473e-02
-5.808235706776793128e-02
-2.537870203294349536e-01
6.752568795080664266e-02
2.049839628477398146e-01
-1.425675799434256430e-01
-1.279876711084443341e-01
2.220632444486421442e-01
1.316085103461794581e-01
-8.068821195999346940e-02
3.419091536740435644e-01
-1.208305310715790531e-01
1.492548067655147248e-02
1.175774808367903018e-01
1.994320157143640929e-02
1.530056322193840690e-01
-6.230913289186018698e-04
-1.740988433878626340e-02
3.389243848999286546e-01
1.475392712316240910e-02
6.163177587851415701e-02
5.365669799187890859e-02
9.223351056865769504e-02
-4.237993227629259507e-02
-3.650659878180487206e-02
-1.033499416790920472e-01
1.514812573395288124e-02
-6.587406786161507932e-02
2.060930357286481218e-01
1.688790849331485711e-01
-1.880699517707088708e-01
-2.157061690260148323e-01
-1.614084556044114993e-01
-1.026748446832812384e-01
-5.341883417594442407e-02
1.752100485336489238e-02
-2.527878442327199937e-01
5.804092571344391521e-02
5.046638033237198923e-02
1.276645397616910649e-01
2.542133105373458601e-01
2.979419724674127190e-01
1.324624934096142181e-01
-1.883735312580081811e-01
1.791906681064842910e-01
2.053860196039023756e-01
3.790387801810077978e-02
-1.683347901408626945e-01
1.951339643538633761e-01
-8.986888181755435523e-03
-6.158128719231900638e-02
-1.766237104823214221e-01
8.479937489800530581e-02
1.696426985279576860e-01
1.777339807722088660e-01
1.209239771401987157e-01
1.551550120312293612e-01
-1.768708895116291591e-01
3.053538083213323123e-02
2.305596192116010634e-02
1.396915531831994239e-01
-5.621838298760657021e-02
-1.241462121273962695e-02
-6.639085736762535828e-02
-2.445221569460649391e-01
-1.102981820318754552e-01
3.543751233155073010e-01
4.104407647157659600e-02
2.139347604666446551e-02
8.131867117193793126e-02
-1.416372224395316404e-01
-3.494780206208789597e-01
1.582575357348723621e-01
1.109601791108584257e-01
3.151221361592557724e-01
-6.489757286716041351e-02
8.617380056385537390e-02
5.472032972767913901e-03
-9.465556113994987031e-02
-9.370877746434984334e-02
-1.246143412966582015e-01
-1.350727207180173195e-01
-3.799312904194719620e-02
-6.779222182751518111e-02
5.917210142266296491e-02
-1.282309082793089625e-02
-8.785231680843084978e-02
6.009990973523871710e-02
-9.557174013930145109e-03
-2.831553963022788167e-01
4.774005217447642446e-02
-7.171323533345289047e-02
1.040910203184015059e-01
1.258705009415540810e-01
5.622343050504387263e-02
9.592674075384306775e-02
3.304124464798344207e-03
1.852989196506066999e-02
3.114922786875150545e-03
2.152492370664379692e-02
2.809918908593261183e-02
3.241044580859654689e-02
-4.200796810088110178e-02
-6.249903032285368185e-03
-6.736563109950224892e-02
3.588716781913752624e-02
4.256809212444833679e-01
1.000000000000000000e+00
7.250099272546891571e-01
2.324105442165585733e-01
-1.334853873311155348e-01
1.424219547829565224e-01
1.263060537199885702e-01
1.034812331881914821e-01
1.425937579912111008e-01
-1.142872388446500992e-01
-1.797867224184251933e-02
-1.557913684752591510e-01
1.448338358907287904e-01
8.676215486605802496e-02
1.295946253148434479e-01
3.371267576151094209e-02
1.418820111863797473e-01
2.281422185549129844e-01
-1.626418015595386402e-01
8.947390972189356306e-02
4.225165294267972660e-02
-2.326993268612537191e-02
6.594420191121247443e-02
-2.457246350344756136e-01
-6.550450850837431782e-02
4.058706454372853351e-02
2.981850644955693075e-01
-2.722928576002828782e-01
8.075415294934773502e-03
3.332951540417275482e-02
-9.535604635785097094e-02
1.775485885488419305e-02
-1.096740321708548765e-01
-1.056481548584500413e-01
-1.021830230538860740e-01
-6.620466510717269715e-02
2.258140970447031493e-01
-1.017008071538096775e-01
-1.504507393599581813e-02
1.454979720268894348e-02
-9.086482598397575827e-02
5.919520287043575357e-02
-8.450031453899006784e-02
-1.424638742554046669e-02
-9.986469152287559548e-02
-1.507568273846178752e-01
-1.285818209121846745e-01
-1.084395169056933395e-01
-1.289162156234067713e-01
3.545120242987065962e-01
1.700873577260358649e-01
2.401510318993251569e-01
-9.901936821216587858e-02
1.299906241524302619e-01
2.084103535105837762e-02
1.701500657574314124e-01
1.366059940445162324e-01
1.097157685808727995e-01
3.620355946531656627e-02
-3.954305246366234677e-03
8.933353752471090425e-03
2.101513968847038283e-01
-6.380229800236537907e-02
1.683418612185370034e-01
2.525793794337870546e-01
7.210496469760248328e-02
-9.800567145620323051e-02
9.532825272363230906e-03
-1.564072661668573228e-01
4.528082071391324459e-01
-1.539874630793869499e-02
9.989506106033853305e-02
5.448521386898617230e-02
2.128663055272320137e-01
7.497850944899663028e-02
7.859884759948082555e-02
-1.902881110917218066e-01
2.403235162997138102e-02
-5.550787169489291434e-02
1.935788125129345727e-01
-2.774569017549037286e-01
1.659531342013871869e-01
-6.560696986022285064e-03
2.723556455764117867e-01
3.766915620716387858e-02
-7.827446522043995936e-02
-3.822569568559752023e-02
-1.490525143541720221e-01
-3.633468925320280651e-01
1.988313445775020949e-02
-1.756513024890365426e-01
4.530798651300566027e-02
9.875456836020767015e-02
-4.230744782491269174e-02
1.715774357969398201e-01
1.423791417697914397e-01
1.271243855938461731e-01
-2.350535081880912938e-02
4.481600695513610066e-02
5.886020356387657720e-02
2.257476043098343710e-01
-1.089919049584684024e-01
2.197256480190833972e-01
8.145233940422605401e-02
3.282660016427699778e-01
-5.231445289152435868e-02
3.401584766550764388e-02
-2.376898585338780567e-01
9.799696004112463943e-02
2.494888926030210952e-01
-3.782256134582897417e-02
1.624742570235409855e-01
-1.833664455375680130e-03
3.964914313392448042e-01
-7.153027582396739859e-02
7.325774392547587666e-02
-2.805320926404566428e-01
8.859418349587826202e-02
6.076771330039337088e-02
2.866936053718646682e-01
-1.414500842025039340e-01
5.667885198030263999e-02
8.494195253786532285e-02
-1.975881446253772711e-01
-9.435537233203618313e-02
-8.016097603369547187e-02
3.099231634582108041e-01
-9.461914822362228750e-02
-2.927675096010036795e-02
-4.965331655141363293e-02
1.968439245551183506e-02
3.110172426915652766e-01
-9.347500242708640938e-02
3.596279201647396007e-01
-2.290792375922610369e-01
5.840850059004504963e-02
-2.768917541860985709e-01
2.976826640417570835e-01
2.318756990026929199e-01
2.265959141914292499e-03
1.775545291928265490e-01
2.755703656007567615e-01
-5.245779018628140555e-01
5.845275888951622506e-02
-1.141261588300346852e-01
1.278911266539417557e-01
1.581568897395262130e-01
-2.580759644495437821e-01
4.376085074588603741e-02
5.175700652005707503e-02
7.517366375987084848e-02
-1.008348135389040834e-01
7.442371657408812513e-02
-4.841140653157092501e-03
5.022759784172744352e-02
-9.652698657924180248e-02
1.488898185460386103e-01
-1.187655026904607669e-01
-8.343171921569806498e-03
-1.717148486686450037e-01
-2.728230151794092812e-02
-5.934940961645379653e-02
-1.762242691196163891e-01
2.166035180356355172e-01
-1.187868565542496008e-01
1.536809126680143966e-01
-2.366934852452263344e-02
-8.332813960259857766e-02
9.080889949471186717e-02
-1.260689133442682019e-01
7.386241911370386437e-02
2.679409703336240733e-01
-1.153030253628957585e-01
1.007146938512800960e-01
-1.972459180902452480e-01
-1.863859549010297434e-01
3.431931790563844467e-03
2.162804375541747259e-01
-1.976786233413392949e-02
3.797943729195479151e-02
2.825551241554551951e-01
-1.052449287922530841e-01
4.487017328164120272e-02
2.046531287094892348e-01
6.945891373143670000e-02
-2.482930106430795425e-01
-3.089681529541170590e-01
6.777825410126972483e-02
-3.515807420697245056e-02
-1.214372569385672729e-01
-1.075458004103589660e-02
1.743370230844702995e-01
7.310295792503079815e-02
-9.358312530588956679e-02
-7.646484171666428908e-02
1.949515296783980445e-01
1.454662642425779973e-01
-3.065141160713478197e-01
-2.446861330890890210e-02
2.207278989382724932e-01
-1.600327952235234830e-01
-5.088215515993314148e-02
1.005847441204005543e-01
-1.869820493007698925e-01
-1.598919037242435906e-02
-8.817964221951717085e-02
-2.504518039308139751e-02
7.353418284807742081e-03
1.896913604342909954e-01
-1.935025686990474170e-01
-1.169853145292494012e-01
7.170274525441659719e-03
7.349898308400512614e-02
-1.337410163389599060e-01
8.874114567581321139e-03
-9.811760535986718823e-02
2.115946802269162985e-01
-2.244044531135072629e-01
2.276468172375721230e-02
1.121139960417352754e-01
-1.014043504065382101e-01
2.834759807161748094e-03
6.179731860045521719e-03
-2.933696244297138295e-02
-2.685814193346761428e-02
1.148708108044322329e-01
-3.058880606978875427e-01
1.176478181244699703e-02
-1.820874186108357995e-01
-4.218589542973879419e-02
-1.326356228758814593e-01
2.129455131389608111e-02
-2.491795174307863403e-01
-2.310248559833194548e-01
4.770624029527432280e-02
-1.920218913421025200e-02
-3.539319004199698027e-02
1.436153256546997270e-01
-3.422751379146203865e-01
-2.884290668207109901e-02
1.387941732767415670e-02
-3.637687318142711346e-02
1.735827918855392671e-01
-4.047842060918181370e-03
-2.538568566567294890e-02
-3.576395858593060112e-02
1.088838747865524537e-01
-6.647874384694145433e-02
-8.784162073329626619e-02
-6.694831827878508501e-02
-1.317940053044077964e-01
1.884222452417521065e-01
-1.995388945968019044e-03
-1.956573364290718486e-01
1.408605870950521421e-01
2.208624740635569406e-01
8.074170926661672354e-02
1.829981835775935928e-01
