-2.875913554325554289e-01
-6.424033245459052910e-02
1.902079006860336874e-02
7.849574094843776717e-02
-6.737142277649101063e-02
1.319094145683561703e-01
9.176645853585213564e-02
1.413435218721512676e-01
9.665634200330391890e-02
4.490243899275681147e-04
-2.105567478890847943e-01
3.450977434712287351e-01
-1.062974697503578231e-01
-1.077861217749666034e-01
9.989442931737139986e-02
9.261189190142490868e-02
3.205071387157331086e-01
-3.558007988828361390e-02
2.567650415549124210e-01
-2.459585999680941881e-01
-1.660204411252263479e-01
-1.266466592643692747e-02
-6.654679871413517189e-02
2.286739643755100748e-01
-1.682189642089207127e-01
-1.186916033208315763e-01
1.537654384886182057e-01
-2.076328417241247726e-01
7.176124178550603860e-02
-2.637704643088015222e-01
-1.448797867687783847e-01
-1.133660131819438921e-01
-5.569455113714501943e-02
2.045356884126435515e-01
2.522169583672181914e-01
-1.745542419411698076e-01
-8.506611269223672556e-02
-1.356749842478057189e-01
-9.020902341344841369e-02
-1.285839923596251433e-01
2.173119668549790551e-01
-3.743648562644610323e-01
-1.472648486214996610e-01
1.854386607682203814e-01
-5.167509752054638694e-02
1.050817452057562079e-01
-3.874761814253591813e-02
7.053628619345447825e-02
-7.267534672711119248e-02
-2.217802699354345930e-01
-3.115901724292221009e-01
-1.962354690618403619e-01
1.367459185019034677e-02
1.828712473284827555e-01
-4.401800732849833753e-02
-1.741152942713537766e-01
-1.384194146851345786e-01
-9.680894376192480943e-02
3.143037278539501100e-01
-1.483313390128286058e-01
-1.242942337067144687e-01
3.291365223851074884e-01
6.378467316332687986e-02
6.094695468730368382e-02
1.061786039800995257e-01
-3.358299468795138965e-01
3.081741963489554870e-01
-1.666024685805529981e-01
1.256858500646887422e-01
-3.299198705552331967e-01
-9.015283896847808842e-02
-8.208442023727735570e-02
-3.017134183510798706e-02
1.426251909635376236e-01
2.437578937931136613e-01
1.608779326497496998e-01
8.571605167841181427e-02
-7.637541121221143314e-02
-1.502947309782859397e-01
-3.503233215757994151e-02
2.605079466705449431e-01
5.561557552136320304e-02
-6.782868371110907513e-02
4.092269439408628001e-02
-5.680363800029468724e-01
7.650028945634397559e-02
1.147664956499948458e-01
1.201083800793895928e-01
3.369954511312849704e-02
-2.477771983779265552e-01
2.142165795055048227e-01
2.275096972276866372e-02
-5.330555531632284044e-02
5.621266056124222393e-02
1.603559116823824737e-01
2.136819596836648516e-01
-6.444489435144453621e-07
-1.847848251222929394e-01
4.821557315815722111e-02
2.538326980222347512e-02
-1.036347639795136416e-01
9.666142337875327506e-02
-9.494619339885539133e-02
2.070625040463144606e-01
-1.302726908830418584e-01
-2.058818938882565341e-01
-7.663890642105058992e-02
-3.162803892187701083e-01
-1.750023089350118688e-01
-1.800979386297313634e-01
1.217545511210641612e-01
1.200883903528614516e-01
-1.981113620156429722e-01
9.065518315643270042e-02
9.352614587481578035e-02
9.528945403309019291e-02
2.184989257966995016e-03
4.136242769620790960e-01
-2.164015351262519038e-01
1.059780657352756700e-01
2.617834615958571365e-01
6.830845283548789282e-02
1.456904857704126310e-01
-8.480574655666595074e-02
-4.261304695442468676e-02
2.333742289221215141e-02
2.805784151996561504e-01
-1.300442460540727867e-02
1.582513322987281756e-01
-5.472833720918258982e-02
-1.473712792509404013e-01
2.204008575258102343e-01
-1.544193815871601830e-02
4.341528229336546335e-02
8.106375805927663880e-02
6.781692685812955312e-02
7.533861865902023724e-02
-1.027286311562474463e-01
-1.200723641598477887e-01
-8.235288489649374155e-02
-1.062999431622804608e-01
1.549456464009278389e-01
2.329525101133497755e-01
-2.402802675989069645e-02
-1.511289661106837157e-01
1.647041122866117757e-01
1.376968032810376164e-01
-9.321124933120958356e-02
-1.914847687201732818e-01
-5.324563812696965492e-02
1.124931470258552640e-01
-7.366850149789894164e-02
-6.012571311384014988e-02
-7.421038558481303504e-02
-2.657611995644806324e-01
1.595450711902228480e-01
-1.199932768206420225e-01
1.115586501119869151e-01
2.629831301803304267e-01
2.558923681084583537e-03
6.126703678853605284e-02
1.705722421737725369e-01
1.137150628432314903e-01
-1.340717755678114999e-02
1.879469619133844471e-01
5.726034594174000958e-02
1.645277509503795255e-01
-2.939252099170144850e-01
1.856987363814800729e-01
7.027956837948029674e-03
1.023973634405686041e-02
3.698606716143799100e-01
3.881638655846136876e-02
2.088698752945876164e-03
-1.162149072646630338e-01
3.580340742774066887e-01
-1.855236786249910841e-01
-1.125083607828024773e-01
8.185903453898527027e-02
5.593807904428693689e-02
8.288632774555848570e-02
-2.794278975841974488e-01
-4.759489563848655069e-01
-9.937238592519972991e-02
8.275400643743822948e-02
1.404041674330042400e-01
3.194874651072059785e-02
-1.206708498210245645e-01
-5.109210125507059747e-02
5.875273071074486875e-02
8.364897833590441423e-02
-5.511073529499366241e-02
5.938482575331618246e-02
3.587805944925886448e-01
2.135311611954259781e-01
6.856602260428320238e-03
6.623924859358699957e-02
-1.357336146024524896e-02
-4.247592940799245764e-01
9.807738076231034552e-02
-1.837303397203981711e-02
-1.547470300888576511e-01
4.145935581670027320e-02
5.425660747760899238e-02
9.234530492765270770e-02
1.612547184442938292e-02
-2.824347131313920123e-01
2.292757136615328484e-01
-1.115457529922548596e-01
-1.476699110694927874e-01
1.196748789240707628e-01
1.980083587247298826e-01
-5.418654242087476286e-02
-2.365140020827143086e-01
2.857287669216616866e-02
-4.473581299589971666e-02
-5.485849030956078259e-02
-5.291767340766599659e-02
-4.886095228198707868e-02
-1.867118211456164911e-01
-2.822872076317645695e-01
-2.673013280074112898e-03
1.557524116361490296e-01
3.175417402869573462e-03
1.218175827018426888e-01
-3.324453394193700728e-02
-4.348081685149342290e-02
1.044289900934283061e-01
1.227645145548671990e-01
3.721525200451303861e-01
-5.096910049469439985e-02
3.932846862510055996e-02
1.042564881085469297e-01
2.103097333109002209e-01
-7.015166016672187699e-02
6.304622210803838278e-02
-5.625853322350168884e-02
4.938150832378027100e-01
7.848254636744687873e-02
-9.866165798106357743e-02
-4.641486314089952187e-02
1.057196519018726300e-01
-2.233983466438582699e-02
5.100919961578423423e-02
2.158067134740840332e-02
1.551335711093962122e-01
-3.365703276104911046e-01
2.287309891621158026e-02
-7.261708337300507021e-02
2.559256210665763476e-01
5.607449823583791210e-02
4.078779484376883757e-01
1.643028718816342271e-01
1.607054159829723883e-01
5.765469205285552734e-01
1.000000000000000000e+00
8.464928599502190565e-01
7.038137532604747948e-01
5.703722015880472451e-01
4.749104206978210230e-01
1.363468652627031485e-01
2.314300701101339452e-01
-1.059002985192151330e-02
6.401576633300046226e-02
1.829632466709779082e-01
1.043647964234186293e-01
-4.005389595367572775e-02
-2.509815643855009548e-01
-6.187485179777837095e-03
2.554202222204022821e-01
-9.004487316617519610e-02
-2.967975359483600029e-01
1.102395349143209663e-01
-1.932482927840352138e-01
1.438574334471423855e-01
-1.669295537883270231e-01
3.654215897112385036e-01
4.840759575004311560e-02
-3.518240036774950008e-02
4.863964978524302346e-02
-2.986649591564052159e-02
1.410910462992349124e-01
2.586899207065953069e-02
-5.448229229696483801e-03
-1.786446391203836970e-01
7.294641054936087943e-03
-2.440695191705870570e-01
1.588280477911484800e-01
2.332421345329614981e-01
-6.880432216729130690e-02
-1.604816166438261527e-01
-2.546511338805922953e-01
2.080242775782905618e-01
2.590001098142141189e-01
6.725758639145079654e-02
-1.740879803448974472e-01
-9.368829876863773998e-02
-3.440505733189907350e-02
2.559945682813624668e-01
-4.771337025905336704e-02
-2.201478311277622543e-02
-1.133654615010739053e-01
5.405610654114690466e-02
-1.935198804335222164e-02
2.499211753140782519e-02
-6.173623317334616528e-02
2.222872783695461762e-01
2.865123632283081978e-01
1.875572102638797534e-01
9.502787381804377043e-02
3.126205418629882798e-02
-1.432976228552913789e-01
1.706751639090010875e-01
-2.879964038529015183e-02
-9.956640486488828323e-02
-3.553302944922200057e-02
-4.349720044061998470e-02
2.029299592062757673e-01
-6.921692472078694314e-02
2.351348881400106561e-01
1.380613278578181058e-01
7.292514072542589931e-02
7.945278356211647741e-02
1.171722628254705245e-01
-6.217304994376871702e-02
-2.734557358628082468e-01
1.016865639485116796e-01
1.002973168203229043e-01
-1.960688600844875396e-01
-5.344171334931491907e-02
-1.208003099516687939e-01
2.766332427330727567e-02
-3.072043025228178917e-02
-1.461909967218939788e-01
1.895514623583806346e-01
-4.678125745851461487e-02
-5.898433724725159893e-02
5.586624128828579505e-02
-1.484439011818644849e-01
2.199743674216162181e-01
1.299798558344772426e-01
-2.510650921207062680e-01
-3.435092243696107883e-01
3.545306360413522095e-02
-2.310419419264755081e-01
2.233828631295465550e-01
-1.047893497631056589e-02
-5.378336897622599810e-01
-2.309754534417425009e-01
1.820664190593638404e-02
-9.674010118185007168e-03
1.471751371548065401e-01
4.593367157271788931e-02
8.564834911420318719e-02
-3.910947482096207434e-02
-6.417128799660175298e-02
-2.220451431391056440e-01
-1.692800227676219127e-01
2.719665331630045646e-01
8.288664089434864823e-02
-5.086732616681428204e-02
1.361086050711713125e-01
4.474542624300777982e-01
1.995692735792417571e-01
1.583541647353504667e-01
-1.414982838939046195e-01
1.515497721739757775e-01
-8.727517040316401520e-02
-2.243235511664908380e-02
-4.137366681268742769e-02
-2.684333298635446230e-01
-2.904845947476068502e-01
-1.618146200464262024e-02
6.107986498462925767e-02
-1.570799607812375237e-02
2.396407936489583154e-02
1.853503501244731788e-01
-6.374879853263583362e-02
3.175332694970785241e-02
-7.280400196294932458e-02
-3.733533356854730478e-02
-8.871814324625673653e-02
5.707575947486763501e-02
-2.914136604829773228e-02
-1.698536758588745921e-01
-7.399653288931658246e-02
-2.025885456863965040e-01
-1.067385030665827933e-01
-1.665210264917698357e-01
-1.257483968383858453e-01
-5.370582691116449620e-02
4.306451921346902620e-03
-2.215745530719455125e-01
6.944280296908217354e-02
9.682417300474197019e-02
1.012572126668680600e-01
-5.041093679914272763e-02
-1.573823846248572911e-01
-1.131660853454943966e-01
-1.918568401397293954e-01
-2.410953441946775411e-01
-9.179386869987568587e-02
-2.594378050905176702e-01
1.137660992406120536e-01
1.873494450623435503e-01
3.282512068096545832e-01
1.262628787058991953e-01
-7.684730465746668349e-02
-1.244882300199371683e-01
-2.108402621882572159e-01
-2.105112246783286678e-01
-2.753846988701690868e-01
-1.374148972126750662e-02
-9.067135777891946469e-02
1.113502145672090465e-01
3.597728269609746978e-03
2.542662480525078803e-02
1.079706120042717571e-01
-1.232001535485140464e-01
-2.942593581661710478e-01
-9.855709709244421524e-02
1.150380453368711614e-01
1.536876704167134955e-01
2.073687359052101831e-01
-1.629120818376351143e-01
2.293207598081954679e-01
1.246143235508950370e-01
5.359904683023366395e-02
4.505974750954847702e-02
-2.078096868617634041e-01
-6.712803595652523658e-02
1.368887346677477579e-01
-1.741396644590406106e-01
-1.803500490635998599e-01
3.602843046548902251e-02
3.027554900312996455e-01
9.250945517492592529e-02
-9.177770101633665745e-02
3.003122026858819418e-02
-2.180667790745632051e-01
-2.924475690306313838e-02
-5.020256792650527183e-02
8.171725139428344387e-02
-2.312708442619015037e-01
-2.810347741979136726e-01
7.505728724948583508e-02
3.305302924706025047e-01
-1.955179979623982156e-01
-2.420441684150025086e-01
1.915695115405160742e-01
1.088457580915263984e-01
6.780651939100515620e-03
1.582974365541197359e-01
-1.110094133150015157e-03
-1.483264876716428905e-02
-1.089595639054779519e-01
7.423898126854726331e-02
5.929516647852895589e-02
4.250526075498294726e-02
-8.344542193722243040e-02
-6.852516570278530117e-02
-5.905797807196014326e-02
1.490272929558021930e-01
-1.965329449751884727e-02
3.041369297112282363e-02
1.294943947245868476e-01
-3.440042072509236215e-01
5.026643477149069644e-02
2.072291876403775934e-01
-1.120995203374683530e-01
-1.075244736804565338e-01
8.565716323404862220e-02
-1.462575513256136883e-02
3.987895092627254112e-02
7.934511622670781250e-02
2.026552742619190661e-02
3.862838778161170050e-01
-2.548397809225336208e-01
2.916836606666275422e-01
9.192484238256484752e-02
-9.473383062327617177e-02
-1.985953252610065112e-01
1.016311843983474239e-01
8.080828002004673827e-02
-4.037096764399817489e-02
2.415366396751100486e-01
9.005309930245070094e-02
-4.286302648889966233e-02
-2.101164436436191441e-01
-2.186770440135239468e-01
-5.316213125770036935e-03
-8.099641962842758780e-02
-4.549934983504842073e-02
-2.406145393863478033e-01
6.025810209974944570e-02
2.017904921494398721e-02
-2.849702603235751974e-01
2.417929079272368720e-01
2.039504652118816486e-01
1.580775269357516943e-01
-3.204611674531433058e-02
4.435306301989369593e-01
-2.999374697538580992e-01
1.176862225775406751e-01
-6.563528604849895587e-02
-2.223872859314188211e-01
-5.422728151579223055e-02
-4.203685953577185330e-01
-2.276200797776148643e-01
-5.576079314521504432e-02
-1.917371696763528477e-01
-7.271868584093255095e-02
