-2.352491612958440906e-02
-1.174073051702837975e-02
1.973158233971467890e-01
-1.559369633078127315e-01
-2.348313150490256018e-01
1.700126762932476776e-01
2.313767952402575878e-01
1.357618425660499506e-01
-2.450579005202298266e-02
-4.775945611615167730e-02
-1.142064562719360549e-01
1.917942053901560695e-01
-8.164471060290810767e-02
-3.128025201355348617e-02
-9.729969308165008907e-03
-6.799509468035490160e-03
-1.630709130189316250e-02
-9.505248446018402242e-02
-5.772190187649593046e-02
6.833213666010111431e-02
1.906063511550523393e-01
6.216465076940846241e-02
1.781938035467616963e-02
3.045392154398016138e-01
1.121896280249024547e-01
6.850070636616156783e-02
1.279749132923485577e-01
7.258343296279787249e-02
2.000293032585723774e-01
6.154686339284226593e-02
1.589077548940972806e-01
-6.530034944324512869e-02
8.981271616523487517e-03
-1.019205556300546295e-01
-1.127082502858895857e-01
-1.362225938701317751e-01
6.390575498014720857e-02
-2.831573497686854998e-02
-1.512087281486591828e-01
-2.746354764735316895e-02
9.359106844992416685e-02
-1.014212699353257870e-02
5.296198856337490726e-03
1.036951454823215463e-01
5.102681424681370509e-02
2.298319875059937067e-02
3.413896534146187295e-02
1.336364815164957087e-01
8.564172582016567337e-02
1.460143391995923356e-01
-1.425624927829116650e-01
-4.544365897891355921e-02
-1.573044071030520741e-01
1.536910220426434548e-01
-1.711292951470788914e-01
7.747110757717158569e-02
-1.177785172489903276e-01
7.981288073589831722e-02
-1.545383721072805250e-01
1.131752787881406958e-01
-1.267758857817708473e-01
-3.732376404253954366e-02
3.716267506875549353e-02
7.345054757198089812e-02
2.195526517698383195e-02
-7.814240985203280143e-02
7.269461291822104654e-02
7.288795879715877224e-02
-7.319136879759344239e-02
-8.270863683329406774e-03
8.087868593435024178e-02
-2.396238896958890682e-02
1.098328409232359471e-01
8.250608860733374406e-02
2.005210186218676360e-01
2.573923408033211221e-02
6.121248933320282137e-02
-1.794974330184676559e-01
-4.111707174506626372e-02
-1.179073835025058470e-01
8.564235779926289427e-02
-1.188578167434920473e-02
-8.201019684602051107e-02
-2.019286733150960911e-01
1.250984233175799487e-01
-3.564401478355688074e-02
-3.494793368724872368e-02
-6.899178710178996421e-02
8.580887649411643101e-03
1.998336689323004095e-02
1.161572446868253533e-01
-6.478770122310802126e-02
-2.245991481809823109e-01
6.955930613881061708e-02
-3.682255910721931452e-02
2.549117080590968323e-02
-2.224804824632084232e-01
8.972989012444468337e-02
2.664298468545311938e-01
1.159934807093103981e-01
1.802312044264860885e-02
1.364569964716419725e-01
1.683552457343932829e-01
1.088348196844733523e-01
9.038972287529553618e-02
-1.599559578091419854e-01
-6.451290806300773173e-02
6.676399078729201853e-02
-1.136694821644558887e-02
9.152403067578009088e-02
-8.885526386220808301e-03
-1.765606401409974997e-03
-4.359720072934214485e-02
-4.977183427032001728e-02
-3.320700913710230434e-02
2.716066388173301038e-01
5.751375325153491175e-02
1.301952425387195231e-02
-3.280602207864773134e-02
7.271966174901087210e-02
-1.731432965806176394e-01
2.472901414555864485e-01
1.800331790051636627e-01
5.607420097432880279e-02
1.472952058857588675e-01
3.350730609506696184e-02
9.479229079489955023e-02
-1.714966132179085168e-01
1.701842840097194665e-01
1.873313751834254984e-02
2.331847851077240019e-01
-3.829904948448890206e-02
7.062940697179419247e-02
-3.181733127205349076e-03
-1.358687531261176251e-01
-1.607376888238067902e-01
-1.648742839214389910e-02
1.171309131834610689e-01
-1.131751831422421473e-01
-1.129432964045629095e-02
1.113290065332183804e-01
-1.389142651254602623e-01
7.930324163841807883e-02
-6.908959894734149898e-02
-1.638294199468823542e-01
-1.137070190547759818e-01
-2.188087714788199689e-01
1.623368403117060044e-01
-1.275573441385230988e-01
-1.218177401514710170e-02
-1.378723955724415751e-01
5.772720616100667293e-03
2.022885080982011335e-02
-6.373940266217345552e-02
8.702779577233570041e-02
4.733282611819100011e-02
-5.088424680143535661e-02
-1.958183187037203926e-02
-8.628950954627859216e-02
4.409363780648913739e-02
7.279393249212505468e-02
2.959782770053002166e-01
-4.552074651596139943e-02
8.595631543013979026e-02
-2.884299702268788290e-01
3.600897102752739776e-02
1.327833381085270492e-01
-1.324768206909759660e-01
2.632294925801757501e-01
-7.214360921842720431e-02
-2.312521578631296371e-01
1.202181112359036880e-01
1.633394587306759571e-01
-1.479628670588660211e-01
1.446315221402459106e-01
-2.098408629623875199e-01
-1.153520791381060229e-01
-1.520958068681085573e-01
-1.188103808018960844e-01
-6.489884595671127632e-02
1.221909719321762067e-01
1.803850660363685854e-01
2.188166163478677539e-02
1.025607495000688263e-02
1.818448903035735087e-01
-2.931084160885123833e-03
1.590592125056536354e-01
-6.265506478802205246e-04
1.204746150065602456e-01
-1.695918028051637827e-01
2.636570572329916332e-02
-1.728359765060121234e-01
-1.241798866645442145e-01
-2.100846017145238109e-01
1.321083406419072404e-01
-1.267372891805170210e-01
8.244954419967519613e-03
-1.254708107922584970e-01
6.821507934665256567e-02
7.287718271325036024e-02
-1.399123152519773372e-01
1.342018997533736824e-01
-5.449820237992776539e-02
2.460129784622436602e-02
4.957762795881022477e-02
3.118839061823683659e-02
-1.509761536893704237e-01
-1.648500839851292921e-01
-1.165710455566827120e-01
-7.957561978457779184e-02
-3.813471130338569326e-02
1.962647191918960587e-02
-7.739427738134441181e-02
9.340319550044906549e-02
-2.282750265807536316e-01
9.727179413413498954e-02
-2.321336544361552456e-01
5.824497584199190420e-02
-5.039919788216593727e-02
-6.720575027920172584e-02
1.476648433246391945e-01
-4.384685206131506280e-02
2.699974099827637253e-01
-1.753304007908584594e-01
-4.403488211769345656e-02
-2.231411205196833780e-01
1.816935609111659522e-01
-2.225403007988488724e-01
-9.038827027388235402e-02
1.429950822137423250e-01
-1.577684238340766598e-01
-4.543719474916906725e-02
-2.956478817178335161e-01
1.947169560445343173e-01
-1.515853964227301121e-02
2.932487341251527324e-01
1.302754765342111973e-02
3.520159442479547929e-02
-5.953822657474538288e-02
2.373899263962535588e-01
-3.132420954475337305e-02
-9.751053218043291559e-02
-9.422629570585497327e-02
1.735571795253109395e-01
-1.273645950168626750e-01
-2.204984562942670090e-01
2.151892716242933545e-01
-1.271010943687500561e-01
-2.859973871700714071e-02
-2.709835028178558120e-02
1.702789197401613497e-01
8.963430464961495703e-02
-8.871317597061599558e-02
-9.647980436656410086e-02
4.471284168789869673e-01
1.000000000000000000e+00
5.804001294704373981e-01
6.592760648670822898e-02
8.321394975595439170e-02
1.820597721307044559e-01
3.958338026037817176e-02
4.849545819597801677e-02
5.966053469826447520e-02
3.315915754726648790e-01
3.080479464626435099e-02
-1.448474666142216261e-01
-5.052160624000241046e-02
1.955185708402674694e-01
2.098164325396323082e-01
8.980860853903972069e-03
1.633649598799793157e-01
1.669750432546904806e-01
2.090968052708720368e-02
1.060140736272825457e-01
-8.798367475417659530e-04
2.186550224840443368e-01
1.477997792649032860e-01
-1.467167762116155516e-01
4.162522476496001433e-02
-8.873897106746162639e-03
7.463850113847028678e-02
-1.500116818685539406e-03
-7.299308897095274640e-02
1.661577536491745388e-01
-2.395700143934774429e-03
-2.445905533691002942e-01
5.199778783460781012e-02
3.408335597708962716e-02
-8.330282458231189069e-02
-1.530501883409705610e-01
-1.829744059465664985e-01
-7.377673721254756831e-03
4.341342511272897053e-03
-2.418753924527866916e-01
1.312823153285469224e-01
-2.363263548055205832e-01
1.134727851913565205e-01
5.764839398018875571e-02
-8.946898873929248763e-02
2.724702757657277985e-01
1.946196041155950907e-02
-4.354502746986987916e-02
1.341697096063640959e-01
-7.711623766249463274e-02
1.588552702033911579e-01
8.334041631222122160e-02
1.024375373551129759e-01
1.153296024281513926e-01
-1.500143455742452281e-01
-2.502629189667508747e-02
2.105029951761610285e-01
1.411419927419562959e-01
4.260372787790437515e-02
-2.232708850761518649e-01
-1.267618504709820682e-01
-2.091986235123087789e-01
3.753048701397536380e-02
-9.057140160436903675e-02
-8.672857044384224556e-02
-3.686219211613307040e-02
1.795240413801637430e-02
-9.123174444924239679e-02
1.748619818569107365e-01
-3.246169287645756518e-01
-1.734546419193016761e-02
6.267106231034420827e-02
1.895210982744306993e-01
-7.447756752595158236e-02
7.749526443907385487e-02
1.101941660850222771e-01
2.347725836595569160e-01
-8.484349303932799125e-02
1.616222878779110389e-02
2.368247496421349227e-02
3.409344864045731061e-02
-1.029040603517690777e-01
3.404736544101396589e-01
1.363563389444023000e-01
8.777040387210927053e-02
1.351696556701727781e-01
1.310571675115213830e-01
-9.809449979653632468e-02
1.887836037829437597e-01
-3.721665850517899554e-02
6.101005475930149080e-02
4.155017760397620996e-02
1.987598347498532869e-01
-1.053459295022781128e-01
-1.854691895525975021e-01
-9.818162222144287410e-02
-1.481593890529220581e-01
1.024798842750646588e-01
7.940226371325241270e-03
1.210488330608570223e-01
-6.467675236972070252e-02
1.305033785541180325e-01
5.273597612729828341e-03
-2.047694764798647649e-01
1.733969636522211533e-01
9.540567331997293343e-02
1.942096010932761740e-01
1.904462346133568851e-01
6.500232570901830209e-02
1.506141089822917167e-01
7.223726558795132320e-04
6.452103344252088646e-02
-1.795078723348804695e-01
-9.395660348591911015e-02
-8.796350917128005140e-03
-1.084669369345293843e-02
-4.846089814239724902e-02
-8.776019656065538188e-02
1.495519385515284294e-01
4.965908157403822742e-02
-1.055206844461050592e-01
-2.521089573371166487e-02
2.005755690248822165e-01
6.723220026996987175e-02
-3.527400667168977266e-01
-4.558963099287641207e-02
-6.050161641337298279e-02
-1.491574102916846389e-01
1.404970091298089491e-03
2.842798117547493675e-01
-1.089264598633209735e-01
5.363639635631556324e-02
-5.719560655450918463e-02
-1.178146021534789006e-01
3.691396359560358831e-02
4.642653081860775161e-02
-2.639308389605314331e-01
1.277618637880568141e-02
1.584462083039439029e-01
-6.289909826785761160e-02
-2.732959489949006171e-01
-6.287083810013822938e-02
2.400947924349181029e-01
6.153783880746174079e-02
8.150543656929527814e-02
5.947136890284046573e-02
1.632514443368818513e-01
-2.551382717645664377e-02
6.872824399486895941e-02
1.520963386128797168e-01
1.120801770143094456e-01
-4.353715484315855838e-02
1.254824432154421493e-02
-5.158058788752517554e-02
1.951704346228564507e-02
-3.588374677868900325e-02
2.224501683483623982e-01
3.585953173346802421e-03
2.126844016889601341e-01
1.298845421017696677e-01
-7.841292359721636906e-02
-8.246955228727202714e-02
1.144236023401697389e-01
1.707184745121152480e-01
7.049046072304186727e-02
7.260630331281668626e-02
9.489206902137387045e-02
-1.990100323005916938e-01
4.800303052438752160e-02
-1.041417043687199728e-01
1.058217195437226657e-02
9.511866045718615770e-02
-3.945196737800154008e-01
-4.173205221326563297e-02
1.079086469378872093e-01
-3.480464277360679204e-01
3.061809265766344754e-02
-3.836120340780364152e-02
-1.350049012953163374e-01
1.027913492113726457e-01
-6.398856645382157426e-02
2.764207456064400256e-02
-1.775987080169991184e-02
-3.369383816632427475e-01
7.956627374839352063e-02
-2.160814359671979490e-01
3.183934322246222831e-02
-2.790207617740387280e-01
-1.318378792410902500e-01
-1.845748168492760679e-03
-2.864649048845163692e-02
2.430146852346513550e-02
-2.292375117823627906e-01
-5.755250103343630477e-03
-4.007149015157505240e-03
7.821117154093272517e-02
-8.484477955121144666e-02
-2.438509191701636603e-01
-1.762351946961546456e-01
1.767525899664052491e-01
-2.435762410659420008e-02
-1.297898783865050476e-01
-9.069506758634314492e-02
4.740599634407082624e-02
-2.714993666953005244e-02
9.149341236669737698e-02
-1.109341541740185150e-01
-1.668742804697661078e-02
-1.223338102898378354e-01
-3.848729747965028408e-03
-3.289781567890287528e-02
4.333888678172569120e-02
-8.076904983203118948e-02
-1.312355870137231761e-01
4.180091956761665395e-02
-2.551641426156825987e-01
-2.681506824036103843e-03
1.853113724738160162e-01
4.740149216119236841e-02
-4.917238139056698265e-02
-1.090233092963451139e-01
5.408883169781630862e-02
6.160442291851371543e-02
2.377178552283448210e-01
-2.954955194692587273e-01
-9.685210149248345279e-02
-2.368766980462985033e-02
6.510810317861004393e-02
4.947459962208502343e-02
-2.338560972681433814e-01
-1.368769121356346596e-01
1.540603128284786516e-01
-8.143781367580302244e-03
7.060659717984837935e-02
5.314369602681252858e-02
1.909984261227995819e-02
-5.097336804652058406e-02
1.266575798268197439e-01
2.163496164994441889e-02
-3.718256608680365477e-02
8.848128730663963604e-03
-1.593329286051403393e-01
-1.303719563993909203e-01
1.791757815185400504e-01
-1.255537467995772316e-01
3.171443444277498580e-01
-3.342350811284482970e-01
-8.875815368984357745e-02
7.007142804531028835e-02
1.318777677853612273e-01
1.968401675010720553e-01
-2.228341823199428973e-01
4.102056500580211588e-03
2.295711984621503707e-02
2.030039897363216106e-01
-2.003221556090035993e-01
8.427967462519964092e-02
5.947590830753885643e-02
