1.424111453439551034e-01
6.377468688731473614e-03
1.859159667019933959e-01
-3.373382023310283473e-01
2.272113685711798781e-01
-1.059834070228444780e-01
6.329707193510102081e-02
-2.828484527162371531e-01
1.875443394341496373e-01
4.590089080798283316e-03
1.340122459210127126e-01
1.611007992047314430e-01
1.128027759118887530e-01
1.653588341963938280e-01
1.402103981369977881e-01
2.589405428079994409e-01
-1.448767485897893281e-01
5.825519325063975573e-02
-4.994718378960815719e-01
1.552003484948181744e-01
2.545957199082546363e-02
-2.603421877693701605e-02
1.845841042779058361e-01
-3.400904058550802689e-01
-1.577408160814905980e-01
-5.374320357396071834e-01
-1.839609338598964805e-01
-4.272232814640430920e-02
2.740467651710516428e-01
5.067197434788162091e-02
2.277840563153711306e-01
-6.110396774365435546e-02
-3.096010417724621155e-01
-1.419677639512624545e-01
9.034035131760088932e-02
-3.914397471000937573e-02
-4.411173097407867366e-02
1.649580257425902197e-01
7.789652659655393885e-02
-1.773471676570477218e-01
1.409606285186661978e-01
2.350024830979448309e-01
2.076939449490380618e-01
3.798545600263557032e-01
-1.229624787349568454e-01
-5.367795860642726041e-02
-5.412824109422106206e-02
-2.474194183417390003e-01
-1.316483176289964252e-01
-3.088943326446974558e-02
-3.728922963742268837e-01
1.206007656103022657e-01
1.812264744171792480e-02
-6.827799855362215453e-02
-2.781694124069917784e-01
2.006170626642201499e-03
-3.692154679836179287e-02
-1.011589535463782996e-01
-4.341470485507738231e-02
3.513350602423654934e-01
-5.101082427800650576e-01
-6.426158902536967157e-05
1.145232215404503318e-01
3.258086844220219047e-02
-1.022100097505342642e-01
-8.688858794082568449e-02
1.067250958338700900e-01
-1.597531019812551134e-01
-8.589192719730322223e-02
-5.190880149084087930e-02
2.692889942841427686e-01
-2.955791962818437035e-01
2.636691417309593166e-03
1.387758780427536809e-01
-1.688626212317733133e-01
-1.337156049017106940e-01
-1.641508661665112279e-01
2.501976334144307423e-01
-1.453343349002510498e-01
4.307143150792717978e-02
-8.274797669703934421e-04
-6.120730866448183607e-03
-1.123568348620031521e-01
-1.010202589160650588e-01
-1.594283490662928571e-01
-3.537192527038818951e-02
-4.964664442202481043e-01
-1.454316218661706461e-01
-2.656338847708018813e-02
-4.292167892513054084e-01
-1.847075493945722624e-01
2.349968197508552903e-01
2.909656420672007693e-01
1.317922416584097201e-01
-3.004910526178678487e-01
2.249399571561373212e-01
-3.989103952222368410e-02
1.578653057940347659e-01
-2.732540978586608937e-01
1.714048753347513498e-01
-3.162519948803956260e-01
-2.438012977165472106e-01
-3.627021098534509158e-01
-3.586842359642735678e-01
-5.682872419646160106e-02
1.180443478426118770e-01
-2.826264934795981176e-01
-2.577079057652509886e-01
2.061158087978190445e-01
-2.254474514485970971e-01
1.715117331376792009e-01
1.990835969345802481e-01
4.534497392910661479e-02
-3.430905184140281561e-02
1.025205783743017296e-01
-2.965326522507266693e-01
-4.214205966631561773e-01
-1.311941276513022836e-01
-5.632687792154231904e-02
1.607224340025651677e-01
1.752350504637013029e-01
1.122305786983111148e-01
-2.223352205963549100e-01
-9.899883083033002296e-02
-1.356480844074929026e-01
5.403993438259756255e-02
2.969044019193146922e-02
-3.976808411136360522e-01
1.474574014223927754e-01
-5.333066775087400568e-01
3.317613544619745641e-02
-3.089944068212310824e-01
1.202775377892157244e-01
2.020610870671882622e-02
3.831658782125802465e-01
2.257974946183088361e-01
-1.918089416249854628e-01
-2.136037945316879294e-01
-2.327946887551223809e-01
-2.182623453342461550e-01
2.954212599254522065e-01
-8.777149508328929706e-02
-1.530840211361031988e-01
2.701021564001908071e-01
-2.606088034076437521e-01
1.290316791218718562e-01
-4.610278390087600986e-01
-2.940356873785349157e-01
2.320956294655915630e-01
1.784713270478825720e-01
-1.261390839093593508e-01
4.753590825516436080e-01
1.804346088177512797e-01
-2.332067085214758750e-01
-5.826459212337634780e-02
1.913046129019981278e-01
-3.216881271979889906e-02
1.630230278326534055e-01
-1.292974872179525614e-01
-2.499046813707672954e-01
1.092379214289215666e-01
1.136207440729508911e-01
-1.476889902950818401e-01
8.881110391464849818e-02
-1.699242622097172362e-01
9.248719359450155442e-02
1.084891955146280867e-01
2.412057546283525311e-01
-2.139509494452307703e-01
6.300913915374331542e-02
-3.185437256223602048e-02
-3.157475754030755755e-02
-5.515490030182629982e-02
-7.186019760034154102e-02
-1.814005673492674053e-01
1.085497242264822915e-01
3.524079744124351543e-01
-2.000618219684642818e-01
-2.785420936355493260e-01
-1.528237856327793048e-02
-1.388288897146483514e-01
-2.630263905368541710e-01
4.602846113779790992e-03
-8.456943772248129432e-02
3.623384088791894442e-01
1.349491817526479731e-01
2.591436942665863441e-01
-2.819041924354147577e-01
9.923397045403645200e-02
1.524706088489227451e-01
9.942825174298632052e-02
-1.057780091764547459e-01
2.124706061201123708e-01
-1.108212356935866644e-01
-2.663254215941732173e-01
7.341571631921546548e-02
-2.174369979257140262e-02
-1.028180666630635481e-01
5.007917224596928479e-02
2.153649418602834320e-01
1.100362780119279044e-01
-7.723817652048166338e-02
1.461632164340219142e-01
4.398100266128185387e-02
1.835526802783064571e-01
-3.363972230012892695e-01
5.464563082166725219e-03
1.526212567121953689e-01
1.309940829631459636e-01
-9.282456445376291443e-02
2.279984190864711990e-01
-2.048569570216997038e-01
-7.099623424411508066e-02
1.463785725154009010e-01
-2.553969785512074653e-01
1.783924398355148377e-01
-1.653858496492160712e-01
3.051154407796585755e-01
4.920910026079932109e-01
-5.416475666240195830e-01
-2.462024169145174066e-02
1.440388380352593534e-01
9.277550282105487267e-03
3.176133683184864109e-01
-3.101049159209224304e-01
-1.630567205693448929e-01
3.664380429073360590e-01
3.445694653624630562e-03
9.111574124280380493e-02
2.920579905541211829e-01
-3.450108725933862530e-01
-1.679382445453585782e-01
-2.685620285000822061e-01
-1.130706943876238907e-01
-9.038125312181352622e-02
3.239179290598240835e-01
2.298336322528529707e-01
-5.641097920344271405e-02
-1.581789268220264999e-01
6.684007682964032693e-02
-2.285497143922816249e-02
1.856920208448149812e-01
1.632964573975190931e-02
-3.886219458420545059e-01
-6.340971376373612245e-02
-1.695866368801075275e-01
2.252716264957864700e-01
-1.089686779634894270e-01
9.317610113791717844e-03
-1.660614877064164607e-01
4.325485600677402703e-02
4.125568430631890715e-01
-7.094750213055274479e-02
2.473701575250404072e-01
9.043997156027049344e-01
1.000000000000000000e+00
7.129663101547984994e-01
5.855237244584053924e-01
2.791181601664862733e-01
-9.542432300425955638e-02
-1.151774355797816202e-01
6.271386129669773157e-02
5.122634484461602300e-02
1.458304177759638665e-01
-2.117863339535769052e-01
-9.144844206521779428e-02
8.418411792312381625e-02
-2.368932372933449729e-02
-4.188400648682175792e-02
-6.767356873717392252e-02
2.544119402252690842e-01
3.582482303064035700e-01
2.289315834364279711e-01
2.514138916251234535e-01
-4.026549723450800755e-02
2.765786267320404987e-02
-1.278883065039129567e-02
-3.063829161274833623e-02
-1.740498512038978762e-01
-6.167178756327397482e-02
9.831729336575646683e-02
2.569550775538118614e-01
-2.045339805904641817e-01
3.242703392959746522e-01
2.514319781093035666e-01
5.358387316602992306e-02
6.577550426693268282e-01
3.004341953356303718e-01
-1.656216539842071400e-01
-7.839546398880355149e-02
-9.387121296396513243e-03
2.629075413284258644e-01
-1.429021730012756675e-01
1.599199597928825378e-01
-1.236713755808408477e-01
1.290180415848124658e-02
-2.232659200442287661e-01
-2.322124740023159481e-02
-1.065642146387407174e-01
-1.949079661666892893e-01
-1.055512645213024375e-01
-1.289029712254469856e-02
2.583095192376850813e-01
2.605914206713688674e-01
-1.342994214523567653e-01
-2.339763113404191297e-01
9.575339451417473613e-02
-1.831429244457959959e-01
1.296709134474536840e-01
9.512258108065471673e-02
-2.059468406065555479e-01
-5.988499324106439509e-02
1.719102210750340365e-01
1.407056083810677982e-01
-1.144591780336653153e-01
9.701726776905428284e-02
3.663035690362949071e-01
2.664491365107370391e-01
5.459489016503719927e-02
4.036076991476376108e-01
7.567015831947186688e-02
2.712959919857838020e-01
-1.149544417798437634e-01
-2.743842926650172931e-01
-3.823928373027803140e-02
-2.367734986981919962e-02
5.963303862083993434e-02
-7.204097993590040383e-02
3.368826057216033343e-01
-1.686074360819848350e-01
2.755102549681372887e-02
2.762916982138756694e-01
1.759638186549779548e-01
-7.495967141958385926e-02
-1.726737288153343819e-01
9.484700955679331580e-02
1.828030970619191620e-01
2.122884759518644804e-01
-1.190223749887349414e-01
1.129898358842841150e-01
2.060354789976339140e-01
2.849368919904870512e-01
6.554694703112425025e-02
3.605867942150611238e-01
3.422741016461519625e-02
-3.149659297637114053e-01
1.674109904176245278e-01
6.625457855039590394e-02
2.003027074453553047e-01
8.972667231102039731e-02
2.302353805148270316e-01
-1.530855997320873241e-01
6.546296113085305068e-02
1.186206916868524225e-01
-2.566871761189559731e-02
-1.071474871566831522e-01
3.773303542349983331e-01
-3.526543423895891344e-02
1.923279376564116794e-01
-2.255546760229868164e-01
-2.824536537545024872e-01
-1.358394515168213357e-01
-5.186820987548435014e-02
1.500406604622160078e-01
4.014520543826231858e-02
-1.203893551913462756e-01
-1.903475802586268861e-01
-4.692914549586550688e-02
-1.066786689071891198e-01
-1.885026602470885326e-01
-2.458356310924821875e-01
1.673588413447754386e-01
-1.937495822555110325e-01
-6.082589006470842663e-02
-4.820706173683970974e-02
1.209182823842484995e-02
-1.613401353756060280e-02
1.819971440134106611e-01
2.993531258428382483e-02
-6.293577619980107729e-02
4.660954037234376623e-01
-2.764535130561625587e-01
-7.032307333803096416e-02
-1.468996933919509973e-01
-1.296253025697730599e-01
-1.553951378604218614e-01
-1.722089334373698710e-01
2.025278310223625755e-01
1.840076534294851907e-01
3.820204492221077053e-01
-4.278632731961694302e-02
-3.201735338608571735e-01
9.873189341582205847e-02
1.636541068353842068e-02
-3.440032519271465361e-01
2.973039192522831664e-01
-1.638695075364452747e-01
1.379761407515058269e-01
-1.424588810667596073e-01
2.851066815277578104e-01
-1.987132950214948734e-01
3.024123709465648818e-02
-4.851221480496560878e-01
1.620537936470057838e-01
-1.931562689964659296e-01
2.574799729926295910e-01
9.214189767076211290e-02
9.957253559179825297e-02
1.760573960187581943e-01
1.065027633788303077e-02
-1.358781428893177379e-01
-1.046055887261391516e-02
-2.015719070708993921e-01
-2.400610502982854916e-02
-1.689109846434004233e-02
-4.089412583881369967e-01
-1.094640841648837799e-02
1.009286177512498522e-01
-2.814144212222250904e-02
1.901802587039363723e-01
-1.869267292306339701e-01
5.995960927258563167e-02
2.585513349950714981e-02
-1.728708211513465820e-01
1.638027745253135548e-01
1.642796591444409260e-01
1.426426219155123021e-01
5.662051193645764764e-03
-8.787975422097786538e-02
-1.591892760291967746e-01
-1.979887682160278994e-01
-1.104370833852158368e-01
1.012464954946002832e-01
4.673447988941356601e-02
-1.044001844327737405e-01
-1.902832865121249772e-02
2.286273612811544620e-01
6.675136739048680157e-02
2.541017414535342578e-01
-1.223838472498384317e-01
2.239165047710428846e-01
1.033783549772358118e-01
-1.201246610841254364e-01
-2.843382997018361058e-01
1.469625682576886777e-02
7.532064163644192067e-02
1.168490715997483678e-02
-2.101709077646405910e-01
-9.003028547351710209e-02
1.891786765337706011e-01
5.645664306643199959e-01
2.697076191360275876e-02
9.444040174773346563e-02
-1.548852045893684692e-01
-2.633103397691003225e-02
1.093840230144985659e-01
5.594712671414597827e-02
-9.472395405458074180e-02
-1.155719128946402774e-01
1.826661995163145289e-03
-2.414044289268456323e-02
2.879829514102862920e-01
-7.858825950647940414e-03
1.787419236429922675e-01
-4.846976084607204638e-02
2.026240441023081582e-02
2.367860602791387742e-02
3.889168393816347380e-01
-3.701437386424671211e-02
1.997520343017452904e-01
-1.683200060802924336e-01
1.620113720458508377e-01
-2.749222893513225338e-02
-1.654394206833633973e-01
8.405087650314253811e-02
3.317848496661445629e-02
-2.303899862895927575e-01
-5.283404772836439167e-02
-2.486108219008383302e-01
1.894988006649421797e-01
1.258334757488741296e-01
-6.974602882638251955e-02
1.376863902333830547e-01
4.509147888542068550e-02
1.350498528023018341e-01
2.554370620899285016e-01
-3.728237135418094317e-01
-6.564192264913115693e-02
5.303890462258453037e-02
-3.098464272630581037e-02
1.964114595718474965e-01
-7.561001392510137420e-02
-3.202110134088312909e-01
-3.164791804356373306e-01
-1.060923236445394588e-02
1.667691635592788713e-01
2.202819793902693335e-01
1.268486722540968226e-01
1.349192090293801225e-03
1.378061430078774199e-02
2.361660688296407518e-01
3.881113787941030402e-02
-1.787146093862676532e-01
1.843043409987772940e-01
-2.136441798818160265e-01
1.616843933695498725e-01
-2.180462802080101736e-01
5.153592545505637085e-02
2.081221058320705253e-01
-1.512857544916628360e-03
1.423001164122792706e-01
3.035714497232036013e-01
