-2.184700184966483286e-02
-1.277284025566559067e-01
1.304039543366421472e-01
2.966131683229066007e-02
-2.669863427472051604e-02
1.340947291121178664e-01
1.158968563151058923e-01
-1.547549295655593904e-01
2.203951792880188276e-01
-9.729522218209760154e-02
9.963047082314080080e-03
2.559987305621304679e-02
-9.779659633507456484e-02
-1.290469276667600418e-01
-6.309349610256098639e-02
-8.045834833832639366e-02
-5.160137787263595344e-02
4.304258003543082189e-02
9.845884242204815118e-02
2.063499909440254243e-01
2.640548942622883768e-02
4.861452307507702075e-02
1.371676942819338163e-01
-2.526330779819725980e-01
-2.576603825829594518e-02
-3.067885587045089332e-02
2.223293560794243826e-02
1.435173238032731169e-01
-1.314239770454734557e-01
-7.767916500581338590e-02
1.288005078645236556e-01
8.746939167150576816e-03
-1.695893713012973716e-02
-1.277789597360391161e-01
-7.579214563413742833e-02
-2.258885467813508408e-01
-1.521296043736141967e-01
-7.172272514899501183e-02
2.423567429405757909e-02
-5.577881521827440792e-02
-3.252580125565106284e-02
-3.249458774442359060e-02
1.445913596069303142e-01
-3.231833827262163839e-01
1.027972080379037229e-01
-3.803860089572694281e-02
-9.586445182159060441e-02
-8.364389794333257876e-04
1.035657597891865567e-01
-1.241259657175601272e-01
-1.469703622946449961e-01
8.130848500364606934e-02
1.082504892608731825e-02
1.581602619464866077e-01
-6.393832550606076692e-02
1.246638606435844648e-01
2.263830840980147752e-01
2.002282421735582241e-01
1.343101915096749088e-01
-6.617854436975179055e-02
-4.953019342858021312e-02
-2.720756606685217557e-02
-1.705532551331508107e-01
-2.149047280193039366e-01
9.393369862280852300e-02
1.558680764400966479e-01
-9.883190661473299776e-02
-1.735129008451883892e-01
-7.721414090749634598e-03
1.169870131648728662e-01
1.131181758665132375e-01
1.000212017011338633e-01
1.301763860285588270e-01
1.734543488081265461e-01
3.548001959467116800e-02
-5.914478508637144305e-02
-1.308020228638969440e-01
7.055511447709209016e-02
5.388946008118357910e-03
6.442502935445910094e-03
-9.137305240462217926e-03
-8.453231709486053180e-02
5.308251963595231326e-02
-1.473034409794018451e-01
-1.874303095905594241e-01
-1.062877758443222381e-01
9.621070785009069870e-02
-6.549570364341891944e-03
1.903720029491230148e-01
7.057554615292818169e-03
3.770526725929801426e-01
1.014568555889727580e-01
5.779235420464348683e-02
-8.878264184266966563e-02
1.445971040872741364e-01
9.957488737258872458e-02
5.568860778688324714e-02
-4.131084641621191045e-02
-1.920999725586008261e-02
1.738385713701770530e-01
5.860462163441862438e-02
7.945053072844655839e-02
2.101091048502599923e-01
1.080790719330215893e-01
-1.367707134460703355e-01
6.805088599781041608e-03
-3.697300649742808754e-02
6.039904285372923662e-03
2.433806867578637567e-02
9.573858923476204208e-02
1.801915683283709102e-01
-1.836178805791489621e-01
1.014578231691664889e-01
-1.686909048400844768e-01
1.302486411064356642e-01
1.659959412687369781e-02
-3.106056331047243879e-01
-1.699994952675446536e-01
2.454201929946403168e-02
1.957805950486793956e-01
-1.360062452698856950e-01
-7.716594382301683597e-02
3.814666060844781881e-02
-1.699528540352794603e-01
2.546159291542262615e-01
2.757485271427362883e-01
1.600115195355635012e-01
-1.450807982514995820e-01
3.175091555193523818e-02
-3.327461308199928386e-02
-1.233556692470415550e-01
-6.859933224014919118e-02
-1.447029524940665890e-01
1.396154598349154674e-01
2.213421898189241177e-01
-6.388204665948510330e-02
-1.493760805131365554e-01
-3.055288943061924833e-02
1.017176335694693901e-01
-1.203418867416512425e-02
-3.921137401472173795e-02
-4.799719631430444250e-02
1.825913898129534474e-01
-1.294625998075530360e-01
-2.348030780721631072e-01
1.108234838762806734e-01
-1.228346161699485073e-01
4.836404087346945525e-04
-1.184448096084657620e-01
7.113103693746523903e-02
-2.593332795871563720e-02
1.083223804049112393e-01
1.323975964799738447e-01
-1.285879053553430906e-01
-1.118475975989868948e-01
1.592073964428132038e-01
-8.685353058734872692e-03
-5.222544228131651561e-02
1.093198033004516012e-01
-3.164041779494684847e-02
-2.678462625447703416e-01
1.572634430871163447e-01
1.418080470729558562e-01
4.088149593817468064e-02
3.983934308051775668e-03
1.017976977284711648e-01
5.809533177317522529e-02
7.530624205440288044e-02
4.270901384120887045e-02
5.421988052551504796e-03
9.229829968802721885e-02
2.521450488006988788e-01
-2.127400786210832488e-04
-8.874150216476313358e-03
-1.567906339208943178e-01
1.675776760419764311e-01
9.398666067522540475e-04
1.511257408984993666e-01
-2.609251150969702643e-02
4.089052563689343778e-01
7.248811994358798916e-02
7.761482286202427139e-02
1.532237200227039020e-01
-1.020658684943210187e-01
4.316106413413294159e-03
3.133394057500835106e-02
-3.866975739567822257e-01
-1.023196601591382648e-01
-1.917571337609140156e-02
3.882074906066311504e-02
1.788859644554618433e-01
2.326956871882076283e-01
-6.270330043138806764e-02
1.204626151723281746e-01
-1.040917601686288940e-01
-1.248968791379172633e-01
1.341766828051237093e-01
2.390657117718864855e-01
3.134484283784605418e-02
-3.641775335455645080e-02
3.421465733621805588e-02
1.518640467187686027e-01
1.926429478145361140e-01
-1.187078426308549040e-01
-1.219275729983573531e-01
2.572632264998068741e-01
-1.743129859891835998e-01
3.147553892298317058e-01
1.244089491450485890e-01
-1.390616120710680068e-02
2.766248665455711339e-02
-1.413499723027196175e-01
3.026724915616242628e-02
1.711708943366516966e-01
9.623566655829739191e-02
-3.482026461710507892e-02
1.952328082921956365e-01
-1.205102723853492125e-01
1.857587726554535135e-01
-8.509355136591765373e-03
-4.389774315249184850e-02
1.636854115003225640e-01
1.099435250144353976e-01
-1.760181950991443131e-02
-8.825294154463143859e-02
-1.720809342757292637e-01
7.142487977558671652e-02
1.139293234625495949e-01
-1.404893799222620976e-01
3.884139556499307394e-02
-3.684571440829097905e-02
-2.260670358129215907e-01
-2.656313450840029344e-01
1.092320748751334919e-01
-3.207974580781260826e-02
-2.047001574557705539e-01
4.511281227370780855e-02
2.815906109417210673e-02
-9.049892770185800905e-02
-3.904221759348969895e-02
-1.106994553710353435e-01
4.201793595107496809e-02
6.395109915428869030e-02
-5.548040873434624543e-02
8.625625700742992064e-02
-1.192240812005581317e-02
6.181489739000574357e-02
8.426193691348141113e-02
9.827599556023740301e-02
-7.231595692877168524e-02
-4.194981284883828737e-02
1.729574316737946260e-01
2.147749038589537862e-01
4.903357818457674266e-01
4.460870842236666634e-01
5.828797188420603570e-01
1.000000000000000000e+00
7.639023397386325298e-01
3.517452429310995443e-01
1.906410700814329118e-01
2.270817731893250147e-01
6.561518230326313095e-02
1.042362367179490608e-02
-2.304016987359824298e-01
-1.220183107914182830e-01
1.267490440722055228e-03
4.887824198376150564e-02
-1.084557014425096000e-01
-1.467326153007040279e-01
1.035725938513410438e-01
1.236558023016117724e-01
9.384432466667987083e-02
7.530026150652391337e-02
-1.033352077007106823e-01
-3.492057902369825190e-02
1.379515825015278641e-01
-2.243973758115633266e-01
-6.237611848052009023e-02
-1.077553440071971069e-01
1.928286061641814042e-01
-1.838662174766039770e-02
-7.870071590847663168e-02
-9.719068682439449547e-02
-2.360483959819962077e-02
7.678912387237710191e-02
-1.138548235557155230e-01
-1.112407513405291176e-02
-1.672030784939799453e-01
-2.819610164804431385e-01
-7.884047197729204814e-02
1.217864200665028096e-01
-7.497536018491886278e-02
-6.888581531902426836e-02
-1.145138651691965381e-01
2.187307761741144607e-02
3.261996471220638544e-02
4.399973106456694233e-02
1.250016249757850695e-01
1.419258463625709676e-01
-7.790627605640004782e-02
-1.602250951732750728e-01
-8.053223357261893312e-02
-5.727381038555162673e-02
-4.331925320745754621e-02
-4.125958053732149688e-02
-3.637088349353286010e-02
-6.602549362017426371e-02
-1.592438999510262798e-01
9.118572136276641149e-02
1.910639636871826110e-03
-1.081737284473994060e-01
1.434396291655993215e-02
-1.091228263922372071e-01
-3.450922652553859576e-02
4.675231015804257040e-02
-5.969705911344853899e-02
-2.424083485070999480e-02
-3.641283163959771474e-02
1.760656711167445376e-01
-1.177159584001320064e-01
1.141600231399926418e-01
-1.247504338217358261e-01
9.138470464510192737e-02
-3.751294598520037854e-02
1.011350526105601610e-01
2.008420445793331899e-01
-8.730858231235721911e-02
-1.653703418076938325e-01
-3.830505450369669617e-03
1.860644853365862883e-01
-1.611278261409894719e-01
5.654894128663410374e-02
-4.894299526184264781e-02
-8.547272963114647959e-02
-2.456610445438222115e-02
1.292060856303710314e-01
-3.210806341405981756e-01
6.257340030924107149e-03
-2.787610791863192120e-02
9.420884549142262421e-02
-4.416035710497087652e-02
1.598356742805633057e-02
-1.171711428237843938e-01
3.509728287112955092e-02
-1.776758016747493618e-01
1.504302823649539267e-01
3.212930238089525131e-02
-3.886801001694558527e-02
-5.413408317625258842e-02
1.633064155738381262e-02
7.711826379682425181e-02
-3.518388630122919886e-02
-1.164208605333220820e-01
-7.557704874446885546e-02
3.056692028861783192e-02
-1.542783385571505628e-01
1.975309669077079666e-01
8.545059501103072219e-02
8.839738048667158954e-02
1.101574485083234023e-01
-1.257508888981905548e-01
-1.377714274032317554e-01
1.625499622942040701e-02
9.164752441314764908e-02
5.224549187480075074e-02
-3.079614135664617280e-01
-1.015845159601770492e-01
5.250140914115717511e-02
2.295062181261539047e-01
-3.265849463355359472e-02
-5.279827899873348884e-02
2.449288695777118718e-02
9.544985111397429056e-02
2.889351196808139996e-02
1.005104015039893078e-01
-8.423208207770653544e-02
-6.210670824007675193e-03
3.732152550347909298e-02
-2.706755457991497638e-01
-1.286089173675413755e-01
-2.053926443957835093e-02
-4.448173357467647554e-02
-6.093783610724181482e-02
-1.385993129952164948e-01
-9.650597036444300003e-02
-1.698079472092497988e-02
-1.586712611135377704e-01
1.989205052603735813e-01
-7.416543161100618009e-02
4.442516282126714178e-02
-1.403897658658594116e-02
-1.088801502445809477e-01
-5.151115784098837802e-02
-1.751542417267851898e-02
1.064916556678439409e-02
-1.257078055439518061e-01
9.591883133470388220e-03
4.247331657047540704e-02
4.973666313633675479e-02
7.746851492187471766e-02
8.075067231179181015e-02
-4.328949478592918065e-02
1.781034098208719718e-01
-3.983548404976555712e-02
-9.707713873785774050e-02
6.980160212576680401e-02
1.214097705180219450e-01
4.622571841615222277e-02
3.377785118163004197e-02
7.313412625393554689e-02
1.295835505055005776e-01
-2.445617524667028156e-02
7.994602352194959960e-02
5.915172300148870133e-02
-3.487265776849084870e-02
3.334182960484061847e-02
-8.583544473587524648e-02
-1.740178631281400767e-01
2.795551814218344422e-01
2.721703482479984060e-01
-4.762424152298009444e-02
5.616130566134561186e-02
-9.563359195494412768e-02
-1.468223245127930066e-01
1.678093814872198830e-01
-2.259656006622511731e-02
-5.972671834659199624e-02
-1.071497767776562540e-02
-4.549207811337258869e-04
4.946556959089271760e-02
1.736276651796902770e-01
1.422198879909996640e-02
2.803590614217498639e-02
2.613074675836627447e-01
1.229869480070835408e-01
-2.686804866628046337e-03
1.238986232640363477e-01
-1.747269888755149936e-02
3.394614664985014241e-02
-1.482466259055570217e-02
-5.833770569099814424e-02
1.472007621295959579e-01
2.626053233762452588e-01
4.495852762449344120e-02
-1.135167621551814027e-01
4.784456979615702571e-02
-1.478786393658931275e-01
8.671277283498410315e-02
-3.802397673857232929e-01
-6.947565684875467440e-02
-1.573625403353857630e-02
1.590832282842389589e-01
3.491134496817901445e-01
-1.399195446369295437e-01
-3.757826037378124429e-02
-1.409010979283102094e-01
-9.661161018146990909e-02
-1.891475239319963600e-02
-3.909240132934620193e-02
-1.925966138635598623e-01
1.049581706304850703e-01
-1.517594531344458320e-01
2.191930975662558789e-01
2.098705439369710768e-02
1.926205035258505838e-01
-1.227655683397227970e-01
9.540343851046749479e-02
4.734664689402470761e-02
-4.592044245664160529e-02
-8.004848118179397343e-02
-2.724487419187683959e-02
-1.341432090905441687e-01
-4.513025380764337791e-02
-2.538626477089563904e-01
-7.098342099970209040e-02
2.003635654443217812e-02
2.885760612291405347e-01
1.804786565521652574e-03
8.343297058572320124e-03
-8.777445356342167271e-02
9.331972908597536975e-02
1.034986476162501196e-01
2.053476924568317097e-01
8.968100476718864067e-02
-2.920749979349044831e-03
1.273321323106584857e-01
7.206484453727707296e-02
7.557959857741798626e-02
-1.569689618528627081e-02
-1.120418342331004347e-01
-3.007546885418727611e-01
7.221009364448623125e-02
2.627866467088220692e-01
1.675235535457698932e-01
-1.548512362753457772e-01
2.417626750919102396e-01
1.018734804324261528e-01
1.294322370364022201e-01
-3.119833546794985590e-01
1.560885303994278411e-02
3.061100088853194179e-01
-6.871262094907744367e-02
-5.296220126225831965e-02
1.043807637388231499e-02
-1.933989694238827384e-01
3.251767250270157228e-01
3.309146703053626459e-01
1.288734870163025237e-01
-8.067569977300582951e-02
2.089275248180183786e-01
9.043181275472271519e-02
-2.106436290418306143e-02
