7.502543554573887219e-02
5.808674493131966293e-02
1.146867369845819551e-01
1.289191425168397520e-01
-2.759302415137520614e-01
1.708063531033069959e-01
3.404507311553504056e-01
-2.458269845681864130e-01
-1.637545585094560274e-01
-5.489590996330839107e-02
-2.493215668249810779e-01
2.281509838046892058e-01
6.326464758671312971e-02
3.034435677650224039e-01
1.802888440258324232e-01
7.664848168635643444e-02
-1.638267166773423877e-01
4.327989179878762305e-01
8.337132450210103796e-02
-1.482169734300125830e-01
-1.391936319637554140e-02
-5.150351338233400966e-01
2.317293783518004427e-02
1.006931286446014068e-01
5.806443395761886478e-02
-1.551224571485772530e-01
-4.339234596335906358e-01
1.281336386069819311e-01
-2.765567519130942009e-01
-4.613501243465752827e-02
2.251898996517902041e-01
3.018900186699389199e-01
1.043430681538785043e-01
1.478386477062516025e-01
4.198413742323988673e-01
-7.910706380342755195e-02
2.469534563086659140e-01
7.205889700574333312e-02
1.968138969839067567e-02
-1.120171432127834987e-01
-3.130033744043876354e-01
-3.609206953368960247e-01
-2.381961390551973479e-01
-1.625503980543278326e-01
1.467906992117809506e-01
3.081841508743640157e-01
-1.465891954679257314e-01
-5.961307482075165615e-02
-1.223251603136157190e-01
2.963867360497238201e-01
3.888249589851151822e-02
-2.849897795675841727e-02
3.858621771305962428e-02
1.093282641254854498e-01
5.738589695222973130e-02
2.662430955528176657e-01
-2.634664027340650194e-01
-3.217601422496282892e-01
1.657373676239622118e-01
4.353660494805308701e-02
3.994042242479219906e-01
8.857021342747782577e-02
3.555018837751633409e-01
-2.969589727333583062e-01
-2.256297546950642580e-02
-1.465796113974501547e-01
-6.671068144247823805e-04
8.235928030761764662e-02
-2.595370416259714652e-01
-2.204179676533556953e-01
1.791160695487795107e-02
5.978512910922153534e-01
9.314193903013320494e-03
2.901285081452548154e-01
-3.459978571744578013e-01
2.212390822781085675e-01
-2.431993958895266872e-01
-1.938210564469216857e-01
-2.436295633469868216e-01
-4.206663510025400732e-01
9.446255738818531977e-02
-3.257338844499247377e-01
-1.182155785697621697e-01
2.433172305532745883e-01
-7.800198388378766501e-02
4.491503822649885874e-02
5.553243341369237113e-02
2.529169950163714931e-01
-2.794870248702733262e-01
1.474255894054805616e-01
-2.919839629702860040e-01
2.160906543998625806e-01
4.737173776978933354e-02
1.369670673012345352e-01
-2.393722698645260605e-01
7.100646925995057757e-02
-1.680294194293556753e-01
-2.254110382791504053e-01
-2.050357320375647066e-02
1.541532844702626359e-01
2.014312359577492828e-01
-1.369086521872616424e-01
-7.343009878300540971e-02
2.667975799266966153e-01
-3.062585701829164675e-01
2.573215185270733008e-01
1.902245593749183061e-01
-2.847744351248572281e-01
6.736102071691289772e-02
1.201702727555279959e-01
5.629152934499430661e-01
1.372042872197094532e-01
-3.824886199027243139e-01
-2.181412361757715523e-01
2.172733468744853791e-01
-2.856834012429899650e-01
-1.956612996569191132e-01
-2.090402502890161690e-02
-4.460292656939627842e-01
3.080752571281188401e-01
-2.448640298575717467e-01
-9.789714725723593081e-02
-4.189987916271717960e-01
3.820757614422069515e-01
-1.908799717134077589e-01
4.846733888190789541e-01
2.724906672531784979e-01
9.753753139376983294e-02
1.821873259392590150e-01
3.881240647934871557e-01
-3.680256648300612166e-01
-1.899629987985705926e-01
-3.568660421766092217e-01
-1.606028032272913963e-01
2.286032448103925696e-01
-9.386239651847601284e-02
-2.706171555171056273e-02
1.643898776837218745e-01
-4.692511680237590466e-01
3.137734375588679958e-01
1.015990840724699668e-01
-1.021820856729258598e-01
-3.608578569545142223e-01
-1.838746731788414301e-01
-1.078858409184020872e-01
2.859728593226205096e-01
1.632114353200774526e-01
2.598443197130945737e-01
4.977872226134854444e-02
1.652199341247413168e-03
4.068914877056516999e-01
-3.647616627481134466e-02
3.124543151174840050e-01
-2.731037457688408887e-01
4.807413665886642873e-01
5.984200607234728408e-02
-3.067317823140070510e-01
-7.983300430610755505e-02
1.977891638978659244e-02
2.712129034988782772e-01
-2.479528146148690937e-01
-1.227345706414362525e-01
5.485111485841395740e-02
2.047970337616268066e-01
-5.209633658590565042e-02
1.534889429291878271e-01
-4.183119952550868881e-01
-4.069247367536355520e-01
1.877450599426109742e-02
1.770550320819588852e-01
4.708869162776350981e-02
-2.693519324593001141e-01
3.644196071173234075e-01
-2.734724229773778381e-01
-1.144052974164796593e-01
-2.785803468767463209e-01
2.454856704226414110e-01
2.460613702068785713e-01
2.473233774481650715e-02
-1.766304570243985017e-01
2.497800724812387352e-01
2.344982616083073346e-01
-7.173572124306150898e-03
3.939904615223983608e-01
2.143846734595887260e-01
-9.805600862529725847e-02
-2.730175125642395617e-01
2.807265831250246521e-02
2.015412486971405737e-01
-4.046859685602695045e-01
2.121904185009422794e-01
3.702031660445300743e-01
3.471976177908246974e-01
-6.480647421440464961e-02
-1.610578223531429209e-01
1.146770676311031356e-01
-1.760986566219357174e-01
-1.792467522162636828e-01
3.239576428834510802e-01
2.802913063381942127e-01
3.262792768184796105e-02
1.931845713942158538e-01
3.491889798571812253e-01
1.128559808471706893e-01
2.966089409403677712e-01
-1.857455954420733080e-01
1.339384480891428753e-01
7.587117980011788727e-03
-2.154992111775676233e-01
-1.462801552346213452e-01
8.888628532168103835e-02
-1.568608031285698701e-01
-1.615988338284282955e-01
-9.882319910234783900e-02
-2.158859609637442944e-01
-1.238973606945633354e-01
-4.303830616369017092e-02
4.313129508115299826e-01
2.399583791272926481e-01
1.235232232285809473e-01
3.518696789904066646e-01
3.908130232934395321e-01
4.505901670921469426e-02
1.006883115401600304e-01
1.433972916193015368e-01
-2.992172352059085938e-01
-1.739875142337148767e-02
1.990901356834632874e-01
-9.603698991085665715e-02
1.691039114233016116e-01
-2.345990457154838171e-01
3.660265309519124544e-01
2.286209678200268880e-01
-2.597000092476707267e-01
1.113389381901647157e-01
2.362308270630014695e-01
2.378692729440826936e-01
-1.143365229365416319e-01
2.790033563753281931e-01
4.016107595440235878e-01
-2.709753281679230796e-01
4.845350320105724085e-01
-9.361727851607221096e-02
-2.262363001725173905e-01
-2.016567204628100587e-02
1.898379534461132889e-01
1.443641117283242792e-01
1.579019666618775852e-01
4.877197544705772492e-01
-1.389590490908539644e-01
2.661881903990231946e-01
3.027131597258129192e-01
-3.582756232725711060e-02
6.197344562738128504e-01
7.141163272806672069e-01
7.044494977539200731e-01
1.000000000000000000e+00
7.040862749324796610e-01
1.351053795405351698e-01
4.006814210088215367e-01
5.558406534420692324e-01
8.988755288442570879e-02
-1.232240255062170692e-01
-1.496939586739423345e-01
2.188094606746466275e-01
-2.438536352738405327e-02
2.423148068052794618e-02
-1.679054274198157198e-02
5.975586843094550238e-01
2.803900373056770756e-01
-2.337294633518529827e-02
-3.736624520097454605e-01
2.646194824187371175e-01
-4.289240083919779178e-02
2.651600121835627766e-01
-1.422248999363066591e-01
-1.956316810224311697e-01
-3.639719387148370594e-02
1.162934551085683943e-01
1.399483181606002158e-01
5.222404303487239441e-02
1.377943263256014017e-01
-3.208618089058626888e-01
-2.209235331093412635e-01
-4.948543133239208247e-01
2.910830099223738268e-03
6.585146890978059719e-01
1.119016702159779525e-01
-8.843046626502509833e-03
3.231839141708163221e-01
1.364150500539290656e-01
-3.249633240476320489e-02
1.853888677936078172e-02
3.393024125663636203e-01
3.250833477902762558e-01
-1.292715945769215280e-01
3.187453162040456145e-01
-3.951121396140204189e-01
5.564113316425231548e-02
1.462741045540341678e-01
-1.167446999893328313e-01
7.199563548730138207e-02
2.774219214918480780e-01
-3.740180293173729908e-01
-2.528331996640964530e-01
-1.557568070574487651e-01
-2.673384768447004123e-01
-3.437240042446211841e-01
1.089790310577567756e-01
5.845086932044857297e-02
1.816440380542540534e-01
-1.229055450598087462e-01
1.575907821613390936e-01
3.517244941839708927e-02
4.132129015127501692e-02
1.105068737762426034e-01
4.787010099886954834e-02
3.422006562891855008e-02
1.373382116363761341e-01
3.709983978822350981e-01
4.961223880918429890e-02
-9.252965732109565133e-02
8.833631534375145644e-02
3.665816291787366010e-01
1.923146758385299582e-01
3.475073805897875290e-01
-4.308279596863744815e-02
-1.460118715503416764e-01
1.813959093616172580e-01
-1.965249948300465954e-01
1.151173242992396817e-01
-1.925033439922272660e-01
6.072141213039163737e-02
-3.933573836132248092e-01
1.312441907743205627e-01
9.656517161467847998e-02
5.530884196613115866e-02
-1.004395514351546503e-01
-6.686851417267224151e-02
-3.624266994485000112e-03
-2.224930840828850953e-01
-3.059914790598687873e-01
-1.721912121078441812e-02
-3.426659685870447891e-02
5.427107871347295331e-01
-7.872959865812820257e-02
5.122224781044201203e-01
-1.783633486173257787e-01
-3.770985664227360368e-01
-1.092984125536560630e-02
2.947293010296903604e-01
4.953104690023106271e-01
-1.355858466283310637e-01
8.672722381218719856e-02
1.568835046594093952e-01
6.274928063479442986e-02
-3.352884866808231723e-01
4.562715599943167888e-01
-1.926747031231700880e-01
-3.430212816094519584e-02
-3.316300586644442272e-01
5.508240675664244357e-01
2.063169048280978357e-01
-1.561397884430444361e-01
-2.252701909142980907e-01
1.657852026933991640e-01
-3.172973566057250561e-01
1.225355724218326753e-01
-1.810349453904730455e-01
-5.413471743704502404e-02
1.958097515206081440e-01
6.537679407505332385e-01
-1.425067300873282261e-01
-3.315433437493831570e-01
-2.965915733690254186e-01
-9.049323206803188899e-03
3.087308639804910507e-02
1.432379602556978215e-01
-1.378140556154471286e-01
2.411829354291688821e-01
-1.750721409632808312e-01
-2.560320259170841342e-02
1.459574656663679693e-01
-8.588330102138509448e-01
-8.604358146969647708e-03
-2.758741470775569748e-01
1.600257845838428117e-01
-9.198899541375334110e-02
1.999213922487548811e-01
3.727707447501795168e-01
1.699016956705522163e-01
8.726521288229109607e-02
5.212488543376578853e-01
-1.491029561471309273e-01
2.094006081960139987e-01
4.151013143665347599e-02
-1.529992062200438430e-01
-4.395645992484200487e-02
-1.020242612938699195e-01
9.136872638613406650e-02
2.668456558513634391e-01
-4.903430690903511080e-02
7.848515892757522427e-02
4.092066993225409455e-01
4.315474894405638660e-03
-1.663448361802703501e-01
3.443406219946780755e-01
3.301466614570668923e-01
2.227908718185594161e-01
2.935264833814628382e-02
-6.206194984816800625e-02
-2.032164125971572533e-01
5.424363499274360567e-01
-1.407186221960909367e-01
-1.157248664236649183e-01
-9.401139781617345870e-02
-1.075526481525924394e-01
4.376260337315110438e-01
-1.559235430796666877e-01
5.785408626830752798e-02
-6.589477111552620447e-02
-9.261574666832539382e-02
1.961984515783024852e-01
-2.079396456946110694e-01
4.776206196076822341e-02
1.666458082818056755e-02
-1.530752415012244239e-01
2.439800651097704387e-01
1.386326145518230468e-01
-1.156248107524645574e-01
-1.460193732068452710e-01
-3.182696193869581913e-01
1.122663733133624636e-01
1.315363627061033602e-01
-1.397919447831788564e-01
1.528799381140535929e-01
-2.214175876530435350e-01
7.289443882667177854e-02
-1.139915784032811824e-01
-1.051147437526001038e-01
-1.679858227560421524e-01
4.662695837385693459e-03
-2.356453402585694315e-02
-2.705919386399847637e-01
1.084217885636673123e-01
-1.738938073123496297e-01
-4.454898933457418497e-01
7.365569320616610627e-02
2.182711454663096295e-01
-2.134481418467240321e-01
1.994426585508723981e-02
-8.364588800734279461e-02
-1.492784332465666441e-01
-9.727251684018806133e-02
1.038023678230775293e-01
8.050393678681715126e-02
-4.620756677748545926e-01
-1.184505487870900070e-01
-2.937635120651669318e-01
1.922193754185088366e-01
-1.974335762356402013e-01
-1.436536269747392958e-01
-2.862557674776236016e-01
-1.096575153590640950e-01
-1.434829904094237218e-01
-3.370048946848303029e-01
2.948670908447962868e-01
4.273990363033823292e-01
1.516440147572345187e-01
7.638817809017749150e-02
3.356797918520825208e-01
-4.715317500752747720e-02
2.931498164177279153e-01
-4.217034408611313179e-01
1.889098340115058852e-02
-9.569482692748547403e-02
1.258651163578110577e-01
-2.131860585449404100e-01
9.629096665725669218e-03
3.377314281763890702e-01
1.715145673175524632e-01
-2.321214451852132987e-01
4.047541498564007773e-02
-4.319127387093668058e-01
-1.526883595725934128e-01
-2.290320465749707268e-01
1.380822715761781116e-01
1.291936734431600731e-01
4.168865490363954929e-01
3.339250389609084435e-02
-1.533094155848079010e-01
-4.225205989599979950e-01
5.244597883143988781e-01
-2.570368541221118575e-01
-3.505853125815543425e-01
2.911944790789580129e-01
-1.695337822116415455e-02
-1.695721098885285549e-01
-4.036229199245174731e-02
-5.452269622364888102e-01
6.869549276032217711e-02
-5.225863345056567244e-01
7.119415312872431900e-02
9.448918876218138918e-02
8.816122295688605393e-02
1.199749635238199219e-01
2.435958942726889828e-02
-1.236566985137405178e-01
1.592116988591990231e-02
5.810075129063531074e-01
3.626057575357448381e-02
3.367315087471030033e-01
