2.843645407446265261e-01
-3.470638069851133545e-01
-8.874527902667300738e-02
-2.377002918216960248e-01
-1.828311978003748298e-02
-1.937025743067832817e-02
1.956559744983460691e-01
-2.395645988290180661e-01
2.226359592241790308e-01
2.402676761798160088e-01
6.126439212752368690e-02
-1.157609909731316389e-01
1.464342228505319532e-01
-3.298792206480277711e-01
1.976790964510623805e-01
-1.546990734179376215e-01
-1.771317181386597162e-01
-2.506602930214433048e-02
5.255937931856090317e-02
-2.943973046164636773e-02
-3.083542066074258792e-02
-3.606892544924856780e-01
-1.033042957832032843e-01
1.547452376458144097e-01
-3.988171054198947352e-01
-3.515406090011076734e-01
-3.402223518830811977e-01
4.903321907374328520e-02
3.500269759558990307e-02
-6.417796260832658341e-03
-8.780771254795047276e-02
1.038001721136771055e-01
-5.755053724736859493e-03
-8.294390839056293985e-02
-1.711298923474907363e-01
2.270420560993133552e-01
2.024337203318052891e-01
5.721298453347294088e-02
-3.588610538735064609e-02
1.252937510343080374e-01
1.281545036831346351e-01
2.480753462536454956e-01
2.350733332703433542e-01
2.571322541232634942e-02
2.643160366848638088e-01
1.722217204474865426e-01
1.809607947245635562e-01
-2.309521937886954146e-01
1.702103408969838361e-01
1.506891663770861534e-01
2.021113431905043889e-01
-6.304139471128912542e-02
-1.593605073813482709e-01
1.207465774603105058e-01
-1.287095384892917860e-01
1.266952519341579082e-03
3.361460705137616634e-01
2.200558599311390473e-01
8.082420821436353542e-02
-2.288550359106821530e-01
-7.261202026433889734e-02
-3.134128416495776670e-01
1.540410213311672882e-01
4.364503828805610386e-01
-5.700755381324418281e-03
-2.298476507537796365e-01
1.049286163911553049e-01
-1.784366334733117343e-01
-1.956397080779203324e-01
-2.896128701071077130e-02
-1.323771082952434897e-01
-2.733334896418464499e-01
3.050410587067015067e-01
2.235720263815329512e-01
-1.184973237275202679e-01
1.780975434469845575e-01
-5.032952958481314021e-02
2.507271836625210235e-02
-2.975657327939192354e-01
-9.810162555237474102e-02
2.387158353746496042e-01
-3.061674783152616430e-01
-1.984978448543320978e-02
-2.329837273592030855e-01
-1.545196887350037684e-01
-8.941834894006403522e-02
8.429348791116669792e-02
-3.345815947083100039e-02
-1.214779997478212942e-01
9.503264944243663276e-03
-2.641866426662803705e-02
7.426906945013514449e-02
6.375130006208908073e-02
-3.353053322655293877e-01
5.550882464118507553e-02
1.369792727118726294e-01
-2.201221246296217737e-01
-2.144685758370837303e-01
-1.194692852572285524e-01
-3.422000035483117042e-01
4.520663894733181754e-01
2.421841157640689801e-01
-1.591273236484156695e-01
3.217200846477125814e-02
2.882215212545768609e-02
-1.185821863234819279e-01
2.025228294437086130e-01
2.049959135060143711e-01
-1.258706056129668682e-01
1.335951048974376443e-01
-7.648495890697522281e-02
-1.758500390425553617e-01
1.463467780499682902e-01
-2.496876216235783263e-01
5.418795189418242932e-03
2.250970501566928739e-01
9.440201894718264208e-02
-1.970884480266091865e-01
3.491608567126721491e-02
2.153527857580637417e-01
1.931733123591659329e-01
-2.724040847739376270e-01
-9.623173913887048125e-02
9.994117242505781359e-03
2.875061960356463109e-01
-1.106326902504126131e-01
-2.838684151277314216e-01
4.784606134406944183e-02
8.409378205649914451e-02
-1.623875708618411073e-01
-1.995990914931801141e-01
-1.063561769583491329e-01
1.613771595298980621e-01
-1.968314151209675511e-02
-3.770535333830137836e-01
8.598565467367737247e-02
-6.623685049347943776e-02
-7.695240997668920113e-02
7.398191951548982459e-02
9.889231197316571131e-02
1.102896851292576169e-01
-3.187519256251777899e-01
6.502881549751550472e-02
4.326074549655817975e-02
-7.832011812783822025e-02
-4.480959047674225593e-01
-2.887119824098502430e-01
-1.500881084406599231e-01
1.042508828031015050e-01
1.678094598557643979e-01
1.600844866114297660e-01
-6.746390629923391990e-04
1.062316152457470492e-01
-1.097821514135768339e-01
-1.014623921382321048e-01
-2.313029701366351443e-01
-1.447453608183372209e-01
3.302245257786283750e-01
-3.609997235210012922e-01
4.178468994499080769e-02
-2.688597698444537554e-01
-1.721357496347416249e-01
2.110357979948474516e-01
-6.440202485545847011e-02
9.689650562329843453e-02
8.826960954501734957e-02
-1.445484035994439587e-01
-1.083402409060175292e-01
4.248332613286982112e-02
-3.434954251025247873e-01
-4.370426999014510872e-02
4.823322991660546066e-02
4.429791489560733209e-02
-2.403094567664877390e-01
3.181481983436412059e-02
2.669602602434401062e-01
-3.372521703917746305e-01
2.252042310979987250e-01
5.084342063076436810e-03
2.069694000694246028e-01
-1.813160710714412744e-03
-1.409261383704211723e-01
-3.326037009625319035e-02
-4.100116654820090689e-02
5.138996533063191485e-01
2.769596945786758080e-01
-5.581352105768352251e-02
-5.216282663049540691e-01
2.894107267865576039e-01
3.225662033315460780e-02
2.110160604129629469e-01
-3.305285564705850443e-01
1.300738576136893365e-01
1.617810281432209693e-03
-9.800835277976401028e-02
1.182125313240491304e-01
-3.529109000774445781e-01
1.043053475776272859e-01
2.357296620828589206e-01
7.626012782893361319e-02
-8.990651115764877396e-03
7.854008547073845770e-02
-1.709476768940900171e-01
3.414949225770188418e-02
-3.947892676472631313e-01
3.180983686202139560e-01
-8.043609785617233943e-02
1.799790051110179423e-01
2.980485323907965944e-01
1.839362227598109467e-01
-1.021268840026889474e-01
1.437071331490186454e-01
3.818682525192942240e-02
-2.664210808331189950e-01
-8.083392666825972572e-02
3.832740193682252633e-02
-1.425113741985889471e-01
2.185551523955050202e-01
-2.031523766095076969e-02
7.239759941882677186e-02
-3.593923943337880289e-02
4.014267942710640913e-01
-1.025377045313808771e-01
-5.049842262105188467e-02
-3.799250298472414133e-01
-1.243913864287059662e-01
2.610341548665357034e-03
-8.741904609520287361e-02
-8.484311118341199276e-02
1.226829203370048971e-01
1.926709905247218219e-02
-7.376869803786954838e-02
4.339789631296244177e-01
-7.697478903882906676e-03
-5.730737485210959589e-03
-2.404000659203750223e-01
2.783289013306075588e-01
2.827785649849218035e-03
1.843325522505297187e-01
1.710694563416114977e-01
1.983533299412370554e-01
-3.614985481398950984e-02
2.013453319256164886e-01
-2.842671375329438796e-02
2.494962920034121678e-02
4.154235871433741289e-01
-9.312173026306216905e-02
1.515492811290828634e-01
-2.340892711426302009e-01
7.555183070888701891e-02
1.385645070988980876e-01
1.678895744806277734e-01
-3.035473002918930713e-02
4.839912087129656926e-01
2.106024912485556788e-01
9.258873434694020466e-01
1.000000000000000000e+00
7.913835828997837218e-01
4.921651668979151045e-02
5.227385797901588083e-01
1.172102555487840592e-01
1.406886477174747463e-01
5.079578716958875750e-01
-1.563827478690919259e-01
-2.447427871097637986e-01
-1.456848437771347538e-01
-7.538558028129296873e-02
-2.999517906554952651e-01
1.093834307623480911e-01
-9.194639923203744292e-02
3.032428745796980629e-01
2.865065845997052940e-01
-1.303748911040805702e-01
9.428767426131927365e-02
-1.114647422609118532e-01
3.460395089024015380e-02
6.492588035159488347e-02
1.116328455694269584e-02
2.097966733987996213e-01
-6.784057530972664729e-02
1.513076022024945066e-01
-3.732982709312341885e-01
5.330043435949218811e-01
-9.419920770212131256e-02
1.058820046363191658e-01
2.548938144035070019e-01
1.385187860838486829e-01
2.078449223114703370e-01
-1.865675985817044635e-01
-1.751569637253051759e-02
-4.561304941872624391e-02
-6.570385941271013330e-02
2.749981989833292784e-01
-4.913229936480540405e-01
-8.931391735507412943e-02
-1.509406473334350407e-01
2.547077667105569487e-01
-1.253847512927659669e-01
-2.242197539733074008e-01
-4.213406107426093672e-01
3.482574016102037984e-01
-1.659130661026881060e-01
8.597332796102868935e-02
5.288375291290117741e-02
-3.072477886865010999e-01
1.525951114323446656e-01
-2.995257112529590635e-02
-9.077096608959498922e-03
1.819453293709982489e-01
3.522138884942177528e-02
4.614478843942303454e-01
8.830175453305659505e-02
-2.774549373728013579e-01
-4.115440280798409595e-02
1.828594110452788357e-01
1.675204119765974498e-02
-5.170708503706974435e-01
2.587553613211386258e-02
1.524816839191577844e-01
2.427089630490362679e-02
1.877292946228481529e-01
-2.282546540997235779e-02
2.108405050872791398e-01
3.427632506323233241e-01
-3.597638312007989808e-02
1.417202548046938258e-02
9.180534570498116720e-02
2.084112262805483951e-01
-2.160100078508777055e-01
-9.757654679599787884e-02
1.884563292967948445e-01
1.811032014313679883e-01
-3.392952635594395638e-02
5.556328797456854679e-02
-1.755695535590685585e-01
-1.303975437528379910e-01
3.206872109521591852e-01
-3.877131302114862343e-01
1.485954206976460301e-01
5.836824295862882983e-02
1.278051416395421525e-01
-4.046209604726454939e-02
8.234648191263632677e-02
1.631760900749787691e-01
-2.155635436774244462e-01
-3.907138766759278847e-01
3.725311178202272422e-01
-1.057444034223563728e-01
7.370334618860691078e-02
8.126359149852303843e-02
5.580871412369960149e-02
7.925545987716411944e-02
-1.045580792895094008e-01
8.716847942923112991e-02
1.311221022492680688e-01
-6.298443346973914281e-02
3.588464633218529237e-03
-3.544272487364127228e-02
2.187855039168284665e-01
3.140854354413619154e-01
3.005612566068276426e-01
1.540588409918345059e-01
-1.273601543362217203e-01
6.611696594703650280e-03
-1.545034512509836366e-01
2.168165138763818167e-01
1.416372065774189060e-01
2.138510781944453210e-01
2.896014367129986500e-01
-3.640735766876209561e-02
-9.016204185960773054e-02
-1.149681677222794962e-01
-2.163111488095113555e-01
-1.551735225216521741e-01
2.684500553708168424e-01
1.025404756183614791e-01
1.769933311126409559e-01
-1.263249835519401343e-01
2.126681684218701684e-01
2.102214148669940413e-02
8.518200042865993471e-02
-2.180018169712098497e-01
1.161415218692012780e-01
-1.745261383087095552e-01
4.201146674661010993e-01
1.796540450445438808e-01
2.384758335303556118e-02
1.181664760055423369e-01
-2.436431449856369530e-02
-2.363194284051284566e-01
-2.153411030393069248e-01
-2.270297897907220808e-01
4.177231144947636254e-01
-1.606025484854407825e-01
-5.461404021827570565e-02
1.678807457041300022e-01
7.620574446851452466e-02
2.116728885188922105e-01
9.282499947292919065e-04
4.550352373538277817e-01
1.884821455782752508e-01
-7.804721138588710527e-02
-6.369089840614625131e-02
-2.302850276963328349e-02
-1.693190416392854544e-02
-9.979337875904954747e-02
-2.592233549939421122e-01
-3.987952056743991891e-01
1.028209625430053092e-01
2.856731288939379221e-02
3.671332382576652509e-01
-2.915505845856324885e-01
-4.746503187515727085e-02
2.210831998051643599e-01
3.426021863445979365e-01
2.536883348374676661e-01
1.812499517213421452e-02
-1.651663781433071188e-01
-2.235651737685817042e-01
-9.740207579470448740e-02
-2.713735798260322740e-01
1.357780389412037991e-01
2.723549839002799289e-02
-1.521317194373950077e-01
-1.578392337110599009e-01
-1.379922676895747324e-01
4.536381420183800695e-02
8.901679607722612353e-02
3.018277789404170686e-01
1.392410727867118558e-01
-1.199146694297182902e-01
-3.189659575278327441e-01
-7.532345463052421419e-02
4.066482013352363256e-01
4.843448143902004954e-01
2.971055507752917157e-01
-1.160416479317887689e-01
-7.716727475555565374e-02
-2.583462498546781339e-01
-2.919896371692640158e-01
-2.426165657417417298e-01
7.121768612726067649e-02
-8.467580320610493261e-02
-2.065098381522813831e-01
-1.761483506718939385e-01
-4.326038946245090028e-02
1.237582305684107459e-01
-6.414560776624808613e-02
1.491163365139160923e-01
-6.295745144974687624e-02
9.488370816554854426e-02
-2.184506969181223279e-01
-3.633233221489665654e-01
-6.567621166816137168e-02
3.131835118868295798e-01
-2.043493874438452318e-01
-1.896686987080359044e-01
-1.124626050890777246e-01
-3.080644339275077637e-01
-1.630638072902397262e-01
1.435471503033843299e-01
3.380427703543871787e-01
-1.969826849925652434e-01
-1.187797292939820198e-01
9.907170294184020759e-03
2.457883898572689463e-01
-1.015421767831386768e-01
-2.535985382703285218e-01
2.559292337536387407e-01
-2.392454732197608902e-01
-3.379618018432041238e-01
-9.891594075749997328e-02
-1.557245040176583883e-01
-2.471159291036724437e-02
1.679880930765786928e-01
4.643887586743795232e-02
1.898255353281406987e-01
4.216011395358501557e-02
1.961878805341243093e-01
-3.072016456681617505e-02
2.441415269511307551e-01
2.429673616586179030e-01
-1.702905995017542362e-01
-3.282252826172092353e-01
6.039736003506194356e-02
1.494787709676486942e-01
-1.528822396363400948e-01
-3.844897773983700917e-01
-4.072592832919660205e-02
-6.583269513651718308e-02
1.578171849416445394e-01
2.876776732386681495e-02
1.525257377405534465e-01
2.492655811578786684e-01
1.722033121529573385e-01
1.860611940928856844e-01
7.642685221640622972e-02
-1.893825488013307912e-01
-2.453366588503820278e-01
3.131797639437009506e-01
1.833550091529110304e-01
-2.250768736854668328e-01
-2.480633306726325316e-01
3.935407608630607512e-02
-9.228243597618336624e-02
-1.960859258472369138e-01
-2.829664951760842984e-01
-2.416316132160442332e-01
-3.725440001063345941e-02
-1.835511139266563507e-01
-3.750072623704552299e-01
2.060809660837386870e-01
