-4.355162125270163609e-02
-1.036411879401439792e-02
-1.010586941833656743e-01
1.291705550390576107e-01
-5.471380813570693967e-03
-1.023168680306428130e-01
2.224329005209735033e-01
1.093417697118315296e-01
-1.846223506668316638e-01
-1.291694519376299366e-01
-3.708244599914985173e-02
1.316241167581254645e-01
-2.556500707414718129e-03
1.624052422017934760e-01
-1.322689466746296560e-01
-1.207091356572669444e-01
8.715521725036132206e-02
3.869388792521918918e-02
7.255075431810049935e-02
2.816440407883744057e-02
4.665303636096576612e-02
3.083876177833611565e-01
-1.267806336052630101e-01
-3.707821635714811936e-01
-1.174598586193626032e-01
-5.060063663314270932e-02
1.208410622293444418e-02
1.014809305356509893e-02
1.431776441908249806e-02
-1.730184903341798197e-01
-1.184113419812908297e-01
-6.928574152192863711e-02
-2.603968913319001238e-02
-1.698094741048486456e-02
1.273526272294047967e-01
2.954673207525214569e-03
1.139240739112771239e-01
4.148103668109830687e-03
-3.144153811165178308e-02
-2.953151380169874527e-03
3.695792520684756388e-01
9.660964103122365865e-02
-8.808533981954314029e-02
-3.657626102694427894e-02
6.206417964563852585e-02
-5.461799821586890702e-02
1.435948503973665247e-01
7.995071886216030543e-02
-3.542891296523974914e-02
9.848881613108444177e-02
-1.972391686687658408e-01
1.569535675288192544e-01
1.016357806074814490e-01
-5.473334673073504408e-02
8.544383969616070607e-02
1.067637005107585219e-01
-2.900891766314353526e-02
1.837995475074215984e-02
2.932467458533194113e-02
-9.769193969261767696e-02
1.843723098662799764e-01
-8.265895761965064148e-02
-1.554751841450211780e-01
5.231680509404555701e-02
-1.348566314049617354e-01
-1.132066113525519863e-01
-1.632780323031795267e-01
-2.128270870367556661e-02
-5.639746390850219893e-02
6.790946340570947924e-04
1.368355747265033451e-01
1.834239240569272011e-01
3.027497996968996422e-02
1.165321878596909388e-01
-1.144212681190364539e-01
-6.597407705243851783e-02
-2.045326964659507085e-01
-3.236172307630100220e-02
1.377242721129283143e-01
-1.518496732219047803e-02
-1.755883691827117565e-01
4.816885443273208334e-02
5.811405109531585927e-02
-5.152171454001348849e-02
-4.870886196002460755e-02
-2.945588842872363944e-02
1.990909054996442829e-01
1.126793547432780179e-01
2.299715309875928204e-01
-1.454062392520663882e-01
5.452524648949672731e-02
-1.753879817536503904e-01
-3.526959080746087244e-02
-2.794305440095555190e-02
1.751724327573229156e-01
5.951239171424695107e-02
-7.281390674440425814e-02
-7.852051853207319332e-04
1.646872200196822233e-02
1.553675473389840196e-02
-1.777468890292638881e-01
-6.173916790191610188e-02
-1.673813635785149356e-01
-1.808141545905874725e-01
8.670499758744448782e-02
-2.499765533117329075e-02
5.624836851092552409e-02
-1.107627408351112008e-01
-1.644975725066741556e-01
-4.869789692644072715e-02
-6.196334695496474865e-02
-1.401163940367558813e-01
-7.231192162995112027e-02
-1.394249865268168131e-01
3.417969204621644497e-02
2.583497147986741488e-02
7.568420862484481759e-02
1.627419395982991901e-01
-1.013359856644559104e-01
5.072693332366118996e-02
5.350360406936931212e-02
-1.783905796006494127e-01
1.132573333133646415e-01
-4.104490674156342084e-02
-8.658003021924905174e-02
9.562687945403498813e-02
-1.152275675817215767e-01
-1.483683067581540761e-02
-8.170612744925542098e-03
8.316109740294365393e-02
1.797482189800932995e-01
1.242902274509175703e-01
-9.438401851877675774e-02
8.581932208121016703e-02
3.394310817075748554e-01
1.909857760768448875e-01
2.882603525053205606e-01
-1.384468058651372978e-02
6.026447644371352164e-02
4.901462229524775581e-03
-2.382181355261082933e-01
-1.312106456760912254e-01
3.100127782777916882e-02
-2.205966718029619619e-02
-2.553420809021482874e-03
-1.022934547685712819e-01
-8.540586865336660671e-02
-1.315103063002832397e-02
1.789722087680895718e-02
-1.532703348684794423e-02
1.517396777649283358e-02
-4.349968427438549029e-02
3.132406398288677812e-02
-1.092788290674967938e-01
1.158804406263349296e-01
5.643151996087948132e-03
4.475090708896460601e-02
-8.492054927933581632e-02
2.592673773371010834e-02
1.071049206365409234e-01
7.918582772430894645e-02
-6.090517981506890673e-03
-5.777203055762826500e-02
2.550784372449114157e-01
1.494633779440315557e-01
-1.031720422274330917e-01
7.340406948589918434e-02
1.424387242582497992e-01
3.880009765495648355e-02
-1.362795607356982464e-01
-1.001522842417076342e-01
7.206843917008652622e-02
2.442572384555503559e-02
9.474483373487263549e-02
-7.589802722711226635e-02
1.491888787981579534e-01
-1.318718949301290744e-01
-4.030952558872002989e-02
1.250049902047339900e-01
-4.436698382813919483e-02
7.123369166355005000e-02
-1.355050717227700152e-01
9.313217679129980053e-02
-7.869563924337999450e-02
1.124255698508263845e-01
-1.205766824940406462e-01
1.607187030863908572e-01
2.191113758509043719e-01
-1.335668161068627735e-01
-2.781949382209725208e-01
2.144463733980450301e-02
1.566882700739788761e-02
-1.156443800914004616e-01
1.104963218572968947e-01
-3.568309640160045176e-02
-1.327325782930314016e-02
-5.671888037726642573e-02
-1.129728722606189034e-01
-1.551069033159046262e-01
-1.172021942128632505e-01
1.471420020070235701e-01
9.033623715088950901e-02
9.063897497765063815e-02
2.182988659887430752e-02
9.342440614658029108e-02
1.357568672197297099e-01
-1.067928666459729559e-01
6.957067679096827495e-02
6.086866061109674070e-02
1.722631978676475717e-01
-2.266671935528931370e-02
5.713203111558751157e-02
-9.866723233270700832e-02
-3.440405695614010689e-02
-9.039120781167196694e-02
-1.065014545605207780e-01
-4.253225658747662730e-02
7.416744212048229090e-02
3.232881315667475719e-01
2.190615501563919210e-01
-4.655538966174960214e-03
8.467260210838871426e-02
-1.003977652730409786e-01
-7.853963676766299515e-03
-6.179684089543519693e-02
2.235102055608756133e-01
1.941664529238302517e-01
8.369398237075832692e-02
7.049185055222563501e-02
-6.867281458549771844e-02
5.693666081410686530e-02
-1.098256984212580556e-01
-2.175121677347114368e-01
1.756122221489802571e-01
-3.026033665751786117e-01
-1.062403142395470512e-01
6.043573561981662595e-04
1.055901872157693211e-01
-1.390942748725066402e-01
1.604322324561429924e-01
7.697854665222890469e-02
1.465061789166548500e-01
-9.080623443691616947e-02
-8.896576865322272654e-02
-4.187991910143839397e-02
-3.121560848252450532e-02
2.872385209042478960e-01
1.017520624285810638e-01
-6.570227438740340598e-02
1.911296684899489728e-01
1.300363562715447785e-01
7.859002561823993926e-02
1.476292031198756238e-01
2.378030945707605148e-01
6.787779602907578758e-01
1.000000000000000000e+00
7.585266757041499996e-01
2.819166558762082331e-01
4.264590074219948290e-02
-3.551619179815341393e-02
1.635470533725305251e-02
9.134127184878874928e-02
-1.198840389883456120e-01
6.356662123833113631e-02
9.474603189443617235e-02
1.443148598237376790e-01
3.687714062096453249e-02
1.540652940917221492e-01
-1.059693111901664209e-01
1.066393847375265436e-01
-6.389493072160765119e-02
-8.292686058862785980e-02
-9.107158232655116273e-03
3.707866819139529757e-02
1.333130168843075225e-01
2.243802342486214338e-02
-3.326871821500225479e-02
-7.518565826460341106e-02
-1.358583566594937508e-01
-7.108411287370268450e-02
1.550777698338690926e-02
-1.902354614366245922e-02
-5.546097909419449301e-03
-6.554038691154552565e-02
-1.721078680636006081e-02
2.147642359201014928e-01
-1.093380862933703186e-02
1.537927523570546406e-01
1.286506152258710123e-01
-1.132433228935012942e-01
-1.460107815993551827e-01
2.361459897679810405e-01
-5.441251545900559899e-02
-1.212496938694804932e-01
-6.444449908403532268e-02
-1.228513101070930341e-01
4.427052398711620040e-03
5.245381363965162178e-03
1.856001134394474894e-02
1.029041047463420955e-01
-1.210617344869050205e-01
-7.968809202219573340e-02
-1.526264322382722693e-01
1.598515320401605252e-02
2.698637538582013273e-01
2.594204869035766636e-01
-1.203126716376375221e-01
2.097710619339160712e-02
1.007704358097229885e-02
1.186775934252970108e-02
-1.448496181506475355e-01
2.984051545080852741e-02
1.383495514234687196e-01
-8.193930890099611342e-02
9.832734990898216176e-02
5.054818827118276632e-03
-9.279019156196827156e-02
5.125845113296883387e-02
1.512557105910801447e-01
-1.168836255696987375e-01
-1.318225082709458158e-02
1.625707241563588146e-01
-8.750030851045692559e-02
-6.092503626658706678e-02
6.567491684645333783e-02
-1.400552779092905376e-01
1.813793300763595073e-01
2.937011376897465109e-02
-9.424540808659191693e-02
-1.969342615400152541e-01
1.183222982421949510e-01
-5.885590653675228795e-02
7.602968662658224352e-02
-1.922634223298814449e-01
-9.997741630285719716e-02
1.732629884208199966e-01
1.409749390191777918e-01
4.884665844645137700e-02
1.111424465840103598e-01
-1.593125269707287850e-01
8.701311577733936153e-02
1.391282402941493856e-01
-1.534383567354194455e-01
2.974998519273022030e-02
8.097865476965318554e-02
2.542568592549045159e-02
-4.406633457533522952e-02
-6.531440179205201535e-02
2.516653178477794017e-01
-1.241014071104063754e-01
-8.543687948746903071e-02
-3.457455098263034071e-02
-3.461101785225133981e-02
1.109617846117543771e-01
1.451882030104729125e-02
-3.444188289872914255e-01
-1.105894872539324586e-01
1.404307862008317108e-02
7.473329786143341480e-02
7.444808088113218092e-02
1.177031787284410075e-01
-2.190136925483917012e-03
-1.066149391181560845e-02
-2.661236198864646574e-01
1.672394924467177080e-01
1.895248234095764026e-02
-1.766332306283180387e-01
-7.215394644867752227e-02
1.287182669841937799e-01
1.132366796059731950e-01
-2.145952899807624867e-02
-2.437697442230279260e-02
-2.251593033401526889e-01
3.621798246872021121e-02
-1.509237949252914268e-01
5.287010162575127986e-02
8.603499043801304813e-02
1.681810374078542003e-01
1.223474137973522974e-01
-1.410928066362044098e-01
-6.550940898537101383e-03
-1.016280409651454802e-01
5.117130586327651477e-03
6.085043853120528784e-02
-5.082960074098701736e-02
1.919773586232856044e-01
-3.037838898446768021e-02
1.088309333754092917e-01
1.464597559920598757e-01
1.854764131566143115e-02
-1.833925062991727806e-01
-2.104748942936706113e-01
-6.229699976144172785e-02
3.409564445644883840e-02
-2.097339235420873221e-02
6.552804291717895246e-02
-2.486350961007937482e-02
-9.332434783390337885e-02
-1.798263531759715372e-01
-1.995457378943346349e-01
2.114841372290483801e-01
-8.717005341825839748e-02
5.648963455816052859e-02
1.368171683939564329e-02
6.918436559073343206e-02
2.172265782444094684e-01
-1.559893273969742977e-01
-1.339700353183779884e-02
4.759623857160538013e-02
5.061713669870863963e-02
-6.693340518553704543e-02
1.707040746058719194e-01
2.155774593594380131e-02
-2.006973943941127783e-02
-1.843762566729695851e-01
-6.096935043520629316e-02
-8.956233001091742918e-02
2.781125536052064112e-02
4.202590846823414661e-02
-1.992484157390717325e-01
-8.426283143015540766e-02
1.016074889640471990e-01
1.569201830854194124e-01
-3.731968885782093511e-03
-8.631276793767285460e-02
-5.518763003299737707e-02
7.553252945876461066e-02
-7.606059575439151621e-02
1.909610562022800162e-01
-4.332565125955401691e-02
-5.497196420402242906e-02
-1.659689125533117190e-02
3.952989413735816249e-02
-1.747573044257939578e-01
1.839461011742008975e-02
1.633196052807650914e-02
3.224806024530816814e-03
1.406205139410930949e-01
1.023488936952701295e-01
-1.313227225837909629e-01
9.850400373225885742e-02
1.083632685384258304e-01
1.180868514660315255e-01
2.846541632714568726e-01
3.122274274581551476e-02
-1.429749834342456671e-01
9.135638124975040131e-02
8.628611668581860628e-02
1.253124626515635665e-01
1.868755686449371511e-01
8.813053512811667989e-02
-5.846045149573275007e-02
1.682501143428865864e-01
4.495118353728509014e-02
4.386544347352204498e-02
1.242657169393080879e-01
1.098017436502338740e-01
-3.370926433045739329e-02
-5.863883318524154564e-02
-6.438298441266092353e-02
-9.349155512687290503e-02
6.910027763695390790e-02
1.590817347961078279e-02
9.286090520357390523e-04
2.441937992347076661e-02
-5.765035071920424775e-02
-4.649758533750009137e-02
4.722664860217596489e-02
-2.068017721890979543e-01
-1.835349610238273810e-02
-1.830399225958890264e-01
-2.170993130260374243e-02
-5.203059346522961870e-02
-2.782523136674115022e-02
-4.770743433935922817e-02
1.079646226182721519e-01
2.215911758610020210e-02
-5.243001881902759759e-02
-5.613894186814578219e-02
1.139425305917984299e-01
9.405128216060174018e-02
2.408437508484107675e-02
1.632846519861562984e-01
1.763867136897364074e-01
1.876570700328530350e-01
-1.746409671143197007e-01
6.046305519172402200e-03
9.402667326678616766e-02
-1.306175753592251909e-01
-1.542807800141911545e-01
-4.577626677081605977e-02
-2.428318667577476220e-01
1.361816077564475258e-01
-2.564645382888713215e-02
8.704610673248598662e-02
-6.006951648842603214e-02
1.387493778490121177e-01
-2.407712124157941336e-01
2.221164228927907311e-02
-9.253270382467428459e-03
-7.419542522248749605e-02
1.018108226009228068e-01
-1.262661775524757113e-01
7.985240185110586975e-02
6.068479010553280706e-02
-2.422521452818189938e-02
-4.841305578021888600e-02
3.790747031976499787e-02
2.722071758987738010e-01
-6.701137370655045611e-02
2.770333794656142448e-02
2.071106781923716389e-01
