2.340355531305984282e-01
-1.972558119193809634e-01
-2.256952683207565369e-01
-4.917545438241451294e-01
7.427248665804578320e-02
-5.987434540298734731e-02
1.697094214615652297e-01
4.239192100474014069e-01
-9.751971722589504454e-02
-1.550384600834939786e-01
7.409236036456186628e-03
-1.068309703968267355e-01
2.492006760122675302e-01
-3.954748124110761820e-01
2.563707101935994159e-01
-7.823388678613881764e-01
-1.034366571263034551e-01
-6.646102556910947479e-02
-4.214968853177452623e-01
-6.871204148430010150e-02
7.821132538049727079e-02
2.308831295923785554e-01
2.962461060732805018e-01
5.816287478034635194e-01
6.358496914018101354e-01
-1.349720610262609144e-01
3.936901267000993965e-01
5.903800576343053441e-01
-1.579802081228816879e-01
-1.621307425239426891e-01
1.314842292341486807e-01
-2.264790754597444944e-01
-2.864462268170462900e-01
-1.606004635580690343e-01
-2.417339289740775277e-01
-1.500949163482014348e-01
-4.276510665456917937e-01
2.487317673274469509e-01
2.278504415120086168e-01
-3.566616177636845464e-01
-1.068973671192929506e-02
-1.109669178608633650e-01
2.459518330770637251e-01
1.776458991484557715e-01
-2.098579863566710224e-01
-5.060386654063799006e-02
-4.194608148490041044e-01
2.886518674329570724e-02
1.667223453230838315e-01
6.142499528394044228e-01
3.179936391734213830e-01
4.501733287684679397e-01
4.106450657562689122e-01
-1.741863511497828976e-01
2.096116670127801951e-01
1.105232059325263888e-01
-6.718045849582116036e-02
4.759424024290997979e-02
3.487141163151735723e-01
-2.684256475321733504e-01
4.087910645980992741e-01
-6.902006194560654506e-02
7.376939781470891189e-02
-1.504540281073650787e-01
2.499683289261444841e-01
-6.123493846091527804e-01
1.015934550161670669e-01
-2.501778600662753482e-01
6.038080819315419512e-02
3.738817359901508430e-02
1.993923174545323140e-01
-3.274047211731140328e-01
-2.419931823398433213e-01
-3.700367352423122869e-01
-1.986647675619383768e-01
-1.682004832466199029e-01
1.814580888100995187e-02
-7.159257046503057775e-02
3.381443841216036916e-01
1.962087742970951565e-01
3.355740105759883463e-01
-5.090725807443007289e-01
-7.724672338890616052e-02
2.343232440333974376e-01
-3.987134329712259673e-01
-2.308721413157382440e-01
5.818311316394947363e-02
2.149888244803457304e-01
2.387643406480154940e-01
4.596722252202267711e-01
-1.024138315657040360e-01
-1.219999847689981903e-01
-4.669938212509053277e-01
-2.186034383743962473e-01
-9.825772319438740021e-02
1.903362369303231161e-01
5.884166380076267799e-01
1.696511889052665645e-01
4.667436104164791044e-01
3.226612076321481726e-01
-4.966851625248860924e-01
-3.698103580124244560e-01
4.883579359158761735e-01
-6.460868631331347089e-02
-3.099984262941272162e-01
-1.192520957033556817e-01
-1.863558524532388586e-02
-1.480217888655896430e-02
-5.248526447874999473e-02
-4.367600039000637049e-03
-3.864420424031366624e-02
9.152604104431920629e-01
3.329838545802739636e-01
-4.871431675621623048e-01
-5.042276859940546530e-01
5.159081528145772477e-01
-1.418077721830948434e-01
5.903380794617036492e-02
3.780731955015576573e-01
1.214564342821380883e-03
-5.531181988608216971e-01
-5.802404650674604369e-02
-1.491640510083616089e-01
6.198502377689516507e-01
-6.559468966707625581e-01
3.165514289378049684e-01
5.857000577897755189e-01
3.950091830587985631e-01
1.178114138280526337e-02
1.983580806879402525e-01
-1.479131863155337401e-01
5.423794465702218570e-01
-1.600288045917128976e-01
3.409202376529105738e-01
8.933850806057996863e-02
-3.684240561307240425e-01
-2.623962080466434865e-01
-2.149527430488321900e-01
3.157497850939526840e-01
-2.497959793545550256e-01
6.400949148049059345e-02
-4.269130399998197767e-01
-7.808468236511642568e-02
-4.421391665898605911e-02
-4.758778656110560501e-01
1.480061222438002477e-01
1.196553762952781985e-01
-1.101922923398054310e-01
3.492138128613860026e-02
1.349878869362405032e-01
-7.997707824262439980e-01
2.206844140128126353e-01
-2.790027102127256575e-01
4.038382446305566753e-01
-2.515179823203321785e-01
3.831354545149228130e-01
4.355112206932283403e-01
3.066160474430811855e-01
-4.252618161677779174e-01
-2.320718680115516075e-02
9.213525883605014344e-02
3.941954657089446479e-01
3.859642504751006342e-01
-4.745437698213102462e-01
1.275351887140228624e-01
3.632932030994488470e-01
-4.227213061338711692e-02
1.802148000202384581e-01
1.359139146427079947e-01
-4.056977696169984382e-01
-6.501303155728378746e-02
-3.971970786423676958e-01
-6.693418912137761856e-01
-2.312530758845885992e-01
-4.339021196646775658e-01
9.456096565973322668e-03
6.451091842145381672e-02
3.083060998384377083e-01
-6.672509599086795529e-02
1.697248599271064806e-01
-2.418373004008628202e-01
-5.058384933973156805e-01
-1.330228293020790376e-01
-1.535847974871256683e-01
-7.662003282372896740e-01
-3.999137534745059175e-01
-1.434684614758947041e-01
3.370516982322897814e-02
2.687357584950180178e-01
-3.346006588831759720e-01
-2.512425814899579835e-02
-1.501693977438650629e-01
3.105583251619796759e-01
3.527316255835290237e-02
1.387816337804874400e-01
2.679467285052384087e-02
3.611100003929815228e-01
-1.529304751096066117e-01
1.575572247875136889e-01
-2.422951557594591188e-01
-5.203303424025370605e-01
-2.834190921295523524e-01
4.977848370653431553e-02
-5.080031298224719355e-02
4.860973531652700713e-02
2.357011952484042161e-01
6.560888767769280927e-02
-3.041351651595392003e-01
2.047445915731452015e-01
2.669317338406742568e-01
-2.749638238682692304e-01
8.057104400466012784e-02
1.096993746387494618e-02
7.677646620920983156e-02
1.635364039263566827e-01
-4.815471525802653141e-01
5.580801104594772764e-03
2.779584904416371183e-01
-1.180261143594804746e-01
-4.245550984697302743e-01
-1.031027865958277778e-01
1.017485060039442085e-01
-2.302758622659438481e-01
4.538411382790222270e-02
-2.032701708191379519e-01
2.837167855235040240e-02
6.520427613202789408e-01
-2.257105710172845614e-01
2.087411157435199172e-01
2.736250557788342808e-01
-4.840143233502898212e-01
-4.528679276035179474e-02
6.077119657318824641e-01
3.564673358605539577e-01
1.065001365107923065e-01
4.967917598246535671e-01
4.587538324209492480e-01
7.827581478440713558e-02
2.357557255427414622e-01
5.672140432109509106e-02
1.989431171829363632e-01
1.966200181113390844e-01
7.429888122338953460e-01
7.220720022373023905e-01
2.972565002480438423e-01
4.574864350458623941e-01
6.705345734923550127e-01
7.650123206106019813e-01
5.701697966845656884e-01
-1.409853051319865935e-01
8.034095490020769503e-01
1.733712853050201896e-01
2.930428010430909391e-01
3.564541475604549592e-01
6.383061132657847914e-01
6.768611091216429620e-02
9.099929758643430233e-01
8.693850877664940913e-02
1.997260933707210029e-01
2.139208806266393315e-01
2.508610280026456474e-01
9.223011094491435913e-02
2.218017132251282886e-01
5.944044722334039799e-01
-4.685585436407766480e-01
3.967420706996386270e-01
4.203224238709248883e-01
1.614309529607725335e-01
4.940430398078077268e-01
-3.806586529504901728e-01
-1.025591317376875651e-02
7.493195834164116942e-01
9.261495758161365777e-02
8.962085808941187004e-01
8.546399774655282222e-01
2.675020887843920780e-01
4.545758066256919694e-01
6.197735267851594010e-01
-3.888454656506978302e-01
1.788315792551836425e-01
-3.872996741823755418e-01
7.828938154165415719e-02
3.123618973222350159e-01
-1.380376992794822566e-01
1.792629633993279292e-01
-5.626247712866241750e-03
5.357570189574637487e-01
5.406017244791357923e-01
1.838271398538898205e-01
1.372552668824957856e-01
-2.550212409879293873e-01
-4.766831361678868645e-02
3.197360128523660805e-01
-1.418675910926190352e-02
-2.294681713804009315e-01
4.159014881635868521e-01
2.894902075942641373e-01
-3.318407894134458441e-02
-4.561898876917167001e-01
7.550619752339796098e-02
-2.748280082222817611e-01
6.854282748879366727e-01
7.756762441252677831e-02
2.521182991292723538e-02
8.805542953181705323e-02
1.000000000000000000e+00
2.564478407892659684e-01
3.034122693414566529e-01
2.027270201092442881e-01
1.829102197284450115e-01
-6.709977428732367688e-01
-6.206445750207454370e-01
-4.560323438503294802e-01
-6.574072053646821956e-02
-2.359039964694558400e-01
-2.423964868266896833e-01
1.143625852960745842e-01
-6.246475987268992336e-01
3.424571313461637900e-01
6.520259668845479473e-02
-4.588976441714393006e-01
1.773170966346526434e-01
-5.547027037008249728e-01
-2.131486032028548361e-01
1.137327883877067985e-01
2.148993036536354373e-01
-3.659756270537076750e-01
5.170848199546024260e-01
5.132359010933889021e-01
2.048593428358174567e-02
6.931961554072157972e-01
2.306609688506133515e-01
3.867492150749216040e-02
-5.562340028464759500e-01
1.475603609686182427e-01
1.173289534189335959e-01
-3.606595940305453718e-01
-2.423897034480827217e-01
1.142096898594526649e-01
-5.771807230539679479e-01
-1.923891478190420390e-01
7.460798480622304885e-01
1.801082734398341545e-01
-2.394200855573506981e-01
2.951563820769204441e-02
-2.706794195664884439e-01
-8.805896646009526985e-02
-5.901057887323837292e-01
-7.169961057473270838e-01
2.648731468922639609e-02
-5.943782881793572281e-01
8.622716325114999913e-02
1.091310354450164034e-02
2.775423555344931348e-01
-1.445940907775573880e-01
4.459525088824862760e-01
-4.434751190549520716e-01
-2.302850438838738856e-01
3.085788459244770410e-01
-4.963786887743528164e-01
-2.849450805703960254e-01
-1.258151553884042095e-01
3.533736811943482409e-02
-2.421300716251689467e-01
-7.270025502186471256e-01
1.757516173304853602e-01
-1.713180437489348618e-01
-2.718258720754070934e-01
2.989723507651834492e-02
-2.515535719083345639e-02
-3.220503861176329252e-01
2.210006370669649334e-01
-2.559943533101512458e-01
3.451087902433963572e-01
3.624084433503452773e-01
-9.939931749258713867e-02
-2.465077509631728031e-02
2.002313377652461535e-01
-1.812757211247473244e-01
-8.479311777123049731e-02
-2.859163417616701897e-01
3.250207262351102050e-02
-6.665735681908509236e-02
-2.089655505456842755e-01
-1.192249416115480909e-01
-2.553411457266634987e-01
8.262905247468854686e-02
-2.136627453724490588e-01
5.721355610910066058e-01
-2.488430813991739932e-01
-1.699783739889334233e-01
4.063909804846675689e-02
-3.500051374888782929e-01
2.482415294817542639e-01
3.196656013831850052e-02
8.098907119747800198e-02
6.599811945370907817e-02
-2.287501165132019010e-01
2.974104364417897162e-01
-6.584001124417714068e-02
-2.331468105942166580e-01
9.572953556660858121e-01
-2.876305411690630032e-01
-2.310144153427785563e-01
3.011784484085009983e-01
4.522712065589679642e-01
-2.209335635127022412e-01
1.677257874680788685e-01
-2.117941572772880920e-01
-6.242238191278785819e-02
-2.605117084144731865e-01
-2.284506359472291970e-01
2.138430548487826599e-01
4.293928280666771125e-01
5.187785951892338598e-01
-2.735110868373912818e-01
2.872642848339467259e-01
1.790498048317706870e-02
-7.192422840291783359e-01
-7.879562860410646019e-01
1.726548388806670997e-01
1.065311820930691933e-01
-4.876422193612638817e-02
-2.712311808910459754e-01
-2.246215941504016156e-01
7.376599997298813327e-02
-4.836893711722958789e-01
-2.664008730778242851e-01
-1.905345789751504149e-01
4.502221370187348137e-01
-3.555870180278393189e-01
-2.645238093395833184e-02
6.539953677887862249e-02
5.926600993496308201e-01
-4.258944638095241153e-01
6.004333646106245759e-01
3.589646266473980329e-01
-2.215210624992751398e-02
-5.651742090412713304e-02
-1.162184409027691573e-01
9.022963984896141543e-02
-4.349351264455716959e-01
-1.208812663424106149e-01
1.118783347354487395e-01
1.896430325298956165e-01
1.763198373003614650e-01
4.128590071046246701e-02
-2.622091859110660672e-01
-2.398352948990043476e-01
-1.025636253082676808e-01
1.322185740954389122e-01
-3.097535294820525364e-01
9.554790246021931110e-02
-4.625816681269697139e-01
5.294329571166470627e-01
-5.632303183839630911e-01
3.576151639088374218e-02
2.339950092053163233e-01
-5.823706897347616929e-01
4.204311265798640895e-01
-1.619163976453633080e-01
-7.028538824631316295e-01
-1.255073981926121962e-01
4.521407016177547700e-01
2.967743292262168819e-01
-2.069225074697621236e-01
-2.320204474757524282e-02
3.890365446104608327e-01
2.236281489521612098e-01
4.874547692560714240e-02
-4.097799971605215474e-01
2.356961149268970990e-01
-2.247455049415818529e-01
-4.779595068669926228e-01
-4.728688539915675004e-02
6.252281727281268076e-01
3.880352785940336946e-01
-1.004033602054852925e-01
-1.957127559927704652e-01
3.778014367130814732e-01
-2.447851489415019399e-01
5.083144845879244977e-01
-5.062658502819112893e-01
3.089133581775490023e-01
7.050543889133710496e-03
-1.340511876782078671e-01
6.566261936940100963e-01
5.761669277199066297e-01
-1.538874151494856388e-02
-4.876111095267663398e-01
-3.101181205972509125e-01
9.667364695354864479e-02
5.845999947144210340e-01
-2.135623192933291947e-01
3.210612108670428677e-01
1.414059164751903519e-01
-3.240212308455478474e-01
-4.383146635505627553e-01
-6.910851132115405360e-01
-4.808224829856866944e-01
-6.785646791401370170e-02
-2.307431650280002827e-02
4.619600704939366143e-01
1.113952175707848130e-01
2.127036695613319928e-01
1.107232477169754481e-01
-8.498863864738240292e-02
2.456988546161740020e-02
2.488665093340963197e-01
-1.660311640224086671e-01
2.572075214935642395e-01
-1.840903826419891809e-01
