-1.729853825108995657e-01
-2.463950130383313342e-01
1.536742779995621359e-02
-1.956841474512630574e-01
2.840662974249805878e-02
4.071127595352098949e-02
1.391879790935310612e-01
2.089563413253566621e-02
8.856737648611935632e-02
9.409444518587303796e-02
6.734193372434842118e-02
1.207131090637254128e-01
-2.409319442666401079e-01
-1.353981341184748166e-01
1.147618070232944293e-01
-1.087227541108134882e-01
1.144038488763160083e-01
-4.071346893431324748e-02
1.574468432710471322e-02
-1.620545531549174786e-02
2.135528837062823371e-01
6.399374661619186555e-02
2.084217133780814565e-02
1.221046334784357812e-02
2.114455098780336495e-02
3.515234120064518117e-03
-2.285646904134978202e-02
2.748802026995503800e-01
-1.523449012897594990e-01
-1.580354728343153214e-01
-3.745973483238870805e-02
8.897396914759092557e-02
2.835787704250720964e-02
-6.672946852545913465e-02
1.287034585100796102e-01
7.040462542258908718e-02
1.441774028819536868e-01
-6.320787969281688179e-02
-1.004528751675884263e-01
-1.587314524944355987e-01
-4.654970170311859695e-02
-8.334501929161501621e-02
6.359966791583393508e-02
3.006865411383767284e-01
3.542244810126838478e-02
1.242938695441957453e-01
-1.705760432492519074e-01
5.009556154790956173e-02
-7.709030979875379150e-03
5.392649470198615513e-02
4.933158054056554359e-03
-1.273437640551166317e-01
-1.508918141828536896e-01
-2.519627114448618754e-01
1.733244850672948090e-01
-2.583695868627041217e-02
-2.060562409191737249e-02
-1.380067155846048110e-01
-1.203079179516517577e-02
2.079293994758443093e-02
3.823039590562798962e-02
2.891809435805397024e-02
-1.037436872033582064e-01
-5.945519493646516523e-02
-7.911008786854785424e-02
7.997185111641173794e-02
8.210405433233024242e-02
-3.981812293595579644e-02
-1.231692807871576506e-01
1.470398122394122598e-01
-1.833222443533435164e-01
-6.238595381196503781e-02
6.090405611616465931e-02
-2.329247105802141338e-01
-1.053404793956839308e-01
1.292994979411330736e-01
-6.009056687806631214e-02
1.529203092437752820e-01
5.840012497383063883e-02
4.537303467236583968e-03
-6.989321739662067434e-02
5.192622430880088069e-02
5.275800769141548302e-02
-4.238605400635227227e-02
-2.045181918547459357e-02
1.758169419474042011e-02
-4.009326146492699777e-02
-1.198915588992829767e-01
-1.222237253291616754e-01
-7.088622835838587211e-02
9.747284900123395768e-02
-1.597497070604668445e-01
6.895732948724481691e-03
-2.122743511683546636e-01
1.094653969349381473e-01
2.368354780652520003e-02
1.329484690651979439e-01
9.654206208106162757e-02
-1.183702611487826295e-01
-1.875869492230382574e-01
-1.277987489118514175e-01
2.587958936193533455e-01
2.434891482504986451e-02
4.696779435567321331e-02
-2.526176595155568694e-01
1.191173570076843879e-01
1.353313650228688270e-01
-9.960985433112518050e-02
8.659454815528232208e-02
-1.004620530378016463e-01
-1.280693575984686305e-01
-1.274796390743037494e-02
-2.259466497868461154e-01
-1.517201432890626367e-01
3.310643567209276342e-03
2.155022764673755406e-02
2.579078934861192551e-01
1.122621693523265379e-01
-1.653133750038253691e-01
-1.849034495018417323e-01
1.495569162854754608e-01
-1.094967605383853487e-01
-1.774091877983555166e-02
-1.816904370923812240e-02
-2.667111483107762263e-02
-9.136266597761351360e-02
-5.646879549711221469e-02
2.850946875015324469e-02
3.275263045637215042e-01
1.561679178692362557e-01
-2.789488190075865501e-02
-1.008953460632020238e-01
1.613563382613606226e-02
4.461247933481243128e-02
1.359186432070720318e-01
3.129714930348156954e-01
5.269841942023197057e-02
8.886506344874615590e-03
9.436306230398189276e-02
-3.400449800102978842e-02
9.594965717876632882e-02
-1.259022896474940867e-01
-1.368188474380224451e-01
-6.793175944583697279e-02
-2.101542600309013742e-01
3.147800588001961608e-02
1.966488265143665759e-01
1.114989571180340922e-01
2.054378672131379133e-02
-7.398449985288818587e-02
2.073693126796600228e-01
-1.751391741133618007e-01
1.464239570267113905e-02
-1.830837851571499517e-02
2.070949719677360468e-01
1.249105459295994508e-01
6.017443210964816547e-02
-4.128132460458394659e-02
2.466394055285425213e-01
4.628925710014852347e-03
-7.819153121233843318e-02
2.780032657453147538e-01
2.244523829526285097e-01
2.089944836258581795e-01
5.289273584795392558e-02
2.945493086716469699e-01
-7.581787519175064993e-02
-1.799853481509870734e-02
-1.000128124638385990e-01
2.488955601151034147e-02
7.926136592666946368e-02
-3.021162085021325550e-02
-4.758976628597440250e-02
1.150814934849740123e-01
6.103231898046856951e-02
-2.657930818039559995e-01
-8.855387897828588539e-02
-1.882514356686816326e-01
-3.898948944362440328e-02
2.229147417191666980e-01
6.057827081523532720e-02
7.663833504953020126e-02
2.056242648705811082e-01
-1.207109465062740916e-01
7.406569388441970603e-02
2.119439026278993887e-01
-3.340472654466203339e-02
2.702506784562287989e-01
-2.391763533759766469e-01
-2.457379226281895257e-01
7.671482824974966419e-02
2.812255566255865424e-02
4.395980652978408176e-02
-2.889076500390595076e-02
-5.373518381281068568e-02
-1.885278713938895456e-01
1.537228599368650472e-01
-1.945290844561013421e-01
2.187260599743920397e-02
-8.342364293478206350e-02
3.108752033051412345e-02
-1.168268489953352696e-01
2.145222319571613856e-01
-9.593246307528971450e-02
6.929507368885864937e-02
2.185205595447578253e-01
-1.744601555008977456e-01
9.303871675159774979e-02
4.539846491464480382e-02
1.470674759320564351e-01
3.131417034910973785e-01
-1.403614752851419650e-02
1.527713385658164835e-01
1.859037495615963043e-02
4.356456303428536403e-01
1.572880479366910167e-02
-5.978742484067995494e-02
4.763827335157542336e-02
-1.446038025662094717e-01
9.156751027524578923e-02
2.231947912841912296e-01
2.502780404606042008e-01
-1.877960489292908597e-01
-1.241997656171517916e-01
6.906174387741845222e-02
3.837556369896029385e-02
-2.083018433718057394e-01
1.686064944197428750e-01
6.269852151609957291e-02
1.201180327838483573e-02
-1.163436035702332810e-01
4.055071326523556480e-02
7.672069666626119000e-02
-2.747721694296508255e-01
-9.536154906301216871e-02
-1.867056300640850264e-01
3.521566486109443343e-03
7.123787151310853605e-02
-1.154176656192443945e-01
-5.873264783862076899e-02
-1.472004108283285484e-01
-1.357627111728491043e-01
7.746287601181967020e-02
1.615985006163363213e-01
-5.464665166384121558e-02
-1.467726050257479042e-01
2.430479541220369535e-02
3.734675131064503495e-02
3.404635952201359728e-02
4.215401212773172562e-02
-1.025558958643451868e-01
-6.525564101941991324e-02
-1.478208753576592815e-01
1.993155454402820159e-01
6.168488367781593817e-01
1.000000000000000000e+00
7.128799412286954684e-01
1.805152860439458162e-01
2.936571598897431135e-01
1.190538003401987177e-01
3.933247479628751431e-02
-5.133506379928948898e-02
1.206092831941980303e-01
1.541176596466933002e-01
-1.092342895856891205e-01
1.136613977301135919e-01
-1.608028617912102276e-01
-1.170734285180815432e-01
-4.301707040970229740e-02
1.486401828419060545e-01
1.710686582224817953e-01
1.041341545194200864e-02
3.452424360829759453e-01
-2.587826207635474454e-02
-1.710054387376774010e-01
-5.819575936642368275e-02
5.691902556605227259e-02
4.148528715636889551e-04
4.843850740108530950e-02
-2.052700924120016285e-02
-1.676624286954772614e-02
-2.465659001996521257e-02
4.317314726664425728e-02
-1.028533851672512461e-01
2.500802343268129779e-01
7.652485839024474566e-03
-1.511392269523108289e-01
9.878169621386674593e-02
-1.356774360368152299e-01
5.008221131834587718e-03
1.688138034988264091e-01
1.895082999907796856e-02
-1.107906353453522869e-02
-2.174677626856447998e-01
-5.996577303087506639e-02
3.022409336857282414e-01
-4.987175868587064714e-02
5.302179350758097660e-03
-3.891890008959518477e-02
-2.216893823305435551e-01
5.464100156245063622e-02
3.052587228947674092e-01
3.091194678516758637e-02
-8.673221383524019890e-02
8.272651930489920147e-03
-2.164232036900911038e-01
-2.477535170570081824e-01
7.055085404117025782e-02
-2.079483530003189973e-01
-1.924838081289314273e-01
-1.381808677999672996e-01
2.231102785355484897e-01
-2.001811567368278755e-01
-4.760131691838778017e-02
6.409834676961717603e-02
-9.815710109174072273e-02
4.988544834258604871e-02
1.993657785153876011e-02
1.213544174369726864e-01
9.495302056301814508e-03
9.165801557415491352e-02
9.068703625951021752e-02
4.873460201122112312e-02
-2.191134202085298112e-03
-3.420204112661939105e-02
2.177404069517658025e-01
2.809106839633136732e-02
-2.227063603892946997e-01
1.221816709772333004e-01
3.842944906529286581e-02
1.225934317347026764e-01
1.593508321943858386e-01
5.736842570342627623e-02
7.987387297443925005e-02
1.366723230146732471e-01
-7.178246372206689707e-02
-8.124465789840179530e-02
1.558138572592327464e-01
-2.098522674405222527e-02
3.891235467461631042e-02
-4.409040409351969170e-02
1.852223081941079541e-01
2.489520874599818884e-02
-2.749299338575904306e-02
1.914811786694886053e-01
6.253430361008427418e-02
-3.037776769725120674e-01
4.297535000768099023e-03
-7.789094218950470827e-02
1.795772773923898780e-01
-4.467700264617335826e-02
6.208025544485103880e-02
8.924047651170881335e-02
2.164276947876291046e-01
-1.585191761783455791e-02
1.240964298634043839e-01
-1.316746051617985469e-02
1.380673967955409198e-01
-2.657823082173381077e-02
6.247549246699136277e-02
2.531078042300455300e-01
-8.456658195495669883e-02
-8.853136269269043512e-02
2.574888490127141827e-02
-1.140793847757474722e-01
1.239514068927760337e-01
-9.732527633120531541e-02
1.117681356822098626e-01
1.084839485021006633e-01
1.619928630138374459e-01
-9.667190320566326767e-02
1.806469618067270411e-01
-1.310676415377412529e-01
1.273282918816193710e-01
2.264086166888092111e-01
-3.042502876853901000e-02
-1.059817699241747957e-01
2.327079432123668138e-03
1.434421587264203268e-01
-5.510350990358666573e-02
-5.954227544036756054e-02
-1.331423101178544899e-01
4.329476458633094854e-02
6.144117216689221062e-02
1.889808406780069949e-01
4.620738340343558820e-02
2.835211211451916236e-01
-2.468113330371754857e-02
-8.893516002035679879e-02
8.718187366566348961e-02
-1.727983792805122543e-02
-4.479396598975119576e-02
-1.219833214532420329e-01
5.349768134858420843e-02
4.819196925625984090e-02
1.651824376243036518e-01
4.879645088965939813e-03
-1.191815405032592284e-01
-2.938294627262266201e-01
1.699355767040699183e-01
3.606327069011828756e-01
-4.799760881751981290e-02
-4.374260188618440959e-02
-3.872597835464347549e-02
6.056905751535846677e-02
9.898543886165961023e-03
1.697315269906502985e-02
9.452970624661739818e-02
-8.105403211807334085e-02
-3.326534441201473014e-02
6.624035136867818807e-02
-2.564569253966215157e-01
1.131026224335225927e-01
-6.847276992947491647e-02
5.091192934662195496e-02
-1.977748491799732333e-01
-6.679980366374407841e-02
-1.260344528929580044e-01
-4.143699694577266529e-02
7.755879172596408244e-02
-1.906869492778472952e-01
1.720099468463178738e-01
3.947152300120729818e-01
-9.859226750015176455e-02
-1.481689700546026667e-01
1.150478343978783430e-01
2.026432523956998508e-02
4.341390569904189645e-02
1.011927345544071238e-01
3.866854979671106862e-02
-6.214712488119077810e-02
-3.511631228487140932e-01
-3.667493705574519786e-02
3.199857423966978032e-01
-2.463559256912288553e-01
-1.950226274571303930e-02
-1.685961436158178728e-02
-1.783696502312563936e-01
2.487794926048424518e-02
-7.558328637552925826e-03
1.578975827622394398e-02
-1.483899868462534577e-01
-1.233606717990774482e-01
-6.866071856149585928e-02
-1.172651446050728824e-01
2.534886097683262604e-02
-5.455476641286884781e-02
-3.688234363135473037e-02
-6.371182698332412964e-02
-1.340061215238066705e-01
2.395559646094583828e-01
-1.248722302332976458e-01
-2.512346532488437742e-02
-2.366814345921801899e-01
8.306109551166195037e-02
5.665293198108959510e-02
-2.204243206632355845e-01
-2.277541341331290950e-02
3.095054325287784347e-01
-1.594019757124437442e-01
1.283972198568301137e-01
2.001403700997222146e-01
-2.096404728235234938e-01
-9.019500626550408517e-02
2.450229249698824274e-01
-6.348721704081336514e-02
1.417049354726976629e-01
6.180535923511731172e-02
-1.858969893241953497e-01
6.386999006109266019e-02
1.343572831441113558e-01
-2.002706366401366678e-01
-1.860092839509648599e-01
6.347006363318738464e-02
-7.932770055415606925e-02
1.589259044814444466e-01
2.206829647271736916e-01
-1.105136292040886370e-01
4.390138252864013435e-02
7.177460637014428102e-02
2.676760341682852054e-02
-1.577529765437139520e-01
-4.830980459137962368e-02
-2.953882757228767364e-01
-4.394411935631824945e-02
-2.154929102008435460e-01
-2.690073326243717644e-01
-2.257802422151984623e-01
-2.051504783797609144e-01
1.199662406546293109e-02
-1.750661969142282975e-02
-2.310820627187975818e-01
-3.036643330747731268e-02
1.946763646365218814e-01
-2.801417068037376223e-02
-3.214099750324686533e-02
1.935580870855972691e-01
-1.203157803434534989e-01
3.696744709636792109e-02
3.339562811512296336e-02
-3.492170418658244180e-02
-1.244461498046263263e-02
-4.226384860338485566e-02
9.183029474872653891e-03
-6.989011172845092934e-02
-9.229573695589476934e-02
1.320971512736225477e-02
-3.355953900192609057e-02
9.430827283161118124e-02
1.223921565838063108e-01
2.046277908399755097e-01
-1.852699974357526480e-01
