-2.101205925994845680e-01
-4.102395018422184125e-01
-4.260739510328784285e-01
3.248477158189523872e-01
-3.765480767612804924e-01
4.080397608643122898e-02
-5.127355747805357744e-01
-7.895103118760313232e-02
-1.753924093886392588e-01
-3.064984750009591141e-01
-6.830307689298162344e-02
4.135761204054239082e-01
2.554835097278440603e-01
1.729695039801097955e-01
2.605141421357540787e-01
-3.737227752250518176e-01
3.636242253590493689e-01
-3.656805746178312111e-01
1.177903223895528928e-01
4.823721036367322745e-01
3.178313003882224930e-01
-1.150646475393617418e-01
-7.905128746080973545e-02
3.513147192571960953e-01
-2.039702750405688603e-01
1.907543194447552104e-01
-5.096376170690745111e-01
-3.234256844555031818e-01
2.020624673686550188e-01
3.721674841774714748e-01
2.884235286546433796e-01
3.444235725784698388e-01
3.995011541709759806e-01
2.545310223438455588e-01
8.728613833979870229e-02
1.274686664059848651e-01
-1.865110345163894789e-01
-4.824303699912802501e-01
-1.949782547832724228e-02
-2.557407020331953565e-02
-3.740213887657834607e-02
-2.855885705798136831e-01
4.102755510972419528e-02
-2.533181681529142470e-01
1.375447457885491109e-01
-4.446857926490241364e-02
1.502716080391754139e-01
-7.306787642080616596e-01
4.343107340362609148e-02
1.382649727263704498e-01
3.538871749620379759e-01
6.841336882709829481e-02
1.787663403120557659e-01
7.201081829872730822e-01
-7.353384272502951069e-02
1.241184315465498483e-01
2.390023209530262871e-01
3.026714634744965271e-01
-1.642199344867805444e-01
1.068731269394324057e-02
3.439144184245766511e-01
1.038854477296841244e-01
-1.372739915084594531e-01
4.866463173165889167e-01
-8.243039320928373381e-02
-3.001213054888358100e-01
-8.017619154368109402e-02
3.478022656109073241e-01
-9.433639312657308984e-02
-8.630719358932259500e-01
-2.937487358346581034e-01
-4.521759652010501895e-01
-5.331344462332583412e-01
4.207623399877020998e-02
-2.565924009733890898e-01
-3.705696072178583655e-01
8.237863912083741302e-02
-6.340930819526410245e-01
-2.724686064146945030e-01
-1.311136655986622490e-01
1.143348186829965252e-01
-1.480875353818098504e-02
1.780232028648658649e-01
6.239099067302774498e-02
5.111519815273630751e-01
2.598316815829177298e-02
3.652153227908537803e-01
-4.335273769887496020e-01
-1.231990420708584666e-01
-1.482942895681071682e-01
-1.574182774858288447e-01
-3.299899292657997862e-01
-2.371456545792366144e-01
4.929814095610052238e-02
-2.220041115201877580e-01
-3.517988336222973023e-01
1.649078385576249195e-01
5.539167840881349392e-01
2.915135799845505749e-01
1.154600850912625848e-01
-2.673063657529362036e-01
-4.420485171360475918e-01
3.481139983020730549e-02
2.139782524819943688e-01
6.816705205862642891e-02
5.856333990996697159e-01
4.347088365232051194e-02
1.869216734719154893e-02
-3.475332677716310159e-01
6.655399192307433209e-02
5.614833180851926953e-01
1.614433078996365956e-01
2.336497488599932892e-01
-5.605653150100448762e-02
-2.376448003822146382e-01
-2.824102005326180609e-01
5.285800428351914437e-01
-1.091929801289754226e-01
1.293460804161269406e-01
-1.592930376400100434e-01
3.077453686221869322e-01
-3.759156334510284636e-01
9.081528536736134527e-02
4.666486010453851918e-02
2.864248266763884110e-01
-2.853830958500264692e-01
-4.294488528425627338e-01
1.345114044466622083e-01
-3.710872364366512022e-01
2.722319125911635829e-01
3.001692053964892803e-01
5.541035431652703569e-02
-1.383869748321921722e-01
2.635816620785005893e-01
4.853264819445983758e-01
-1.460797421838224974e-01
6.383585484530987508e-02
9.019953543841689736e-02
5.577113964780926192e-02
-2.173579499944608695e-01
2.127005692798051573e-01
-1.121497171548290622e-01
-3.724185966486581179e-01
2.421052576446410254e-01
-2.658990202988160134e-01
1.444803025739153368e-01
8.636765002270364588e-01
-6.041046147135235023e-01
-1.062903328289760974e-01
2.084151762885135817e-01
-2.942352026339468685e-01
3.881348517530964770e-01
-2.757655601834677062e-01
2.936299898618703885e-01
-8.280583713990009864e-02
-2.977293624255247795e-01
3.245359404521546698e-01
5.888768150292219561e-01
-1.778419718562108676e-01
9.195228297362839642e-02
-5.275901333500233013e-03
-4.687598956270634665e-02
1.346603251558055603e-01
6.294901700861148530e-01
-1.210493510078265444e-01
-2.241707737964541286e-02
3.943427172425663374e-02
1.913221085053529516e-02
2.163775164465321366e-01
-9.117207940163851720e-02
-3.714276427407757764e-01
3.001441761208115677e-01
3.289768000124524971e-01
2.106133758200384176e-01
2.431991552753847430e-01
3.462538218449295324e-01
-4.000803562679926539e-01
-3.392509507272536973e-01
-5.763651680879534889e-02
2.842816310826112303e-01
3.235507405658570312e-01
2.844534244213127103e-02
8.857737687765900730e-03
1.962453575863533639e-01
-2.455858137073872738e-01
2.853466746212303118e-01
3.409307061211616641e-01
2.323435738910741566e-01
8.863052308404271995e-02
3.005809634911213446e-01
-2.308918414109271955e-01
1.006440833789522121e-01
-9.126310236536118448e-02
4.371642676713373699e-01
-2.749483666992686981e-01
-3.969202464818140097e-01
3.582881570861525811e-01
-2.036439922461603658e-01
-1.494979167332872172e-01
-3.276005891585745400e-02
-4.990585161672776021e-02
4.533437230239664162e-01
-3.024049971174311291e-01
-2.480418716442810145e-01
1.571101646843353350e-01
2.292532994062680962e-01
-4.336070814704741094e-01
-2.574192063797435190e-02
-1.337502529739000856e-01
2.471735815350373788e-01
5.119575997810386081e-01
8.192653227512392000e-01
-2.174785679883406778e-02
3.448235490845264484e-01
2.868452326002108310e-01
-4.363026530577465700e-02
4.159922673124406001e-01
-3.529866475150686411e-02
-1.520613454865960557e-01
4.905523911702089901e-01
-4.050940721397635613e-01
-2.810307781618148759e-01
2.968206765872931641e-01
2.963315735353757273e-03
7.454652528768334063e-01
-2.957674713115229781e-01
-4.680406793961004452e-01
-1.503817056732700136e-02
4.415637501032314005e-01
4.843056589514142529e-01
2.062479165309956050e-02
8.123428072949906431e-01
3.908539035519874999e-02
-2.124743594811645819e-01
6.925889541846290687e-01
6.554564776385179981e-01
-5.472161982792476120e-01
4.884840602485323591e-01
1.627293989793040241e-01
3.922156674298157286e-01
7.278258625460205800e-02
1.786498585598393085e-01
-3.463024037845427450e-01
6.522551802850732328e-01
1.545336442113680597e-01
5.305105483748577822e-01
2.416362928617175332e-01
3.703480734896530957e-01
4.374329987584094082e-02
1.777366295379692041e-01
1.110672708929140579e-01
3.312384785467257231e-01
7.435622073139068755e-01
4.823346904953723091e-01
1.000000000000000000e+00
4.895358225063553559e-01
2.197981384939731442e-01
1.456676874632049368e-01
9.695016928547800505e-02
8.891143116934338564e-02
3.371092149482706746e-01
1.583245080544067318e-01
5.755589921736168346e-01
4.778424454557554935e-01
6.245422415444380482e-01
9.067264316086782738e-01
8.560464200398090195e-01
4.018614885050862395e-01
5.494385281833240597e-01
2.830560748073773780e-01
6.117070438748277716e-01
7.415040743042830007e-01
7.058571365100711759e-02
1.675087188417754003e-01
-1.182635309885914365e-01
2.497250948343296764e-02
1.800377727924227511e-01
-4.769170015153165187e-02
5.902706712184852510e-03
-2.302709008385203995e-02
-2.725519965423365276e-01
-3.646704630338517550e-01
-1.564008282037082642e-01
-3.678786853694010484e-01
2.972720721663288934e-01
4.323433528308538720e-02
-2.319657727304824113e-01
1.878009609257192125e-01
1.926133892096119904e-01
2.378423288530213120e-01
1.105708125395570424e-01
2.023207936762205783e-01
-5.427020409264912137e-01
-2.991979625392485742e-01
-3.843436990557834165e-01
2.928846792207547966e-03
1.603439230967097090e-02
-5.361035954134333453e-02
-8.534835278642314282e-01
1.287139154470013092e-01
-2.375657821619326093e-01
1.746907536678088055e-02
8.951272885693827008e-02
-2.630023837689604571e-01
-3.603029180628593564e-01
5.552420999363043563e-01
5.325191464312215711e-02
4.013831176484217722e-01
7.471539023353764852e-01
-3.974488654509378271e-01
-1.817271819834949675e-01
1.258337659404350772e-01
-1.671825263153004781e-01
-8.256806262385030237e-02
-3.803051915163092600e-01
3.704989066070199510e-01
-2.637199232570597296e-01
2.929872478584502615e-01
6.021489392396378593e-01
2.687161356244194277e-01
-1.349413738996816103e-01
-7.392204964367084241e-02
-1.964455980753391229e-01
-1.390256856611470082e-01
-3.601170473189333476e-01
6.239898583453682562e-02
6.533935821075004258e-02
-4.635288471675704236e-01
8.767068120508993145e-02
-1.063436979039399377e-01
-2.053354131386264936e-01
-6.319369122172012743e-01
1.521391360720849018e-01
1.936872701385590478e-01
1.528240067523876748e-02
-2.019201491936479798e-01
-5.879966119325508167e-01
-9.473133546614759259e-02
-2.509971089778129660e-01
-6.785753328778193483e-01
4.186890204708813845e-02
-5.039292002354648359e-01
-5.985166100254802890e-01
2.086390840435073946e-01
1.427113127628133749e-01
3.916235526611303586e-01
1.749093652029425905e-01
-1.907282262734056044e-01
-3.026977203849673947e-01
6.754544732698200549e-02
-3.067470113167542478e-01
-4.895200112313268237e-01
2.050500596748455473e-01
-7.753544131364448200e-01
4.108157303767428492e-01
1.166418383326837116e-01
1.518322173117244156e-01
2.401455740768359826e-01
-6.458237228732960356e-02
-2.594197324958708029e-01
-4.047606580051985592e-01
-2.523723442067407619e-01
4.703114270881277037e-02
-4.141988687876606012e-01
-3.688704479124422231e-01
5.059784204829857746e-02
1.467973473713646004e-01
-3.724121347731308984e-01
2.030789016576322326e-01
4.357033507843024456e-01
1.614528363470938421e-01
-2.729172425609337482e-01
-1.124319346567027172e-03
3.821961084741004600e-01
2.800662125632891186e-01
-3.175163927500518901e-01
1.633227734885316362e-01
-5.468906737293223186e-01
-2.747179130844119577e-01
-1.657938538381664162e-01
3.434517259561101210e-01
4.050539801616129254e-02
5.681243044817344684e-02
1.279517091037030430e-01
-1.671356015233301795e-01
-1.590855113314698643e-01
2.617574283779388611e-01
-1.094660509205621149e-02
-3.236104701236974801e-02
-1.288747752001423996e-01
-2.750205943123226193e-01
-2.158914134606839674e-01
1.176801782387960904e-02
3.412510117391538977e-01
2.566479001233957224e-01
6.175627742481058086e-02
1.237704139989119489e-01
-3.195439320235846092e-01
1.584462956180925433e-02
3.830671853261017890e-01
-2.869558442408925991e-01
-7.459843515823144644e-02
-2.912531430947261357e-02
2.182947071117084803e-01
-2.998114377345411086e-01
-3.293200344247735334e-01
1.841941945889462584e-01
1.914694143304494084e-02
-4.066858390361298703e-01
-3.193492070924163206e-01
-4.044135498738346546e-01
7.729303926420902533e-03
9.004665553795014599e-02
-2.823827909464528552e-01
4.856767790215748559e-01
-1.652548977864265745e-01
2.758460382186112558e-01
1.787427080470311083e-02
-1.417196020983588489e-01
2.376577514433313720e-01
-3.506007493249969631e-01
-1.508503254370474056e-01
3.165498307589669769e-01
-9.924438904580552834e-02
1.058147151213755383e-01
-1.685353328386689567e-02
-4.530775806028814467e-01
4.848778457983254353e-01
-4.088784741072749584e-01
5.304117059092858244e-02
-1.605529236877932253e-01
-8.552483324339778259e-02
-6.973329446708978474e-02
1.993284167467009593e-01
-2.538797899666237479e-01
-4.027296898343074583e-01
4.150252772965181136e-01
-8.979560122904907404e-02
-1.160032297728562783e-01
-5.867375484212694614e-02
-8.547827077682218500e-02
-2.224989478075741767e-01
-1.208189309866973538e-01
4.029961273933994059e-01
1.773738478141614894e-01
-2.154492511910984787e-01
-2.056265863233676661e-01
2.081193893444837836e-02
1.812039700193622260e-01
-3.604430517722154170e-01
-1.090102402489643262e-02
1.411345835880565003e-01
1.315493645047083326e-01
2.314115879079832738e-01
-9.671253542800360703e-02
-3.600974236407886858e-02
3.767480863237235855e-01
2.957353428014378172e-01
1.463247305362848916e-01
-1.948133466699960847e-01
4.359711671498773256e-01
-7.524937801158518846e-01
3.672138568005047787e-01
4.016536046668044424e-01
-2.884375024805809207e-01
-1.379755070798803773e-01
5.114662595783983079e-01
-1.351313401098892461e-02
6.102896060855578231e-01
-1.760993334530297494e-01
-2.853557030607081768e-01
-1.813891650955815754e-02
2.546397752745528376e-01
1.335903578233278710e-01
3.555431839013563078e-01
2.107720145378103593e-01
-2.104755855197677772e-01
-2.993835213483543312e-01
1.801352576317063192e-01
-2.226450083028057580e-01
4.300615515084456053e-01
-1.723594591701204659e-01
3.477205311429634738e-01
-1.079837501139676859e-01
5.409425228885731407e-01
1.908322247861814897e-02
-3.820872562502564684e-01
6.978478403523223628e-02
-2.734604865357315173e-01
5.916656344328983241e-01
4.426800783400205441e-01
2.225654415036322220e-01
3.535291154697573490e-01
3.063490345109313728e-01
-1.338723495771717842e-01
1.472663366419550528e-02
2.160778010094362711e-01
-4.215143469878387394e-01
5.625189772376884001e-01
-6.218220207821378853e-01
-1.391379298809136689e-01
-5.537293311556648057e-01
3.265269807963218640e-01
2.002231455558756701e-01
-5.471420198684885383e-01
8.539708905906555625e-01
4.139846439595556427e-01
-2.407363634055363355e-01
5.093623223467832473e-01
-4.745106542153640361e-02
9.561878317106890443e-03
4.961076497621918491e-01
