-9.101122891626194089e-02
-1.104576414672784473e-01
-6.603906953643250144e-02
-2.783600459578018660e-02
-2.037948646101140626e-01
7.991422486683730231e-02
-2.830429741139829369e-01
-6.153446557340282175e-02
5.584479615237303296e-02
-3.495288879647381886e-03
1.765981783141404027e-01
2.167841936701888142e-02
2.975466077663828646e-01
2.596906437885045799e-02
9.387133008436107651e-02
3.425167726930893747e-02
1.329689900519104122e-02
5.988049586044544292e-02
-4.077060529677409284e-02
-7.812235911451996528e-02
1.311371795834488374e-01
-4.544583176045634276e-02
-1.191089863878672106e-02
-6.699245116183555337e-02
2.067757280766157613e-01
8.435734930101933260e-02
1.617324117478727286e-01
5.521038714698702637e-02
9.505835090409391064e-02
1.356669990940889414e-01
1.369216056401069137e-01
1.945318759842525336e-01
-3.211343482953837314e-01
2.397174362348983290e-01
2.669263355684194372e-01
-1.117516750256608848e-01
1.521741181573799465e-02
-1.056153609977661043e-02
-2.641752240334456214e-01
7.977097032232963181e-02
-1.882372076492982715e-01
-5.280306840075282143e-02
1.766958774734548598e-01
-9.774886108425220876e-02
1.740363373675787306e-01
-1.304846933832498890e-01
-5.424090522123463376e-02
1.993203747227377809e-01
-7.614511132184045850e-02
-1.745531686384566572e-01
-1.584034506755624960e-01
-5.214188450754767695e-02
1.729749989070344107e-01
7.716757213024817708e-02
-1.239198804751928257e-01
-5.006246730917279612e-03
-1.168335576330561260e-01
-6.439204048682260761e-02
1.312662004878354660e-01
1.781163619734224268e-01
9.652138109681912548e-02
2.589370621961005758e-01
-2.672422110407983720e-01
-9.903515237710830074e-03
-4.460262590484224271e-02
-5.913384673559221594e-02
-1.497595171617550902e-01
1.478109330924900489e-01
1.781405890738071152e-01
-2.133975395397324226e-01
-7.423799704288053247e-02
-3.684112756957551305e-02
2.746576641463226859e-02
-1.343584808999363084e-02
-2.601058524823166018e-01
-6.392098382334297779e-02
8.088192694495205393e-02
3.907009175138566326e-02
1.393567092541290187e-01
2.598852475714090796e-02
-1.185287120306486031e-01
-8.607954215935799402e-02
-5.508672539038427657e-02
-8.304370138300648518e-02
-1.280738168696124724e-01
7.668012941810091465e-02
-7.619163297889237907e-02
-9.448076493969666256e-02
2.216982418081333596e-03
-3.515427612871326740e-02
2.387699409421278340e-01
1.730654805710687971e-02
1.573438033611634923e-01
4.166466875728061861e-03
-2.910879857084644126e-02
6.591154208875332765e-02
-3.733541457343354970e-03
-4.629305793111086059e-02
4.952169166800877986e-03
-1.353851166084022763e-02
-2.679518934855069645e-01
7.959617416793281219e-02
-7.846384615603338442e-02
3.715490647666951918e-01
6.443390505238619226e-02
1.642979200924071792e-01
7.872397448985191115e-02
4.232795239549354965e-02
-7.562384342794488401e-02
1.440317158529942354e-01
6.371754551725720972e-02
1.370072097052725188e-02
3.439504080177427370e-02
-3.034731932166505157e-03
-7.496837035331356536e-02
3.912109373957737418e-02
-1.220726863848718285e-01
-4.606945654779085603e-02
-2.086954430628840812e-02
-1.104874703982671735e-01
-7.639340171054621875e-02
-2.454670923706923635e-01
6.091702057610972471e-03
-1.528330279208365838e-01
-1.184984009081813533e-01
-5.595993569107006460e-02
-2.777579990511272467e-02
1.357841586317059812e-01
1.241654970907163716e-02
6.847294330565671661e-02
1.085549638113482984e-01
2.053437332380203262e-01
6.458440758027303441e-02
-2.205164146143752668e-01
-7.700513653188953422e-03
-7.371771759622282316e-02
-7.109778001678200565e-02
-1.162124159959324610e-01
-2.378180977278320229e-01
1.630231778221594846e-02
-7.629333027788025301e-02
1.271993101980156138e-01
9.130486000296924101e-03
9.807835434938159958e-02
3.687231690503317560e-02
8.434012814384188317e-02
1.517547756231343858e-01
-1.633183135430664734e-01
1.518974149239371296e-01
-2.456206646932612009e-02
-1.272286562949138944e-01
-1.904631855603175772e-01
1.485548139224677489e-01
7.748588515581417147e-02
1.909503027084380467e-02
-2.406913280343416991e-02
-1.629950139306013401e-01
-3.271080018360096875e-01
3.402836038802956042e-02
9.204823004218627702e-02
-1.496610715954110327e-01
1.140231627248616680e-01
7.965563245155857230e-02
-1.406699845722746423e-01
-5.889985651312070608e-02
-1.307749807471215997e-01
-2.629392224707187142e-01
2.065199033135884932e-01
-1.401053358770995017e-01
4.873117452621951798e-03
1.077473623425082433e-01
2.006611922648336155e-01
2.937046406948242913e-02
5.591620261534688968e-02
8.161023465942914001e-02
-4.288864854803125376e-02
5.529145821744982370e-02
-1.032496787563728230e-01
-1.025737125054670129e-01
1.899255081961096769e-01
2.171149028005941450e-01
1.621178707700897947e-01
1.265800567538632182e-01
5.930154699902392273e-02
8.795379628215066470e-02
-5.321512868561985993e-02
-7.322717837904939298e-02
-1.497325197630798230e-02
-3.119488265794743628e-02
-1.708164324545070056e-01
-4.707855988667035765e-03
4.008130579410468936e-02
-6.883980047976205607e-02
-5.299565660529793887e-02
1.233794037056586178e-03
-1.089811259303755664e-01
-1.213668265657658063e-01
-8.217552201997810335e-02
-4.641054821040428019e-02
-2.557613421971351338e-03
-9.154488660805346067e-02
2.647803091173124845e-01
8.489449698782321196e-02
-1.702925724224429171e-01
1.074610731183099216e-01
-7.233432953991474935e-03
-1.941347494887472967e-03
-1.200426795743661373e-01
4.051355068894896272e-02
-1.037176167394713577e-01
-4.035345132596404594e-02
-1.156484047198413495e-01
1.079081003708548536e-01
1.665643553000874764e-03
8.264908087386836633e-02
-9.411597460782492042e-02
-1.548864064367518334e-01
-1.605440108611073773e-03
4.057658955798110201e-02
1.064828713241722097e-01
1.154483474207860516e-01
1.919977096712434383e-01
2.720579231504591800e-01
2.481514292236221275e-01
6.511235256460115584e-02
-4.744963646503966292e-02
-1.338297775349422125e-01
-1.224912260707214234e-01
4.784987659869183868e-02
3.146353628376996614e-01
2.595668134673621008e-01
9.681265501900278292e-02
-1.824822594954871868e-01
-1.088846129077368358e-01
-2.655207880111461471e-01
2.290194431924707716e-02
-1.173242520778229742e-01
-5.332943375840689532e-02
-2.106880960126606903e-02
-1.663922418564028616e-01
-2.088065926601627431e-02
-4.628251575325553757e-02
-1.001482734989217471e-01
-1.272990540241966673e-01
-1.446649621433613031e-01
8.409280402699484402e-02
-5.015844370482794995e-02
9.572372873748441480e-02
1.465918644071207977e-01
8.618552085377011174e-02
2.899382243836489681e-01
3.099628818509018724e-01
3.539198418609280083e-01
6.598253129953282059e-01
2.992216846530540986e-01
1.990712048747639296e-01
8.844931922629016841e-01
1.000000000000000000e+00
6.090405116815604813e-01
5.203588125839205825e-01
1.679471704421108547e-01
5.382480308857206380e-02
1.171369558912948861e-01
-2.393444543123201748e-02
-4.760688260948434808e-02
6.349185636261422960e-02
4.115224233602476911e-02
8.932222382057546095e-02
1.991921648626043817e-01
1.861237987105087699e-01
1.139300972353787106e-01
-5.416835697231908719e-02
-6.842001002003733623e-02
-1.205953579148261734e-01
9.434005693633366885e-02
-1.482989701192528320e-01
7.204575625474124445e-02
-8.226935609185768994e-02
-7.199056157262971600e-02
1.850295569893165570e-01
1.657911948814864422e-01
6.901503322861356204e-02
-1.141020623466144218e-01
-1.340881057346456628e-01
1.184849346041913637e-01
8.899358659306946806e-02
2.925521187958616924e-03
-1.446409549077936341e-01
-1.602969484470200823e-01
-2.076026156559651892e-01
-1.245149763657396776e-02
1.786231320116337673e-01
-7.823484252046102039e-02
-1.437384219318784684e-01
1.070990412754026450e-03
1.187818325323703184e-01
-6.688388097189106041e-02
1.104724225787135639e-01
-2.232861970161535425e-01
6.821828250393818793e-02
1.690250261146475363e-01
-1.944286679626851949e-02
-7.357518917227941213e-02
-5.430471456158929983e-02
-1.884531484045760819e-02
6.313286366189484189e-02
-1.341689396745041757e-02
1.946593578348957687e-01
4.066282272941389164e-02
9.512633012036522673e-02
-1.002267321447627979e-01
-1.595343092950353425e-01
2.120687371357927922e-03
1.006388761070168975e-01
-1.707886296783683866e-02
-1.259154487491591090e-01
-1.538269137073342840e-01
1.025235424906057596e-01
-4.873582897169295020e-02
-1.310719895521599010e-01
8.827799564034921609e-02
-4.650638135212661894e-02
-8.095843211797418282e-02
1.231648612638304302e-01
-2.910875610900197016e-02
1.979590350305068455e-02
1.789282885457967598e-01
-8.178512076159595579e-02
-1.618441308383486779e-02
3.971594268036041792e-02
7.120938082826350213e-02
-8.068714511630566133e-02
-4.256209909184824336e-02
-6.929027715438867974e-02
7.092902228744392412e-02
4.440239309172819282e-02
-7.166394559032139566e-02
1.830467024564653294e-02
8.053105979797822722e-02
9.017920141130954248e-02
9.843600568581971355e-02
2.246053986362208932e-01
-1.199458376989527147e-01
-4.816863248908333228e-02
-7.907732414441255575e-02
8.998296798413443764e-02
4.812120115252818166e-03
-9.756189877459196802e-02
8.675109147006992982e-02
-4.771796492346396315e-03
2.047362678360307650e-02
-5.021821055477516949e-02
1.047531656242550596e-01
-2.713800989267203465e-02
2.866538733537625783e-01
-1.331596108040904725e-01
-3.592873418563521937e-02
-1.087185662382341919e-02
-8.967092442847957381e-03
8.506500861161642169e-02
-3.776947105035279029e-02
-1.823777299070484526e-01
1.969565445194631503e-01
2.462556410817997102e-02
2.284562865542537069e-01
-6.011637741106758831e-02
-1.003548311280368505e-01
1.250091121878290912e-01
5.478538834663233825e-02
1.317768577888487058e-01
-6.232140024081135599e-02
-6.330022407709910356e-03
1.005817013952503003e-01
-1.679986152951402079e-01
1.028568577387136557e-01
-1.298192577111293398e-02
-3.684290866350293375e-02
-6.158810593942301570e-02
2.640403068627414016e-02
1.383934856182523765e-01
3.374391500605636307e-02
-1.521965417204245753e-02
-2.129882574834501482e-02
2.091948613073476293e-01
1.121326302950934606e-01
1.118333600935630251e-01
-1.562073257598006470e-01
3.705183354186426109e-02
6.793299521492527152e-03
-1.737325745932749577e-02
2.530289200984448331e-02
6.230316532582543670e-02
2.429951033139879368e-03
1.194906355177865614e-01
1.174749491599804546e-01
-1.011868438987761562e-02
-3.036479083190395112e-02
7.368623937725539419e-02
6.742502366316474594e-02
-9.723409665562002258e-02
-2.219670366116530125e-01
2.821992520689002235e-02
-8.756684569213996072e-02
-2.568550883718099809e-01
1.693230436533769423e-01
9.704482168570240097e-02
-5.544334770666597273e-02
-1.326952755817653318e-01
-1.788566653531973583e-01
-1.423440102634224158e-01
-9.140435725395279487e-02
2.570474295120657726e-01
-4.729155710097475429e-02
-1.606272337162149844e-01
1.887477768914432308e-01
3.020505502460477110e-01
-1.531315092534929756e-01
2.279444750020516788e-02
8.359699183199206796e-02
5.564001583936985240e-02
2.164433060039566981e-01
1.240036957762623987e-01
4.918335745590406843e-02
2.444466175632145633e-02
-8.817600537541788949e-03
1.637015302089790680e-01
-4.017509865044167905e-02
2.834861774946476620e-01
3.190020222335246576e-03
2.039259923260113294e-01
1.577017507987486453e-02
-1.332201462364343003e-01
-1.720412563091962277e-01
9.982196105884173776e-02
-6.822448053807156354e-02
8.069392805949228420e-02
-8.072090566085457497e-02
-8.069509704489416513e-02
4.678761432812113957e-02
-3.187515561483597604e-02
-6.119096106451934330e-02
-1.229756388039678211e-01
-1.487675898721815826e-01
-1.693322735553370872e-01
6.951269897599773526e-03
8.342409546958815328e-03
-7.369467852142769226e-02
-8.958680498147960497e-03
4.473113930719184450e-02
-1.535021212807978763e-01
8.933805926273757914e-02
-7.967711721026238259e-02
-2.631452979083674371e-01
-1.385167785528033935e-01
-1.799775286234927552e-01
-1.910239045308705641e-01
-1.442842698432142412e-01
-1.625213891932219268e-01
-9.310425619826036281e-02
1.490857667103175910e-01
-1.148329197374276661e-01
-5.047499187955331416e-03
-2.995365976313898448e-01
-5.089050940769606485e-02
1.778737583389975452e-01
-6.088382763588062047e-02
-2.271977215332575406e-02
-3.983862037120654981e-02
1.316987723465406213e-01
2.385042617034162371e-02
-1.837750990959756414e-02
-6.121009259003511171e-02
7.251308681538944784e-03
-7.917066631469368496e-03
-1.602622013441470927e-01
-1.443204151263133110e-02
-6.606125699405587803e-02
2.875103322234538739e-02
-5.803870715756827975e-02
3.491413222285454782e-02
5.084279658986314010e-02
9.558644733818784378e-02
1.062228285566545471e-01
5.584730552146264897e-03
-3.878872572315265194e-02
-9.848639745439968785e-02
-1.247464620197828306e-01
1.381445799858296020e-01
1.238539174800260129e-01
1.042969781310546240e-01
4.571757753193447793e-02
-3.345468176914421221e-01
9.509665452806821684e-02
1.084263713284473149e-04
1.412704543838615157e-01
-5.657271162315370000e-02
-1.993475259492692442e-01
-1.324009919671340352e-01
6.072163423118979997e-02
2.519718064408360547e-01
-1.662162836296111335e-01
-5.101504998094288229e-02
4.482448929869121967e-02
3.761404343757473318e-02
-1.697989085925597635e-02
-1.304000879670406954e-01
5.797638749610555670e-02
1.302347093558313684e-01
1.282450293034114452e-01
1.190906121137720597e-01
4.660433970291112671e-02
-4.494455456490350359e-02
