-3.324769626210626744e-02
-1.077790023269722536e-01
-8.776394225149732053e-02
1.728826081166087714e-02
8.425394713805459124e-02
-1.897781035899934470e-04
3.279104654840921951e-01
-2.874431752270742990e-01
-2.267239257661516905e-01
-3.014847434139590887e-01
-9.278014708186546611e-02
-3.570803141447503326e-01
2.168392408046972697e-01
-2.358403117270591320e-01
-9.320403620330551531e-02
-4.223567329865279274e-01
1.779566540011823517e-01
1.539799263409677710e-01
-8.429503927439336783e-03
-3.106017716876975296e-02
-1.699291626463054761e-01
9.228885060568035870e-02
-1.790359303568887783e-02
3.184252155434356968e-02
7.969051332329296633e-02
3.770643092581008049e-02
-1.532430748321496894e-01
-4.639604087909968699e-01
-7.332756337542349623e-02
6.175343895852897919e-02
-1.922559249665232450e-01
-9.932754641181956723e-03
-2.869274605128419031e-02
9.484444396227909024e-02
-7.678887073407081321e-02
1.229151497372778234e-01
-2.275854402368308535e-02
-3.163431484667413862e-01
7.157277604807756044e-02
1.153764015446423624e-01
-6.359508079007762660e-02
-1.407502625193934875e-01
1.483170688540695614e-02
3.269653879192728763e-01
7.451918396451279181e-02
5.753325506039013576e-02
1.640183547629933958e-01
1.409038462927594548e-01
3.400371893146205693e-01
3.550650247229476530e-01
9.787971673124667982e-02
-2.381211094456986976e-01
1.189534207343982963e-01
3.272942997101895013e-02
3.102999072170588568e-01
-1.301659072927496275e-01
1.795548006123423024e-01
3.469783270937686903e-01
1.548709337084593594e-02
2.047266262632055356e-01
8.459695138206010934e-02
-2.351023493902780759e-01
-5.448582159070849418e-01
3.071754424899395333e-02
3.133577405804176957e-02
2.429557877950784262e-01
-3.329404696974302413e-01
-2.389730557887783935e-01
6.019011930102002167e-02
-3.727826806744332418e-03
-1.596985267212930326e-01
3.081262440088866628e-02
-1.818350304686791041e-01
1.742408141748349737e-01
-1.850461331470196757e-01
1.490338176286380711e-01
7.375194665739612243e-02
-3.847508615165842749e-02
1.002036653202945937e-01
-1.973756812691069285e-01
-2.805403196659745843e-02
2.212679115303829436e-01
-2.588475796865052914e-01
-5.681742830696664970e-02
3.187296827920250708e-01
1.666048526456954115e-01
-1.235308750374865122e-01
-1.982792866537951282e-01
1.608112236467331979e-01
1.737176276667910246e-01
-2.185569574410871629e-01
1.285431234046910398e-01
-1.235929297622988254e-01
4.700033777000963559e-02
-3.378926585892006451e-01
-2.738051715732189306e-01
2.071808013322212483e-01
-2.208541696042198299e-01
-2.076748328909459596e-01
-1.963191828096814695e-01
-1.815890921576026884e-01
1.187278438626463983e-01
-1.979816033156982236e-01
-5.422258194026977063e-02
-1.641420928883998154e-01
2.226262737117120638e-01
3.730039128979105167e-01
-1.176475252115376279e-03
5.464733079741730393e-01
-2.652614116066969591e-02
2.176659083067707667e-01
-3.479270167948811388e-02
9.020840005230763847e-02
-2.911985014525068083e-01
-5.210533093580727027e-02
-1.668321790942082494e-01
3.891606603227883432e-01
-1.925168078535419158e-01
1.633791493330605527e-01
1.741020918072973545e-01
-1.131864516442599999e-01
1.096238025150978734e-01
1.331869876025435218e-01
1.674565778834184171e-01
-5.285052525662374823e-01
-2.684210767340313164e-01
-5.469824065600243507e-02
-2.593067871068539532e-01
6.417220974322405957e-02
5.752670810296386245e-02
-1.075934400504540006e-01
3.916163793473475402e-02
8.011807919967497971e-02
1.570458088288771148e-01
-5.150785564227620961e-02
4.349546189750112812e-02
-1.020603745640999288e-01
2.091056360119473989e-01
-2.133934281184452983e-03
2.128357079636458427e-01
5.618887933179479016e-02
-2.286442521860413551e-02
1.400681178560767570e-01
-1.408509844219458206e-02
-1.549204399141202726e-01
1.559602319372006551e-01
-2.896664916809236767e-01
-5.239080478048994266e-02
-5.685284487491756161e-02
-1.004993354947869011e-01
1.283960771204075979e-01
2.414612257250599997e-02
-7.141960991816444226e-02
-2.465824405792079732e-01
1.054304287446675287e-01
8.978435124365077846e-02
-3.256212796152573308e-01
3.773892362150916835e-01
2.673084468573271311e-01
5.199349521304635902e-02
1.216202752983979035e-01
-1.904989402211184346e-01
-3.233651626216586805e-02
3.018781078351216382e-02
1.489486786656035178e-01
-9.627101193437961890e-02
-1.109947436655206281e-02
-3.193480080548402045e-01
-9.690993484079275799e-02
-2.678733238355839319e-01
-7.254242947163253019e-02
3.737748883781437104e-01
-3.085837285204170444e-01
9.354330508950411960e-02
-1.267300545278743189e-02
-2.123005302522462945e-01
-9.412274585114124847e-02
-1.246374521173085753e-01
1.850646467405293871e-01
-6.745599340328121973e-02
1.314416350198833183e-01
3.874169580811452629e-02
-1.498878820574104098e-01
1.085835096784391607e-01
2.959223528560352146e-02
-4.364884350218641018e-02
-3.625071747273410361e-02
-1.321266007511516516e-01
1.652376997696349270e-01
2.062685772236488024e-01
7.447444472374024557e-03
-7.185398070823183214e-02
-9.493127108393473179e-02
1.889104550905854607e-01
1.092430519804243605e-01
2.702620939489857113e-02
-2.661676050555953910e-01
1.698403006090827005e-01
2.476364524440091419e-01
2.127176049916687239e-01
1.905025338059349316e-01
-1.214305912409262278e-01
-2.316168318665287329e-01
1.889083464732250750e-01
-7.937415670448107197e-02
-2.281183432642412412e-01
5.475571245246035196e-02
1.857765280183130280e-02
-1.731100118309940872e-01
3.146248422160631830e-01
-2.966037930179130089e-01
-2.024688976838714960e-01
6.992826442235383633e-02
-2.588522514155581766e-01
-1.331315998561738712e-01
-8.981180958850101814e-02
-1.016182203370539078e-01
-1.154344081902945324e-01
-1.813249133082040221e-01
-1.539344674998279483e-01
1.868819583859596400e-01
-1.871123392914110506e-01
-2.206168991515719269e-01
1.650907517544053238e-01
-4.585107378247822024e-02
-8.024266489562889570e-02
3.678549184758820867e-01
-9.780549449786922478e-03
-1.614959805562751205e-01
-2.117765509308575968e-03
-7.405621098852364914e-02
9.596017607856523191e-02
-2.633577863220652460e-01
1.101485325934859621e-01
-8.964027061560740639e-02
-2.824754931631398569e-01
3.428563762408538135e-02
2.917228087535300718e-02
9.885488810251265301e-02
-3.116859690813428632e-02
4.880279530491622997e-01
-1.877740761961686211e-01
-3.706147415919082422e-02
1.763388050995806089e-01
1.092511179409226540e-01
-5.070812110420252344e-02
-5.660305783807519087e-02
2.189080181772471712e-01
-2.857838214616379435e-01
-1.022448600482711162e-01
-3.296544884520929281e-02
9.996931003745319899e-02
2.265025566607767604e-01
1.695692062933260857e-01
2.969584690908635971e-01
1.000000000000000000e+00
4.772387754662948400e-01
2.421424065787662339e-01
2.766042903480399606e-01
-1.488936471445352350e-01
-3.247751921789941709e-02
-7.375445781929253208e-02
5.660681127734133039e-03
-1.089103667352638201e-02
4.877363130396268898e-01
7.202053139294854744e-02
-1.570961303065929737e-01
2.818395987945269687e-01
5.995565346550605496e-02
1.944473693027170547e-01
1.348467221605533783e-01
1.224014007892060690e-01
1.299980233228354709e-01
-1.086588766081742208e-01
-9.371788342041954822e-02
2.075670057484699932e-02
3.533791884879006889e-02
1.924458301293631712e-01
-7.408121958962891884e-02
2.557682744410005871e-01
-2.998192110327375579e-02
-8.736188860509692955e-02
9.078044910126906175e-02
-2.045161876902170939e-01
2.052033372040246995e-01
-5.301787441879024509e-02
-6.372014836292227979e-02
-3.894177653705246933e-01
1.073858977106075946e-01
-7.543765740808661135e-02
3.429102624016129308e-01
1.458693951720728965e-01
-2.745734282545089083e-02
1.626145658781503805e-04
-2.752971953167373392e-02
-9.391026289424191098e-02
-1.658549113892121563e-01
2.671011105239206040e-01
-5.368428288527542745e-03
-1.819083284472311213e-01
9.307549122890149129e-02
3.503807160027900269e-01
-1.502240485367711126e-02
-3.140043821379277095e-02
1.747547186429246058e-01
1.535755510883047570e-01
-1.367152519887565032e-01
1.690541348802900024e-01
2.289607892772964060e-01
-1.512551332025131590e-01
3.369821651207131064e-01
2.223111441041202840e-01
-1.813149598357251535e-01
3.971502880190951740e-02
-5.401461102521804697e-02
1.341580031572517373e-01
-2.347746336638975029e-01
-1.042528479099974481e-01
1.685971343463439909e-01
1.417422073757405032e-01
7.731561397604037877e-02
-6.355074257464961296e-02
-2.280878072470811646e-01
1.888939629443214113e-02
-4.162309416374204013e-02
-1.074205540453239266e-01
2.582079348611571179e-01
1.260258003676983096e-01
3.461935698153638663e-01
2.777970463323643502e-01
3.243362017769605976e-01
2.949876624727774121e-01
5.801798282718644700e-02
1.731873045870208627e-01
-6.173537985936292105e-02
8.732721998673877162e-02
-2.606888477079658539e-01
3.280477098160410054e-02
6.350762720324275301e-02
-1.896147054688196998e-01
3.204944264071594717e-01
3.246152106496975887e-02
3.404121831608099974e-02
2.782150159292871589e-03
-1.016228797824880598e-01
-1.890502556023594682e-01
-5.976520370642210422e-03
1.410266782447534839e-01
1.701601714803448184e-01
1.276240206806515121e-01
-1.977324304604048122e-01
-7.388508965908284487e-02
6.165493584075245476e-02
-1.152385362159844551e-01
-1.213939996115859649e-01
4.771054413949243900e-02
-1.472585158278196804e-01
2.826766374125436743e-01
-8.747179049663106332e-02
-3.869615914862375387e-03
-3.233145930412384406e-01
-3.227025662479457990e-01
-1.907354778230903880e-01
7.881450005151037497e-02
2.090137289861298542e-01
-3.132326452398843664e-01
-1.144590771318232808e-01
6.226897298236318962e-02
1.422237743000899501e-01
1.510299849059666133e-01
2.364496431040011004e-01
-9.824854976434631293e-02
-1.099184941662969400e-01
1.407991278755974518e-01
2.691588985990006969e-02
4.883375510735234459e-01
1.365190347208975474e-01
2.450573326384516415e-01
1.460551294194266936e-01
3.379619590865223788e-01
-3.025138954331077490e-01
-1.059734129968975397e-01
1.182139106601088202e-01
8.658886457377701351e-02
8.236874209380115608e-02
-3.118721990084669660e-01
-6.645195242149061488e-02
-2.612201574781133906e-02
-7.850855556670841007e-02
5.260251668392156021e-02
-3.080863121986022746e-01
-9.418358866366179083e-02
-1.435492598098009887e-01
-6.634859748737120810e-02
-1.462020910701759546e-01
3.176656219503364714e-02
1.108157232125050878e-01
2.321632486644921722e-01
2.206731917194531267e-01
3.716730486770139508e-02
-3.465948632792056200e-02
-1.118394801202455824e-01
-1.852976644594665767e-01
-8.556144589850350757e-02
1.426144168890908781e-01
1.556200691612198983e-01
1.904045097497741867e-01
-2.655424106962750788e-02
2.551102265748153020e-01
5.633871794958189572e-02
1.340108094694048568e-01
2.963059159063305761e-02
-1.783151773365017345e-01
-3.686505845347108901e-01
-2.385182253410201084e-02
7.541296682947942753e-02
-1.359506637787674388e-01
6.754339931899211447e-02
1.687807476927186967e-01
-8.725700238427523681e-02
-1.525272059266789271e-01
-7.107127479620023447e-02
5.198935162953537831e-03
4.276594544183214275e-01
4.810204653205299094e-03
-2.126013663163240641e-01
-5.491657457053138180e-02
-1.757409872162562225e-01
2.351641612070836870e-02
2.052875180438507863e-01
1.100939664985023103e-01
1.620925127748385625e-02
-2.904382042296383554e-02
1.719256152624401568e-01
4.240457452795070442e-02
1.051279876414644952e-02
-9.704901348433079417e-03
1.430733049350290109e-01
1.424633376245640626e-01
2.357484198001468245e-01
1.178456275751086357e-01
-7.745219222722765640e-02
6.562449741513173840e-02
1.940434608280280082e-01
-5.020235629839289032e-02
3.080383408436767056e-01
1.439790925882180467e-02
1.102386339255359976e-01
-4.348657428561682886e-02
9.167506725314134020e-02
1.060701950544407635e-01
-5.762946249105395380e-02
1.027102199979644803e-01
2.491861622741704252e-01
-6.723794617944778285e-02
2.851905252000243585e-01
1.887997916139274035e-01
-2.879786982826870734e-02
-1.609613952744504695e-01
1.396656915335573179e-01
1.487076167381421177e-01
2.011520431816749832e-01
3.593884979191796364e-02
3.283097226298015148e-01
-6.416956199798579119e-02
2.433299503035830577e-02
-1.256952157907227363e-01
-1.349093556186121284e-02
3.550529707495513332e-01
-1.082523477708055293e-01
1.164746382569009225e-01
-3.183712439787205195e-01
-1.276243782578422303e-01
1.208353460491575077e-01
-1.203532319311400971e-02
1.974012289980900670e-01
-1.903451546084999613e-01
8.911103942711265380e-02
6.411701718304962938e-02
2.601984764533885608e-01
-2.539664369701801622e-02
7.288806917724603707e-02
-1.228997888697605095e-01
2.135807290031608852e-01
3.334383145438552659e-02
-4.675157974288252777e-02
3.687925769454786229e-01
-3.083555067187249144e-01
4.224927802871467769e-02
8.253579359210773403e-02
-1.312284041133912338e-01
1.114734474864512333e-02
-1.075122153985242079e-01
1.924821638024558912e-01
-8.231970893393747435e-02
3.982180253472335230e-02
3.184405894433759987e-01
1.391899713996732346e-01
-1.332175372552347747e-01
-3.101854455010337741e-01
-1.576757746394297915e-02
-1.957811664455436640e-01
-1.947349285493773230e-01
2.368998510079035613e-01
-9.148367182168892775e-02
6.112085002062831590e-02
1.706826455377860041e-01
-4.581708211573286976e-02
1.019056663272629309e-01
1.803221197376951301e-01
1.123598073575692857e-01
2.470934408092204937e-01
