-3.956883881678294745e-01
9.576018012821715941e-02
1.476073931760583935e-02
6.101332072897636127e-01
9.585332243594076040e-02
2.744628423171284193e-01
3.080079559695204083e-01
1.312006979467868484e-01
1.361547915379839567e-02
3.000902791148609902e-02
-2.972733579827286365e-01
1.799932016327050743e-01
4.563685931051366523e-02
1.248349368230445983e-01
-2.609086055698339179e-01
-2.219316346433594100e-01
-1.891157002748449778e-01
-3.492258094783538547e-01
-1.059940965404833207e-01
2.284101135426174281e-02
1.410766000935509967e-01
-1.700158921354408270e-01
-2.034918657055317104e-01
-2.845426753377310741e-02
-1.719729060751410410e-01
-1.775390484885173634e-02
-3.893365741925537415e-01
4.554363444971372132e-01
-2.596706568792669229e-02
-9.970641710690747450e-02
2.347995201041355451e-01
2.065123440468740190e-01
3.918535625342737805e-01
-2.158035419187068482e-01
4.367830802985860350e-01
-6.283924416770783616e-02
2.135648422787166101e-01
1.209619398203149732e-01
1.945168037445763054e-01
4.447338428656597564e-01
1.705652987217325944e-01
1.085350871076258134e-01
4.690645249041742321e-02
3.902572856601848467e-02
2.341316087679521374e-01
1.220522219590048085e-01
2.114376738144044532e-01
-2.128466924669193128e-01
5.994501816013474843e-03
2.228595145615204220e-01
3.082820355262813061e-01
5.712332925759704416e-01
3.059727534549233977e-02
4.875564932647784289e-02
4.426632786343082659e-01
-1.102631082650238209e-01
4.286138169301876299e-01
-2.862749135156041902e-01
1.048428124451968452e-01
1.261926667701100957e-01
1.413075098271243946e-01
3.792553149107902311e-01
4.506332087991273272e-01
7.077510315777961747e-01
1.304975329178158505e-01
-2.370516730471419059e-02
1.238772456567187041e-01
2.770242148884861921e-02
2.523030753328430742e-01
2.005342127715636358e-01
-2.235916362741345864e-01
-9.163902274542036486e-02
4.074687122737639944e-02
2.845936815254778568e-02
1.704899378153356890e-02
3.082585900353844721e-01
-2.804398530367605558e-01
-7.513603067623013387e-02
1.001868985196544687e-01
-1.626001081063778719e-01
2.754704230467113213e-01
-2.382705032059649342e-01
3.451497652000262706e-01
-3.830332774068753721e-01
-1.391674955265223279e-01
-6.007034121798702220e-01
2.003119893916027825e-03
-9.593652949723217860e-02
-3.822369260743878616e-01
2.149954774624823761e-01
-5.512739729574243075e-01
-2.234785987211963254e-01
-9.638718041831263739e-02
-1.081145892605779590e-01
9.548781477088522096e-02
-8.623347755620107413e-02
-5.178519079391533664e-01
1.226028618449307162e-01
-6.173924877787070886e-02
5.231076747487701795e-01
-1.903438327607030467e-01
-2.341339944621434188e-01
-1.996483452117261970e-01
-3.331275588301229051e-01
4.128362829863277961e-01
-8.021286010937959954e-02
-2.063368739947507302e-01
8.734559113487845583e-02
2.250434054232556408e-02
-2.147825267793901372e-01
1.232002217997262977e-01
-1.039415424419738443e-01
-1.417820238996018722e-01
-4.831739518077139001e-02
-8.766907428473570685e-02
2.334474404238221223e-01
1.211249938535822884e-01
-1.498203664993117135e-01
-1.252473283833062390e-01
-4.099731204199147938e-01
7.868554452912217279e-02
-1.685562051898781277e-01
-6.849725946900503404e-02
1.503122313668026622e-01
-4.484573400753993910e-01
3.218035275098471426e-02
2.775467644619460383e-01
1.165595265546423981e-01
2.063571232226881769e-01
-1.890771061748050541e-01
9.674290406781649310e-02
-2.410438906405180937e-01
-1.798639389107384301e-01
-2.885510568772989837e-01
-1.773747690312402758e-01
2.762515868445696299e-01
-2.257062248932739934e-01
3.428028555482070527e-01
2.764821107565020863e-01
-2.161548875265592307e-01
8.255545634684590892e-03
1.311726767327817955e-01
6.673300313714695953e-02
3.384766828561802110e-01
1.733785646383403656e-01
4.178361441983818314e-01
-2.883869773665662661e-01
-1.936964820255254460e-01
-2.471033560216219505e-01
-2.614304475281659657e-01
3.132079660241893770e-01
3.893374372317850995e-02
1.069088009534204381e-01
-1.351652868841672073e-01
9.262684730375500552e-02
-1.273288022562338306e-01
-2.022200455874466341e-01
-5.442627631186600784e-02
-4.212956998496152905e-01
-1.827349614548443024e-01
-3.694442627963206438e-01
-4.274375688098300263e-01
-1.898807729073541950e-01
-2.490048352016788757e-01
-1.720048633564692508e-01
5.991928677344535853e-02
2.256492483836297636e-02
-8.457929203477554392e-02
-1.543874160102426674e-01
-8.918112649559369054e-02
8.259101662229825780e-02
-4.643914658289432368e-02
4.511159541163448951e-03
-3.823278840516797228e-02
8.670044302603756303e-03
-2.258797587506637949e-01
1.473360874001780896e-01
-2.713050652928957751e-01
-7.762010563557659483e-03
-8.914189273968999017e-02
-6.267977859404076924e-01
1.270390785787589849e-01
-1.086097773081396850e-01
-1.855511768867762756e-01
1.899050461942203838e-01
1.546325439537065694e-01
-2.259116331106932329e-01
-4.031678704627295051e-02
7.866911660829090103e-02
-8.388215802385148856e-02
3.775221102133187734e-01
3.587459682935706384e-01
-7.023050816228910975e-02
1.296220368802537132e-02
2.369816276680791756e-01
1.250924615418628205e-01
-2.265330328283344380e-02
-2.121321375246967844e-02
1.328472702381547077e-01
-9.650316748655542176e-02
-1.911562261924202311e-01
2.047804237313778919e-01
-2.427002980298181567e-01
2.172244760081803172e-01
4.566942239250666030e-02
9.987461575478177866e-02
2.359898856577249612e-02
2.537724819878442103e-02
7.858906688445306543e-02
3.086321458182778033e-01
1.963519705108517643e-01
-2.207251454573439797e-01
2.859622130901722792e-01
-6.603829374590032553e-02
-1.472807943178238432e-01
-1.248847262377819484e-01
4.942369265009912555e-02
-3.661316578561110147e-01
-7.698278566539223933e-02
-2.453252233057017229e-01
1.153994646778270655e-01
6.386309406211207462e-02
-1.949821173046785427e-01
-1.493051512190777530e-01
2.954865107245151501e-01
-7.595877701495838685e-02
-1.861494238731704887e-02
-3.605443208533327115e-01
-1.201489219724325916e-02
-4.423329569805779099e-02
3.622235188376916881e-02
9.770877026909156882e-02
2.319017607279999227e-01
7.248912736124345224e-02
2.977238501477794674e-01
-2.134490968877825467e-01
-1.839831600988410809e-01
-1.922971644673028835e-01
4.048297873498969690e-02
3.502228460778782082e-02
3.327089379422382837e-02
-1.836834961046075743e-01
-4.722559730590431548e-01
1.244374718766805277e-01
-4.470811975748477385e-02
4.006964754972132670e-01
-2.909958994687063538e-01
-2.057741670024044733e-01
-4.847827707407651454e-01
2.768742774026150544e-01
-4.119297319390102102e-02
5.612176600400509141e-01
5.326451529586436751e-01
7.893719665560831045e-01
8.646176809937032859e-01
6.975116777912730992e-01
8.993492565994385401e-01
1.000000000000000000e+00
6.853355860615790718e-01
4.334017261680427890e-01
-2.612915549571740922e-03
5.520628941296725767e-01
1.535428625453353346e-01
6.706929319778832943e-02
6.866789996375795291e-02
-1.051275305820901645e-01
-7.417153177822916055e-02
2.038705661029926730e-01
3.390146599756543311e-01
3.020618750375096973e-01
6.400974626951483337e-01
4.850810406630934324e-01
3.656992931996624341e-01
1.060297922075992411e-01
2.079265729791184361e-02
3.143166051919154547e-01
2.184059764167546325e-01
1.674614034807280494e-01
2.501362923613323908e-01
1.391136871232024064e-01
3.050735316014908105e-01
3.720235107080208659e-01
4.083479598916944786e-01
2.945037478594493274e-01
1.892194665509839557e-01
1.718594119361377126e-01
5.455952416727526122e-02
7.398603603326517342e-02
1.739604392284516132e-01
3.771189950001829216e-01
-1.773080217297180461e-01
4.168112197315161638e-02
1.021303338765104304e-02
3.760631119897196450e-01
4.586640261603456836e-01
4.491452908011493994e-01
9.469305072071525220e-02
2.939943537588914912e-01
3.996753774366174627e-01
2.732131934485588221e-01
2.116268300942035774e-01
1.562649101920783046e-01
2.081134806513475488e-01
1.201392814731923053e-01
1.873217525253261517e-01
1.029723141351221588e-01
3.909058875193980320e-01
2.497755753281414304e-01
2.219111118991753673e-01
4.139945968085545491e-01
3.711661063365364610e-01
8.102959265724245241e-02
2.992895570762345581e-01
2.122030544175824152e-01
9.534701490843212890e-02
6.211198486253041162e-01
3.368062014013219474e-01
5.122876478328124428e-01
9.704933179787308961e-02
-1.348056782497600858e-01
2.925807912221670137e-01
5.341427892781150932e-01
5.890348906613949165e-01
4.796820003051873171e-01
3.938636355315592863e-01
3.371067639559094942e-01
2.767462672237251953e-01
2.501319582866760524e-02
8.913100032535446748e-02
2.570036194468381940e-01
3.812734309555870782e-01
1.053400615883423874e-01
6.005983787200214891e-02
-7.697016182440687138e-02
7.559985067190347907e-01
6.393643913397799583e-01
3.390539255415996739e-02
2.840907282281183166e-01
4.036578617466622387e-01
2.058312182799806045e-01
-3.826132235794509756e-02
2.532124692886347228e-01
3.716488465263633745e-01
-8.867177132052198041e-02
-2.939402641822924309e-02
-1.336109583401689505e-01
1.714953155701885723e-01
4.964902186437379350e-01
4.226874603304872080e-01
3.177941882032315202e-01
-8.791195806277769809e-02
-8.690514897647678982e-02
-3.564487706245120843e-03
2.575479694101875383e-01
1.323222198600081945e-01
-1.378917888264258925e-03
4.318842754795768762e-02
4.616873640091258557e-01
-5.156744272096537574e-02
3.805956794511449748e-01
2.740221246262387611e-01
7.130860304559147878e-01
2.187793172909310024e-01
2.498198586204195826e-01
2.263516065261551580e-01
2.084948645730352046e-01
1.226236607208259083e-01
2.104767792985512698e-01
5.481953324849387910e-01
5.768898187271692679e-01
2.679560643769997308e-02
-1.417294846962527909e-02
-2.424349011763929640e-01
-1.087174624243612553e-01
-4.349003727829554161e-02
-1.478337829887356736e-01
-2.246491864629663118e-02
8.407209810378761528e-02
-3.067037826366897021e-02
-3.631415616706737404e-01
-1.992774431593380413e-02
-2.784770568428900361e-01
3.045099311190776481e-01
1.861321261479221001e-01
-1.348307059526676899e-01
2.995611098197198049e-02
-3.970970230149644120e-01
3.671808434240915187e-01
1.818770615718481032e-01
-1.023097718636335751e-01
-2.001437430976980847e-01
-1.592222940808638021e-01
-4.784520044053005572e-01
-2.343537305793436665e-01
1.010716065983472134e-01
-8.204463740228329360e-02
-6.933925632677737094e-02
-1.673423126121954818e-01
-2.469996408278831712e-01
-3.937837344230980530e-01
-2.720447653715195660e-02
-1.248693627198825401e-01
-1.780648804017919418e-01
-4.279274484164877212e-01
-1.967634065210257556e-03
4.213472747986309053e-02
-3.380290082190354206e-01
-3.689264347562840052e-01
-1.340327284123174201e-01
-3.781533212650768638e-03
3.588234573488747331e-02
-1.907838667999163240e-01
4.435289930532308050e-02
2.513158687320676266e-01
-3.067253409700959055e-01
-6.461381649733226318e-02
9.140171339936024875e-02
-4.231529346628605248e-01
-1.105118081524351370e-01
-1.472225997774355075e-02
-1.961793569121402792e-01
-8.954722982068069603e-02
2.121667752473097301e-01
-9.478313322398136676e-02
9.694104595127386870e-02
5.466208189613041418e-02
-1.808916636494322938e-01
2.587006329656424963e-01
1.464415932896725725e-01
1.146353346014844787e-01
6.156663070807551208e-02
-3.802708774648509427e-01
3.052412134491549328e-02
-2.181759869418595510e-01
-2.924860004090726329e-01
-9.736955239143060825e-02
2.413149140172531071e-02
-6.009942124171713251e-01
-2.936581293923476998e-01
3.047367338724235597e-01
-6.627227920034125530e-01
-8.319147977810148475e-02
-1.619928149213915314e-01
2.392805819351531693e-01
-1.517680039433664807e-01
5.622004360708994508e-02
1.017490602727735699e-01
5.311883897686033723e-02
8.204581716469461217e-02
-8.850529395866421623e-02
-9.687213740568755005e-02
-3.065133758301536240e-02
1.323495184969097627e-01
-6.381797790353807565e-02
3.468396393020392043e-01
5.129240398005972118e-02
-5.225875555225266422e-02
5.616813646195506493e-01
-4.999056957707572191e-01
-1.223781808109200148e-01
-8.877048334724594626e-04
-1.573413498018853274e-01
-2.563272129481818373e-01
-7.946138265885553664e-02
1.077926104717591704e-01
-1.051671450892886772e-01
2.187709764134039558e-01
5.058485567252821724e-01
-3.272094889715035926e-01
-2.028445671213793822e-01
2.611495717904134279e-04
9.830164249236482410e-02
-5.413653757412489886e-01
-3.961712891299470907e-01
1.813310024793765851e-01
2.226751641245456603e-01
-2.372650123568383618e-01
2.366621174947504402e-01
-3.905989555830715471e-02
-2.679030781290548946e-01
-2.183160202313374765e-01
-5.876027207236066835e-02
-2.252850454108304978e-01
4.762109403614315367e-02
1.608052668667921681e-01
1.484649247134217087e-01
4.219205905772502874e-01
-4.235017994983480971e-01
9.660668499881780447e-02
-1.987080583775578668e-01
-5.973841521848592684e-02
-1.507561453206714419e-01
8.679008276611571704e-02
-4.725932395310304956e-01
-8.647409040028845861e-02
-6.817833481507445947e-02
-8.828602151409692400e-02
4.992662628338866981e-01
3.132544373291824558e-01
-3.279660498135814617e-01
1.797252512262496604e-01
2.096139006435456253e-01
-2.153890771059670250e-01
4.648426274146831572e-02
1.610633872456418703e-01
-2.477074255758143773e-01
-2.289783895465375141e-01
1.354450339349011212e-01
-1.318967012614387091e-01
8.808581711803742387e-02
-1.085572309893067522e-01
-1.521888754551412593e-01
