1.672943566964752923e-02
-2.762942933481379315e-01
7.058100486109477600e-01
-5.814850833639181871e-02
3.525553714574996556e-01
1.409150484260853764e-01
-1.652607661229135438e-01
-5.388170700444278732e-02
8.409629635246798629e-02
-1.019681187573693443e-01
-1.380678215211315722e-02
-3.300048846866359131e-01
-3.347144381342542219e-01
-1.265370698820863504e-01
-1.464361116953165620e-01
-1.843943454409848470e-01
5.019990126441855466e-02
-1.337750922151992039e-01
-2.070627580898254660e-01
3.385345289419372516e-01
1.392400001072758020e-01
2.559249763945457001e-01
1.066317169537709351e-02
3.877747838036407074e-02
-1.489255287963132668e-01
3.466816954978858556e-01
-6.973061709274122610e-02
-7.214586221604669669e-01
-8.544399827645821066e-02
1.812545152199958320e-01
-2.165611104713155693e-03
2.090287239028973745e-02
-1.200699165838969990e-01
-6.716865371323517409e-02
-4.668482536636602842e-01
-3.674248477736147822e-01
-3.854772223369141715e-01
1.831990704193358910e-01
2.426113525608805388e-01
5.258483917303879290e-02
-2.588708831468890526e-01
2.426751536647092922e-01
-4.551082734621513665e-02
5.928785410699307507e-02
7.067811795102507677e-02
-2.901261019585869572e-01
-2.513912911366901204e-01
-2.019752875828152439e-01
-5.294614687999975589e-01
-2.271734291957381580e-01
3.951949305972325410e-01
3.117421514900866816e-02
-8.709236947039503129e-02
-1.794189145978290489e-01
1.765958712403488950e-01
4.125701425793006603e-03
1.920504185237739692e-01
-1.327741343097213755e-01
3.905943529592090235e-02
-6.005556267985032171e-02
2.211735344357775856e-01
3.098290496008744288e-01
1.757574208658495840e-01
-1.361057820209644331e-01
7.595565631558107156e-02
1.575712944527564996e-01
-1.506679323285594896e-01
8.789708245417607313e-02
-7.094416286794885673e-02
-1.188639960040889787e-01
-1.486639486127228627e-01
-1.077009993718954090e-01
6.442734340977600282e-02
2.129131435127719352e-01
-1.384496649640952481e-01
-8.399650801956405621e-02
1.440173610205929544e-01
-4.158755472656939373e-02
-1.095033644663881769e-02
2.063563304636376883e-01
1.500007826130410338e-01
-2.622500263157862554e-01
-5.279776149365675991e-04
2.511024247060418824e-01
1.809532261763684424e-01
-1.216419612635935843e-01
2.448286025248968267e-01
4.210924395704978007e-01
-1.233641388146436146e-01
-7.355799429245737930e-02
-2.340505779845314036e-02
1.686378139648664620e-01
-2.535399151572347298e-01
-4.707049736627048897e-02
-3.538271884680645463e-01
-3.065612951394451335e-01
-9.190758681357626136e-02
-2.299239742280307641e-01
1.705061934007365276e-01
1.905922659381208417e-01
2.655321586177999404e-01
-1.150218640868467534e-01
-1.027386109153672622e-01
5.350665955704009269e-02
3.514744389303619924e-03
-1.787522986291105453e-01
2.255099202882294152e-01
-2.077651519320636853e-01
7.766879784187354085e-02
-1.827391462264458810e-01
7.784715876669991153e-02
-9.884392734129571895e-03
-2.281657820258422287e-01
1.441829056849469881e-01
-9.943163714806999010e-02
-3.228715570205752949e-01
-3.470621494850693045e-01
-1.147307203957782795e-01
-2.791119674676794671e-01
-4.134696995794541752e-01
-4.166360287524662476e-01
-2.306446768973544614e-01
-2.312013964824522760e-01
-1.960298731709853026e-01
-8.793666798549001906e-02
1.523536368570077570e-01
-1.102130872358786512e-01
4.160505473670632615e-01
1.942925685578590911e-01
1.816501487549042337e-01
-2.838505674465434669e-01
1.248132004174183976e-02
-2.691676323004296156e-01
3.244863522260275079e-01
-3.962272458355922677e-01
-3.140394391325349727e-02
-5.184918308209703064e-02
-1.939130695010584868e-02
-3.241799536118328273e-01
1.326412213549163673e-02
-1.363004379404858524e-01
-4.613157263584972134e-01
2.809993066870377088e-01
-1.345373561747489344e-01
-1.025476492047281835e-01
-1.276659101938191487e-01
2.225401101164073969e-01
2.869895456485922480e-01
-7.090162169774866241e-02
4.080075691534302829e-01
1.822887999840886591e-02
-6.674567532648371937e-02
-2.504519050279264136e-01
1.506891861430516288e-01
3.344094686693132191e-03
-2.600502835857735479e-02
7.963462362630563396e-02
3.738770894843875814e-01
-5.467294211986923474e-02
4.137284519852245102e-01
-3.459819033073446293e-01
-9.931062618337965775e-02
-3.663422969134065843e-01
-3.119671681625344473e-01
-5.837152097092860314e-01
-1.916947473971050697e-01
9.239538348600513651e-02
-3.729839555253224304e-01
1.156354105367602830e-01
1.178096777297291398e-01
-2.507540125493104566e-01
-1.925488419238262361e-02
-3.837437688025769345e-01
-1.505713691816434607e-01
1.202973177759219248e-01
-4.480352263750161934e-02
3.509883023681839020e-01
-1.948814533020835349e-01
-8.953657449326199447e-02
-1.451985384002388024e-01
-3.185143484170092215e-02
-2.598950181400900838e-01
-2.876228887171276005e-01
-2.960691256610685773e-01
2.061184762983930829e-01
3.721159399425092579e-02
-7.218578594590761843e-02
3.325099229362210029e-01
-1.791227953163474496e-01
8.001565319447434543e-02
-1.812506010040784432e-01
1.111712070019590243e-01
-3.974584176412479519e-02
1.021509108743292871e-01
8.428927189552978816e-02
-2.662532292134861187e-02
-2.719564860148485086e-01
2.252873422350600355e-02
1.803085591712079716e-01
1.239270019227250025e-01
2.223187016966119423e-01
1.638737322157957643e-01
-1.385047102417800158e-01
-2.887715240606889555e-01
-7.247055386870075722e-02
1.456944231718252658e-01
-1.730832581209943224e-02
3.356460208747685803e-01
4.775481303988942522e-02
1.955877330091376418e-02
-2.380074540581975442e-02
1.142206069475521085e-01
3.167359542541776929e-02
-9.470792133454308814e-02
4.858466899047840515e-02
-2.053642746027147525e-01
-1.207315463107227899e-01
1.823194356315361309e-01
-2.945093438929371338e-02
-3.657022826941918603e-01
2.224810584768202593e-01
-8.484924311209717240e-01
1.647278205094833137e-01
-4.840370800074830088e-02
-3.625917161799601524e-02
1.178966772242240890e-01
1.620241032078745536e-01
-1.783107205651804639e-01
4.108002891304609605e-01
-1.313740924863268829e-02
1.901675317994923620e-01
2.083202390939913606e-01
-4.053086251349344998e-02
1.667929060700692676e-02
2.985499528704981254e-01
-3.755287947809133331e-01
3.110654381927495660e-01
1.132261472100667792e-02
-1.525211047945927989e-01
-1.913203090719197141e-01
-1.340061183598577899e-01
5.279152482971468524e-02
1.978527542109917992e-01
-1.393089230199285877e-01
1.190786386113402290e-02
4.109248542047268526e-01
-1.534549229613420551e-01
1.637592300705129761e-02
3.015411090027972918e-01
2.925053257067656842e-01
6.993238576380536586e-02
1.996914193886135669e-01
-1.301269378390608189e-01
2.987401714787818463e-01
8.634890451541931133e-01
5.117534353076054199e-01
1.000000000000000000e+00
2.119740802084917608e-01
-1.949407381160006211e-02
-3.073198612867590260e-02
1.653770215042096592e-01
1.657393006444295158e-01
-1.164471792540436590e-01
-4.014860231207197927e-01
-1.734640836811885897e-02
-1.835395751656392765e-02
-3.672198637963415835e-01
-2.298140671929466416e-01
-4.385739453501663609e-02
4.801461616869207027e-02
5.341197404350781497e-01
2.199590407349861221e-01
9.732287727067573391e-02
1.795193919606463129e-01
3.972595488356953086e-01
-1.263114830466913752e-01
1.560446879773288442e-01
-1.417907796494312089e-01
1.310286121496103962e-01
-3.034515621727502110e-01
4.012798909269936765e-01
4.321858729851154601e-01
4.855407153056796182e-02
2.074523005873829540e-01
3.205393101670573341e-01
4.921214555931315293e-01
1.060014217407899556e-01
-7.201741962285379550e-02
5.320730897045030522e-02
-1.294498750162752509e-01
-3.077207186563844787e-02
1.101016444559525520e-01
3.389478142284566009e-01
1.852997786843222361e-01
2.974157707429062603e-01
3.870076242318954973e-01
1.003301882983793220e-01
7.513435649635323843e-01
3.940939627650386079e-01
-1.515709560756307167e-02
3.666911215047912592e-02
-4.325769573466352047e-01
-6.176282411114060455e-02
4.149263306749369218e-02
-1.501551327885971565e-01
-8.637327180216197720e-02
-2.040329704708842007e-01
-2.456997748524609657e-02
-3.040428102042596059e-01
2.866634425617445303e-01
5.157998223545016969e-02
3.221278866190677714e-01
-1.178055914601146142e-01
-1.337104157729914963e-02
2.965377516076605491e-01
-1.348212949683219586e-01
-1.711322668478386377e-01
-4.494260068626709792e-01
3.567941167896244714e-01
-1.005743276727074920e-01
-3.028772768629223178e-01
3.270164687184988206e-01
2.475073365176392107e-02
-3.051241948760603437e-02
1.065119059467891094e-01
1.926098303197443795e-01
-1.250187890985437478e-01
-3.448173932669762465e-01
2.489567545801236667e-02
-2.261142061740233078e-01
-2.493164415188360294e-01
1.766116058378491560e-01
6.056448983808059711e-02
8.171694768878907944e-02
-4.026898082836257581e-02
-7.116132814822312413e-02
4.194867709489786822e-01
-3.482864976883426333e-01
-1.413922597319013930e-01
2.023720997017898204e-01
1.341736060135926278e-01
9.566917491234329385e-02
2.135072345059080001e-01
-6.658115396308246503e-02
-4.186460863886952780e-03
3.992521271203852695e-01
-1.166461323855444709e-01
-2.838970830242395493e-01
1.646851498914559397e-01
-8.812804999404942607e-02
2.558097054255669134e-01
-1.946402391989960901e-01
3.835623641547283857e-03
-5.277116235926532228e-01
3.318104261280676592e-01
-1.828567218779082182e-01
2.886224509770702329e-01
2.289637095949072221e-01
5.827232697726537902e-03
-2.559245302613876172e-01
3.199563657094135483e-01
2.270662836277753116e-01
-6.956408189691724864e-02
1.017146205538162346e-01
-2.864948349287287921e-01
-2.154130029355248444e-01
-1.298005873231309060e-01
-3.214700240441186515e-03
2.410983914751453072e-01
-2.205876130363045029e-01
2.988788989189724576e-01
1.668273334197874491e-01
-8.077531708913646136e-02
-3.373945588653281535e-01
-7.145898770688985380e-02
-4.510419928904461639e-01
2.035433410844322000e-01
-3.066241810872052387e-01
-3.187810921295987088e-01
3.540888485593832735e-01
-1.211914012473641333e-01
1.957659387648124361e-01
1.945504786237227737e-02
-2.510792217830324913e-01
1.708433782991387040e-01
2.404513444121484655e-01
-3.563014633231461614e-01
-2.159999537550548743e-01
-5.095178613326809547e-01
2.419611495681283087e-01
-1.035842235815082057e-01
-1.733891262054642474e-02
1.250935392351436477e-02
2.150773620315100387e-01
-9.524261658069775593e-02
-1.713132880291472482e-01
-1.858543938778056126e-01
2.593379475133690271e-01
1.580988487102287510e-01
4.846738418907691609e-02
1.786114024596621025e-02
4.128033249207137545e-01
1.021452241359672858e-01
2.744989816993204101e-01
-1.715206954852516175e-01
1.575570239419476215e-01
2.822875739754110991e-01
7.060390194753574100e-02
3.790823637420547704e-02
1.401753364331423390e-01
3.034518141341756570e-01
-2.049123897839920661e-01
1.085770305099884314e-01
4.328256717296382616e-01
-6.062647740035576743e-02
5.961783251941416006e-01
3.296841820204325368e-01
5.877302358200277022e-01
5.794115080656777987e-03
-3.088965816856424282e-02
-8.264154259327702312e-02
-1.186317318988782121e-01
3.197894962425501530e-01
-7.097755003213641889e-02
2.053010916857735124e-01
2.120530129067560166e-01
2.253506325958031242e-01
2.329695337463144611e-01
6.192505889248914874e-01
3.005729237918862706e-01
7.629203338770619569e-02
1.125559514103837006e-01
3.698130534740928788e-01
2.162343763243221306e-01
3.556168871670796205e-01
4.747120676585007137e-01
-8.757828787736478271e-02
3.017458668539151345e-01
1.294057440287910143e-01
-2.587430228586696801e-01
-1.707550822393386347e-01
-3.013327818582810513e-01
-1.899884019369920962e-01
3.479361127182974966e-01
-2.380314646934414136e-01
1.636731634317570017e-01
-8.787424575661269277e-02
4.237634374348731026e-01
-2.368675663344812013e-02
1.190856457338302504e-01
-2.713085991711681189e-01
6.469628989311167200e-02
6.159508702692701506e-04
3.745858910493076177e-01
-3.461970654066596764e-01
6.638816083431212101e-02
-2.277886514897842773e-01
-2.676889202776172039e-01
-2.242030594418138456e-01
-3.272372463269847265e-02
3.789598424815626698e-01
1.624384224468263249e-01
6.617578843925808751e-02
-2.001449587485419346e-01
-1.889020814925164438e-01
3.188984473451472734e-02
1.803496354396243173e-01
-1.077323079797547351e-01
-2.372349524860775383e-01
-1.191194593150584069e-01
-7.883275441925990945e-02
1.488516622476538653e-01
-2.096637306479755547e-01
2.491228560384805280e-01
-1.545526149095024018e-02
-8.752915546421351223e-02
-4.771777976297870150e-01
-2.270472705869375774e-01
-1.639329841462520421e-01
-4.190741149296890733e-02
2.471814366238995683e-02
-2.542982789268076124e-02
2.901223774676313632e-03
-3.276453965938158630e-01
-3.730434041868636863e-02
-6.227521481975470397e-02
3.474749870516211092e-01
9.761818872586412732e-02
-1.098346212458478632e-01
2.704231760055693032e-02
6.897628436245860362e-02
-2.276887603594157650e-01
-3.983340165578225234e-02
-4.015132712942508508e-01
-3.380292620652726454e-02
-4.430390558348987207e-02
1.451883020596416753e-02
-1.277630984618516319e-01
-8.519623635134983275e-02
-2.495861532225626400e-01
-1.148073058056890000e-01
-2.961971035877210279e-02
9.084529842133005906e-02
1.811047264560689540e-01
-9.666015580172482302e-02
-1.533711654234349020e-01
1.983954187599564767e-01
1.594661674932139617e-01
1.868782204352533449e-01
-1.491477130879792501e-01
1.428492747525973161e-01
2.494682170360250709e-02
