4.957134789201697242e-03
2.415554842920610845e-01
2.321458418473642260e-01
-1.251626134744003027e-01
6.526597819588910712e-04
2.400505987389511819e-01
-1.875987278843989359e-01
-2.383568830464559696e-01
2.210915281953793748e-02
2.139377963907777014e-01
7.602699800177635525e-02
-1.407468117898303117e-01
7.445128612303850146e-02
-1.501237950900193192e-02
3.676561535296245242e-02
5.110503259959756073e-02
5.922841224471174504e-02
-7.635730337729636219e-02
-2.258792804006055921e-01
-1.485728257705266342e-01
-1.043869379027970584e-01
-2.572257166692126229e-01
1.592960784632779514e-01
-3.228645763786781586e-01
2.808168434041211602e-03
2.212139315519742466e-01
4.708403773361025113e-02
3.744650066200324590e-01
-9.000129385848514019e-02
-1.621786808780271705e-01
-4.841113240813550017e-02
-4.956435849660197762e-02
8.540414875468158029e-02
8.666616170375604500e-02
3.750234901049714215e-02
-6.439339182460279698e-02
2.985769660323399008e-02
1.585389902499256820e-01
-2.505523798394005408e-01
-9.183481289676737047e-02
-1.315417073153325456e-01
2.739810228092515176e-01
-2.077321594688952625e-02
-8.550084797832981087e-02
-1.062464551788023515e-01
-1.043865638039318811e-01
-5.481027997030443744e-02
3.264418630003452886e-03
-2.730931958657323300e-01
6.554781670651435577e-02
-2.157541574692168618e-01
2.471696465986626401e-01
4.400468859421302614e-02
1.160773344651413602e-01
1.161625708301094323e-01
2.041881315226648230e-01
-1.448069666404125933e-01
-1.337985863374891726e-01
2.152625779208649712e-02
-2.394114780835433082e-02
1.739801616257500572e-01
2.693036444244736871e-02
-5.218905540993928893e-02
-1.395221860167225603e-01
-1.725337910797468954e-01
1.826105640712265832e-01
-1.411533818873762433e-02
-7.892838142386304767e-02
3.387117340426368250e-02
1.614421214030396790e-01
5.898654519936806853e-03
-1.500196726460064078e-01
-3.145313159160580407e-01
3.290371839458961500e-01
1.946804406435798385e-01
1.804515151710950338e-02
-2.191561711558602243e-01
6.526770734380708816e-02
-2.678266717332197788e-01
-2.155172293816589590e-01
1.759221422686195191e-01
-1.337298527072852683e-02
-2.499052535148313103e-01
1.960786618221529165e-01
1.663553881010065294e-01
1.285704503947565983e-02
-2.012500371704148694e-01
-1.290901774965172270e-02
1.892071598496068013e-02
-1.066020573005263018e-02
8.320653228120102052e-02
-1.474038925074074580e-01
2.330079437337537751e-01
-1.504534687410034183e-02
-1.206991806713465232e-01
2.215243573888135975e-01
-1.535211578982320357e-01
-2.471649251289288404e-02
5.072989590359854029e-02
6.182368741020709962e-02
3.487197457498721342e-01
8.893190476905382669e-02
-1.219485319682780816e-01
1.386124052351349334e-01
-6.220374466796443902e-02
-1.199513833315800776e-01
-6.829163956207214177e-03
-1.997305423178167838e-01
-6.407400037018071148e-02
-1.114916284547656095e-01
3.853297597946871156e-02
1.686235544869564007e-01
1.424163753175150260e-01
5.220298911980274237e-02
-1.196540176671710420e-01
1.519961408147050552e-01
1.513885974164491943e-01
6.820740032213806758e-02
-1.380703215499389791e-01
9.387201706869690784e-03
-2.203358955767875937e-01
-1.316033199203852366e-01
-1.782854626399124620e-01
8.678803315820771136e-02
-1.379574889773455271e-01
-1.152098132345953652e-01
8.530230271130048725e-02
-1.235235200707166248e-01
8.453799726756262845e-02
1.547410867911606369e-01
1.501334520203173317e-01
-1.353346908685091055e-01
-1.339825216488780835e-01
6.974259994117009212e-03
6.324108811641389327e-02
-9.061788002734313952e-02
-8.756697686775208322e-02
1.708776605110179647e-01
2.064892125421335933e-01
2.494745984913909476e-01
-1.057507724738304261e-01
1.308760474302661792e-01
2.048609552503585507e-01
1.692632887424229959e-01
9.166229028888329966e-02
-5.282991585074536117e-02
-1.799456871073102371e-01
-2.283929947029882390e-01
-2.695281542498526584e-01
1.157948262032042208e-01
-2.043621851331384534e-02
1.765700349153344340e-02
6.652627236133161481e-02
-9.588805135155377413e-02
6.263971291621470150e-02
-1.063607636141694068e-01
8.895550410753816362e-02
2.178218553622143228e-01
-3.647594324839794483e-02
-2.740236558029884861e-01
-1.023757816357991346e-01
-4.775074665099669075e-02
-1.694594736061482559e-02
2.054939621844531147e-02
-6.230439126173059616e-02
6.813257712736905947e-02
-3.576851536836219148e-01
2.156753367491457962e-01
4.611019726105664712e-02
-2.230586409245130519e-01
-2.621439315829340866e-01
-5.376449476426240631e-02
-1.141020270889198975e-02
3.086870885299362044e-01
2.905537789293661383e-02
5.463585855791948387e-02
-3.417387323160634427e-01
2.383550080072162902e-01
9.388652720195345136e-02
3.184399116478463677e-03
-1.202586903816253300e-01
-1.588637431709925135e-02
-5.415076840676863457e-02
5.025950819272861914e-02
-5.277504869149770433e-02
-4.436221996723715283e-02
3.880439224901680029e-02
-8.604323704302926923e-02
4.041262024097733163e-02
-5.362054478820934417e-02
-1.645224225452203426e-01
-9.206542625770887389e-02
1.285230676210666612e-01
-7.523027867543613523e-02
-4.052028934988589903e-02
5.132030510728134015e-02
9.613254180202644716e-02
4.473854767921105896e-02
-1.902583577733567635e-02
6.443497058493603824e-02
1.729449849613201029e-01
3.074579657929495391e-01
8.033516515482655440e-02
-2.410151734154933334e-01
-2.110217805601203311e-01
3.441745938889406164e-01
-1.304271694268804849e-01
4.169046636056832067e-02
-2.616001476972155126e-01
1.376685842908764723e-01
-7.810876145774574286e-02
7.398943719928896545e-02
2.098357818217897464e-01
1.792137736942186685e-02
1.789403017446824784e-01
2.766932495236100742e-01
2.443079932876012772e-01
2.889351723743707190e-01
2.093934415704209462e-01
3.857560442829188752e-02
-1.879920233858776990e-01
2.330138599400739807e-01
-2.155090158505504894e-01
2.604684671805415075e-01
5.176127107030047136e-02
2.993064898454810274e-01
1.968901440909563358e-02
5.093035985164600515e-02
1.087440797740270720e-01
-3.380563367422803611e-01
-2.041127639352185164e-01
7.808567820177256258e-02
1.559297266675131396e-02
1.214837101301243644e-01
-1.141137799403132702e-01
1.746343019855527406e-03
1.351299979361013925e-01
-9.758723654339838960e-02
2.015321140569847069e-01
8.304287437261911875e-02
9.368113945957359801e-02
9.323492833493639276e-02
8.028072093730616310e-02
-7.406698909420472710e-02
-2.972451401972790730e-02
1.513945136227693722e-01
1.165987634160998709e-01
1.777719906834210051e-01
2.878336419267518154e-01
1.005741480752241346e-01
1.476450366007629189e-01
1.055703538133707931e-01
2.134587644295930231e-01
1.465531467041816249e-01
1.458839174365976210e-01
-2.227984631759137857e-01
3.395218532977646586e-02
3.726738640388457813e-01
1.000000000000000000e+00
1.696083775999784049e-01
-5.651795899515128091e-02
1.124142108966855874e-02
1.500344522393067537e-01
-6.847123501538865224e-03
1.448335092708129268e-01
1.122174146730586623e-02
-1.265989006511389625e-01
8.800606390280527047e-02
1.084001864773514873e-01
1.236364213626805764e-01
1.387492845093621918e-01
2.248815635202391361e-01
-3.125732103648391769e-02
1.315552386161646659e-01
2.935581350130416975e-02
-3.554738600438663021e-02
-4.868190594312993280e-02
1.822460886484191522e-01
-5.240238804774795950e-02
-6.833649744061534581e-02
-8.798599419379524167e-02
1.253235671042576826e-01
-8.133850518440251254e-02
6.976504587308089873e-03
-2.280847929266617002e-01
-7.100901912153180506e-02
-1.483395487634107113e-01
8.903699170636655835e-02
1.340295409422335715e-01
5.874600040823963788e-03
1.465514227384066559e-01
-1.437471982254928393e-01
-1.424234994070990301e-01
-9.386265988394165705e-02
-1.952661711535706723e-02
-5.985511529408404224e-02
-6.638924721471445300e-02
9.773769596130220394e-02
1.545407166400757648e-01
4.524267148560570662e-02
5.710041875850030424e-02
1.222452669971893641e-01
2.387791894531053338e-01
-1.220738308216014201e-01
-1.144751662057440743e-02
7.351747593993891716e-02
-6.026985933781865007e-02
-5.815373435189276352e-02
-1.335862372452041313e-01
-2.794224325915255908e-02
-5.421585336479348843e-02
1.224760268866817853e-01
-1.871065458425741346e-01
-6.361161028631912018e-02
-1.593529993892174590e-01
1.748703559257677176e-01
5.829812325744641865e-02
1.519323529919927862e-01
1.672587441478872727e-01
2.506673547745824626e-01
1.137814908298027949e-01
2.357759476583331376e-02
-1.467989511572558303e-01
-1.223905020095168161e-01
-2.423080068221728223e-01
2.936587699406025681e-02
1.019563199489143673e-02
7.646506108210153474e-02
1.776486922090401432e-01
8.616837315666493746e-02
-1.248971211886514415e-01
-6.887703654366719719e-02
1.902040734336933256e-02
-3.974742069759661101e-02
-1.195074245776306665e-01
1.191645191480379257e-01
-5.545886162495132499e-02
-3.211105142727500514e-03
-2.213752195276534329e-01
2.365804995258736776e-01
-1.860058407457049479e-01
8.114670124419461755e-03
-8.007257251921523489e-02
1.502955041815090265e-01
1.461101803622200102e-01
-1.627274168682354416e-01
-1.114144385596679554e-01
-1.432445219717145002e-01
-1.949754158424078787e-01
-1.807166647325776920e-01
-2.056948715823272988e-01
6.566109275351335317e-02
5.028453432088478281e-03
2.537551938582467970e-01
-2.151050385431930168e-01
-7.897633241756336561e-03
-3.370622679400038513e-02
5.087441534992096642e-02
-9.025828344474995379e-02
3.209783606236101677e-02
-2.142424854049188865e-01
1.898851950594833693e-01
7.729881856312652288e-02
1.582155733859301819e-02
-7.845835116790628172e-02
2.965782265814300225e-02
9.050364031134659759e-02
1.081481243439233117e-02
-1.230807326864998864e-02
2.705208159086907455e-02
-1.780583538308443681e-01
1.779638386913286741e-01
-1.031815482776464593e-01
2.076891369826265599e-02
-3.451603525910690307e-02
1.463989545079203147e-01
-9.410493470755039447e-02
1.459051178758520861e-01
1.263315421926233806e-01
2.540306069969270886e-01
4.161751366013403952e-02
1.138514918046898555e-01
1.693543641606918559e-01
-1.316375908423888901e-03
6.211550318969093903e-02
-6.270840076799814866e-02
5.886478270534118568e-02
-5.282003108544143510e-02
1.240948673089894844e-01
1.281707049128022469e-01
1.032589289992433407e-01
-7.742595162058153041e-03
2.602312585608412832e-02
4.624220061128468950e-01
1.941689658334567747e-01
3.535614787596151609e-02
-3.710594315586431685e-02
-2.126213965006761575e-01
3.623820579788127744e-02
-1.395239910242520309e-01
8.576211905720629303e-02
2.357784286883467945e-02
2.100584178581173245e-02
-1.149262637178083413e-01
-4.320949786223476224e-02
-8.504253603564762218e-03
2.332567286553831332e-01
3.290262384820580310e-01
-1.107660436402184596e-02
2.549981005439630466e-01
-1.061253885424133375e-01
-4.728229406253018664e-03
-1.223396317194102023e-01
8.296629478288117254e-03
-1.882964109092681304e-01
1.228421940763717857e-01
-1.728929560844325378e-02
2.289605199108459832e-01
-1.475103450968012243e-02
-3.049073034674465443e-01
7.207859449256623363e-02
5.227725559950164441e-02
-2.011332155061594240e-01
4.228379509090592764e-02
6.365065637407964216e-02
1.309450199055114394e-01
2.546107778691367174e-01
-1.831502862571687262e-01
-1.367959028292108359e-01
-6.733778880442210790e-02
1.115018747662580023e-02
-2.691505775892407137e-01
5.668824456398637718e-02
6.773933046874353048e-02
-6.278814386835562811e-02
-3.732628987515768104e-02
-1.164124942594533946e-01
2.936527532488081987e-02
1.694015139948161219e-01
3.495461442194323226e-02
-1.566703409512606171e-01
-4.267977433842214119e-02
6.977339060809262250e-02
9.435266216321078203e-02
5.232543004452375884e-02
-4.038386132754321484e-02
1.485313111846589540e-01
-2.386663203600426220e-01
-1.776465206775489428e-02
1.029275350409708349e-02
1.910701363318449697e-01
-2.892557386544011497e-02
2.204037900533767635e-01
1.430447900102783110e-01
7.488647463081817002e-02
-1.745744659216008979e-02
-7.080640826599093884e-02
1.621050242778019901e-01
1.584843634162003689e-01
3.442441522481498595e-02
1.043428007361291848e-01
-9.457057735154893174e-02
-1.863498356168221404e-01
1.874601492684298265e-02
-1.529022089177893562e-01
-1.570685524695927537e-01
1.756221462459312543e-01
1.196444175253377623e-01
4.017860779133913818e-02
9.491752438104626710e-02
3.530032937010029598e-02
1.479480420583423328e-01
1.785203330720257497e-01
6.172508226074881893e-02
2.412924730362993597e-01
-1.313899989487995190e-01
7.580791621889436394e-02
4.228639942969621948e-04
-6.656816493480841035e-02
2.026346919386095083e-03
9.263796905686157157e-02
6.671074883282376855e-02
-9.201005814498680255e-03
1.258529126404700216e-01
-1.542390694830550468e-01
5.607160955227512289e-02
2.064331137343697609e-01
-2.794951242034753869e-01
-1.136457217531328528e-01
-2.269686986433995177e-03
1.845007152998968392e-01
-2.909788853871326242e-01
-1.059214522413848697e-01
-3.232694151244305814e-01
-1.674415939064780035e-01
2.347026486056715544e-01
1.032071806268074488e-01
-1.587633911148533805e-01
3.587907711111584103e-02
2.268678438461183833e-01
1.505480134478469900e-01
-2.746291333355054265e-01
-5.613321394701584893e-02
6.837242085283784521e-02
1.081121810620686574e-01
1.450476067503039812e-01
2.337754373398260865e-01
1.101520353006092273e-01
1.875106856662735466e-01
-1.219778915387119975e-03
1.721505545261192704e-01
-2.340937754403600857e-01
