2.146557455793793312e-01
9.535086411005511131e-02
5.191533476409345704e-01
-1.303390902384025940e-01
1.763741323246660886e-01
-1.117455772240867791e-02
-3.652731901078397070e-01
2.677042771829242149e-02
-2.621418976893407637e-01
-5.209359680068886833e-01
1.343062063818718614e-02
-1.492106173504534894e-01
4.249501003505214425e-01
-6.631662972944959988e-02
1.415311599998796688e-01
-1.937470585734336892e-01
5.123709537904475031e-01
4.428716547867545539e-01
-2.450353077680168801e-01
-1.733488774015244649e-01
-1.726188561177015579e-01
-8.045772680531910748e-01
2.172650711142512792e-01
-1.231400556297726767e-01
2.992362152645446360e-01
-3.275859668490321841e-01
1.508507144791833843e-01
-4.568061527271378708e-01
1.309455324518299102e-01
2.124103749475503566e-01
5.713324142227663160e-02
3.723944181536028020e-01
2.213213493283291422e-01
-7.319328846222514229e-02
-5.953413693697467979e-02
5.791790154588912776e-01
-1.489508721079444986e-01
-3.147992895415676999e-03
-8.645122413421560958e-01
-3.182885123459442411e-01
2.631722242430291001e-02
-2.475313146126779107e-01
2.094469256083088815e-01
1.943114965166047037e-01
1.501950537835563815e-01
1.586061156722604337e-01
-1.092858862354592481e-01
-6.222777864252651732e-03
1.235655045532201290e-01
-2.094475527737610920e-01
-1.264912460829421825e-01
-1.980319867036651471e-01
9.856724428625708578e-02
2.671708823816189016e-01
6.484516866552476541e-03
2.968848497955245969e-01
4.280527365934795325e-01
-8.662065969860767434e-02
-3.415182798063982061e-01
4.718743927256879855e-03
2.302939941102478613e-02
1.085825540711327607e-02
2.783925778947334839e-01
3.310441964710429397e-01
-4.207626851932215750e-01
-1.137138831862518490e-01
-4.763604697399403398e-01
-4.862384875438439669e-01
1.324610796837943083e-01
-3.885137528326572109e-01
2.406546262997577221e-02
2.252296284349422917e-01
-3.311208704593950336e-01
1.386373535834904136e-01
2.329417388244256482e-02
-2.110958135424881865e-01
-1.317283425711666955e-01
-4.188975192007756143e-01
-6.584636842568517001e-02
7.638631836975044720e-02
-5.616964184169334073e-01
-3.467362088071456183e-01
2.461889927986475324e-01
-2.247845025765289884e-01
-5.773758023483667456e-02
9.504721574106068938e-02
-1.406850894594743051e-01
1.225817458715411888e-02
1.532883683752949699e-01
-4.019342107215033710e-01
-2.078638214945564278e-01
-4.603702383575208196e-02
-4.253507227698598014e-01
-8.120174890938422485e-02
-5.395162990612354520e-02
1.384767190183091613e-02
2.122526289458331883e-01
-2.696178767049255964e-01
2.680578981230461455e-01
1.491911342610545421e-01
-1.305673296490726665e-01
4.891467541939772262e-02
-1.806746616275040074e-01
4.261864085514024958e-01
-3.489059578591250377e-01
-2.517620980122495800e-01
4.304737594353364588e-02
-5.632781521853817003e-02
8.334141749155951628e-02
-1.275766521627534900e-01
-1.043068782302081499e-01
-5.585000270267924394e-02
-1.150861637136967597e-01
1.188342844765181705e-01
3.129885685644403504e-01
4.099459953869089568e-01
3.688590893001896243e-01
4.825314974632809867e-02
3.305902543704901109e-01
-1.584765660217198613e-01
5.621331570272056211e-02
3.665899471950598287e-01
1.558396672626973511e-01
2.067574587121847052e-01
3.783342780160129509e-02
-5.435923128731380283e-01
8.831603413251205847e-02
-1.197030019925445915e-01
3.771905487502291709e-01
-3.586203794214183338e-01
-3.167259463523989793e-01
-6.015388569886265246e-02
-2.940814748829929590e-02
2.521966114652128554e-02
4.397564233652611065e-01
2.218377936451232657e-01
-3.348482846931324919e-01
3.976127140169817276e-01
-3.656970852521482240e-01
-3.851857254633293537e-01
-7.435233306123585628e-02
-4.587929401660715278e-01
-1.037283127275747396e-01
-6.136779709756435414e-02
1.287408903611062250e-01
-2.097066896268108827e-01
-1.225836048409045392e-01
-1.800579737714415041e-01
3.189098141157619792e-04
-2.339312528425576132e-01
-2.073056844710016722e-01
-1.588115223385775099e-01
-1.232816258704446354e-02
1.262877235352700411e-01
1.432467395922142339e-01
1.288850075517263827e-01
-2.166843139678687191e-01
-2.421574542619867598e-01
-4.753708761307348651e-02
-4.666915238592123649e-01
-1.232882820962946657e-01
8.119439154282190318e-02
-1.177919645505646068e-01
-1.012431011472772480e-01
1.337959451892571650e-01
-2.892083330105243988e-01
2.860989477904805622e-01
1.380833805651943136e-01
-1.636555369204695798e-01
-4.016063951112393005e-01
3.733445000006561931e-02
1.954325871710630713e-01
-8.509957379026314439e-02
1.932665074143682660e-01
-3.842907480042719870e-01
8.684708041911291809e-02
-5.078806565458329203e-01
-1.141218548953002038e-01
-3.721981580689313063e-01
-3.617176896095214422e-01
5.380203402340506535e-01
-7.635743750152861054e-02
-1.430229545344841313e-01
2.317383219307435072e-01
-2.183080664567316198e-01
1.024062762380041208e-01
-8.128325020422583203e-02
2.770532768122889178e-01
-9.053231578282630240e-03
1.474787647375536311e-02
2.403627334274017480e-01
-1.189467019897151451e-01
-2.616023197638213116e-01
1.802511233589337890e-03
6.699310612534405997e-03
9.674939388137289431e-02
-1.593413975824929107e-01
-3.361608670759706485e-01
-1.556348370709191853e-01
-1.623593224616889236e-02
-7.196634440813990397e-01
7.205529143091035649e-02
-1.261946542161377083e-01
2.947053198657705042e-02
-2.306336179763877545e-02
-1.853224120862984048e-01
1.704599824960805199e-01
3.666090999449874710e-01
-4.403912785898163040e-01
5.611076280175687769e-02
1.108317879487895619e-01
-7.643725256171834959e-02
-2.303161384040536275e-01
3.361542170408554076e-01
1.647112095773911947e-02
-3.602977671934348702e-01
1.273766704932792482e-01
4.248732532625238562e-02
3.734834493160503754e-01
7.025220265497589267e-01
-6.608247061199748473e-02
3.315261729921605283e-01
1.723153026522688258e-01
4.746659924446411383e-01
1.010012141495345434e-01
9.149427661690521241e-01
4.732672205766644824e-01
2.726122889149921735e-01
-4.499207894618142967e-02
-3.867488451170291164e-01
2.936507315323064193e-01
-2.251894428548681937e-01
-5.167329456687840689e-02
3.961252399680072200e-03
-5.711689077395090165e-03
9.321260615236512392e-02
2.791545155159482761e-01
-6.345984256709100158e-02
2.328131306301669812e-01
1.019866882535904878e-01
-2.129423657076288667e-01
1.569996170771481570e-01
2.698504592288369919e-01
1.188333203108628139e-01
1.659571997140243116e-01
3.117227923216578933e-01
1.604073605646605394e-01
3.587377443989243631e-01
9.220670356923051092e-02
3.209256703789616916e-01
4.649854008134489125e-01
2.045507198812735461e-01
3.057961062647174821e-01
8.416075508487944612e-01
8.459730161082295030e-01
3.811611321891251736e-01
5.692376996819504820e-01
5.372487251854375367e-01
8.821713960971468982e-01
1.000000000000000000e+00
2.492091783186581033e-01
9.067878851780537819e-02
4.778751477097937239e-01
-2.782103718642092716e-01
-2.283645703049614339e-01
9.148285882634588084e-02
8.547798797704795337e-01
-2.738547524410492873e-01
-1.292543662358325574e-01
1.290374734988199330e-02
6.949842439201155131e-02
-1.176307913501868779e-01
-3.788112043799027884e-01
-5.880530717786441181e-02
2.883732033289575503e-01
-2.813604976261978308e-03
2.037384752335777982e-01
-4.126621008166099225e-01
5.344672038267324066e-01
3.713692049283374708e-01
-2.731734361534591260e-01
2.669769441451579073e-02
5.792881111936629690e-01
-1.735056427125754308e-02
4.069086801693761468e-01
-2.474123730416484812e-01
-1.557123575069631338e-01
8.112576751494710026e-02
-9.681230012485013414e-02
2.848405551248509981e-03
-1.118515802156382771e-01
-3.092905422065921339e-01
2.104876622799898567e-01
-2.638975574415314274e-01
5.021493506123295703e-01
1.558342969951766188e-01
1.519221359717362885e-01
-4.357792256558438299e-02
4.695446229503106306e-01
2.252270769766229197e-01
-1.347162307234181788e-01
-2.180945866441250797e-02
-1.348229163671843533e-02
-3.724024810641855116e-02
-6.997879061724144277e-03
-3.466160739240115723e-02
-1.756020413421067738e-01
-3.525799789063155942e-01
2.600232284237867786e-01
-2.197126190976951277e-01
5.737026569365411000e-01
-9.750922828417007970e-02
-5.965107019316555348e-02
3.593973712157822464e-01
1.694436951540832237e-01
-4.308702016119874550e-02
2.294716723337178188e-01
-9.419176882011376373e-02
-1.055612508191505344e-01
-2.489253140859367108e-01
-1.985108918023009428e-01
1.573155066358737642e-02
-2.367983700344394316e-01
-1.426933684851298401e-01
8.730266454166923928e-02
1.493877941521036257e-01
2.565398282892649394e-03
1.865684041928078463e-01
-4.759786360285551271e-02
2.406118812895402526e-01
3.502094671656327263e-01
-1.816623756263836542e-01
-4.110466363464743145e-01
9.001369249142157636e-02
2.821451782647005913e-01
2.788855328266234279e-01
-3.585531588353326003e-03
-7.429664525056048352e-02
3.613536569802702214e-01
4.310359323345583915e-01
1.461692035561594771e-01
-1.221515943076559862e-01
7.661690713388839835e-02
2.405783629219522268e-01
-1.089806253195776536e-01
-1.303895256819877224e-01
7.428890263272042160e-02
-6.208423396171606212e-01
6.694930644921766316e-02
-1.855899359000286186e-01
3.205134062475852308e-01
-4.143405646464272396e-02
8.684411845527530149e-02
1.097813166868175615e-02
2.598225434612742579e-01
3.488099584911101281e-01
3.528398443066267376e-01
-2.687994997289052668e-01
3.918661412888042039e-01
-1.201943025983654920e-02
1.487074125550698622e-01
-8.239203198942134099e-02
-1.727997946783593197e-01
1.921983128032073510e-02
1.455261650806829316e-02
3.019886643492824541e-01
1.152975662143819330e-01
3.012857151077087334e-02
3.150011652666297457e-01
-2.679288750911318004e-02
-8.105128676893166850e-02
1.954784291454981227e-01
-3.568171514684028156e-01
-6.111275075493490805e-01
3.848192845303949894e-01
3.132412573047767546e-01
2.101094407012570053e-01
9.478490430264810418e-02
2.476359283068201023e-02
-1.577420839066574210e-01
-5.493323974968294943e-01
2.263251329643264087e-01
1.201078498071434519e-01
1.457732881030762151e-01
1.168231719041291639e-01
3.866334915266623259e-03
2.282693772103814023e-01
4.911149091346062590e-01
-1.519642327057329212e-01
-3.519293621771468206e-01
1.592542798850976604e-01
-1.801262886693218504e-02
1.813524582526932494e-01
-2.012051753057913506e-01
-1.864460689366429780e-01
-2.906312321279632682e-01
8.886544315673969296e-02
-1.500921533657332274e-01
5.117014074495498388e-01
-1.643857013589634652e-01
-1.715977269140975536e-01
4.391597934745490317e-01
2.229470259275748711e-01
-1.684382113357341115e-01
-3.563224808267272947e-01
-1.594555962339381794e-01
-8.842744992178229804e-03
-5.674377812033292584e-02
5.046746504357424445e-02
4.569771210792495514e-02
1.871194152472837047e-01
9.620828339249413996e-02
-4.198447172800751637e-01
4.576537197014439451e-02
2.334504301117517611e-01
4.246963590191981663e-01
-6.863977763149609057e-02
-5.840495843699043954e-01
2.083589533326113408e-01
1.726040317434484050e-01
-1.389878710811819629e-01
4.585142612733728029e-01
1.824378495949550982e-01
7.909163501335271518e-02
-1.056885246215383128e-01
-2.308480108852245267e-03
3.324349476711742635e-01
-1.271102033089273609e-01
2.271900487295552273e-01
-2.135533317408850329e-01
-2.161604615935990292e-01
-2.980295917655337301e-01
-2.831400289253929031e-02
-5.210349105627656296e-01
1.582833545451109436e-01
1.904646270434732780e-01
9.058606671551515388e-02
4.811023459711158412e-02
2.406330693960778006e-02
2.688137809661018604e-02
1.082343607776795891e-01
1.092906398542014407e-01
1.525675484087077316e-02
-3.743200820858602618e-01
1.955060677980766937e-01
7.940783434825147979e-02
1.513273059952307265e-01
-1.502624650709042109e-01
-1.481594036322816943e-02
-1.065939857814461739e-01
6.758399974314362180e-02
2.659050619261880133e-01
3.070537628976667821e-01
2.584815708817099766e-01
-2.327012643372858014e-01
-5.551808557862789595e-01
-3.268627199789678195e-01
-4.513152268407161910e-02
4.771505595059166022e-02
2.648658535969731775e-01
2.584275250930380685e-01
4.825882044564465123e-01
6.242702987862185082e-02
-2.201372510485843648e-01
3.837688556937662865e-01
-1.334919706951908855e-02
-2.258146608262647514e-01
-1.929062995328008345e-01
4.928245328907001482e-02
-2.135199270528343185e-01
1.942959246366648685e-01
-1.455499030341906586e-01
1.386422101826292608e-01
4.784293814247336796e-02
3.594127409908705606e-01
3.821232158502474996e-01
-1.502613177588399962e-01
8.021011948015226156e-02
2.433139833560244991e-01
-1.992937273583104962e-01
-1.257812094352841505e-02
-9.814794664955948933e-02
7.895703735792772293e-02
3.978816230185244773e-01
5.904253367938949726e-02
-4.239274240222076079e-02
1.435025587052649876e-01
2.499960347252553339e-01
7.032413995861858114e-02
-3.651525075728015990e-01
1.203406637285382996e-01
1.563904214829822670e-01
1.154713051182308242e-01
-3.531344908472340838e-01
-1.094635954814495160e-01
-9.350199610498900749e-02
-5.353266881168882163e-01
-2.693954142048589698e-02
1.521323109943276686e-01
3.379688125182871150e-02
8.694254734278768215e-02
1.514979145263478932e-01
4.825423810819443743e-02
-2.345896923555786384e-01
4.535654981083591109e-01
-2.771930951023335310e-01
1.454441820261117013e-01
-1.645910050448665396e-01
2.237892038520123694e-01
-3.840540963787157369e-01
1.099217775323800550e-01
3.978798378418847426e-01
