4.078689536155123696e-02
-1.358313521928527501e-01
8.629740667691732092e-02
-3.612107883723471996e-02
6.437547552406337747e-02
-1.036781474356267274e-01
-1.231478327464836098e-01
-7.714174569886607380e-02
3.981879001453231259e-02
1.569246783646450205e-01
-2.111844871025275738e-01
1.168616200513389186e-01
3.277150674429320232e-02
-6.940382886292593978e-02
1.313748638663816970e-01
-1.783193130955321448e-01
-6.186270773052526296e-03
-1.805848557201780377e-02
1.096525547729828992e-01
5.382793882285931419e-02
5.456786050277850214e-02
1.490993662723347213e-01
-2.164717185381829223e-01
3.064092239015745595e-02
1.031030223100792322e-02
-1.555965740939784514e-01
-2.524682434383147822e-02
1.665926812269155344e-01
-1.163342486335464804e-01
-1.961811830454356087e-01
-1.055829793768483203e-02
8.010459150058234223e-02
-1.822046258890687720e-01
2.451396940919117751e-01
-7.708276205847881812e-02
1.448772699311502016e-03
-1.025043374647820887e-01
-4.673726181249598238e-02
-2.562560904701319600e-02
1.053111417360709789e-01
-2.334982864590122997e-01
-1.032882988595621859e-01
2.716340336380408393e-01
2.615060504797723784e-01
-9.887147281086043626e-02
1.892921070201610545e-01
-4.299620039981536662e-02
-9.006052474424948440e-02
-2.557788137451772956e-02
1.007019945473471428e-01
2.893269706520664175e-01
3.010370154979151794e-02
2.848249939620688398e-01
-1.107110959578655462e-01
4.684195880392826028e-02
-3.315591873071345452e-02
1.710452818410602635e-02
1.357142572757273347e-01
-1.115677336710080153e-01
3.626208457582081289e-03
4.312496976875391380e-02
7.454727156680696814e-04
9.660192367384090595e-02
-1.721587145919875883e-01
8.095251784426195363e-02
-1.812568850351481756e-02
1.547229360305327206e-01
-1.682542357336105077e-01
-2.028909096380904220e-01
-2.915316785718258252e-01
-1.076362536466882319e-01
1.506797212815018938e-01
-1.153248073725741535e-01
-1.216288980877870268e-01
4.577459305512134036e-02
6.858575357308832610e-02
-2.468393779173743210e-02
2.903531083752759479e-01
-5.817682885220346045e-03
2.854989310655222656e-01
-1.020371733485135601e-01
1.755648128400321556e-02
1.022655031025946626e-01
6.867425008532723751e-02
-1.733247315650564835e-01
4.316322690258840578e-02
1.364760067180680048e-01
-2.179308774947846250e-01
-1.681344409202787105e-01
-1.550395451187572826e-01
-3.817963815386062748e-02
1.475941900766323256e-01
3.290734673903046581e-02
-1.456563899530737838e-01
1.257021888781575392e-01
-1.534455724274510213e-01
6.337781520185589712e-02
1.363132734457440376e-01
2.661822413974938017e-01
-1.292923531761235589e-01
1.442185627758393596e-01
-1.013471489603385844e-01
1.084470217128300461e-02
2.617484262481370189e-03
-2.150293402504818152e-01
1.956944647696283734e-01
-1.551624608155344753e-01
1.744713443702587130e-01
-6.307201991591956936e-02
-2.455718414565361690e-02
1.557379677775329319e-01
1.737469007975454560e-01
7.427176994178961988e-02
1.672099871934016602e-01
-1.642991081200205830e-02
2.425403353707912893e-02
2.126386187425893803e-01
8.800630076139911995e-02
6.153732694364358324e-02
5.724581119847588218e-02
-1.239175014965794991e-01
-3.432302908458596535e-01
2.506154745033017384e-01
-1.261086299328356142e-01
-1.322617775252854511e-01
-8.098386215338243543e-02
1.192081218206234375e-02
-8.514481919567966350e-02
-1.274125065282080416e-01
-1.984656064182508395e-01
-3.880493842394840825e-02
1.201289663867199514e-01
1.289974547511683889e-01
-3.721689830536147742e-02
7.891065498988363014e-02
-7.897387388511349637e-02
4.914527193992202642e-02
2.646828477828282455e-01
-1.656763796047352744e-01
-1.176832173311550753e-02
4.157248298307313766e-02
3.229425370103113091e-02
1.129948970376366962e-01
8.515066365702407547e-02
1.505166038191703692e-01
-1.607876331187816643e-01
-5.178235902304844512e-02
7.268619942578515014e-02
2.174766826402372774e-02
6.021778014606668505e-02
7.770120747946945849e-02
2.222284297963056932e-01
-3.424991066627250391e-02
1.301967509209645598e-03
1.827823024703055521e-01
-1.719544204182020808e-01
2.616009295397468404e-01
-1.022203331440461743e-01
-2.889913136424512169e-02
-1.532016106697908220e-01
-1.356606362734460482e-02
2.707065379282763695e-01
1.243272292986550009e-01
-3.260691695160349707e-02
7.688472942855480163e-02
6.237939571045030690e-02
-1.236085064266606165e-01
3.114506842727864933e-01
-9.797776342641560665e-02
8.692953946976725299e-02
5.765973215204667907e-02
3.506496515161846433e-02
1.886599558056772652e-01
1.273007586879580932e-01
-1.122607710542724152e-01
-9.173052883568855176e-02
-1.249695812331894779e-01
-2.001875932139986491e-01
-9.655477619106304921e-02
-2.107328853001283475e-01
-2.187364837678150153e-01
-4.427779925772926117e-02
-5.421943839762977287e-03
-1.272925617231937534e-01
2.406623451971531477e-02
3.801989434776223975e-01
-1.554291358148041646e-01
-2.717441953149508233e-03
-1.913384630093996341e-01
1.159613504950356561e-01
3.969121422858799993e-03
-1.198637570563454435e-01
3.827070825234728940e-02
-1.413216778688858311e-01
-3.558124761343119113e-02
1.333204937849370719e-01
-2.076468620169056867e-01
-7.767726531664377598e-02
2.173473475524672141e-02
1.110167741446393547e-01
1.559159449587273760e-01
1.236831800462438180e-01
-1.311403553160096769e-02
-6.051378903771795215e-02
9.787783862825701064e-02
-8.267611108977049317e-02
8.196008946934008055e-02
8.117337051387991595e-03
-1.173479633479659751e-01
4.442183356762490765e-01
1.370734203430355180e-01
1.884779934978920643e-02
-1.452030356139428768e-01
1.400814439127129329e-01
-4.431316970645380465e-02
-7.490233172675271611e-02
1.288896329715895905e-01
-1.735257311820318782e-01
1.838871990762583897e-01
-8.628783215461188760e-02
1.949044115996399484e-01
5.070539252088954174e-02
1.013459924856148914e-01
-9.210520849871865756e-02
3.975397247896478997e-02
-6.095665578896168613e-02
-8.196372475747359942e-02
1.320923722880459339e-01
8.360806449252133898e-02
1.492311670119498557e-01
-1.209494547049587004e-01
1.322847684239040755e-01
2.387045040957718953e-02
2.969341274792997587e-01
6.493093484675531435e-02
-1.596701093838457861e-02
-6.065537872097210431e-02
-9.419631736397823807e-02
1.756081063514935980e-01
9.409520710329793980e-02
5.059761284463722836e-02
8.266102773873622300e-02
-1.119809467695241506e-01
3.252950408922847259e-02
-1.011314488269788314e-01
-3.971239180052221068e-02
2.502569150175026902e-01
2.236984934233116062e-01
3.383166154910202117e-01
1.652650980224104893e-01
-4.459976993976206422e-02
-1.023586940555197417e-01
-3.063311897443127818e-01
-3.671684255377823808e-02
5.114155185454548613e-01
7.340250592136116081e-01
1.000000000000000000e+00
3.870834513722110071e-01
1.398685462578101446e-01
1.322674627841408657e-01
-2.342931380533209706e-01
6.423986859131211938e-03
8.798556504401899847e-02
-1.411664797143095396e-01
1.765539997460834898e-01
-8.366119559713836029e-03
3.007897353059757473e-01
2.792180272486485260e-01
-1.364878676937402932e-02
1.430768760602943723e-01
9.402792917595448330e-02
-7.282932977377053196e-02
2.293104651269263772e-01
-5.463952367662622961e-02
1.655940604296944341e-01
1.540684557644469432e-01
-1.674943230346440659e-01
1.190635112407217693e-02
-2.796860818851555977e-02
-2.306299796332664676e-03
-1.827819827099699257e-01
-1.064586899331899511e-01
2.549178949188632415e-01
-1.934426974784451969e-01
1.699185099135137600e-01
9.741747414224108392e-02
1.918763035934453465e-01
-1.906227729094861489e-01
8.955200238770295862e-02
-4.693214597258087151e-02
-3.744311365904879479e-02
-9.484424666902252499e-02
-1.334557561393210634e-01
6.554353467003126883e-03
8.836191303712780110e-02
5.950021119944205739e-02
3.016890853542528519e-02
2.190454565113884866e-01
-1.042112395541484465e-01
-1.618583539493486378e-01
2.022296166262235739e-01
2.595338095071445493e-03
1.404587010666814850e-01
3.523848229355809325e-01
3.366760152467794531e-02
-6.676909292788270334e-02
-3.674061494792996152e-02
3.328779056145311083e-02
-1.834589657010222974e-01
-4.439923871943673994e-02
-2.002376497082318796e-01
-2.762383297329434328e-01
4.999086946186387381e-02
-2.202903810035360121e-01
2.065284332908243481e-01
-1.163872431270226715e-01
-4.107023783526008581e-02
6.914258124248358339e-02
-7.037161054490811973e-02
-1.124883547546734613e-01
-4.500362038797320330e-02
8.512250992106920600e-02
-5.040566532845853348e-02
8.633960043758706626e-02
-6.605842737611574041e-03
-1.272544741390459026e-02
1.219289765777160084e-01
8.357462946469967902e-02
2.990794112134599614e-02
3.250665860748794852e-04
-2.439101094754689836e-01
2.477062654841053618e-02
-1.914226715973157411e-01
-1.777184128187559997e-01
9.672052381383404451e-02
-3.983709412904862246e-01
2.559023875339686560e-01
-7.021783318759051463e-03
-1.736220494608676709e-02
1.016173529337827813e-02
8.344380367098420959e-02
5.103214320560867795e-02
8.612560152680513725e-02
-2.087432352246954004e-02
-9.825545607150111202e-03
1.255388701100001170e-01
-2.010808484996972137e-02
-8.782925506740985044e-02
6.273569215954107048e-02
1.054769353668800064e-01
3.276346112654810599e-02
-4.751394070948732756e-02
-2.232123314365628761e-02
1.674106591945820899e-01
4.988384895482007864e-02
2.169239585059062059e-01
-2.563254776874986929e-01
8.210775250615827414e-02
7.576452838876070184e-02
8.078676236602119753e-02
-2.130807486509804505e-01
2.697669891018256161e-02
4.334761952402792912e-02
-1.031434988261509395e-01
1.405365836810746338e-01
-3.996030178358568885e-01
-1.346057988031008380e-02
-2.273002834083012735e-01
-1.298702400549950516e-02
-1.271819045726588493e-01
-2.281673388006129344e-02
-4.255476252024573830e-02
-6.424946127019660891e-02
-2.379550656040676504e-01
9.650332902378108701e-02
1.716190768185297810e-01
-4.428351605373660044e-02
2.099402231020495169e-01
-1.493918793013603863e-01
-6.638795572128103339e-02
-3.073806498866473724e-01
8.914891110868992941e-02
2.388585139733656604e-01
-1.965321508392743610e-01
1.663035508660540285e-01
2.123241596695523217e-02
1.897583713593378046e-02
9.731150770059020932e-03
4.800559564112637928e-02
3.414316781622742797e-02
-2.007391251206722682e-01
1.886569757030973904e-01
1.211594249267722301e-01
4.040124129233960137e-02
4.975051145517482565e-02
-5.761037277377379848e-03
-1.081991257279066171e-01
1.818137894244958863e-02
-1.805528313382147865e-01
6.371425220192716843e-02
2.187627692232332888e-01
-1.803400507824745036e-01
7.418557461881680748e-02
-2.407580687232710182e-01
-6.383957036093097781e-02
7.058005321751890937e-02
4.501673813628942478e-02
4.790340645090193639e-02
1.635334064896662443e-01
3.915825086574776376e-02
-8.599957280206270427e-02
-1.035405404332925272e-01
-6.947573154122495265e-02
3.956867595670340160e-02
3.362297945500834495e-01
5.023427352909250881e-03
5.255571708613648169e-02
1.121578661535339444e-01
4.815995963066852653e-02
1.241534137317934910e-01
-1.367581821508890294e-01
6.206943095470086880e-02
7.888417896772338678e-03
-7.315488052508187233e-02
7.780699120983769479e-02
-2.848853259992481513e-02
-1.260964411223706449e-01
-1.389637624343079414e-01
-1.744278282709028627e-01
7.885111874617249661e-02
3.131615466706806905e-01
1.683981228744223235e-02
4.325124580734987512e-02
3.033920060719997452e-02
6.300638799229897613e-02
-8.635264969017940329e-02
1.911921242140101826e-03
-1.342479789285374314e-01
-1.897203942588945036e-01
-6.877943249366003098e-02
1.511858082833226757e-01
1.433107909942875346e-01
1.418372224667589082e-02
-5.050740454364594650e-02
3.450909400646817726e-02
1.109811604597030384e-02
-3.103975769207862334e-01
-2.130540566792092361e-01
1.864002378425379594e-02
-1.353702982734264482e-01
9.313161466812035216e-02
-6.339442610209290729e-02
-2.210385640778914640e-01
2.040136566316606281e-01
2.173209909022308650e-01
-9.346333083511847162e-02
-1.552250429468341741e-01
6.405256804870958220e-02
2.921240135661100634e-01
-1.483092696436830171e-01
-2.272261398927455031e-02
3.656951517796170892e-01
-1.936995781010869555e-02
-1.086312706929381672e-01
-1.308732891605511595e-03
6.282170985838056443e-02
8.544838433741729078e-02
1.347137247392855564e-01
-9.364447100308481708e-02
-2.103438893107318353e-01
2.182415185684367931e-01
-1.071619241318038790e-01
2.982006047875644383e-01
-9.968348926406678245e-02
6.777590673910990904e-02
-4.131486008458976067e-02
-8.498016892408670475e-02
-2.882762158034964939e-01
-6.049547555954550709e-02
-6.538517330970618213e-02
-3.568653400539802123e-02
-2.499554719586255178e-02
3.702728232160449467e-02
8.674314712465729452e-03
6.184740484780773540e-02
6.391786220236100879e-02
1.153914445852292220e-01
-1.877059588637929322e-01
-1.234022110469427391e-01
-1.175263706003536884e-02
1.620736108960387292e-02
-1.064850582399244350e-01
2.905959391732131167e-03
-6.294798849238755767e-02
-1.084827167439742987e-02
4.277764782921280456e-02
1.713887564246908690e-01
1.852942727002540590e-01
-7.453276889302085095e-02
-3.861221206183945154e-01
-9.526392652193756139e-02
-2.634629021183628184e-01
-1.727828187064955889e-02
1.587121958110737641e-01
2.373108164011881460e-01
1.105373422713220172e-01
-1.636292959834609317e-01
-1.303639265933689562e-01
1.737381289031222076e-01
-1.370797357504047742e-01
1.534821625865748218e-01
-4.428530044825493284e-01
