8.244781360334370313e-02
-4.853254587217193522e-02
-1.762348793095273869e-01
2.050459609370640368e-01
-1.907046323854515446e-01
-3.866065223320463290e-02
5.434796266212920113e-01
-2.419382776004821989e-01
-1.896705540452303107e-01
-1.436972902804070987e-02
-3.261128707472027433e-01
-6.100912979140055148e-02
-2.070941190501877638e-01
-2.844028047117085067e-02
2.580456172559405514e-01
3.157660050379339500e-01
-1.794608947865889426e-01
-1.323673103698756737e-01
8.165921441091034128e-02
-1.722685464994036797e-01
2.935553705202021968e-01
2.729245084900395191e-01
3.356492626833001720e-03
2.363668105232031788e-02
-1.338035618024315254e-01
8.264398874504129411e-02
2.256573285374785798e-01
7.856536395976404519e-02
4.215168670683583918e-01
4.918244463364047636e-01
1.909866330707257753e-01
-4.575576153061046702e-01
5.630116692511014792e-02
3.361988750658835290e-01
-2.470955151477198797e-01
-2.112500592930470489e-01
6.818701120185230447e-02
-1.192910911652836636e-01
-3.289547880580804828e-01
-2.240565353358716927e-01
4.931041362766800384e-01
1.888445560469174250e-02
1.032361268202399707e-01
-1.606435497415918401e-01
1.428323783658968504e-01
-1.187869599801743559e-01
-5.384634491169022763e-02
-2.051832735423598716e-02
1.359177791889029097e-01
1.707562597246883029e-01
3.797619967928609480e-02
-1.894809653483194856e-01
-1.180057232104594622e-01
-3.530794781501152002e-01
1.293809566379580389e-01
2.916690690547115578e-02
4.574056915718133220e-02
-2.529262133431499707e-02
1.420702386690917696e-01
-9.439614171153858091e-02
2.916624750481118800e-01
-3.917188343608667411e-01
-3.896713267092773991e-01
2.115479206870783946e-01
-2.824363287439238257e-01
2.313796034737213292e-01
1.245880766583287724e-01
-5.340946020647605735e-02
1.414095459917018294e-01
4.155546398107459738e-01
-1.971348597116564794e-01
-9.194736939789228958e-02
-1.689367117755738446e-01
-2.174629326395968454e-01
4.643357652745781494e-01
-4.777403989639781440e-02
-2.302922531928036642e-01
7.576538823225810459e-02
8.359764771575398101e-02
9.161201975688108845e-02
1.928573088223147491e-01
-2.405477339245952195e-01
4.213042826728947143e-01
-2.167524248827570887e-01
-3.106675226204614337e-01
1.528746311765591115e-01
1.418314596826118767e-01
2.852304495971762499e-01
2.557939097784447946e-01
1.291628266802514469e-01
8.166520366510663861e-03
2.184865189735195334e-01
6.843790345953713883e-02
1.447873346409480066e-01
3.546145580919056184e-01
-2.481444507857240300e-01
-1.989726407108813599e-01
4.963452364844871401e-01
2.971905054196538054e-01
-1.961188562976259597e-01
4.788125297514975176e-02
-4.028566202606550517e-01
3.772078712721838589e-01
-2.007516922519946567e-01
3.397169484059901490e-01
3.284916643543319137e-01
7.893460482820484347e-02
4.902671486016699220e-02
-3.308372359313905275e-01
-6.101999348288383862e-02
2.039980474458188975e-01
2.752483270124381209e-01
4.265959944441777285e-01
-3.419711419413205555e-01
-5.342270208214356941e-01
-3.165689573906594334e-01
-8.465227817645516045e-03
-1.846630641125238670e-01
3.525061255005957350e-01
1.934697196403734054e-01
-2.858598251497989629e-01
1.505475575542230271e-01
-1.690478491515824966e-01
2.087514274924726354e-01
8.657674580556570798e-02
-5.206563757047157591e-03
-6.343831269460220579e-02
5.181893080807620927e-02
3.796122416163570934e-01
2.785519041159089659e-01
3.853141324283987368e-01
4.648978213316036501e-02
2.802487381628229746e-01
-3.573580442503870858e-01
-2.792624750160118685e-01
-1.655264069950570238e-01
-1.196219104549022944e-01
-4.442629062585373712e-01
1.636544661574505441e-02
-4.966500479149137809e-02
-6.068675127865378466e-02
-8.615966484219006460e-02
6.797325347153873598e-02
1.218264275288686999e-01
9.212207512532673281e-02
-1.604880478676797839e-01
-2.312534257743656119e-01
1.111196021509981841e-01
1.602699872190559982e-01
3.021090303532833823e-02
5.685431847587291837e-02
-8.643470739745288955e-02
-1.377997416605069581e-01
2.829995236007598614e-01
-5.101206705601638580e-01
3.193820241286908779e-01
-1.762198133145666812e-01
2.579165186702623846e-01
1.344777615830499706e-01
1.731406058299291006e-01
6.677757915019343071e-02
2.109050192954423641e-01
-1.212347288828863751e-01
-8.428588517879434527e-02
3.132458227141373674e-01
-1.466298159154012237e-01
2.459527154102326696e-01
-1.433827251513860278e-02
-1.495179333204826877e-01
3.750962023167213055e-01
-3.624108344176462521e-02
-7.111957498384520460e-02
3.414290285370583794e-02
-1.360666440448100312e-01
1.786145626111494134e-01
-2.033383263419298870e-01
-1.885688591747669215e-02
1.651317793510050091e-01
7.174159427948932632e-02
2.201557303551534422e-02
2.337924721038932840e-01
4.590729460788526423e-02
-3.520393619100763427e-01
-1.988170063846632640e-01
-3.972325747154196174e-01
1.262353230587954789e-01
-2.840092873537035656e-01
-1.547186644069556416e-01
-3.744306894818419384e-01
3.501332218346024650e-02
2.818016452273386027e-02
9.470623009329606767e-02
6.193810171952212479e-02
-2.197993179974729594e-01
3.439909450484621156e-02
1.792335598739948077e-01
-2.430090543379741508e-01
-3.915940777998663108e-02
-2.564396945847937093e-01
-8.179233227454167643e-02
3.360824195605945919e-01
-1.249180319251480265e-01
-1.392392294572155353e-01
5.521364464898224078e-01
-2.399017848285069088e-01
3.160999857484861897e-01
-9.751522938492322365e-03
9.310064163576434182e-02
-3.617615454061219316e-01
1.290332170212137586e-01
1.754412012208121929e-01
-1.068318436658038662e-01
1.535476832939413339e-01
-1.255897480527786922e-02
-1.054242472105250961e-01
2.413623321125155374e-01
7.823504291961042370e-04
-6.140231226016173299e-02
1.612584902549143995e-01
3.541599583458491796e-01
1.261243181350130693e-01
-1.017506345248968547e-01
-2.140162505738157639e-01
6.173571875409129828e-02
1.106611412509082987e-01
4.185077707425041149e-01
2.916195875629326584e-01
1.768087031561894201e-02
-6.186876037289078256e-02
1.797853106569849979e-01
1.999797990552930338e-01
1.481005646294427380e-01
1.191675124701549598e-01
1.300314104137055560e-01
4.416140272370824849e-02
1.582081333430432613e-01
-9.304150171912596579e-02
1.107867198320767188e-01
2.199164113942512766e-01
4.703118851923014376e-01
2.785487814682375829e-01
1.151630992306929141e-01
1.180140446367137358e-01
-1.814045397730060585e-02
1.518756358015363635e-02
1.641891927689534125e-01
4.414629925709806502e-02
2.931812851243109641e-01
3.177250498999812378e-01
2.906131233174047424e-01
1.148437871582231734e-01
1.035756530930351249e-01
2.018750037255135077e-01
3.846960061241815887e-01
5.839714137335660915e-01
6.569120660859638361e-02
4.241544146293343420e-01
2.803619010965249236e-01
3.367003759408961905e-01
6.589446099919037403e-01
1.000000000000000000e+00
-5.857602822507846502e-02
2.644823560837530341e-01
2.208517492700657059e-01
-1.005484184993882951e-02
2.856515238337063375e-02
4.716999872178320730e-01
4.096438745691832750e-01
4.854148305674034769e-01
5.031025931719252942e-01
-3.709077141051579929e-01
-3.306607511478761030e-02
8.227686841499026738e-02
2.091036155814817166e-01
6.210806353433886290e-02
-2.216540193238234757e-01
2.705547935513115676e-01
-3.514545839224958446e-01
1.741343895234183092e-01
1.986138792787340845e-01
7.955653607898130475e-02
-2.125720119286207410e-01
5.083915349117916482e-02
-1.394670497715156388e-01
3.056174606803661042e-01
1.975939959748453378e-01
3.557333905573789590e-01
5.765195049787816828e-01
1.181436168241817852e-01
8.257952506498635048e-02
1.408519787745352893e-02
3.260775661819156901e-01
1.820922275880427210e-01
7.760388900202035145e-02
-1.798268605175749324e-01
-1.007028909575274078e-01
-1.736214820460895703e-01
-2.588487395325417273e-01
-1.901579407941715941e-02
-9.569447385875845535e-02
2.506528928252328980e-01
5.147673675357482964e-02
-2.180377165926696004e-01
2.625158925915130337e-01
1.533700881846322868e-02
9.628210395522206200e-02
-1.345387871376032274e-01
1.291830408806167452e-01
3.059729038693526637e-01
2.413029403929136119e-01
1.285766866981206680e-01
2.406630291966429247e-01
1.645521120971397688e-01
1.920418153057253663e-01
2.082941024556629606e-01
2.137053361724720602e-01
-3.986413632413730035e-01
1.069259413640692435e-01
5.439546492648515974e-01
3.946666214917309290e-01
-3.381066969462614979e-02
-2.146470199584221417e-01
2.723201364265452618e-02
1.237959387255609528e-01
2.556254249763122988e-01
1.279659415524466992e-01
-2.578648736286485166e-01
-7.482962116217198312e-02
-7.841689029499526731e-02
1.960442161965329343e-03
-1.230959029375024300e-01
1.759450487655245809e-01
3.598801515170042542e-01
-1.669272083083712110e-01
7.099891154090265388e-02
-2.238827498386310177e-01
8.900946875079437937e-02
1.140245836757310949e-01
7.682147889749549319e-02
-7.960107613497650891e-02
1.517689916381366466e-01
1.270245283052848784e-01
3.756417265401933991e-01
-3.817014750198132605e-02
-1.902327136537385888e-01
2.291739261665136917e-01
3.955833733679950948e-01
2.418389441836280018e-01
4.125945016760289297e-02
-6.072216262459331076e-02
-6.779099535995292136e-02
1.937883319797432669e-01
-4.241717192116896684e-01
4.230566051481388090e-02
2.593837483483415335e-02
-2.223377080199416024e-03
-1.453088653891091708e-01
1.000945818280735145e-01
5.050072045583822167e-01
-2.548828040792562866e-01
-6.795891288129156382e-02
-1.117051289447856637e-02
2.049770875580065044e-01
-1.848602038918935320e-01
-9.596643123795944863e-02
-5.877119995584176998e-02
2.255954530304415950e-02
-2.385027428665813243e-01
-6.245204261192235234e-02
-2.335293022852641120e-01
-2.280430810447080792e-01
8.793433852173411502e-02
-1.069139661793465507e-01
-4.807039275474022100e-01
-1.325675727969167217e-01
-3.041172094316733215e-02
-1.371389727382053558e-01
-9.307702678154680664e-02
1.226560085559113200e-03
1.174800664036926429e-01
-9.611511923412212333e-02
6.718770198355766832e-02
-4.668478957422416559e-02
-3.422306261640479241e-01
-3.933317323974992036e-02
2.524125636530394345e-01
-7.389958267981310003e-02
3.338986283128680607e-03
-2.068174857657194277e-01
-5.024597348860749824e-01
3.018877829544361693e-02
-3.106923726510993911e-01
-2.090185834500088713e-01
2.921351697577964646e-01
1.160658835036271208e-01
1.312683453210677087e-01
4.827255761232032150e-01
-8.053643274657576456e-02
8.214506327434369093e-02
-2.772472935343001654e-01
-1.333019659467223894e-01
-2.904529712098789518e-01
5.065598131517937835e-02
-5.207550671448618607e-02
1.855399505364075385e-01
6.266895612895342915e-02
1.639249576977395984e-01
8.483596465514381402e-02
-3.676694716404101948e-01
7.482261299050609049e-02
-3.127260110437920376e-02
1.718147124317134442e-02
-6.385719741684477146e-02
-5.001224785695307373e-01
-4.290070177403770141e-02
5.827689994302066726e-04
2.716105243312803008e-01
2.996358527094868940e-01
-4.174898423856130969e-01
1.853041430094682640e-01
2.002495047455306598e-01
1.740481409512699418e-01
2.027269320364540606e-01
1.715549666681107088e-01
1.330127989658226595e-01
6.834283548942349240e-02
-5.965944804295962578e-02
-1.978171847913564041e-01
-8.274205384634912563e-02
1.000682360489265343e-01
1.644303759342199966e-01
3.021484043419368076e-02
2.813676260021892236e-03
-1.934486788888581388e-01
2.976567461368577194e-01
2.115939133857968613e-01
-2.119342012332624536e-01
-4.473186187712584472e-01
1.462090511893800737e-01
1.694137530409579873e-01
-1.077494277274739648e-01
1.500376734113456345e-01
1.472645545363462372e-01
2.231426355684906493e-01
3.108580328492585587e-01
2.458452692643020021e-01
-2.540308570325309212e-01
4.317421796401917922e-01
1.287511531926763819e-01
-1.638042326422538275e-02
1.608807898737769915e-01
-4.662969383714350713e-02
1.030575355687711192e-01
4.196884178421509404e-01
2.333351283312588842e-01
1.643158884775374196e-01
3.317484145117539224e-02
2.922581555004777343e-01
1.200989329845016246e-01
-4.303949408028549806e-03
-3.447351752120899615e-01
2.616903488330216132e-01
-3.427505230772178724e-01
-1.081452792795940254e-01
1.846181454354751672e-01
-2.997034259355646491e-01
-2.897929407939793256e-01
2.106537871899662184e-01
-6.424905536270511530e-02
-3.420764113414671015e-01
-6.041114014094446649e-02
-9.557467033491955782e-03
4.773915066759651382e-01
-7.815749975127182780e-02
-4.976794625772296143e-02
-7.564793495017117786e-02
3.833199798982463435e-01
-2.350792839323157246e-01
7.732015950105837476e-02
1.160687037750768730e-01
3.249960769410712436e-01
3.161811061527472488e-01
5.576156818666692938e-02
2.647853538831930753e-01
-3.954473548845460762e-02
8.089735965615484081e-02
-2.443726669786866132e-02
4.819492580637264878e-02
4.830347034393408373e-02
-2.572692694211943243e-01
3.256958721945185653e-01
1.144145872894664212e-01
-2.957443230958932689e-01
9.779162103170586928e-02
-1.869881496487762473e-01
3.368868232543508201e-01
1.246735505541581579e-01
-7.169592962864608510e-02
-1.062252828482539331e-02
2.206273906908368110e-02
1.523174873211493585e-01
-1.594149418946202434e-01
1.367657714025908577e-01
-2.086467684789455879e-01
-2.892890745134422126e-01
-8.693917843039340732e-02
-5.533587391911870546e-02
-7.407062284882313941e-02
-1.093561895198156553e-01
1.058915606477061899e-01
1.178363784889839040e-02
3.764504054183625409e-02
