-1.310489337262123188e-01
-3.961871123083238189e-02
1.728257818463327933e-01
-6.937688089902117883e-02
1.047336812569922837e-01
2.848707526848470173e-01
-3.823235889424028700e-01
1.278543156340003761e-01
-1.175737495542357632e-02
3.688961825004996031e-01
-2.811550654539132776e-02
1.882097694888764869e-02
-2.438184977974521273e-01
-1.783365210720234267e-02
-1.574804213303389322e-01
2.112955107504909391e-01
-5.321738120214810630e-01
2.025279899841544301e-02
-1.309909665301265680e-01
-8.098861044935147524e-02
-6.473891572687294482e-02
1.213404762518866392e-01
-1.162732111236698847e-02
-3.716520987716838698e-01
-7.063405557013878455e-02
1.329846532649310575e-01
2.731504865583873898e-02
-2.626997918398301102e-01
1.425298563951680753e-01
-7.950960769218466673e-02
3.022464587442758380e-02
-4.589736925682301183e-01
1.787711713674889624e-01
3.058763643486039907e-01
7.125770221190549925e-02
-5.640407026095472197e-03
2.097015811957321785e-01
-5.594062459640791740e-02
1.803573394053522849e-01
-1.544459006145904312e-01
1.752594492371357393e-01
-5.201170667148334870e-01
-3.157125964845878263e-01
-1.997624090240992245e-01
-2.685994482349400303e-01
5.183812658989875310e-02
-3.050856998492224581e-01
7.126721711354647160e-02
2.894996847532940176e-01
-5.885793933319219406e-02
-3.970638068232590911e-01
1.206658548058246912e-02
-2.415646961283563487e-01
1.873430298626476420e-01
3.108281078446202272e-01
-1.430811250831542925e-01
-2.178745162983980188e-01
1.262691991894296928e-01
-1.109873762024447819e-01
3.229997359501466381e-01
3.423223189858637938e-01
-1.453957011141343569e-01
3.650231772608085457e-02
-1.509708087837818499e-02
2.084813705391727612e-01
1.476608861062222089e-03
-1.268958874868511832e-01
4.593079667528036231e-02
2.833662559183567145e-02
-5.380417227453296869e-01
-2.015100707731406482e-01
1.083337566704866972e-01
-1.495841339781212587e-01
1.689942732599485908e-01
-1.057964402044298535e-01
-2.178643876027172299e-01
-5.040473439861663241e-02
-1.264749878809997563e-01
-1.096570192923767700e-01
-6.415174405355963949e-02
3.546583155033285195e-02
-2.238481887200374221e-01
-2.465217459650826393e-01
7.364923124355327033e-02
-2.265805073892306620e-01
1.572722214612835012e-01
-1.554174478662101733e-01
9.859522616041034582e-02
9.183333716742286823e-02
-1.998722934731942680e-01
-5.117270913183276093e-01
-1.039928286362613585e-01
-2.990848863055790008e-01
9.940264852985349064e-02
-1.975437299874291674e-01
-1.153532196119534808e-01
1.411710845884906751e-01
1.174622922921170730e-02
3.400840177003339876e-02
3.967437931255630712e-01
-2.088314205220975772e-01
3.138765720164536921e-01
1.223835821660639867e-01
-1.105793684593988080e-01
-2.162138944347785086e-01
-1.121308743143141842e-02
1.509637235355616169e-01
2.101356344688026234e-01
1.984627367560352074e-01
3.894180588208621119e-01
3.026909164165718091e-01
8.179501578826355035e-02
-2.971652083491259089e-01
-3.623681011073391911e-01
2.278241669675514780e-01
-3.462588315672707889e-02
2.428644588704054891e-02
1.416402378437096356e-02
-3.216564966132247072e-01
-2.285705626066221463e-01
-5.470555088658395765e-02
1.091381292303671147e-02
1.574190450868599711e-02
-1.132199128855863740e-01
-6.149168802615036233e-02
-3.697895124128370292e-01
-3.187418130474389266e-01
1.110709416933637339e-01
1.186351667085974310e-01
-9.562385642128302943e-02
-6.887672995045428063e-03
1.244192576740118551e-02
-6.202874201768644041e-02
1.135703129590841590e-02
-1.539602820781238723e-01
1.160973590086492729e-01
-4.484569003754598215e-01
7.549287579651821345e-02
2.140547505481751045e-01
-3.349877370082263162e-01
5.546679070700305525e-02
1.227348503011299607e-01
4.058698060359680615e-01
1.865454281979851692e-01
6.887191513242103824e-02
2.791537399637106232e-02
2.981133296179946934e-01
4.062199345803544359e-01
-4.171304528819970159e-01
1.148172517764585177e-01
1.998280843024288767e-01
-6.409526843779278504e-02
1.364715992642921427e-01
4.211429991557429919e-01
-1.254650312209894536e-01
4.755107756319025547e-02
6.198369905936811086e-02
1.315599327517723849e-01
1.194169813472558545e-01
-3.906701417955795591e-02
-5.193258543855446691e-02
-2.847411900756686709e-01
2.539028216440217950e-02
6.191542717277537938e-02
-6.684994987270631572e-02
-3.816373214962147098e-01
-1.031187139579574780e-01
-1.387573342231872287e-01
9.796858910986694369e-02
9.619488183080104893e-02
3.317141001641411013e-01
-3.406357342404558314e-02
4.520137889978447648e-02
-1.613473605400619904e-01
4.313428268433833201e-02
-3.082330881746907503e-01
-1.740911212708371181e-01
3.506257076223887915e-03
-2.233840865644222060e-02
-3.182254124355906599e-01
-3.208620541039870488e-01
-2.765284052311844931e-01
6.122321458253177084e-01
-1.035250563136840829e-01
-1.514667495130213488e-02
-2.211692348854723544e-01
-5.146721169606816373e-03
8.865481696473319351e-02
-1.619737335984053062e-01
8.250456778513802492e-02
-3.410055211672795017e-01
-5.220185822446889168e-02
-4.529809925311083507e-01
1.547155137663930591e-01
1.629672800023941048e-01
-4.742396190851966460e-03
8.401483441562627996e-02
2.711886797662196313e-01
-3.769846566682598377e-02
-9.599788331040860767e-02
1.184881862488441490e-01
-1.031928515710575471e-02
-2.724115332175156001e-01
1.832847030621864021e-02
1.500079171234462994e-01
2.115090493352183854e-01
-3.490181828986949619e-01
-9.132926805897874367e-02
-1.735242509875984662e-01
-3.674437082855578490e-02
-2.979752976665115544e-02
4.664752044060823666e-01
2.191091949934997896e-02
3.594364457119089001e-02
2.018759389428751577e-02
-1.664369991717134373e-02
1.041613704491570203e-01
8.615327148789034273e-02
-4.018592746979309654e-03
7.795443009947812529e-02
2.846109486140608880e-01
-2.781913882395936968e-02
-1.432125406982031890e-01
-3.080247217467737553e-01
2.329592389560528609e-01
8.196803959025478203e-02
1.563079517408329233e-01
6.281764875674937521e-02
-5.990017183667653566e-02
2.135724688203037222e-02
-1.342222377733784666e-01
2.500233717747170625e-01
-4.921714938735791134e-02
1.288713298316667144e-01
-5.929620554277965222e-02
-2.073649977906139377e-02
-2.316560369795134522e-01
-1.222795854767568524e-01
2.892361539195298925e-01
-3.129855423451911589e-01
-4.159751393386523777e-01
4.006005992640192526e-01
-1.249041250712137618e-01
2.436052093934001905e-01
2.084085799129624939e-01
3.547920302327849801e-02
-6.726137472940764764e-03
2.962282463095279317e-01
-1.521876725788371409e-01
-4.971469619073732443e-02
-1.254271476092647941e-01
-1.343989905261473439e-01
3.216966538165269562e-02
6.466076751308759418e-02
6.669621799455748290e-01
1.000000000000000000e+00
5.509947600652498334e-01
3.267172791470449589e-01
1.984289715200418525e-01
7.632151915320246893e-02
-3.048065645476138452e-01
6.193480677788399530e-02
-2.569357178097734229e-01
1.076377939522844968e-01
1.312960961148684769e-01
-1.651591815304244149e-01
-1.396417117810584696e-01
-1.302761967193320596e-02
-4.966554710810398010e-01
1.041796544622729942e-01
-8.083781960478005069e-02
-6.815211406749070722e-02
-2.200693893633150211e-01
-9.600200606172601403e-02
-3.873007245512636865e-01
-2.335161246929041631e-02
-1.370331770183452758e-01
-3.220993217149989429e-02
-1.061403889974131681e-01
-2.221699411654709869e-02
3.010338871320568654e-01
-1.193050933327397534e-01
-1.927654964669169857e-01
1.114236552222490212e-01
-3.247638519539095547e-01
2.785127464958015997e-01
-1.989833597403389276e-01
1.680877507420706352e-01
-4.666232979050264663e-03
-3.001954346943299656e-01
-2.362018346375193562e-02
1.630485295613796903e-01
3.449465484016079886e-01
2.973235650805597201e-03
1.857482203338493842e-01
1.019957460683893063e-01
-1.672311028179786219e-02
-1.147455727415519766e-01
-1.840035555569441983e-01
-1.776600669949097155e-01
-2.072932251685388472e-01
-3.079816637904390642e-01
-3.135028674592081621e-02
2.034533274596817543e-01
-9.199094246173740788e-03
2.956406759306464890e-02
-1.717439239701163134e-01
-1.220502598660122839e-01
-2.897134158615226329e-02
8.141537456751472834e-02
1.704181556099813311e-01
3.269753694561994828e-01
-1.232295597515092322e-01
1.230167047711371031e-01
-9.144284017739329889e-03
2.175210871665352874e-01
4.271149550985481325e-02
-1.999892838342183787e-01
-1.032832348284733887e-01
-3.309633432168024858e-01
-2.116666541001298585e-01
-5.563561975958793843e-02
1.770702921499868465e-01
-2.220461149186743477e-01
-2.166497494668675472e-01
-1.547978309179823264e-01
-1.263968974774389853e-01
1.850675628437114528e-01
1.184264461032807220e-01
-1.962977839795580215e-01
3.809153896216630475e-01
-4.837565816658127155e-02
-2.713076600342557640e-02
-8.337457571143556956e-02
1.325497178300215628e-01
-2.970873868427021183e-02
-1.325299582359108219e-01
2.047804394047114673e-01
-5.865992812919575972e-01
3.790466191358531911e-01
2.465558911900911920e-01
8.057909950224856344e-02
6.405406010436158759e-01
1.989860629094263866e-01
-2.347810185405483363e-01
2.561036374939135718e-01
-1.291005834443223199e-01
-1.790442705375456522e-01
1.699122334956535973e-01
-1.614356812927996224e-02
-4.277339373461490624e-01
-2.846222778598311073e-03
-1.991870798080852545e-01
2.469723182427985553e-01
8.987743661099145687e-02
3.630009502842476143e-01
3.197362350499072248e-01
1.113072808430512484e-01
4.102977790160068916e-01
9.043102123089796773e-02
7.358753290889027965e-02
3.804011709132640306e-02
4.549209047869277184e-02
1.677774791876806559e-01
7.579555745323979243e-02
4.008144018409598441e-01
-2.060096111668700825e-01
-3.366622187060907545e-01
-2.304007498770279105e-01
2.892203228948127536e-01
-1.555965281746374274e-01
-2.091673459937588020e-01
-1.311231301231148838e-01
4.303654212009625640e-02
6.718594515466999595e-02
-2.987811530555647965e-01
-3.626721049129260632e-01
-5.975981549091254758e-02
-9.286575840209111699e-02
-5.490625963890116874e-03
-6.587371445000241021e-02
1.645380548147800936e-01
1.986802524398317144e-02
1.491480935152806608e-01
1.792678800077293355e-01
-1.322080685933076649e-01
-1.669697230157219103e-01
3.720919285596530623e-01
1.324149274416077660e-01
1.042199932501960830e-01
-1.025111550849560071e-01
1.891198457350787843e-01
-1.875462357574922412e-01
3.267639318702577067e-01
-1.714075210761013823e-01
-5.674822733622414406e-02
4.289039544789591957e-02
1.646215417442374596e-01
-1.214935408754672357e-03
8.759140528492123656e-02
-1.537483230711153281e-01
-2.661249624460738095e-01
-9.058319203457233793e-02
-1.706411991286951868e-02
-3.198545988066616719e-01
2.145135315779646556e-01
2.026020991559644990e-01
1.958542416164490152e-01
-1.280044646851430379e-01
3.811701909670792143e-01
-2.096999432760987200e-02
6.060313209452368455e-02
2.254178563166926996e-01
-3.454925617865465572e-03
3.050138193842271694e-01
-2.480825464852344855e-02
-1.117037744946212663e-01
-1.522393720261197847e-01
9.276510886309977111e-02
-1.557517079505389701e-01
8.809517802617718163e-02
3.156304993265117154e-01
2.093645579443048355e-01
9.968195763847564894e-02
-1.605521484615184125e-02
-3.290816390572866568e-01
-3.912537378627425899e-01
-1.512163915072170517e-01
1.033294777518352914e-01
1.028818127928635660e-02
4.029386314649257561e-01
1.396045997710891606e-01
-2.281865873922019061e-01
1.954663592686514961e-01
2.132875767814685075e-01
-1.404791726235168903e-01
2.702297581973926444e-01
2.187917213079985657e-01
1.748043862191781816e-01
-3.359111861428140111e-01
-5.778545930212506537e-02
-1.347677572610493923e-01
-6.615267813237092620e-02
-2.891192899624719925e-02
2.215507872986561266e-01
-2.015173108689693460e-01
2.069115087606067660e-01
4.589808264795611770e-01
-9.446052174440282279e-02
3.372745421238514396e-01
-2.099719193864637845e-01
1.253881062197237661e-01
-1.063751551327543482e-01
-4.016167120516036526e-01
8.965380895371019565e-02
-8.380876316840564499e-02
2.294026131116332912e-01
1.914838816550962497e-01
1.915272476023571480e-01
2.002907896814806743e-02
3.016346062731158906e-01
2.826513212946514253e-01
8.183331260416017161e-03
-3.629510470038105341e-02
-2.372803728334189621e-01
-2.049506324170751737e-01
-2.130595409446272848e-01
2.628324846337532286e-02
-2.034901560737665052e-02
1.243235571370056580e-01
-4.003260167330082581e-02
4.542687132847703646e-01
1.834780372484073538e-02
-2.649529862782325496e-01
4.134789916042015678e-02
-3.456800833362743547e-02
1.318954116730347570e-01
7.677411824382861238e-02
-4.588056080892765481e-02
1.185623298959006533e-01
-3.290257332368596299e-01
-1.923931833394099400e-01
1.169665589589963250e-01
-4.528003853948212587e-01
-9.757182165379239824e-02
6.023671013111265085e-03
-1.064582042629719782e-01
1.751095886422169429e-02
1.893484255556704132e-01
-1.571297981477400713e-02
-1.657149617098892247e-01
1.104112830091803221e-01
1.450562132505570645e-01
1.539253634399133097e-01
-2.243442261880613554e-03
4.905682326626142203e-02
-2.398355009506035473e-01
-1.561857194126959336e-01
1.663394902270616885e-02
-1.134503846503831237e-01
3.223327535483075379e-01
9.153064675954217244e-02
2.823105756558059731e-01
1.857684315387244378e-01
1.615584301370795173e-01
-2.784526481137546972e-01
4.780333909391848435e-01
-7.735131359244525051e-02
-6.940122360637274168e-02
2.429402025576062607e-01
5.360805654390089769e-02
2.617519091278988075e-01
