-3.051173680564457924e-01
-6.531170760312296486e-02
-2.603982708555707334e-02
-2.892398851967017404e-01
-4.014809798594957124e-01
8.941827000229328123e-03
1.673816310766483018e-01
-2.195754144403011254e-01
-2.972554105535172853e-01
2.937752209468014741e-01
6.853420000836406289e-02
-1.643521828320543277e-01
-2.091146485340375227e-01
1.043838058076756309e-01
-1.460699845697283061e-02
1.801298075960227063e-01
-1.648054480467100458e-01
-1.454502892955262250e-01
-3.566286457693611522e-01
-2.576435340682550756e-01
-2.008002481166036024e-01
-1.673639578430659025e-01
-2.355006349216006920e-02
-1.044617947088633120e-01
-1.337396325007269016e-01
8.264979874564945539e-02
-3.405580811035582300e-01
-2.344008344592230300e-02
-9.438883701503535117e-02
-2.650043011756735845e-01
-2.259478558180965171e-02
-1.135433626770571414e-01
2.734355143890856987e-01
1.547086714562455508e-02
-1.334529420288372778e-02
-8.749808228886536698e-02
6.674046615300317786e-02
-9.711605487691343797e-02
2.507495939081683112e-01
-5.023406432713978242e-02
1.996176755336115938e-01
8.928792134630857136e-02
1.189199977265813779e-01
8.316022267002656787e-02
8.813530477818506959e-03
-1.784961538745473975e-01
1.389819514089056518e-01
1.380325801813233333e-01
2.192893164576031062e-01
-2.100773271459642766e-01
-3.561735048511636276e-02
-2.495472985613661210e-01
-3.418809049866795013e-01
-1.340971226444631625e-01
-1.346771527173440397e-01
2.875645710922595244e-01
-1.072225069039614426e-01
2.361833474382908915e-01
6.331490223409601270e-02
-1.311230664037101312e-01
1.544531966439088300e-01
-5.797168622701984186e-02
1.028503682971296795e-01
-1.119382979637781189e-01
-3.246863543450210776e-01
1.985240076264039588e-01
2.380885664877065849e-02
-6.792457040019803105e-02
-4.073104751938000923e-01
1.744276846767350841e-02
4.050310584390625634e-01
-1.251934209798694630e-01
1.212880808443709962e-01
2.093960955400434309e-01
-1.542941659939142500e-02
3.577218321445824883e-02
3.892249880387100430e-02
3.768713375856980741e-01
-5.235807152887512750e-01
-1.082179704851073121e-01
-2.659895959916182551e-01
1.669076201306600171e-01
-1.427001540665422952e-01
1.827187860426219279e-01
-1.031957530815863500e-01
2.254364550733307659e-01
3.866001501655288441e-01
2.497886351873657429e-01
6.641243413236981585e-02
9.232339837921610393e-02
7.007273892886084141e-03
8.986141066317518411e-02
3.267061510605011321e-02
2.397526492543835819e-01
-3.182555185256876196e-01
-1.796031668114940749e-01
2.020110299828773992e-01
1.397048594333755722e-01
-2.021740981543450888e-01
-1.612955836139371435e-01
-2.126692559847682129e-01
1.205981836614189173e-01
-1.542084202356436284e-01
-2.463262739781525365e-02
1.350075354313275133e-01
-2.407492395698223320e-01
-1.167874322831772282e-01
-2.588897593022092547e-01
-4.494127117003280381e-01
-2.615733517110607198e-01
-1.116468612501134855e-01
-3.632311400464215967e-01
-4.526469513497294872e-01
2.091863795035582563e-01
-1.949819638216596096e-01
-1.253594739179678119e-01
1.725620172249718864e-01
3.337072452594185279e-01
-1.405897498114523636e-01
3.870859597575911776e-02
-1.120617883408641866e-02
8.278249321254080306e-03
1.546959988126838104e-01
3.777350501426710722e-02
-4.922312172589340257e-02
1.102600711125257538e-01
-2.847209109899559998e-01
-5.755846215868987148e-01
-7.322666906871083681e-01
2.015217658890873509e-01
1.272674089855331259e-01
-3.816804548064140629e-02
-2.940643822579052102e-01
6.523237526467100256e-02
1.347089468140425482e-02
-3.018154997690510877e-01
2.761404548554455829e-01
-9.007808482596654787e-02
4.483468769704909707e-02
-1.972298228372554862e-01
4.023052128383958898e-02
2.094366200193041871e-01
-3.004186947188091650e-01
-2.583490549545445214e-01
1.809524804348935922e-02
-2.471731205338698611e-01
3.480587666009993253e-01
-4.358944316796734908e-05
-2.315911105978387952e-01
2.223400842836897873e-01
4.760646624832228641e-02
3.607725135508196290e-01
2.584205283046961954e-01
-1.861260367563934703e-01
6.530463654065021828e-02
1.158783563915194853e-01
5.820741733332209650e-02
-5.175845270448125035e-01
-1.740678703561205076e-01
2.634461101996935506e-01
-4.973026509154245267e-01
-4.463134222655354977e-01
1.789274336874282778e-01
-1.776351599393453246e-02
-1.554522162144726938e-01
-3.801851383688873570e-02
-1.559474622818200207e-01
-1.330743290322516093e-01
-2.149648143088852825e-01
-2.912913008376274981e-02
1.595135469169428055e-01
8.911974323709472446e-05
-2.820073045984614751e-02
-4.590447386821333020e-01
2.076546618841192959e-01
6.978129108623902510e-02
-2.083678502607330951e-01
-2.991594573652398004e-01
-2.101650238983423513e-01
-3.302730851559106395e-01
-2.247321679591592625e-01
1.423022867540517933e-01
-1.738797599965300200e-01
1.170519497939932207e-01
-4.052870959724818589e-01
2.964149650057694430e-02
-6.087310473795095461e-02
-2.019782106393011312e-01
1.548531946757233657e-01
-6.408132604646345210e-02
2.432675980697742990e-01
-3.098006317664124265e-01
-2.921352087978917877e-01
4.053205147191623475e-02
2.390025967665271745e-03
-1.473648783510399067e-02
9.817278539763241163e-02
-4.466960708045813466e-01
1.487666545519826800e-01
-1.708964325815152951e-01
-1.034807560770102386e-01
-1.289820805622446664e-01
-1.093129818295620476e-01
-1.130662418836916351e-02
-1.121720112868885150e-01
-1.884577445411888263e-01
4.582626564963897253e-02
-6.068080758669935210e-02
-2.216749346678131005e-01
2.703445667905278182e-01
9.610032578511694401e-02
1.404321801218225418e-01
-1.903480757676366819e-01
-2.010942211232184806e-01
2.058660124113589895e-01
3.545459764752468823e-01
-3.132580830635992020e-01
1.053733309590002831e-01
2.762599319482609839e-01
-2.382767819254751340e-01
-1.793243125497270590e-04
3.867072174649392458e-01
2.727579199617135020e-01
-1.074032483090287260e-01
-1.085742242294215898e-01
-2.761980250371174339e-01
1.705956520301381840e-01
1.945768087437593219e-01
4.801772183858911761e-03
-5.261062806605951159e-02
-3.706578476477967454e-01
1.467261576085016339e-01
2.362284351630898616e-01
2.556715630581284093e-02
-9.105986456887367464e-02
3.341919896514408128e-01
1.842042289799002419e-01
-4.956495857305019959e-01
-1.127796290102213439e-01
-2.603205045319615940e-01
-1.362201943123099168e-01
-5.693264171070552271e-01
1.205583744445177519e-01
1.420741789506043684e-01
-1.312129200196678752e-02
-1.736260420531411108e-01
1.064932054340009815e-01
-2.121449599952310305e-01
2.313246466798836443e-01
3.439015128733698412e-01
2.630451828298692174e-01
3.763699648615909665e-01
-3.401963606244248206e-01
1.286839174929312324e-01
4.961892821783818741e-01
1.000000000000000000e+00
8.182489000256490952e-01
5.670893635572107350e-01
2.263276629624270953e-01
-1.032891682898111757e-01
4.019804470928612927e-01
7.950113365489597239e-02
4.818268598341915454e-02
-2.988511834219823374e-02
3.258105629221721977e-01
2.045575440850999904e-01
9.184553945004921005e-02
-1.036358179496883053e-01
1.283675106109299080e-01
2.323294943714405703e-01
-8.780450273427979624e-02
1.084650691106725379e-01
-2.069185043667684867e-02
3.148850343708606281e-02
2.746828689846539939e-01
7.956161921071640275e-02
3.461722139652652075e-01
9.695171855895343138e-02
4.961557878451446357e-01
5.345135490048498195e-01
3.591889851219703944e-01
8.741097869331861114e-02
3.101900119157151026e-01
2.237336584490021152e-02
-4.260697483981081835e-01
-3.714259674098878417e-02
-6.447215994189299526e-02
6.412487883603931738e-02
-1.278477375942151106e-01
2.954835426217241046e-01
-1.229599285977399370e-02
-5.217727329143532211e-01
7.325601658543967609e-02
6.142031482353935840e-02
-2.104500268937834762e-01
-3.125804074471135174e-01
5.207380215260843936e-01
-3.343220034376718219e-01
-5.467197037766431721e-04
2.010598318263457640e-01
4.395635647094410237e-01
4.372568647383941465e-01
-5.061341776713978308e-02
2.810473878561708938e-01
1.072001885920455810e-01
-9.416292669607287391e-02
-1.547311144484858104e-02
-1.180651684415339603e-01
-2.320975677045464813e-01
8.816116212846249883e-03
-7.099682506867137366e-02
1.926867410350220078e-01
2.469169383172652443e-01
-1.642873540046873859e-01
1.074570827999723477e-01
-9.561423532854353147e-02
9.758057140364530258e-02
-2.549145262026402195e-02
2.076845341064938733e-01
-1.021540783123688900e-01
6.244448951839259854e-02
-1.920852849865051226e-01
-5.363557265508406280e-01
-1.328950004568791310e-01
-1.817595556624155770e-02
1.804112320243715928e-01
-1.037949271092767842e-02
-1.991665416820133372e-01
-3.438330327392692676e-02
-3.089191697540630971e-03
-1.361149598402246474e-01
1.489626926485533853e-01
-3.452325571309653451e-01
4.263966654810972257e-01
-1.472426037029611785e-02
2.088580898635558070e-01
-4.954053323664212027e-02
2.165529839013315416e-01
1.177559072690611275e-01
-2.608355610943074443e-01
1.711752362567286467e-01
-1.803158248816665588e-01
3.810498271547310689e-02
2.942447557347236953e-01
1.468608502037241914e-01
-4.209240228700376896e-02
1.072339087975815730e-01
6.495526236083271066e-02
3.856835698055070538e-01
1.145334433398013246e-01
2.099174787827532973e-01
5.414963679818792473e-03
-9.221868831521344567e-02
-7.298356543930201168e-02
-1.314861613470821172e-02
-3.080935464909461685e-01
-1.191830971530773303e-01
4.251614261341286893e-02
1.340036288744461124e-01
4.594514631460280135e-02
-2.701353316184408326e-01
-4.972931531487336659e-02
7.991111222502474132e-02
-2.855225775026833390e-01
1.527854865357018421e-01
4.227106177105670326e-02
4.952235025926720602e-01
2.712197745224268486e-01
-2.599465248409844054e-01
-2.554665810946911697e-01
9.098633777372334974e-02
-2.093048057965517794e-01
-1.266999743056917427e-01
-8.518434627343628163e-02
1.656159055893453511e-02
1.019641812965449007e-01
-5.447781605310277053e-02
2.848468185299231070e-01
8.848827588777612163e-02
2.887651992610524854e-01
2.082043421412820561e-01
1.173388668058385209e-01
1.279129396043873212e-01
-4.728649338881018016e-01
2.557545112609809213e-01
-5.820225503262831113e-02
6.035793786675976852e-02
-6.313882848505363021e-02
-3.189088455302006159e-02
4.669736188064886606e-02
-2.857726297914907621e-01
-2.249866270136194335e-01
-2.655293700233179455e-01
-4.633294600137578129e-02
3.976215940128473986e-02
-2.744162115851522810e-01
5.588726529472824722e-02
-2.334436795103264628e-01
6.485638631616459648e-02
8.923458477103687891e-02
2.104725010418857234e-01
-2.292726290083088314e-01
2.015436852457284933e-02
5.058858368244145698e-01
-3.100055586850606892e-01
1.055244035736498066e-03
-1.005303583144171176e-01
1.141139359760589972e-01
-2.473818888173451996e-02
1.205530700879254846e-01
9.065658586196580215e-02
-1.788961401097134141e-01
5.737307878752500451e-02
2.018240866302783709e-01
1.842018498868110837e-02
5.167180468487667794e-02
-5.580810588664738559e-01
1.909167844923118362e-01
3.053588235169534260e-01
-4.875455981968268571e-02
7.467170279265307464e-02
-7.895406825251007066e-02
4.690984598074167400e-02
-6.024292768630335262e-03
3.634662806232137333e-01
-9.133873500921355082e-02
-1.091577634769985705e-01
2.657621248887210297e-01
3.564924617826343844e-01
1.380934857347224931e-01
-8.379576422497263255e-02
-3.834774948900188107e-01
-2.339588741373856834e-02
-5.346916326551376386e-01
1.094964245331276481e-01
-2.904152619843715089e-01
1.133778711487885837e-01
1.378945725366846620e-01
-2.170959960423265445e-01
-4.464182367400419960e-01
-1.517382228497571664e-02
1.849738316841439412e-01
1.024924005600326843e-01
1.892523200410904383e-01
-1.417587740700464449e-01
-1.165126239016489734e-01
2.445939052788800028e-01
5.659170626146396016e-02
-3.176692370631974960e-01
-2.102472255252603971e-03
7.466676899161363290e-02
1.440120832172505326e-02
-1.768419593280108060e-01
-5.136585330719471709e-02
2.034341412051462322e-02
1.867382764128083447e-02
1.716381490995231296e-01
-1.091887156188925123e-01
-3.541248536308842509e-01
2.378198972272951850e-01
8.836768123002955444e-02
1.994891457053795877e-02
-4.533139252672686581e-01
1.314933077766550773e-01
3.966754543899810720e-02
-9.374603091605275551e-02
1.337513355574177221e-01
2.559772394170641285e-01
2.822469862673944799e-02
1.440332999237299294e-01
-2.711506433399625826e-01
2.265269392823061195e-02
2.388851551838489518e-01
-5.352978826278474711e-02
2.384453102897042820e-01
-6.293538968688938695e-02
5.654815609919210118e-02
7.526620135856279536e-02
8.859186575952639198e-02
-6.248545131831549637e-02
2.965065997516462271e-01
-1.111150833698864998e-01
-2.521388207345240037e-02
-4.438100575583489582e-02
-1.025228547862546968e-01
2.188979673234354162e-01
-2.271410029638097627e-02
-5.593455531036816732e-03
-1.717985201350807206e-02
3.577769704676627693e-01
-2.963429992901150389e-01
3.449602226402321420e-02
6.256763226577230497e-02
-8.695061284822343251e-03
-1.638720651796592986e-01
9.123355260647539322e-02
1.295174455352437470e-01
1.103410883239941409e-01
3.199069417375791646e-01
2.940270425688105704e-01
2.041310877644131883e-01
1.618801419142656406e-01
5.467132048404445277e-02
1.260297138147693785e-01
-1.774388192919165372e-02
-1.118133917815209710e-01
-7.455442055701858028e-02
7.393163940066009576e-02
2.172838573082106484e-01
1.870826666296536434e-01
2.857723054070123725e-01
3.605563379474508445e-01
