-1.248869307719996102e-01
-1.896916099615360007e-01
-1.355182568799929710e-01
-6.571035001720257340e-02
-1.613955779347014674e-01
-1.937499954237933628e-02
-9.957714576666677753e-02
-4.055668586835495248e-02
1.711410530148300690e-01
-1.361440961287263274e-01
5.697526187121115804e-02
-8.625244445682629657e-02
2.700286953164033887e-01
2.921953376242674705e-01
2.318821351317799373e-01
1.156823179015261799e-01
-5.006204359836121526e-02
4.717197835276387349e-03
-3.373792378109165963e-02
6.830719485887966347e-02
-3.707883243506531618e-02
-1.273889495122212598e-02
6.566340647117055451e-02
-1.262790405138738137e-01
1.216534561217615523e-01
2.508318357468373727e-01
-1.022044697228040727e-01
2.868539127501378849e-01
-1.306963307316597878e-01
8.065236377476282803e-02
2.184071067660886892e-02
1.447560487490672509e-01
2.009380534326752066e-01
1.307791652186509335e-01
-2.026974836670803470e-01
1.636005711445700506e-01
-3.096387147862673106e-01
-3.903282059894134237e-01
-1.619224372229250142e-01
2.829106023575170825e-01
1.747980774791342840e-01
3.134645589054014386e-02
-3.134419980962282332e-02
-5.353253632084327418e-02
5.260891443872393186e-02
-9.077026397733715946e-02
-8.652342825696564266e-02
-2.540525260983489964e-01
2.107287289004986797e-01
1.008841536242925940e-01
-4.122120486856596933e-01
3.306390312098307360e-01
-3.053339632020826699e-01
2.307445450552218502e-01
1.093551623744067336e-01
-1.047548954057251763e-01
-3.724268006596205272e-01
1.433215190877160372e-01
7.767386479960100565e-02
6.585807344652123974e-02
7.547228967728343563e-02
-1.226607556878330507e-01
-2.242863237530294540e-01
-8.946669014319497820e-03
2.234500599844440050e-01
2.481324561020920583e-01
5.290372338124268298e-02
2.248979391603047814e-02
5.138445217486031780e-01
4.472132516622205622e-02
1.372829739473341859e-01
1.486292405759442048e-01
-4.029249667292060522e-03
-2.112045201131487193e-01
-4.737854678837974398e-02
6.733095555895952933e-02
9.803272073980792700e-02
2.677401345187288909e-02
-9.840217142950874463e-02
-8.019356063914427624e-02
-2.743093028001554745e-01
1.190824985388541368e-01
-1.098125521809766997e-01
-1.933668415706691623e-01
2.368787773588127421e-01
1.509338632755297394e-01
-1.638919615544087161e-01
-2.830619488585173760e-01
-7.179559111053608438e-03
-1.239062357779113360e-01
-2.817016055280485709e-01
-2.457049030093425290e-01
-1.727819397276311453e-01
-1.377014450484321910e-02
-7.577588293742101855e-02
-1.709869373619641031e-01
-6.070964002504344870e-02
-8.891734559947653271e-02
-9.898791506881791935e-02
6.655035142491397271e-02
-3.711522655070101373e-01
7.220556765094085505e-02
-9.486252818342627569e-02
1.072134402387909941e-01
1.080356896212244233e-01
1.331198017555230463e-02
6.035297363406908616e-02
4.248333633894603167e-01
1.967812877681713313e-01
-8.045311626007382866e-02
1.264765447218329786e-01
1.758818199021346118e-01
-1.802168560427796773e-01
-4.957644148111556986e-02
-1.028297275231221802e-01
1.670135359322808266e-01
-9.037513296196269391e-03
-2.646311659659333348e-01
-4.007805682961142202e-02
-1.420263262997277509e-01
-6.553389033503674577e-02
1.381028991681075013e-01
-6.596734347112878519e-04
-2.973483621595703341e-01
-2.637893665843860092e-02
-1.137134425057522991e-01
-2.912331124137507166e-01
-1.836699294084468206e-02
-1.335855344704235392e-01
2.795518604806345939e-02
2.989042599034732323e-02
-8.116865104931880043e-03
2.971067395598522495e-02
4.420628292697925121e-01
1.170356885986096607e-01
3.294512734641553142e-01
5.866431179135125906e-02
1.809803472546603620e-01
2.011712666752718259e-01
3.480784533735022807e-02
1.435572503081316287e-01
7.723893623795407004e-01
1.468350133264953450e-01
4.264910337886350655e-01
9.277729815643195876e-02
8.831119594396530381e-02
2.318925954172144366e-01
-1.604144953083199987e-01
7.343109714111670239e-02
1.679684688094937040e-01
9.365397678925563296e-02
-4.006974015495894451e-03
-3.194584444264138567e-01
-6.500606226281660516e-02
2.270904266461343524e-01
-1.875632644642924104e-02
2.256527977068925328e-01
2.092006433116855579e-01
1.500201886078965374e-01
-1.734426565956031716e-02
1.868984121956785149e-01
-9.595363057535648277e-02
9.029021177688692501e-02
3.090215241387472278e-01
2.945319211448777508e-01
3.126549172768186557e-01
5.154241200863044631e-02
3.910756081754100666e-02
-5.127614401911817499e-02
4.062693046623898352e-02
-1.837371290988222272e-01
1.304347702038473611e-01
-3.947462704332085348e-01
-1.718066683214740098e-01
-2.516465986830962454e-01
2.138459165551790664e-01
1.121480875004389997e-02
-1.595893518005388895e-02
-3.591470482867727826e-02
-2.254270126623735548e-01
-2.027137536890328551e-01
2.209790509976748973e-01
1.711240083217761554e-01
2.845822195071932570e-01
-3.213071010746211265e-01
-3.978212312426807618e-01
-3.312469241720472635e-01
-8.289293998715323297e-02
-1.345788192052507493e-01
2.447919353771479678e-01
-2.493307414720915827e-01
2.638162098070128692e-01
-2.169835090390914989e-01
-4.425988597660871493e-01
-9.639390671789613285e-02
-1.570363963582734335e-01
-2.222230486393354520e-01
-1.307217044744010681e-01
2.352931633900992581e-01
8.574314382281414404e-02
-1.075823091833033734e-01
1.621819253565967567e-01
2.764739973252483204e-02
4.158186334343959289e-02
4.549548088156793457e-01
2.423199574580262861e-01
3.083761111794442247e-02
-2.726870787968511123e-01
7.567141219844635003e-02
1.816679766129597196e-01
-1.239114651045913201e-01
1.458922838930541144e-01
-3.565350148256555274e-01
3.655384233731909238e-02
1.204947535869987374e-01
-2.533129851707665026e-01
3.422281962502414232e-01
6.837886410217676458e-02
7.454215102318295649e-02
2.358062703374651237e-01
-1.795132572270849046e-03
1.258158402289326905e-01
-2.798102476314383563e-03
2.199439273466936295e-01
-2.038232574870554314e-01
5.801832827492477834e-02
5.102330076674679860e-02
-2.737733389009218143e-01
-3.500161071926252004e-02
1.965455574379893489e-01
-5.729628760505175306e-02
-1.474363199522815970e-01
-2.841974171069259689e-02
-1.530493099266098944e-01
1.112224149866938711e-01
3.356236554402058231e-02
1.207870352924567646e-02
-2.862432494490856905e-01
2.311515060376382880e-01
1.525167666372476416e-01
8.137660272254849947e-02
-4.786298556365352341e-02
1.164437469970165812e-01
1.693789804025402912e-01
-8.859871121784200498e-02
2.692695926081571378e-01
-1.196985264378873648e-01
3.717484017960910325e-01
-2.643975739051071180e-02
1.000000000000000000e+00
7.183729054190692853e-01
6.326255636245127212e-01
1.992761227875534946e-01
2.533902041824785956e-01
2.597510633922358037e-01
1.142973759445343046e-01
1.692807754098804851e-01
4.840058771209719835e-01
8.368393721611187830e-02
4.389508725738666683e-01
2.166218075827128220e-01
8.397080444450007175e-02
8.881694277400861703e-02
1.644729893830908229e-01
-4.619272483025489012e-02
5.060274394159914868e-01
1.420917293515931712e-01
1.883095049404285293e-01
4.591160222504232086e-02
5.469473722052129450e-01
5.267322326794980636e-02
2.978923938050624387e-01
6.488783947970838684e-02
4.192393565663883326e-01
-6.630868295213387942e-02
1.277787792625756924e-01
1.545422701547971289e-01
-7.633508919526840741e-02
-1.236414493465954195e-01
-1.521323418681908846e-01
1.308889932452444171e-01
1.672018114259373744e-01
-1.865540906633112936e-02
2.856115328281838006e-01
-2.234344375628754542e-01
-4.318148989699391871e-01
-2.440695072233621810e-01
4.515420384376124252e-01
-1.698830497810615570e-01
-3.707592578636360880e-02
-9.383845137127654751e-03
-2.482838085981727699e-02
-3.765837662837195898e-02
2.119864131762140558e-01
1.426112283741381992e-01
1.299788048943100183e-01
8.062562776903174286e-03
3.663721113810581298e-01
-8.305312801527973965e-02
1.683632266448748527e-01
2.232083255081002138e-01
2.876817805752631130e-01
1.767769006828792955e-01
1.178467042114771657e-01
8.726560660601541744e-03
4.425614095019234639e-01
4.060620534360333267e-02
-5.442277902843973766e-03
-1.650948271669979428e-01
-7.449572978724788852e-02
2.149137759950350834e-01
-5.177685355819763163e-02
1.542044604378465522e-01
1.858150581468368256e-01
-9.136665993776020567e-02
1.301635931810341540e-01
-1.985054633456736495e-01
2.185554981827816101e-01
-1.003073870801470396e-01
-2.810672425232598748e-01
-1.931946427279230827e-01
1.421899346410016307e-01
-1.292819442993998758e-01
-2.405819687692366815e-01
8.282972790286277642e-02
1.947863896939585893e-01
-2.217529478680458840e-02
-5.754170295609412067e-02
2.932327816673756596e-02
-6.059942466288087415e-02
-2.596597093638760775e-02
1.359172082159042227e-01
4.120008451316512638e-02
9.607811209117823881e-02
1.031897459980838511e-01
-5.133522654928271943e-03
7.286220075750077588e-03
1.150345921169839275e-01
-8.235426429395399650e-02
1.309852564553468622e-02
-1.027588329509387527e-01
2.647114841071800395e-01
2.691163776585204781e-01
-1.159068813559395450e-01
1.454078449694244102e-01
-5.607734356109710105e-02
-8.249372705108894144e-02
1.025119956251596687e-01
-5.224734662154719572e-02
-5.779351067905198064e-02
9.744465382906000728e-02
2.259973878731808827e-01
3.921744714337828119e-01
2.417353765672285160e-01
4.292031488498264380e-03
-8.351664785177127792e-02
-1.384427126049832257e-01
2.080322559044550657e-01
-6.723959672245256869e-02
-3.217861162619514714e-01
1.256285345578623258e-01
-6.296835500474683156e-02
1.858851729431211172e-02
-2.296190351212879649e-02
-5.404757875899880021e-02
-7.885704096734853785e-02
1.244175326731427611e-01
1.226515850732591978e-01
-1.839624033581705939e-02
-1.796913553082432960e-02
-5.068148928822135968e-02
-1.993424335562495320e-01
1.702748357060304418e-01
-7.100799751697578488e-02
-3.815928013195393070e-02
-9.622015853295950993e-02
2.259073182624177778e-01
1.250193497873142157e-02
-2.928557257416900678e-02
2.025141746527134995e-02
-6.843316568834002800e-02
-1.316967810258098115e-01
-1.175186449254534415e-01
-1.045519015181702732e-02
-1.735652544686968335e-01
-1.712019412341722335e-01
2.472749550301439336e-01
1.070092802181023608e-02
-1.140340120814401087e-01
-3.007803078729655577e-01
-1.403130634565591395e-01
-6.602685138263499065e-02
1.508999674088321585e-01
1.849077755543827584e-01
1.274988857061623293e-01
-2.881085636031582298e-01
-5.456591532979331721e-02
-2.026833449411054658e-02
3.181075232693170163e-02
1.888665818913396743e-01
1.369041014690250413e-01
1.294283147249582211e-01
-1.890525974464448422e-01
-1.631254959098076551e-01
3.659128531258518113e-01
-8.143129149590042082e-02
9.933321271567396860e-02
-2.329843454095286148e-01
-2.225471074110338399e-02
-1.722328036006292029e-01
8.361575606998082610e-02
1.099577594129191038e-01
6.901981270154257386e-02
-6.957811632733748586e-02
-2.327803810456229860e-01
-1.749519406226276441e-01
-1.616167796208253515e-01
-1.123102905849115013e-01
-4.410446455654008606e-03
-2.045982436235505297e-01
-6.197836262209135277e-02
1.738824671723309956e-01
2.929583171005502029e-01
-1.849831893020021378e-01
-1.087475973126432877e-01
1.648692968574111128e-01
7.953027112624722061e-02
1.357967266208492084e-02
-2.958425516893111243e-02
6.137047233052662920e-02
9.549682384931311441e-02
2.584205503888855060e-01
2.654874385222999109e-02
-1.033316141235872876e-03
1.471383461734253606e-01
1.172183474300293737e-01
-2.450643411520240234e-01
-1.106305386468113272e-01
-3.928815367492412974e-02
1.524745412757581298e-01
-1.551530665015908306e-01
-2.273271920606130259e-01
-2.047654051753082238e-01
1.331283402604551414e-01
-1.413071230108559340e-01
-3.292388525347403339e-01
-3.100489660436886452e-01
3.834903940936637556e-02
-1.693728477019669221e-01
-1.415885666513007346e-01
-1.975288358199875915e-01
-1.148256575644613850e-02
5.407095115574266087e-02
2.155392285017088683e-01
-4.608696471716817317e-02
3.435707203649353558e-01
2.413524354335594702e-01
1.009631843202258988e-01
-2.831709993949894644e-01
6.963945383962384661e-02
3.129882733767801462e-01
-7.489319808125642630e-02
-1.081719257330027301e-01
1.481771504023688124e-01
2.219826032403795779e-01
9.011878991891491761e-03
2.905791206742458499e-02
-1.059244440777607210e-01
-2.103028526992128666e-01
-1.466789584735738450e-01
2.456393667633674505e-01
1.223993903114931336e-01
3.330649109452594320e-02
-2.503292550884819723e-01
-7.028918260222580261e-02
-1.278232015666396770e-01
-1.288647174411682306e-01
3.307114765475946405e-02
-1.633298473125214811e-01
-3.509322893037524621e-02
-1.363631668758517046e-01
-1.825828794391952947e-01
-4.771441789877206574e-02
5.149883126945292017e-02
9.527329622104961648e-02
1.436511954999489804e-01
1.092116344625790499e-02
7.206223257690072548e-02
7.555170785715402404e-02
-1.714475502529930195e-01
3.145163603890568232e-02
-3.096974033923832192e-01
-7.898662459074012876e-02
-2.032605626869497251e-01
-1.229879102646252303e-01
-1.651178764513182295e-01
-3.309445586856870486e-02
-4.817018998564781551e-02
-1.247962777839858040e-01
-3.426962357674425558e-02
-3.013092975067271362e-01
2.422901292080868463e-01
-2.025148228187733865e-02
-7.126561571829254094e-02
-9.637781337104487332e-04
-1.997751550234545537e-01
-6.264119790565876589e-02
1.785804266562335263e-01
-2.025770012421694022e-01
-7.366205133537102878e-02
3.377001294784339868e-03
-7.248514032046562972e-02
