2.179578726265221922e-01
-7.313914531304348265e-02
1.036547492066326737e-01
-4.862572430124932968e-03
1.230742304891635844e-02
1.161402828194790238e-01
-1.533534098691439473e-01
-3.379403775362060242e-02
2.908701299947413221e-01
-2.017089906904033780e-01
-2.102271392410635584e-02
1.006015931371463945e-01
5.798508033369450393e-02
-1.559767556077880923e-01
-2.202489214483317748e-01
-3.616938901097484227e-02
9.294584189823587583e-02
-9.609991740764226020e-02
-1.181073328969916014e-01
-8.271519219511754006e-02
1.858983298301223469e-02
2.617876881258817123e-01
5.410116130797056749e-02
2.939097859940992818e-01
-4.672956978569574316e-02
-2.819100143813983023e-02
-4.635031203837158831e-02
-7.617871894985758785e-02
-2.250085619930016489e-01
-1.804107561432071460e-01
-9.641817775177985439e-02
6.943115903409849410e-02
-6.248464186946506467e-03
-1.028068740814778170e-01
1.222855670538070261e-01
-3.944106266792775373e-02
2.470721237634219969e-01
2.120874173090911974e-01
-2.946685082081372808e-01
-5.768960918837105767e-02
1.127082197781513334e-01
-1.026342646748033549e-01
-6.128883199489067873e-02
3.696684381460013311e-03
-8.664679460427975044e-02
7.430385635517258724e-02
3.512487658027639570e-02
2.879567086405779297e-02
7.868260832923687498e-02
1.372157061519655441e-01
-1.681869234778896049e-01
-3.763066584241936408e-02
-2.596711069224573731e-01
-9.843723795937824733e-03
-3.890331477245663472e-02
1.989450305402408192e-01
1.270209322789802031e-01
5.198936856332757317e-02
-3.006619413926789677e-02
-2.516102669070911790e-02
-2.036365731944788648e-01
1.224082430653551518e-01
1.562989788261822943e-01
-3.021089545862463283e-02
-1.557951258086233970e-01
-1.121502148518995629e-02
-1.738553748573742064e-01
-2.456576978053029089e-02
-1.856000626393769504e-01
2.085161098387491169e-02
-2.018701780646600316e-02
-1.593281699833978549e-01
5.961776888652866452e-02
5.192401551610709848e-02
-7.680390721714865088e-02
9.517985619112302731e-02
1.727642933864465824e-01
-6.396817995853532057e-02
-2.570190275119783041e-01
2.744405258832621763e-01
-2.495245876809361676e-02
1.997857635071050852e-01
-1.255094752880495101e-01
-1.597897692365196909e-01
6.768157356138160274e-02
7.193465629023636232e-02
2.127149582963746566e-01
1.963871202113609826e-01
3.412111177085867808e-02
4.256041739163301391e-02
-1.616080721113392071e-01
-2.829094744257435456e-01
-1.317441194761632683e-01
-1.777174483563491447e-02
-3.784705745178714581e-02
-1.299695305179482743e-02
1.515361386517179720e-01
-5.424243657891848758e-02
-1.335809796160730145e-01
1.704579899609022231e-01
9.402967687650083672e-02
-2.252840934403735340e-01
-1.129338801704669326e-01
2.281893889289354216e-01
-1.363095531545805740e-02
1.273425569780074484e-01
5.478247485431195912e-02
1.189267214379580717e-01
-5.805144533908392079e-02
-1.202707518768482003e-01
9.136539778947508350e-02
8.736276594973133025e-02
-4.507237917147886852e-02
-1.056373226240681223e-01
9.934917298700926547e-02
-2.106542766096540231e-01
3.850089572556571887e-02
-1.259749553761558005e-01
-1.180669780455031598e-01
-1.789821151438668878e-01
-2.157982941134082844e-01
-1.744850631480488745e-01
1.377130158538724947e-01
3.303172346327499370e-02
2.816434918654155406e-01
-1.143908633746683889e-01
-7.864047859838152466e-02
-1.799083892463232970e-01
-1.422408624753803037e-02
4.506172665288117607e-02
-1.020211733757546424e-01
-3.592872306163477636e-02
6.792828799484285085e-02
3.878819273194082651e-02
2.475181376598301064e-01
-1.070283335926574542e-01
-3.608558921511071382e-01
1.201021706919610035e-02
-1.790239981103549094e-01
-2.229004029957040722e-01
-4.969699964871921588e-02
-5.321258055585201957e-02
-5.193342534763482725e-03
-7.225498189848551800e-02
-8.815614726566815829e-02
8.979700897791877134e-02
-1.180096924419417152e-02
3.755463993084820484e-02
4.916581443512863664e-02
3.143317655272790528e-02
-4.724523133609177805e-02
8.844317455631578451e-02
-2.150072261287539477e-01
5.381514336989223768e-02
-6.779217523277580870e-02
2.377884514284454576e-01
1.660538099838116191e-02
-6.759159572200028332e-02
-3.013049486007013736e-02
-2.214201324304179361e-02
1.440816684745109821e-01
7.125592220575839575e-02
2.386148000546281164e-02
-1.043109631517562669e-01
-3.764693240431558202e-02
-2.797591120187808283e-02
2.459786065536979371e-01
-3.224980120750364776e-02
-6.571297664919170667e-02
-4.028726660155941552e-02
-7.744558878822946357e-02
2.242426556263634463e-01
9.275746108447514848e-02
1.931608382551129321e-01
-3.821810004537778971e-02
-2.475130173996430150e-02
2.702148347616228352e-01
1.442079569081196888e-01
8.392477845786418256e-02
-2.435521264982679901e-01
-9.969656075228346126e-02
-2.217652698607398831e-02
-1.553362106847331059e-01
1.200673842257407309e-01
-1.475183568756000818e-01
2.081882637021213178e-01
4.521784275575838064e-02
1.894638542907015055e-01
2.270416863678872965e-01
1.136510912643478623e-02
-1.415302003790615271e-01
-1.226293627427886557e-01
1.836830083659182072e-02
7.287215912584817101e-02
-1.607005209785926092e-01
-2.729441160515663420e-02
6.920048246158365390e-02
7.220574875149861349e-02
-1.878981495395267570e-02
1.403826422662355668e-02
3.390515329949499168e-02
-2.235289972889226429e-01
1.892954144776884118e-01
1.339833757116038193e-01
6.764627492533069331e-02
-1.109741792939213517e-01
2.080506631932964867e-01
-1.198046119088442829e-01
9.163430225584012767e-02
1.700928518642272000e-02
1.546982225954531276e-01
1.348080698379748033e-01
6.525482281069980295e-02
4.104158987444292417e-02
-5.816943625640775412e-02
1.395917996517687665e-01
7.008685519632369687e-02
-9.139423645194978685e-02
-2.448466763104030150e-02
6.578321988395845199e-02
1.105702108067534856e-01
7.999713924623026717e-02
4.051626839739703306e-02
6.291099206270885091e-02
2.167289632486085194e-01
3.694119687679987135e-02
9.092177730455783258e-02
2.410165079999293872e-02
8.013106531621118356e-02
1.718601056290577633e-01
-7.797444032479207421e-02
-1.308914765709760786e-01
4.901584893729669760e-03
-1.941508572095893559e-01
7.867257532230251260e-02
4.479480280574090617e-02
1.835866489382213251e-01
-4.102187887744117301e-02
7.022140045469624225e-02
2.447813010272307521e-01
8.706780998169913466e-02
-4.779051415963828792e-02
3.262710837134557007e-01
1.993826839240563364e-01
2.737791513785971520e-01
1.278233113593338077e-01
-1.314382865299902892e-01
3.540930340703991180e-02
-5.893926382627219518e-02
-1.295310161478906152e-01
1.044450729897817703e-01
-5.437937720784567774e-02
1.023367482878496521e-01
2.841259337776042004e-01
6.395306632813959613e-01
9.047907181075774963e-01
6.615253219226053805e-01
1.000000000000000000e+00
4.353413665016455103e-01
2.667919985089258761e-01
1.264191307503383932e-01
2.060483768197880206e-01
1.399044863208421252e-01
-8.024742262357322572e-04
8.787142841836791118e-02
3.268991615265794404e-01
1.374347799315085716e-01
9.008058987440460685e-02
-2.232315858926087193e-01
-5.089360362424340950e-02
2.187418591668657264e-01
9.027155015003625327e-02
-9.157310073887096891e-02
-7.012967128442020200e-03
2.561378753944992814e-01
-1.688136195144272489e-01
-8.088840673317999885e-02
1.362783874076700097e-01
1.151967712117201309e-01
-8.153312222943570609e-02
4.370582729043081399e-02
4.968975217651715182e-02
6.897298517311778454e-02
1.770967234079056929e-01
9.422806741284728282e-02
1.778365347116175887e-02
-1.162776782349818627e-01
-1.148279224213980161e-02
-1.189455077272698197e-01
3.254808616590790238e-01
4.221288557028081423e-02
3.641098292987225704e-02
-2.831966280323083285e-01
-7.944587321721327533e-02
1.175264206844077453e-01
5.823344495667326370e-02
3.146702299952546245e-01
-1.462425296410532205e-01
2.861926200542583287e-02
-9.915065971987717386e-02
1.767238852659384629e-01
-3.656976509857095409e-02
1.796189019627305317e-01
-2.481582933982542927e-01
6.636635948014193986e-02
-1.586165132672100186e-01
-7.286089100399034679e-02
-3.711268156459736622e-01
4.460338454082190575e-03
-1.498317204201703723e-01
2.504098713847519586e-01
-3.060398468530876534e-02
-5.224510567162198721e-02
-2.809794781644241457e-01
-5.511419587986798180e-02
1.493771983699526407e-01
1.209576164701728629e-01
-8.228507373938490077e-02
6.716151469590628253e-02
-3.283093105394876421e-01
-2.346529809867277383e-02
9.856153039449604136e-02
-1.596897387007187030e-01
1.621406781669541275e-01
-8.421205740081424973e-02
-5.193140736765135962e-02
-2.095895198820818886e-02
1.269832134210764109e-02
-4.449349251102497488e-02
-2.031931610647509656e-01
1.255928261464239748e-01
-8.944776723260115803e-02
-7.149285496132352924e-02
-7.746381660313683692e-02
1.270799054328253797e-01
-4.598575302599247627e-02
7.059496049335947654e-02
2.264698161963577261e-01
2.235217905082265699e-01
2.398344153372866383e-01
-7.983498242663698494e-03
9.085004534350893390e-02
8.733043922206445986e-02
-8.263177899668051885e-02
7.199123505305127235e-02
-2.951662326613666010e-01
1.265700036078736268e-01
-1.751455297056378757e-01
-4.842530131632773183e-02
1.594231216756728797e-01
-9.351658318912223558e-03
-2.752706977642812441e-02
2.123280767938597394e-02
-2.853248575490273733e-02
8.884337749516640556e-03
8.595354751198761023e-02
-6.487280183346762208e-02
-1.244595413290566083e-02
6.445017141384140613e-02
8.200658746752212402e-02
1.281138486870018467e-01
2.621680175658301915e-01
-9.932999881585531654e-02
2.465430231801640781e-01
8.009481706204636675e-02
-1.763129038749853272e-01
1.273034181984780688e-01
1.074092402266880464e-01
-1.865416546651550433e-01
5.192254843837399575e-02
5.761665789348826422e-02
-3.852715492616949622e-02
5.449800439745430825e-02
-1.303132294446743278e-01
-5.335918855553248297e-03
-1.345066151639241758e-01
-1.230282727321760361e-01
3.409439940976200650e-02
-1.830338418925776811e-02
-2.179877849406850199e-01
2.040936581095725063e-03
3.768666578508441528e-02
-3.574286263154977800e-02
8.500394770813345102e-02
-1.256934394205173333e-01
1.894913486062212438e-01
1.882540390037333589e-01
7.427852675020141238e-02
2.618559704309014746e-01
-1.099868467510194264e-01
9.612268365510377721e-02
1.438480810308860880e-01
-1.455502964659937948e-01
-5.748017596925675959e-02
-2.156878262020346659e-02
-2.963797834244451535e-01
3.003647210132620038e-01
-1.251945812578653394e-01
2.914666778953271115e-02
9.899866827774862765e-02
2.875381381807280978e-01
-2.019415674786703974e-01
-2.521610160241996926e-02
1.110760864378616958e-01
7.556005169340170025e-02
-2.642299838650429278e-01
7.948552325589888778e-02
-1.763239142898824843e-02
2.581420312552629159e-02
-4.172668570768998664e-01
-3.939338124356073917e-02
-2.472248157769616483e-01
2.107141980788095059e-01
6.338173476238571913e-02
-5.670807804195876489e-02
-1.356602005044738879e-01
-3.493857141331880613e-03
-5.854425697667852563e-02
1.059687086552384833e-01
7.141470013305788178e-02
1.737703062484960703e-01
-1.383544312943648658e-01
1.503363960836583135e-01
-4.493636977396886500e-02
7.665171035841893132e-02
-1.641744059491418439e-01
-1.423391870742008458e-01
-5.840698689756846501e-02
-1.938824020561715758e-03
3.732959807067156438e-02
-1.044842964141829700e-01
-4.695750217123696724e-02
1.185013888256752912e-01
-8.317146779940981505e-02
1.254819980564154114e-01
-1.119169774286345696e-02
-1.176883617914024210e-01
8.022985747522885791e-02
5.927302292318043647e-02
-9.193974699691422059e-02
-1.613883384518910169e-01
2.364114456478033297e-02
-3.592152052233790749e-02
8.968372350056472153e-02
-1.816535173462338060e-01
-4.182719113373659092e-02
-9.890629898593271407e-02
5.170760160192256621e-02
9.110483055136148201e-02
-6.388359040010586909e-02
3.491775147151347791e-02
2.690951013251439150e-01
-1.540168706399337173e-01
2.774362329957603124e-01
-2.148369714011356402e-01
-5.462293466208220649e-02
-9.071153018646646929e-03
-9.159766579657641072e-02
1.560400007403197342e-01
-1.804855860052855809e-01
1.335801924407263586e-01
-1.500742042227112827e-01
2.777715526597310507e-03
6.918092254508069819e-03
-1.708651173863585671e-01
-6.285005993818798542e-02
1.607651275419648973e-01
1.788609223144056459e-01
3.447223347432414875e-01
3.655840809044211270e-02
1.219155341360573797e-01
2.506730881054650487e-02
-1.011770566877871202e-01
-7.341672233503415690e-02
-1.801629496713610668e-01
3.534143095568309523e-02
1.769734778829639560e-02
1.412175307938813018e-01
6.429009113389651253e-02
-2.781525606608749590e-01
1.240050331599603511e-01
-9.158675753010433324e-03
-2.819570693976642950e-01
7.858383357736904717e-02
2.155520492960162453e-03
-1.976134097591619454e-01
-1.191232993420272696e-01
-9.168088592021257990e-03
4.876927751147912965e-02
-1.484838937911750756e-01
4.031339329144219552e-01
-1.047772291124056537e-01
9.251498528590940476e-03
-1.172947580436872334e-01
7.339417630573150109e-02
9.563191661259605458e-02
-1.071076218070741159e-01
-4.028258248687451026e-02
-4.918618285227063791e-03
-2.162482651624183030e-02
-1.445081380580837960e-01
-1.490984511884250185e-01
-8.012797263611276533e-02
1.174195017791192924e-02
1.466212879921681977e-01
-4.800900494503744231e-01
-2.538730790721593911e-02
-1.479687283751133786e-01
1.192274545385919038e-01
-1.080216138704474943e-01
-1.547116435648899779e-01
-1.939228250543394427e-01
