-2.340994029861815096e-01
-1.162882021161068813e-01
3.599550036913777840e-01
2.054622252738092236e-01
3.151845380134191132e-01
-4.071635319398725361e-01
-2.802660326142366598e-01
-4.723749837305814964e-02
-1.184081527145853657e-01
4.315995749333972342e-01
1.313533624244559439e-01
3.307439594399954053e-01
4.543642534119440857e-01
-4.056330188029026035e-02
-1.483750849755846313e-01
-9.867276058648788428e-02
-5.332186292784913961e-01
-2.382629704609286192e-01
4.451551394876592654e-02
-1.381458857362609649e-01
-1.477620743041847540e-01
2.185796663480227553e-01
-9.488497310591148537e-02
3.181925656336820341e-01
2.717160372515233790e-01
-1.539079412802748237e-01
6.593504767501866259e-02
1.549528757553396974e-01
-7.997940129334726866e-02
1.713751776012464312e-01
-9.253680163859474839e-02
-6.063441535779881542e-02
5.902911897307596550e-02
3.234734934930903055e-02
8.934940205132146929e-02
1.232904511942773534e-01
-4.812974370867216800e-01
5.597412794929288588e-02
-1.525870585275831970e-01
-2.009159203705215557e-01
-9.062365887376909457e-02
1.972734037973904730e-01
3.637494600867669514e-01
3.315106900806812362e-01
1.853698530661754829e-01
-1.935073668252552115e-01
-1.653206080190411098e-01
1.309941593732950049e-01
-1.384419385898182919e-01
3.440219900557286298e-02
-3.071214561856164815e-01
4.307391897126847113e-01
9.389569066204535297e-02
-6.241996847185481423e-01
3.554398003001089101e-01
1.872682517106489253e-01
3.623921843346920579e-01
3.714495038169473434e-02
2.040265471329191782e-01
-3.743821951711791274e-02
1.255743020172115920e-01
-4.395227137241848880e-01
-1.418049955449860455e-01
9.841432505130236902e-03
-2.558461563243137338e-01
1.221356916376457186e-01
-6.432901994614194374e-02
1.687762381662135658e-01
6.861543994666351454e-01
-1.609247638811734937e-01
1.855674152475304817e-01
7.645132634257463533e-02
-9.339718685930725739e-02
1.512166519265318032e-01
-1.429683747610823175e-01
-1.203934191023192379e-01
1.889753669396334879e-01
1.854594442756625494e-02
1.295067996586830028e-01
-9.358808012586986025e-02
-1.216618399834567682e-01
-2.099199964868514734e-01
2.417167677854026864e-01
-3.803970447783380227e-01
-1.103766440866562198e-01
-9.797308163266854608e-02
-2.378921738907934826e-03
1.233786800724019500e-01
3.535136283156760095e-01
9.559707157908907404e-02
3.538567988777728823e-01
-2.481772805490150002e-01
-7.250532027385360456e-02
1.978971316017505422e-02
-2.438263311480622642e-01
3.842604671657916943e-02
-1.388866030935334839e-01
-1.247761806000042759e-03
1.517139326068204785e-01
4.208684496097354066e-01
-1.434503668670935594e-01
6.078479458435177840e-02
1.336577280627491426e-01
-5.303946722127771130e-03
6.237368462366845584e-02
-2.465861675380736362e-01
-1.545380896976431169e-02
2.194051376261696162e-01
-3.118895325942522834e-01
2.516654385893737911e-01
-2.915867396395661892e-02
2.271610354497685391e-01
-2.052256042968494398e-01
-2.803012715157927881e-02
-1.713760231453819172e-01
1.210039057119046413e-01
2.807392218925469085e-01
7.622247948092363001e-02
-1.836888979057542393e-01
-4.539242343685846726e-02
-8.078783271338538241e-02
1.132868960863069041e-01
2.524602147969715049e-01
3.677466885557838933e-02
3.004598699003125928e-01
-1.879242352375492253e-01
-1.617615294441501067e-02
-3.038481322870983589e-02
-3.042928168249481868e-01
2.395004152155843016e-02
7.673228130993982321e-02
1.510081655751999430e-01
-1.729347625681359191e-01
-2.554824709468783150e-01
-1.210112294828084162e-01
6.736401174527434366e-02
-2.650594790557138022e-02
-3.884929555895167419e-01
-7.718415166260533811e-02
-6.085671122659047638e-02
3.632033016413926396e-01
2.658997420422290481e-02
4.239610404627669471e-01
1.882067219374025935e-01
-8.194181197216444945e-02
9.745673633060114582e-02
4.307764921931713648e-02
-1.204466248886599811e-01
-6.303903172482001882e-02
-2.509724574136250608e-01
-6.714888182370010172e-01
-2.849686994705986076e-01
-4.806841178052830288e-01
6.105935286385658772e-02
-1.044707024472133761e-01
2.799475781376364186e-02
-2.914762646964267900e-01
-2.284787894911805006e-01
8.639219416799960582e-02
1.209778221509827910e-02
-1.288510169018161969e-02
-1.266265439705960283e-01
-2.350849996942099285e-01
1.993875385450405990e-01
-2.604443259695801149e-01
2.281733442001549483e-01
-4.706972211792098126e-01
4.331605034332516868e-02
5.791172340180631567e-02
-4.169060547973645059e-02
8.063634323555268768e-02
-3.093110352084464942e-01
-2.576796534873930788e-01
-4.253530071592746646e-03
-3.659336422709118519e-01
2.644258995840510496e-01
6.803092696198002887e-02
1.773148175806748827e-01
9.143510108311303508e-02
8.405128371386585973e-03
7.931612285878057722e-02
1.864407845320694701e-01
1.416998911222444070e-02
3.310796356335848900e-01
-3.693363677219537733e-01
-8.849790119719748438e-02
1.738281912727634437e-01
4.026807548124616276e-01
3.161840922597740355e-02
-3.130838063416979122e-01
-4.671052809793047045e-01
1.331346611701983984e-01
1.891941063122670186e-01
1.593008946529878844e-01
4.599865727994401597e-03
2.754709252927621706e-03
-3.815699054906185883e-01
-5.937727241247806043e-02
-3.095995209273850191e-01
5.706167876254374383e-01
8.981738517903192776e-02
-2.544902504798381981e-01
4.423583857739783048e-02
-1.514126071206433645e-02
1.390808972983077763e-01
7.786242510108824788e-02
-2.346376856868778449e-01
1.356388935003587926e-01
2.379518723968293281e-01
-2.568989590242280463e-01
-7.267776739164212574e-02
-2.234220366755413079e-01
-8.296633326123958874e-02
-4.620842199155624636e-02
-7.389856249336036742e-02
-3.891388115369177614e-01
-5.166716754562044461e-02
1.105629383406667859e-02
-4.822052573987476998e-01
8.882940476948186651e-04
2.824830387309943402e-01
-5.399669968739313763e-03
9.659545289006221669e-02
-8.538639250757804056e-02
-1.293748753536393403e-01
-1.346835665837939899e-01
2.657235728619452564e-01
4.522634414371336925e-02
-2.414287826175357810e-01
8.792109158420928494e-02
-1.906232259404691542e-01
-1.067678183336821657e-01
3.042164027995470851e-02
-1.105129340489275497e-01
3.473055821279406041e-01
-2.330266023145435850e-01
-4.712844606951539089e-02
9.786492629602515370e-02
-1.248682552387692379e-01
-2.398263189046457855e-01
-2.339114038398983353e-01
-3.649485987895847439e-01
-2.306417656208503697e-01
1.540698618968617817e-01
2.021938666507583360e-01
1.537992414897061677e-01
-3.051009760180134478e-01
2.176040140512776333e-01
1.124556453403976197e-01
-8.569301576523143116e-02
2.932752819687612922e-01
3.273697788540302911e-01
3.122733137749034715e-01
5.017665314112674801e-01
9.722992890940793664e-01
6.830026690544606094e-01
1.000000000000000000e+00
7.749979839895555500e-01
7.564599052614264796e-01
4.205699743237124588e-01
7.393870142410086110e-02
-2.071923066138557923e-01
2.659819443473461775e-01
3.999347856490927805e-02
1.631534293099185795e-01
-4.776987113069788675e-03
-1.576585642363302064e-01
-5.020508597237036130e-02
3.273164187626497190e-01
4.161917596537004216e-01
-1.976358748251321185e-01
8.061387479487733820e-01
-1.400786174863088707e-01
-2.083118436178421906e-01
-2.190679297001123516e-01
-5.143818933490096335e-01
-1.943998408536985745e-02
-1.149211450305236970e-01
-1.567284778251342992e-01
2.185132318812542107e-01
2.809176065637227285e-02
1.653250614820986064e-01
-2.561667885602678663e-01
-3.709103831656036798e-02
-2.031252790666591423e-01
1.712395863979401800e-01
-5.713827994339275990e-02
4.513837545149576580e-01
-3.679542491332239984e-01
-7.684654855406878107e-03
2.816353051344056002e-02
-1.784576380784768657e-01
3.572136862162519355e-01
-3.760017776967744529e-02
2.190593087877410472e-01
-2.009419060436041793e-01
4.846259413850126929e-01
2.002506096524359347e-01
-3.557491470804177713e-01
4.832977762781382608e-02
3.394492428875487966e-01
4.424417760713855730e-01
2.965420712233718392e-01
3.602191007160047143e-01
-4.037352285101855620e-01
1.007666728190640890e-02
-3.960034258276248081e-02
2.053094311346600198e-01
1.133027654976163923e-01
5.249663928973247184e-01
-3.262887411520050129e-01
1.128154781649360131e-02
-1.715391029081094615e-02
-6.578787418865482683e-01
-1.404348172679925622e-01
1.216830246945434374e-01
1.447407201547915544e-02
3.147127173898016106e-01
5.158350817828951662e-01
2.073574939541371620e-01
-3.124724378048906459e-01
-3.560224985300777800e-01
1.585716823026629974e-01
6.303896148634617440e-03
3.112007765574827389e-01
2.049344314383418630e-01
-3.318514758462850489e-01
-4.894789724282500587e-01
2.246411156236283735e-01
-4.529440557863234629e-01
-4.442780419129419012e-01
-4.243507002127284294e-02
3.945839859453116605e-02
3.928009233622134500e-01
3.117000079824232550e-01
2.713723498458115446e-01
-2.372339756183142190e-01
2.874329534419802212e-01
6.952241523700615489e-02
3.192329111782450379e-01
1.756568435709727760e-01
2.216147547843946852e-02
1.498700557277303780e-01
1.508746430384785564e-01
9.663804311648530043e-02
2.142409934791554005e-01
-9.576011121971138296e-02
1.659302691749523495e-01
2.154243430566445683e-01
-6.811798664623242017e-02
-1.617970944057315827e-02
2.667741438174996427e-01
-2.049389601733445643e-01
1.523384031293668339e-01
-5.685849542280643765e-02
3.926409610101069259e-01
4.441517766478939033e-01
7.096308377509125132e-02
3.354812868495456457e-01
1.347020930185285070e-01
9.589795175204599009e-02
-2.781566248095235228e-01
2.533387287836840751e-01
-3.445413010476069404e-01
1.003976621162300242e-02
-1.810393381946008573e-01
5.322039056154883596e-01
-5.852063374759376435e-01
-3.567812355041321548e-01
-3.485974859637346879e-01
-1.552680747695428243e-01
-2.903825954435695356e-01
4.733997583526460273e-01
4.506852322430317942e-02
-6.230483775009656999e-02
-5.483352415617327724e-02
1.523500260583087462e-01
3.381366364012301003e-03
-1.818182499828962725e-02
-1.369322400099249604e-01
-1.520177445360090251e-01
1.609570634503019182e-01
1.842224838017473068e-02
-7.108663176243849684e-03
3.309658112313039746e-01
1.121893893375630474e-01
-1.658507427480865881e-01
3.392347362323566706e-02
-1.893686961156789417e-01
-1.954227049513544145e-01
-9.137795867735015731e-02
3.122296622508993202e-01
2.938340707120609685e-01
-1.591145665045143320e-01
-7.234365179375776278e-02
2.056517260952335155e-02
-6.723428519256950953e-01
-2.634960866527346623e-01
1.020564941818829646e-01
-1.106916235495570555e-01
3.050939747026550769e-02
-4.775269792366972910e-01
1.172217258485804131e-01
-3.042070692998940368e-02
-7.246917189109206014e-02
-6.279478713967333314e-02
2.792474074619707425e-01
-2.214563592730296737e-01
-2.050741160719234124e-01
-4.279607453490308910e-01
1.131798949038785862e-01
-2.536626377689950029e-01
-3.066168529873510851e-01
1.931148179470623394e-01
-6.020926707317398457e-02
4.785529331738822556e-01
2.306214402406700503e-01
2.406356021357821118e-01
3.155910406884288588e-01
1.366781501370508967e-01
-3.798204584166975373e-02
-4.149521295071884608e-01
-7.913855482918235804e-03
-2.591444748758827687e-01
6.262069663438550593e-02
-1.973454835173837629e-01
3.747587190236872368e-01
-3.182917927008015457e-01
-3.306481195243166638e-01
-2.551010694899692038e-02
-1.555827732327151880e-01
2.188259344439531795e-01
-2.417402871231455752e-01
-8.361787033054138840e-01
4.480484395895364957e-02
1.383713015435562577e-01
6.340829585629066678e-02
-2.192339299015291787e-02
2.550788799767755299e-01
3.122343804211010765e-01
-2.185451438072696650e-01
1.718878923880967358e-01
-5.038339850080325588e-01
-2.381539633132278566e-01
-1.234994017135740141e-01
-2.190792076359291407e-01
-2.527538100879447303e-01
-1.693033482604261800e-02
-4.774307930750275597e-01
5.682661987983651797e-02
3.802548787917064271e-02
-9.826181196824915198e-02
5.165284870435381953e-02
1.714524422263848449e-02
5.770646739108258039e-02
1.573889135621854563e-01
-2.705905626548699844e-02
3.183261070079580479e-01
5.085194803586857992e-02
-1.734705136871687869e-01
-2.025416838698113342e-01
1.309732004804325389e-01
2.578268575939789420e-01
2.891192415455011780e-02
-2.115225505113642046e-01
-3.089656504475010168e-01
1.015802778435682605e-02
-7.782611489347873723e-02
-5.443000745396323614e-01
4.714950408591338238e-02
9.284026606884485111e-02
-1.225274238349200739e-01
5.532568649167159819e-02
-4.273120441371766609e-02
5.073313259993972313e-01
2.363833755508727014e-02
-7.339968853426441162e-03
-1.116772566406310091e-01
3.313445129560440017e-01
-6.270211231831979148e-02
2.070442745478028590e-01
3.497468913316690298e-01
1.634794697022839693e-01
-1.482205207150494586e-01
-1.776643497004524452e-01
-1.450934097683219577e-02
9.396346871820762670e-02
-5.696712996709218935e-02
1.073387368238764017e-01
-3.984288054074567875e-01
-2.378166449850457054e-01
1.912413800611563741e-01
1.760462700048486817e-01
7.234469429292088305e-02
3.240065551211236683e-02
-3.431555168135211886e-01
-9.305044096349757154e-02
-2.801508646225824295e-01
-9.761759815544077123e-02
-3.608171414488077766e-01
2.266537564296193519e-01
1.677589214731412537e-01
2.874882191221502237e-01
9.598165314807453885e-02
-3.899472881127978852e-01
-1.019515804644370444e-01
8.458228785586793808e-02
-1.500102120491257074e-01
3.827017629295849099e-01
-1.203146804931345959e-01
-4.092021796645028964e-02
-3.548756723466651997e-02
