8.473702794688027506e-02
1.046519197418527419e-01
2.446504061251373874e-01
-6.977243336815359964e-02
-2.995505505223101592e-02
9.642949944129360074e-02
1.110689455863443469e-02
1.536899243028889694e-01
-2.424465593587338264e-01
-9.839469755904436954e-02
4.623781781525700477e-03
1.088293478983552026e-01
-1.551911394522935417e-01
-8.025053166784253816e-03
4.716434758096044177e-02
-1.324821801886945198e-02
2.988248478015697457e-02
4.918129356465869573e-02
-1.357551722232961944e-01
-2.989294386490777902e-02
1.092744764488656935e-02
5.677417493516478952e-02
1.801233936210387132e-01
9.965406876769234909e-03
-1.757817877812436081e-03
-3.414987631270156865e-02
-2.262723723343657012e-02
-2.190401273931400494e-01
-5.177996779683431000e-02
-3.296200428879210442e-02
-1.180366733257838391e-01
-2.654784773610636139e-01
2.479602284563281467e-01
-9.967850114989276755e-02
-1.524012989300927712e-01
-5.472846668641245110e-02
-9.562547594868625600e-02
1.066882723463324955e-03
1.329576330253523508e-02
-1.411032708265181346e-01
-1.547498766869378484e-01
-1.060785639791223672e-02
-5.702707313202577677e-02
4.554812696930817667e-02
-6.205113798682695969e-02
-2.443888605591093555e-02
-1.469875434683076253e-03
-9.932826693879769075e-02
-4.112253529527718290e-03
-1.135597675170611082e-01
-4.643420332410306411e-03
3.692829192185203419e-02
-1.341087400934450058e-01
-8.017200690262899290e-03
-1.716339529131935548e-02
-1.720358246942375186e-02
1.661874335106167666e-01
-7.456465038386525523e-02
-8.058910729165021103e-02
-1.361899727065439547e-02
-5.638679518665349472e-02
-6.401156528016227476e-02
1.136694130419215049e-01
1.060183467223563547e-01
1.590607209371372802e-02
-4.216612938709837083e-02
-2.485456397171448978e-02
-1.284154799263411695e-01
2.001282520987434504e-02
-9.944979430141039078e-02
6.648052757718699024e-02
-1.368801699842174882e-02
-3.175904320473196384e-03
-1.852800827083526947e-02
7.870530133733126543e-02
1.347474511300471300e-01
9.144621548547575418e-02
7.356591722998588601e-02
1.809157606624139381e-01
1.824092853304564235e-02
6.097343133750403321e-02
-4.756122794550074473e-02
2.942023099553805685e-02
1.153874860404070501e-01
-1.193765715206580730e-01
-6.669811180173248165e-03
1.333624846366124606e-01
8.926860560662734645e-02
7.541070486247512285e-03
8.606273695343870378e-02
5.138290685164453170e-02
-1.726785867044810519e-01
2.128890850081667785e-01
-1.906554211939174015e-01
-9.478951534068261187e-02
1.616599298314254363e-01
-7.172921076727024892e-02
-1.054473503161453968e-01
3.044892480234400942e-02
-2.263476135902519892e-01
6.402821801876065549e-05
-1.619383718450436715e-01
-1.101975333144140645e-01
-3.024835743272668784e-02
-8.814024193486647007e-02
-8.320292918087041079e-02
2.593130101966911044e-02
2.731920934869266349e-01
-6.206862685417711273e-02
-3.823184077308872109e-02
-6.621740304167307578e-02
-1.872152671728761694e-02
4.195627206878876220e-02
-6.796081738403712824e-02
1.084429156724510679e-01
7.883825719953117817e-02
-2.220573426112072354e-02
4.530157009216970176e-02
-1.113275216570217170e-02
2.988673934136919924e-02
-4.035310159610203118e-02
-9.190383901492496510e-02
-1.731430156514005836e-01
1.005154311727398248e-01
-2.840255990768158351e-02
4.955561600115861165e-02
5.294896462527293873e-02
-3.670500434924420241e-02
-6.833071562477598115e-02
-1.990695818097255529e-02
4.993319708389098305e-02
2.561408004830342811e-02
-1.913098664353762302e-01
-5.699136488026960295e-02
2.473092795836922750e-02
3.239553501478409370e-02
-6.803613003913339119e-02
-8.629960187430893437e-02
-9.455172478944848247e-02
1.424441107608044252e-02
-2.138516748778312437e-01
-7.384943189081727422e-02
2.502551354401181746e-02
1.867296562349767541e-01
-1.948421303631167958e-02
-1.880343733874196566e-01
9.912906381853291149e-02
-1.125093412278004301e-01
-7.997601752949502762e-02
-2.839295635520368635e-02
1.189196374754768470e-01
-1.545294220978217503e-02
-2.495558375157224673e-01
-1.703220145119061640e-02
-2.011835370611764484e-01
4.176467433283478914e-02
-3.580805707064404347e-02
1.573388587763063506e-01
8.569780465040231776e-02
3.537923325250689338e-02
-1.438396816700395764e-01
-3.416500284144535216e-01
-1.738226216560744553e-01
7.686335859066744693e-03
-2.616328482009729062e-02
7.619027566162560328e-02
7.550019603956339975e-02
-1.948576817906798597e-01
9.558902706859784271e-02
3.185938038194176952e-02
2.053517455536094938e-01
-9.219267341520104297e-02
9.832837642983371929e-02
5.980178411636342950e-02
-9.111975707121794735e-03
1.256100662989877853e-02
-5.117239666047963820e-02
-1.030048793584780603e-01
-1.416779792171266039e-01
1.206993866288339073e-01
6.745817753495099434e-02
2.439783653068247349e-01
9.834724426571284095e-02
-1.542907338062528277e-01
7.279709667204611878e-02
-2.947065534179085233e-01
-1.794139531538593499e-02
8.108005766461441610e-02
-4.282286744648314269e-02
-1.355196854361026548e-01
-1.575059515601101023e-01
1.250255932561973038e-01
-7.847976473128401298e-02
3.448244466232693733e-02
8.277512558124719075e-03
1.638884440114542207e-01
-1.030208716016809273e-01
-1.270094075096955821e-01
8.861326840801479754e-02
-1.654334360598213316e-01
5.847255106564865079e-02
-1.171700771132371810e-01
-4.326152001707946060e-02
-6.546566915698262545e-02
6.790992486381666748e-02
-8.336737157197218751e-02
-1.100268527265705343e-01
2.601968654081246099e-02
-2.352847763185914876e-01
-7.033492801152482765e-02
-2.910131009227308330e-02
-1.388568655850383471e-01
9.563147422627030214e-02
-5.338810337239223436e-02
-1.061409539823709447e-01
1.019685144906595092e-01
-1.313116846000813298e-01
-7.522821216642672226e-02
7.552167407019487466e-02
-2.083487073492981956e-01
-2.225700735792359442e-01
-9.351833044284994789e-02
1.129457455997956022e-01
9.918268502399033015e-02
-4.369108888492403281e-02
-6.612274682580282677e-03
1.869816770073285672e-01
1.450253054953548892e-01
2.018112628250870733e-01
-8.669852419150285427e-02
-4.803442321833164413e-02
-7.151957422755272908e-02
1.500347789677324295e-01
1.922751666845642915e-01
-6.249656230169044896e-02
1.253146270372457530e-02
3.712092626518691263e-03
-3.753428078192572875e-02
7.703876705333415932e-03
2.788604254503954105e-01
1.157085046482899532e-01
7.701662177102971962e-02
-2.322345649304843537e-02
3.419736686577319607e-02
-1.220306684972864882e-02
-1.079765432879445930e-01
-1.914584123466641641e-01
-1.884332108873391642e-01
-3.662771900474003084e-02
4.518097571951262131e-02
3.469726278202570069e-01
1.981220973890997772e-01
2.809413185146478753e-01
4.591745175839086479e-01
5.663891232823323740e-01
1.000000000000000000e+00
5.597947980716001526e-01
8.494676465640758067e-01
2.330364074169860855e-01
2.885488760848450296e-01
9.986575725011300267e-03
1.731219844341947423e-01
4.545527857037381762e-03
-2.773563932119565423e-01
-8.226731324055640282e-02
-2.098855194330481733e-01
6.016283121392353161e-02
-1.812481534392789686e-03
-1.698051190236020414e-02
-1.174685260121057923e-01
-1.187446358148600417e-01
6.471614921016858799e-03
-1.075551990040489458e-01
4.901366639848425688e-02
-4.349156480129592189e-02
3.557856580936390178e-02
2.429292003304816816e-01
-9.628346712653068629e-02
-6.945642448245968603e-02
-1.009544112314319092e-01
-9.243309095105119860e-03
2.555796057740917226e-01
-5.583795074132030106e-02
1.534849007340259586e-01
-1.825837278107098754e-02
-9.843443056413141157e-02
-6.114148994961428329e-02
-7.064043903689215358e-03
2.529767144269758350e-01
-5.202080632696417378e-02
-2.492607388792792214e-03
-5.867148059354555106e-02
-1.919771848216530463e-01
-1.095282918669369075e-02
7.568310132075181662e-02
6.505304824937806207e-02
-2.681356031760431108e-02
-1.201516279246586313e-02
8.777263734689183527e-02
1.011623084761597985e-01
-2.062281688489107645e-01
-4.738655819436189687e-02
1.960233484524561906e-02
7.473396888651232667e-03
-8.567797015137140759e-02
-7.249866883055448852e-02
-2.379721707330660352e-01
-1.867046642714512705e-01
-5.523366833787134167e-02
-3.009709736885332609e-02
-1.173543531685245778e-01
1.563806727259603804e-02
1.697279705687506496e-02
-1.364570333118145795e-01
-1.953369045929227721e-01
-7.174350666509674013e-02
-1.271259798807134189e-01
2.760714331008758404e-01
-2.142790662327362025e-02
-1.636286934271101098e-02
-1.485678886801798937e-01
-1.492391852836303934e-01
1.382484795482159974e-02
1.318209063363610933e-01
-1.485746166399745383e-01
5.175116892037452676e-02
-1.435084438965705811e-01
2.910078248200053796e-03
1.369642299787942469e-02
-4.480778791100176878e-02
-1.917158864691253725e-02
4.192694975606591629e-02
-1.010087633549418620e-02
-9.998775474080340286e-02
-7.460700452982629849e-02
-3.480840923251541513e-02
1.770776674750123127e-03
1.880853645539326676e-03
-3.197628024106239503e-02
-4.097972390066993015e-02
-6.032509760787238551e-02
-5.319392828002979245e-02
-1.310859709999075140e-01
4.237634134198148272e-02
-3.689754642232106422e-03
-8.999283309642200357e-02
-7.334618653988529691e-02
5.263641135534894572e-02
-1.282504356199234696e-01
-2.154100197228138724e-01
-5.280804874220969974e-02
1.550647536963203343e-01
-1.231556957247734452e-01
1.201343666079707356e-01
1.514430374927933087e-01
-1.756959056006184294e-01
6.760918314701509779e-02
1.997658341058575204e-02
-2.516885925150177949e-01
1.261592585482214091e-01
1.022045320737008239e-01
-2.090815433114362742e-01
-6.685539092080404477e-02
1.241427475969678895e-01
-6.119567478926338233e-02
9.698101700642432210e-02
-4.866888705329926873e-02
-2.919115992156926520e-01
-9.197274383875163328e-02
-6.959352000193115562e-02
8.336900582715568719e-02
1.437838423526752729e-01
-2.972327859797500027e-01
-3.736858802404193630e-02
9.670197768539023908e-02
-2.111618317086951524e-01
2.985548537204034056e-02
-6.240584333075995145e-03
-1.285482802527532047e-02
8.278568160461906300e-02
-6.583193939575308906e-02
-7.820129999057723325e-02
6.822097875791573174e-02
-1.796085465494547673e-01
-7.944508603785606360e-02
-1.011045276380269364e-01
2.034632546135266840e-01
1.385352513394441376e-01
-1.856772974542577614e-01
-9.404132739237777705e-02
-1.835300058031119619e-01
6.258126592510952768e-02
-1.280201582761340273e-01
-6.430326707868461167e-02
-1.735328980503222929e-01
1.906555365317346915e-02
6.085514892332452574e-02
1.149814308176470151e-01
2.128308234362772944e-01
-2.287718350768330189e-01
-2.228712138280384419e-03
-8.756634343582891944e-02
1.957766277845039149e-01
-5.989668609510542113e-02
4.588665358510685827e-02
-5.517236429044140161e-02
2.282795484378392914e-01
-1.370790809266592136e-01
-1.218937532181127437e-01
3.305225937636259437e-02
-2.238607337316189383e-01
7.626298631640650305e-02
-6.272218604283415384e-03
7.003680827044954371e-02
3.466200648002247531e-02
1.044431774493809889e-02
1.362541118689516995e-01
-1.187655529629774859e-01
-2.573380156098125648e-01
-2.018593563754547127e-01
2.388323471010265001e-03
-1.721047839688325531e-01
7.435960850928891031e-02
-2.503523391725575448e-02
-1.615115116870251555e-01
9.295069011595806507e-02
-2.360590416311789674e-01
-2.299461284837512123e-02
8.739056639170361684e-02
-1.661715361959506809e-01
2.322628913610444087e-02
-5.632241582532521162e-02
-1.137109154286714413e-01
-1.485936021314789579e-01
-2.774665139672252701e-01
-1.206508212478810300e-02
1.798136990933523957e-02
-3.048519585345358177e-02
-1.733138905176998534e-01
9.840990538943547583e-02
2.987180593819124819e-02
-6.953430629952743469e-02
-1.132036891088811226e-01
-9.663968783424289888e-02
-3.058994572522037367e-02
8.461119948689818648e-02
-2.781328336868517104e-01
1.327768867367085104e-01
6.614714197641297089e-02
4.575367583067067173e-02
9.873647343867154088e-04
-1.046133870414705513e-01
-1.001456497527670048e-01
1.148834827768206585e-01
7.424567917139530959e-02
-3.541178644256898125e-03
-1.562610109094242916e-01
1.194412971574141183e-03
-2.394364367548352732e-02
4.174546447619435774e-02
-3.686843921035935540e-04
1.466245981221780403e-01
-3.744784880963865359e-02
2.261011036225163764e-02
3.843030409986655099e-02
2.197751525885887139e-02
1.364611491600244975e-01
-1.875306797677663007e-02
7.330167130271057242e-03
-2.700600728681926133e-01
-8.958042477297253892e-02
-8.049582150951317683e-02
-1.266408061718959088e-01
3.019506767523161272e-03
-5.962448144337666872e-02
9.055064442372692812e-02
-2.828245772842450378e-01
-1.501664945744126956e-01
-6.093475089483027518e-02
-4.795830617501271181e-02
-1.582360295851832355e-01
-2.598366007736359687e-02
8.411601727981729559e-02
-8.282631667812918874e-02
2.457273803405650714e-01
4.734873807860292237e-03
9.447000238624325696e-02
1.126612200297682879e-02
1.725908477179854128e-01
-2.199242699553086433e-01
-4.022223883061296773e-02
-2.408649038031449724e-02
-2.000281633829531416e-03
-3.118137683598093957e-01
-8.361022657598247976e-02
-2.016979291248977846e-01
-1.219628796553907796e-01
-4.464332637934137482e-02
7.355183199948213402e-02
-8.373603039204365051e-02
-2.076314422956965222e-01
-5.322262403351581128e-02
-5.611031683315389346e-02
-9.195093748515111021e-02
4.038783390828235009e-02
-8.748582133732155097e-02
1.239895640709255120e-01
9.078983583572627913e-02
-2.157291094257614283e-01
-2.713557618833302154e-01
-6.085709344288453559e-02
-1.250846807352790253e-02
