-2.914173774125286553e-01
-6.618355348970628160e-02
1.307841561696345689e-01
-2.746098301640075845e-01
3.494981981002668325e-01
1.164521052966193543e-01
4.346517718311947165e-02
1.515688700826705593e-01
-3.757036284013952621e-01
9.672113492924425127e-02
-3.754640283835212339e-02
-4.523799562370928867e-02
-6.077535999765554427e-03
1.484790844419726355e-03
1.097107596528440060e-01
4.934881912852127905e-02
4.084543839285501021e-01
4.031379115915414285e-02
-2.985060139164694148e-02
2.202052320285779741e-01
-7.460038440551161609e-02
-2.726959465950192785e-01
1.570239555683099475e-01
-1.538303739028933914e-01
-5.598766768802387883e-02
3.172000059483802703e-01
1.498262658584903206e-01
-2.348215746062226050e-01
9.511099627300836912e-02
-4.644214773050306388e-02
-3.176383240966608734e-01
1.245728132770900116e-02
7.091695523245496180e-02
-1.936661323965049031e-01
-5.993544693290876052e-02
-9.110401421829128488e-02
3.496716680372718433e-01
-9.709233412539357289e-02
-8.053253832133444590e-02
2.363470792877106763e-01
-1.723177876078003101e-01
2.493726632074364791e-01
-4.540238424943957019e-02
3.192973033806499328e-01
1.869658008365783497e-01
5.326538047050730085e-03
2.517039045425594757e-01
-1.190146719718458285e-01
9.094485300325373667e-02
9.240357406381918826e-02
-2.608703061207202634e-01
1.492446919896522339e-01
4.705420097812196278e-02
-1.080919482263290321e-01
1.526566430278349790e-02
3.700813826338441581e-01
-1.809432111451500513e-01
-1.531340317265235118e-01
2.088450169315790028e-01
-4.087791885366693356e-01
1.392222761249368723e-01
1.125677278081075455e-01
-1.035940999145891772e-01
1.789871252608339069e-01
-1.454346966476464942e-02
9.973515663192354663e-02
2.244887524538071721e-01
-2.065729850801457657e-01
1.553958739188665839e-01
1.201616326641008897e-01
-2.401023536432703442e-01
7.830571282643329634e-02
-1.577380956441605531e-02
-1.618773301156187444e-03
-2.165986005716146190e-01
1.758373390502548372e-01
-2.346820457962115192e-01
-2.302479442868605453e-01
-7.347552291339170920e-03
2.977120607951143083e-01
-1.033818894104884673e-01
1.598593628478476580e-01
-3.386477280782866361e-01
8.133086001299130730e-02
-2.840890937843986719e-01
8.549324894282344864e-03
-1.280720241187573716e-01
-1.902273446396083867e-01
1.234527200210851910e-01
1.844496190345747966e-01
3.694571413349230504e-02
1.645218455180937067e-01
-5.342317254206008920e-02
-2.999554652404238034e-02
-1.056215963369787486e-01
-2.097583122310860415e-01
-1.367274258545479182e-01
-2.474364718495684623e-01
-2.021622167829337235e-01
2.746440999483336087e-01
2.729745956740458057e-01
-4.935328991130993881e-02
-2.127917935683263165e-02
-3.657225780929256043e-02
1.816819053447149557e-02
1.337046092533038938e-02
3.933444475031426246e-01
-1.972235211111954267e-02
2.031678502253306540e-01
5.126201260551594557e-02
2.336483201339934479e-01
-3.462231984755206882e-01
1.783522399814540527e-01
2.808719997099967114e-01
1.662297453134993774e-01
2.316897150001482886e-01
-6.474624688533062167e-02
9.307279262254287977e-02
-6.313308112533017047e-02
-4.112975971650134968e-03
-7.897480135424775338e-02
-3.223124498198093879e-01
-3.886862891961112565e-01
-8.130343384140900631e-02
2.338337520664447999e-01
2.782928344074038773e-01
-7.485876986830039548e-02
1.522295720054773205e-01
-3.936498769659640962e-02
1.183521552205462762e-01
-1.821392909752636013e-01
2.303906563349793490e-01
3.285134769812771572e-03
1.994886199988338549e-01
-7.894221430786414750e-02
-2.572188896039202533e-01
1.222558036794040015e-01
3.162787018671728845e-01
7.401096760410447173e-02
-9.624154238781977913e-03
9.833688343377255947e-02
-1.034065767031997624e-01
-2.513893955806089098e-01
8.235410779122566416e-02
2.174094489340756275e-01
-3.881811825651391296e-02
-4.179189889193218183e-02
-4.561142123023969458e-02
1.947948050495556527e-01
2.305989087721819694e-02
-1.402074166069658956e-01
-2.162410527827496043e-01
8.387657565417998284e-02
-2.104603164626351608e-01
-2.607683575620572958e-02
-9.985764269421030029e-03
1.633826949810782136e-01
-1.581605868558153827e-01
2.094839122458650449e-01
2.758201926126547243e-01
1.315158406599237773e-01
-8.203164710755670233e-03
1.113333256666820953e-01
1.629863073118776040e-01
-1.292413253772025927e-01
-3.446570654275928069e-02
2.991415928236317370e-02
3.813881396619434733e-02
-1.244661656783818127e-01
9.719108791045519280e-02
1.504365629196149565e-02
4.198671468953744934e-02
2.783487805305005780e-02
-2.725546715520479890e-01
-1.802449502128310455e-01
8.164107738903772504e-02
4.704189294043333858e-01
2.634499723647933458e-02
-2.500327780654408843e-03
2.135526133190127906e-01
2.212881643674271537e-01
2.623439005786110112e-01
-2.978310070463247583e-01
-2.854728695877693442e-02
-4.037696927826452953e-01
-1.152275170505799445e-01
-1.780258685760998175e-02
-1.577324488907724462e-02
-2.015605329593524522e-03
6.386214037899287654e-02
-7.276939829311802888e-02
-2.479993655268903363e-01
6.579278538358625250e-02
-1.141346146820015617e-01
-1.045323381932503418e-02
8.123491831656871887e-02
7.374711871261623031e-02
-2.128660118282419689e-01
3.747360520340319804e-03
1.130941918265947616e-01
1.238153129828658550e-01
1.808178656404515749e-01
-2.316477440886107741e-01
1.874341540044030530e-01
-6.116820239356854892e-03
9.305054165478546246e-02
8.916988136205085402e-02
-1.669150306015610985e-01
1.203534377466252969e-01
1.597176905519926970e-01
1.950468383651525472e-01
6.705613058540509097e-02
1.721640637180472666e-01
-1.815479718065720616e-01
5.001363039945512512e-02
1.146686170194805426e-01
9.413805380443239501e-02
1.458725527222163587e-01
2.896400523709090624e-01
7.702422600498415317e-02
-9.241801487633705126e-02
-3.502825517406533279e-02
-6.701199518512353237e-02
-8.131667670767868394e-02
1.542902201495893189e-01
-6.725172679863284340e-03
-1.459245054379313677e-01
-2.476258928140258608e-01
-3.391657330071183585e-02
1.747896236086321775e-01
-2.858221252317523775e-01
-1.994529751310163135e-01
-4.373300539182556346e-02
-4.827222976831591628e-01
1.425065930789644608e-01
-3.097598249821399419e-01
-1.383070216370231864e-01
8.058841074821293873e-03
1.071752546736076811e-01
-9.207173899092471747e-02
-2.762787958663905363e-01
2.401245360154762032e-01
1.847048205341166732e-02
4.181659079885991642e-02
3.790041989367733954e-01
3.261622268070029640e-01
-1.445372845138720996e-01
-1.539713090004016238e-01
-1.719442677886017512e-01
1.566846688894077194e-03
-2.135352564903995887e-01
2.680602000043239008e-01
-8.169667943017445630e-03
3.179417807845197896e-01
5.367764988106200619e-01
1.000000000000000000e+00
7.158731462725105299e-01
9.758661296461627888e-02
1.087968377563041655e-01
1.474580040857599306e-01
3.769659638434045418e-02
5.154594287546482301e-02
4.354866031797215153e-02
-3.354541090213241650e-01
3.885737160949928604e-01
3.830578533643349409e-02
1.758881619289369147e-01
-1.020433790832730864e-01
-1.255861396831606681e-03
1.910347947488550691e-01
-2.952896569259284495e-02
-7.873322953396984236e-02
-1.177478343041445386e-01
1.854470711723013865e-01
4.184148463301329279e-01
-3.622642835951909723e-01
2.999123109590243752e-01
-5.184889368478201588e-01
7.086216432466699300e-02
1.659638522493881718e-01
-1.564251712903946545e-01
8.252393374224044342e-02
1.299685861910372386e-01
4.425477389762939168e-02
-1.117269273506586447e-01
1.630286396580956643e-01
1.085257530997223302e-01
-2.369366319458518153e-02
1.116164194250443692e-01
-2.564687810947990573e-02
2.749379376012734549e-02
-1.730880452427490668e-01
6.232524809218543266e-02
5.891331211670627205e-02
1.172608997716882012e-01
2.139419848524617973e-01
1.181505997376346428e-01
2.526251303134271486e-01
-4.220713556125189614e-01
6.724786245814251551e-02
-4.815044373479777651e-01
-2.141669421430259512e-01
-3.314686975571211058e-01
-2.140720355846318090e-01
-2.256866471124135409e-01
-3.592001501087423443e-01
4.404701778765261061e-02
2.136643650856579271e-02
1.639825046822337706e-01
2.272313183504548750e-01
2.140882579619956538e-01
6.958011282786004392e-02
-6.465685596252276901e-02
-1.126587400335001404e-01
-2.063001070842886142e-01
6.246823868324455451e-05
2.771310878566151659e-01
2.336839813904756924e-01
1.378110790030790955e-01
-1.663588341174279672e-01
-3.418435428279608668e-01
-8.175089522263935538e-02
7.114653895385260329e-02
-2.142947807938195004e-01
-3.680245673873950296e-01
3.868708459320227555e-02
4.854848553598157812e-01
1.239165926913330662e-01
1.367877319116238277e-01
-6.943917821668812995e-02
-2.120112881272989136e-01
7.171117886411569609e-02
-3.594116966242833500e-01
-1.274323183963376183e-01
1.788806227558903950e-01
-8.016947999743588571e-02
2.017697966565216439e-01
2.986165827995510003e-02
-9.830227370400246301e-02
1.320773280497674618e-01
4.545103098526074858e-01
9.944304967152077512e-02
1.866987001114497891e-01
-8.112469910216534019e-02
-9.654005346347947769e-02
-2.213356311231262988e-02
2.031715884239890246e-01
1.301235223560620324e-01
1.702214306145546363e-01
1.637016486223645817e-01
-2.208850538879212622e-01
-9.795540703977943797e-02
-2.822597020230471765e-02
-1.447227425497573938e-01
2.239712914362359530e-01
1.628655057997358269e-01
1.928552722596145741e-01
2.859292180291702623e-01
3.233676252700840026e-01
3.466561461963325180e-02
-1.835545242354614803e-01
-2.823314794581263665e-01
1.247164312718199858e-01
-1.138116981121431032e-01
3.355275118869631423e-02
-1.204725355179434992e-01
4.821658810833666653e-01
-3.490845268122400036e-01
-1.772139474452236740e-01
-2.680022099560808169e-01
-2.606844349295849850e-01
-1.704534040408894058e-01
-3.215236896168670588e-01
-1.442322116239622420e-01
9.453347954537257014e-02
6.195873930818573266e-02
5.547971595228039926e-02
1.301001891439420854e-01
-7.834806666186885926e-02
1.429729281776190852e-01
-4.244875856832127647e-01
-2.542836766507414539e-02
-2.750545830222828406e-02
-1.564234250574534080e-01
-3.305562286925071980e-02
-1.712359897202004599e-01
1.181723070329344372e-01
-1.272542215422197698e-01
-7.405241171818541246e-02
-4.322709321446963071e-02
-4.715870180256015454e-02
2.857900081617221200e-01
3.093704790658265424e-01
-2.290902650784175931e-01
3.192066996962719116e-01
-3.311874493449019630e-01
2.234271040539022035e-01
4.096247887960873663e-02
-1.547487030872230496e-01
-4.316307092151201452e-01
-2.964225231862024357e-01
-5.061577759866098258e-02
8.339002865983811963e-02
-2.289723703539003341e-01
-2.287160290637534898e-01
-1.628041693433738418e-02
3.388511808279299209e-01
-1.653621191780670630e-01
8.843331912128214733e-02
-1.283602674638279484e-01
-6.407210857036511886e-02
3.873110087782998257e-01
8.224440565952866045e-02
-9.492159679776847325e-02
-2.670022950280991070e-02
-1.405069318554891533e-01
1.514997279607974978e-01
-9.743204333482478885e-02
-2.227836294151547269e-01
5.096316134557139776e-02
-4.114998779486641928e-04
2.372333287935559920e-01
7.305271665690603669e-03
-1.836779084921121297e-01
-1.763907024428487957e-01
-1.458405047340549654e-01
5.996163934000180856e-02
-1.327435932008309005e-01
3.799710820972864722e-01
-2.405979348425338893e-01
8.763296297179049010e-02
-3.453546201266161075e-01
3.690439771674137170e-01
2.297936961140087386e-01
3.114789233467613397e-02
4.011639213068471377e-02
-3.388761875495214793e-01
-8.601819788474011907e-02
-1.361497207015758271e-01
-2.211604465190720181e-01
-1.790347961054139236e-01
7.588150469174644031e-02
-1.283482322585945967e-01
1.450928687299770647e-01
-2.803136080194691404e-01
-2.761444376459689098e-01
1.323329012993343379e-02
-4.093333767909086013e-02
8.538946563975499671e-02
-2.428293811023668296e-04
-5.918840729451163574e-02
2.238207835619201447e-01
2.086397913592242526e-01
3.314165933212983028e-01
4.238851358055068658e-02
-3.434820907114465721e-02
3.986888168033228021e-03
-2.117877325099775110e-01
-3.174121386284775581e-01
9.392206915900118067e-03
-1.747639016642287824e-01
-6.951331330459001312e-02
-1.951705891570365003e-01
1.941371251299607026e-01
4.278181764227940165e-01
1.483378072317451668e-01
-8.958913226699911914e-02
-3.315002284625760964e-01
-2.388301094925557311e-02
8.572653005849537391e-03
-1.500379802828037956e-01
1.914190950059165286e-01
5.193748720253379414e-01
-6.955525349845818883e-02
9.580413372207198519e-02
-2.586925055510094773e-01
-6.073606598353931130e-01
3.359078698565042820e-01
-1.581259607373615705e-01
-3.009935707610366662e-01
-9.195111510234359187e-02
-2.190960811791828333e-01
-1.383108642494741969e-01
-5.986926890611877355e-02
9.807204651060892620e-02
-1.442018982188766722e-02
1.614243565829091287e-01
1.481714168010975219e-02
-3.735601140046752588e-01
-3.250047887171004790e-01
3.935864016365892004e-02
8.611039579561524659e-02
-4.125189710393543097e-01
-1.359496447159293520e-01
-3.921761133979986130e-02
-8.296021791900361209e-02
-5.267495134607953072e-02
1.332267885619752013e-01
1.929499801915668666e-01
-4.310733311734035733e-01
7.872710163035535891e-02
-2.788875733185082195e-01
-1.317023390589351813e-02
1.008638405731052540e-01
-1.591581574275771800e-03
2.188734819032327750e-01
-1.316288110139448297e-01
3.103288716938565894e-01
-1.830018724240976280e-01
2.948539791915015806e-01
2.090077013301493702e-01
-1.698626024412026037e-01
