-3.292913832798970847e-02
-7.286629046614727032e-03
2.048290458106978920e-02
2.754918263272718715e-01
-2.422083158443715800e-01
9.766201595004206371e-02
5.446212434605331165e-02
-2.364331830681430657e-01
-3.790247552338073950e-02
3.187235825914253723e-02
3.333876381317096849e-01
-5.052381229497951778e-03
1.008041042595956560e-01
-7.936243250792029968e-02
9.331482341841170272e-03
-8.992121859434586140e-02
-1.234923225662103580e-01
-1.311320264969219052e-01
7.551796753099995763e-02
3.997078932774967425e-02
2.135746946853125244e-02
-1.635617087953242788e-01
6.423044981015438304e-02
1.853191741662458536e-01
1.345031947222363571e-02
2.454233388357826839e-01
-6.848042548560365206e-02
6.889261429585841201e-02
-1.709403860695830335e-01
-2.753391593809989199e-02
9.285952304028728677e-02
1.670218968351283931e-02
6.101219650729571703e-02
7.525111074501636410e-02
1.769496067055425781e-01
-3.733819849343476393e-03
1.947785907117863258e-01
-7.307624007384400100e-02
-4.399847211705899125e-02
8.091432181646149302e-02
-1.530727922811221386e-01
-1.098194362616179698e-01
6.157227032281453044e-02
-1.088099544517559525e-01
3.117955398794970343e-02
-9.314916300495874879e-02
-7.080468502180511936e-02
-2.375229388256653029e-01
-1.393786319341052682e-01
-1.358617501000697059e-01
-1.595845026362961439e-01
6.885262464192928866e-02
-8.620130210161720818e-02
1.357129505146445758e-01
4.723259868710016907e-02
-5.282974377444980829e-02
3.670125807611064606e-02
-1.222499261793524306e-01
8.808233580289523412e-02
2.238543895172724618e-01
8.236310188502335428e-02
3.506011170334779464e-02
1.093039837360298000e-01
1.361919460652695306e-02
-7.444032659766494642e-02
-9.505716616372224259e-02
3.021699319637267261e-02
-1.947131140073203315e-01
1.810741966410644999e-01
-2.305080147571774984e-01
-2.423377279377814386e-01
-1.356212842183673328e-01
-3.212403221058331981e-01
2.258296264929055552e-01
-1.188130703168453761e-01
-6.549179905822340164e-02
-8.098090896364015800e-02
9.661804931524162199e-02
-8.724905239023267312e-02
-8.155482950493858629e-02
-1.074457746006200615e-01
1.459301413571466310e-01
7.047724186990550477e-02
1.132685990529031239e-01
1.073259403533195766e-01
-6.932300131247826069e-02
2.784699120111115700e-02
2.490503781586712179e-02
-2.213227583261783427e-01
-1.168614178384163732e-01
1.409395493692868449e-02
1.974427403196507003e-01
-6.703172274144165999e-02
-1.421361853248880036e-02
-3.945044646360299639e-02
-4.937269910141121876e-02
-7.240016625992481969e-02
4.967202096595781102e-02
1.601164750987662810e-01
1.459996389651596616e-01
-8.997727210153630417e-02
-2.358735585412515268e-01
1.032282999409531998e-01
-1.736103498040716675e-01
3.929143278023534275e-03
1.174337679219666364e-01
-9.985277437279140023e-02
9.999531599290048534e-02
1.616096950791101883e-01
-1.530808395381176024e-01
3.842527245619924668e-03
4.960257002160650686e-02
1.153291961773235536e-01
-1.303679874396338201e-01
5.111314536750554208e-03
-6.818711512876202141e-02
2.640030577894771358e-01
-1.954989537200685634e-01
1.855258684906838929e-01
1.175870174566943059e-02
-3.217594290206764462e-01
-2.807983238509647803e-02
-1.587188332965074056e-02
-2.569628013192521987e-01
1.648277004058115724e-01
-1.517657205083144389e-01
-1.187678238100743217e-01
-3.617595299892400335e-02
4.382232038352126824e-02
2.251172693544553904e-01
-1.035887547187728519e-01
-1.163058716051588726e-01
1.026671408935499602e-01
-4.704406663179078185e-02
3.047039122370209449e-02
1.652737643450663194e-02
2.859809811278072808e-02
8.418362109486683675e-02
4.248865639395385529e-02
8.232505072166348969e-02
-5.573555248107307097e-02
-1.361698057599540213e-01
-2.415199764888547318e-01
3.384891378499427922e-02
-4.924755061119032162e-02
2.176690381186893036e-02
2.343121605396377913e-02
-9.711459957467823145e-02
2.759830544809668829e-01
3.388580239204429245e-02
2.547762514912384202e-02
1.199350898404520777e-01
-7.032967040221469596e-03
7.280063348960760794e-02
2.393782545397569669e-02
3.460646573790030489e-01
1.154019251332746160e-02
-1.839866620065545300e-01
-6.152108963275542547e-02
4.193391675568537008e-02
-1.967143539201091917e-01
-1.350084899157794061e-01
4.536246138214163753e-02
-2.131517592634342428e-01
1.858041068988507127e-01
-8.945642800860229005e-02
-1.978256010354665362e-01
2.934903437270992496e-02
-1.389793539900726627e-01
1.479693161034168272e-02
5.907034446687652041e-02
-1.672549077381310645e-01
4.620613844382425589e-02
1.563624150845543959e-01
1.093247311654271386e-01
3.439050706954092651e-01
-1.712700877361192364e-01
7.975924007185818121e-02
5.282079266371850906e-02
2.229728786076150271e-01
-5.019265167489603274e-02
-1.871554358601913159e-01
1.161300771779999325e-01
-3.116592850896146571e-02
2.108978773232539350e-01
1.111603063210303416e-01
-4.111705315757089446e-02
1.263877146212158756e-02
1.556015397407222167e-01
-9.047988053233108063e-02
-2.433884859459610750e-01
-1.191664031442559030e-01
1.198692518981839539e-01
3.670973813582794065e-01
-5.330397614673239304e-02
1.284301004311782513e-01
-8.796446391190022862e-02
-1.580746441809355862e-01
1.204230302926210944e-01
-1.279344649566430646e-02
-2.108818787229007619e-01
2.799797361828439968e-01
-2.781283560811916022e-02
-6.921962281697084662e-02
-7.518515274608442156e-02
8.440957364676023034e-02
-2.911477451617206641e-02
1.625225444482487069e-01
-4.231747473626872730e-02
6.676842836247319501e-02
1.886621196709388840e-02
-1.488675244278909737e-01
-2.326729969395063824e-01
2.275327721854574381e-05
8.676513263689593011e-03
1.052836958793918094e-02
1.438760729721250409e-01
-6.393192553739840238e-03
5.674898466507565659e-02
8.399248001355251458e-02
1.065290763247668943e-01
8.457198270825001807e-02
4.870460729157935487e-02
7.361981147390800340e-02
-8.169484728628079173e-02
1.914006427722750314e-01
1.957454631152975300e-01
-1.553057522087669118e-01
1.400068502152569672e-01
-2.529796160364755631e-02
-6.100066416771054989e-02
-1.180833920964255851e-01
-5.090672998852187325e-02
-3.759638766972032281e-02
-4.763299645518720427e-02
-1.062389482706105476e-01
1.062157638120321268e-01
5.782867735062477421e-02
1.926309909329203540e-01
5.211859192455638168e-02
9.912282958699346336e-02
7.774209095463327501e-02
2.869631308276967066e-02
6.299329561830679935e-02
-3.487798305425808543e-02
-3.295293879552092797e-02
-2.735020082833842028e-02
-3.214472380552314823e-02
6.266953206647350727e-02
1.344982022607931760e-01
-7.858336770066347765e-04
1.361114845302479059e-01
-1.794984735140954801e-01
-1.894940989299169617e-03
9.777821295135420351e-03
6.794009662075785050e-01
1.000000000000000000e+00
5.664568340070347263e-01
-6.351817392751890612e-02
2.330249006452204119e-01
2.435541014531621973e-01
2.068496390356925341e-01
1.119013138453639998e-02
-1.019408316304794282e-01
2.950984254972063292e-01
1.988693011048803250e-01
4.658736738037307090e-02
-1.815721574329511867e-01
2.203615428141517674e-01
2.026402009066043952e-01
-3.837398312254427721e-03
1.342629465682710077e-01
-3.003414444748959689e-01
-1.152452971560628814e-01
-5.177201849554481372e-01
9.382833393435922875e-02
2.716651530003447723e-01
1.751021086568974039e-01
4.545811792120221101e-02
6.835607965899101468e-02
-1.332682446536046506e-01
-2.365600047248029303e-01
-9.560533039892162022e-02
1.192508607843653368e-01
-1.864970230866134226e-01
-5.330026981733426705e-02
1.524851917343610919e-01
8.928669702929985241e-02
-2.096181149663034204e-01
-1.592426580711489015e-01
8.863044006169332190e-02
3.136474229672955166e-02
-7.480879269524359776e-02
-2.255217600739909956e-01
3.116133567381756259e-02
1.133964153042994610e-01
1.520755254177897364e-01
-1.257831811642828312e-01
1.258911153164498364e-01
5.083617522303120195e-02
-1.657367847103814740e-01
-1.867149897030046801e-01
4.109089164019201490e-02
3.413275034947526460e-02
-1.988065857631868619e-02
-2.282519956002722616e-01
-1.003933873032843149e-01
3.738676036381222839e-02
2.061208300768641311e-01
-4.212858440765749300e-03
1.833213619459682087e-01
7.963164248094745101e-02
5.707989689664988431e-02
-1.737875814930210372e-01
1.425619778527130177e-01
7.689339035842589209e-02
1.044799541498531575e-01
-9.300467761779060427e-02
9.146668687430142483e-03
7.394014867832209015e-02
1.076333307542665235e-01
2.931695332986605437e-02
1.716704293583321342e-02
-9.716694675245350632e-02
1.290791167367953407e-01
-5.155856735903917298e-02
-1.400709389079256018e-01
-1.004861281050462574e-01
8.830600990583917231e-02
6.003188269312888931e-02
-5.448507683139804797e-02
1.317729289475518817e-01
-1.039889925615532923e-01
1.304678423289751810e-01
3.638861351248023207e-02
-1.293187319461527596e-01
1.904340663536577827e-01
-3.644009536007896538e-02
2.086076983675915278e-02
8.819753055139009645e-02
1.044033705286760011e-01
-1.098412982385714165e-01
-1.389708094357046952e-01
1.357988546244490724e-01
5.490717675496759043e-02
-1.235485920437108809e-01
1.873118722148337523e-01
1.866112993235238271e-01
2.247826681414645533e-01
-4.818616956709680793e-02
1.521605136023581883e-01
1.657270136918790049e-01
1.082097324020934448e-01
-5.098846113230243171e-02
9.683673054439041750e-02
2.149750662911084353e-01
8.998308364182920627e-02
7.775083682148827002e-02
-7.583475698623902417e-02
-5.718626969512920905e-02
-1.395645774840709730e-01
-1.570068903913434955e-01
-1.494143554550656783e-01
2.227010286735115266e-02
1.110463541434207196e-01
-1.502352852752883994e-01
1.589738762111797821e-01
-6.384750362983622474e-02
2.071941500169231787e-01
-1.642719247856432030e-01
9.121729278069794222e-02
2.915321106032603068e-02
8.431332917317067854e-02
-4.078386113195519441e-02
3.384424755683977659e-02
-5.047354049623972716e-02
5.924818278342841582e-02
2.749305443625657541e-02
1.165117407453359066e-01
2.715313370384700442e-02
1.705138613762700872e-01
-8.158726650907774380e-02
2.576957163717710775e-02
1.497909592238568042e-03
-2.479556914317138441e-02
1.387833254338124711e-01
1.120918873045800429e-01
-4.346520648862704089e-02
-1.637266125503984010e-02
1.655662175460168722e-02
-1.742616434878624734e-02
1.017825449399285126e-01
8.955029811959609731e-02
-9.581258199715048107e-02
-8.897937188125253083e-02
1.721103355897094650e-02
-1.465797028650457912e-01
1.660052521000543457e-01
3.169226340092068384e-01
-4.856032714830455649e-02
-2.420318096650856537e-02
1.954696911558105876e-01
3.099281784589302466e-02
1.449457185886161292e-01
2.112395512366607997e-01
-4.326305574934836973e-02
2.162880921815255597e-01
-3.215363897902650397e-02
-4.408398556957108388e-02
2.337961657066663368e-01
-9.796864793520028078e-03
1.110357017918266326e-01
3.793419563868033473e-01
1.477791926194025607e-01
1.732098611245544775e-02
-1.223954941082635722e-01
4.279810927354017053e-02
5.300711286805304123e-02
1.947942999488273264e-01
-2.657704393999349782e-02
-1.742664347748798803e-01
-5.880007750684384041e-03
6.680862067395579307e-02
1.948733350865620648e-02
-1.943685243565977938e-01
-2.863298773186037649e-01
3.867872952719844659e-02
2.570845355335626414e-01
-1.638794542178963753e-01
5.040038198124244945e-02
-5.166090594123187718e-02
1.632997193794930718e-02
1.163863136182281127e-01
1.836590348901664393e-01
-1.602746538041536495e-01
-4.774891778411272797e-02
-4.957018092238545115e-02
2.208905434943112811e-01
-5.267294618202226358e-02
3.528908932277835531e-02
-3.580912806194564563e-02
2.932202409352437922e-01
1.162876960232736290e-01
9.590871724433713830e-02
-3.939818992299271710e-02
-1.178334977409408041e-01
1.212890679737046312e-01
2.687591920607980411e-02
9.042063006461525942e-02
-1.011586502383755720e-01
-2.026344346848897304e-01
2.139048327400883687e-01
2.707894415594885307e-01
1.234934358725186115e-01
5.041914425640881686e-02
-6.783497417333303470e-02
-1.212137230586172836e-02
-2.550175484861853109e-02
5.628047443717735382e-02
8.403171108122080291e-02
-3.602405253704072871e-03
1.080770952737258456e-01
7.131923352316832040e-03
1.193557591425699060e-01
-2.243720884859799480e-01
-6.754020662036253064e-02
-5.826892343658075790e-02
-2.123348130644215626e-01
-9.673518379554504887e-02
4.141090354404043661e-02
6.773040121951272308e-02
8.022652776703680100e-02
-2.435484592195176490e-01
-7.697800782001479325e-02
7.464838220456851414e-02
6.909453440699540872e-02
1.708250500888721657e-01
-2.503310579906390387e-01
3.959771555389031694e-01
-9.757554249495499488e-02
1.021627659690012846e-01
-2.960367486708041437e-02
-3.051923731596407549e-02
-8.300027386324622392e-02
2.533545290690228727e-02
1.047619455510968856e-01
2.175239182712639455e-02
2.710297834531207872e-01
1.719005871563873689e-01
2.440265833346059454e-01
-1.415876340552435775e-01
1.430120844569242600e-01
-3.063488238790160745e-01
-1.521250796716654662e-02
5.764994180190183282e-02
-1.110809802006007124e-01
-1.162386473400861021e-02
1.203799607006604544e-02
2.193595094298759346e-02
2.736944181163086451e-02
-6.469254456030720801e-02
1.276171885522792981e-01
4.290144110537733035e-02
-1.185610041524826908e-01
-6.812150781464408611e-02
3.405775021274408121e-01
1.538560709766191581e-01
-8.987418690074736038e-02
1.246927773253412100e-02
-7.630840007890062060e-02
-4.918840936988590901e-02
-9.017894020127406596e-02
