1.021707328210611637e-01
4.220624248021409564e-02
-1.030738788444488241e-01
1.249077270923158456e-01
-2.575991189954339178e-01
-2.755834318868720101e-01
-8.655766809663628658e-02
-4.999044950919046687e-02
-9.847848866755069819e-02
-5.952785351688580362e-02
-3.856967673552602616e-02
6.129494363276650343e-02
8.601851800978048412e-02
1.460994428594623584e-01
5.035032288615685914e-02
1.756781106832173978e-01
4.841354613594727081e-03
3.402465522092255890e-02
2.900331035451860773e-01
-8.619807988314000247e-02
3.425713499707989107e-01
-8.612837903240729009e-02
-1.131456404112924641e-01
1.660181619485154303e-02
2.445633934210010296e-01
-1.900848626349390946e-01
5.850628652483536030e-02
-7.210614239263020420e-02
-2.105698258712595250e-01
-1.545814342239464900e-01
3.683029068107449011e-01
-1.080250960353889012e-01
3.601675125461122895e-01
-1.036216459374622589e-02
-4.880246726015684960e-02
-8.849790245843977554e-02
-2.816399659165034208e-01
1.580250825121069513e-01
-5.985911479259057449e-02
-1.106103025612787359e-02
1.261838403569659206e-01
-9.958499269321668956e-02
-8.595732399702595006e-02
2.558474443657929309e-01
-2.367844797553806876e-02
1.465336803101452146e-01
5.485038859170923015e-02
-3.289049137910286524e-01
1.809807940543971816e-01
-5.633792878388611813e-02
-5.370602221541782850e-02
-3.334522303735407145e-01
2.475220476820501059e-01
-6.725437534201356149e-02
-1.204024278368394651e-01
-2.673249034319348794e-01
-1.890378806330526018e-01
-5.559846503684338220e-02
1.026164655903583495e-01
-4.135511330743357056e-02
-1.893524630388895014e-01
-3.075698690999931206e-02
-6.857467987317436044e-04
-1.340087278861310238e-01
1.154570083038521516e-01
3.243312243137083661e-01
-1.056703708795095620e-01
-3.427990076910918116e-02
-1.995486752877236869e-01
1.235626298342586832e-01
1.009477720340131238e-02
-1.153476101999991940e-02
-2.703042329271431177e-01
1.390039664457231317e-01
4.750093312282376717e-02
-6.614717790358268235e-02
-6.021721032048109323e-02
3.614553797388116996e-01
1.533385169774636736e-01
-9.392779879969333223e-02
-1.651551007431568130e-01
1.652199500952772904e-01
3.255912828180252804e-03
-2.665493786279406474e-01
1.565051924638121428e-01
2.030333564638875654e-01
1.908907508352108429e-01
-1.493688683282235752e-01
1.831964241994680706e-02
7.612427718691471522e-03
1.808288625966769370e-01
1.762103759224369071e-01
3.203842869490437697e-03
1.039564027417475695e-01
-7.240827745767774992e-02
-6.258606377835913837e-02
1.663969776891521812e-01
-4.978477921325485944e-02
1.931382448424231180e-01
2.676264888612925330e-01
1.126257666513946348e-01
1.788354769493221974e-01
-2.002464596232190197e-01
-1.460873568787717236e-01
-1.386952934207618671e-01
-1.335865029728827424e-01
-6.709639072635507906e-02
1.776292172846892503e-01
-1.077317060825438294e-01
1.965259061136805929e-01
8.921354387855580381e-02
7.308522483745788501e-02
-1.941563916599197137e-01
9.315693135588565266e-02
1.990672964028878181e-02
6.976328060748247968e-03
1.053054139485683632e-01
8.076503644909402424e-02
2.496752985448029150e-01
1.871671619558153143e-01
2.776783744668303022e-01
-1.626914165881676866e-01
-1.891718631451214799e-02
4.354715509836393911e-02
3.841168196399256662e-01
4.966552655488160051e-02
-1.463139375736785819e-01
-1.138726333729478124e-01
-1.307887483648971227e-01
-2.041791510548002508e-01
2.860250104927734571e-01
-1.567215208885470168e-01
-1.052395891296623864e-01
-2.008551843655209113e-01
2.868866099920308263e-02
-2.134102474392494120e-01
3.666160049805560761e-01
-1.807397056423606582e-02
2.595728084580089384e-02
3.047183444289111032e-01
-1.713225802317259461e-01
-1.708337456990821346e-01
-5.640157647668060659e-02
2.894423151935457406e-01
2.380234080485096326e-01
9.285010651380679048e-02
1.837218358158826115e-01
1.093633787795914442e-01
2.192890881135894920e-01
1.250955313313840134e-01
9.048071239247315600e-02
-1.295866143692543382e-01
1.404486076224958635e-01
-9.564965644221734911e-03
-1.059831311831931251e-02
-5.088948458148990356e-03
-6.945153555446938794e-04
-1.675322055390026932e-01
4.019369772891641379e-02
1.521690117825347521e-01
2.296415336830662790e-01
1.891449500601636302e-01
-4.866890392237852025e-01
-2.062722688964866158e-01
2.075958002597693697e-01
1.602694263170897082e-01
-1.328159031107319088e-01
-1.092606701862702118e-01
-4.463322802694202895e-02
8.795162924968609464e-02
2.780589434131168214e-01
-1.914058879288564330e-01
1.437026148516199198e-01
1.958616441033262170e-02
-1.511504481062017069e-01
-4.609171545170531042e-02
1.149405871353529202e-01
-1.445565945907961170e-01
4.839027128841408981e-03
3.344262820164117245e-01
-9.110891070960819293e-02
9.554011275426776972e-02
-3.570655866601188388e-02
3.712582815648780565e-01
-1.510742943473009949e-02
-1.844153272607272076e-01
3.702879587046165599e-01
1.023453373357200713e-01
1.308810429664779007e-01
8.280098295085138241e-03
-1.499051889026266904e-01
-9.523201591903150687e-02
-2.248163043582634968e-01
-1.337173715279227869e-02
4.779741430699357974e-02
-1.544510362441185447e-01
-8.055697730684530100e-02
4.467203275894551240e-01
-2.014873935192985355e-01
2.363083085852281662e-01
-5.621621694536833858e-02
-5.216227192323456829e-02
1.910745352654145690e-01
2.716248023638124232e-01
-2.573999489879884306e-02
1.036402686794126032e-01
-3.683963833446593505e-02
8.245283133055308911e-02
-1.023506122747231128e-01
-5.522826319306397419e-02
-2.511276124791634312e-01
2.011889048213701958e-01
8.613878405190100729e-02
6.239287874016222202e-02
1.310727966806413125e-01
-4.298190556116635030e-02
4.008530283786024273e-02
1.116493551069255435e-01
3.095212813634606701e-03
2.458081230784840698e-02
-7.329135099065393899e-02
3.709501868748084352e-02
8.528870354367362738e-03
-1.603984819699412756e-01
-3.517751396282839393e-02
-7.505320755664796062e-02
1.702024438235123088e-02
-1.383409946186199280e-01
-2.269375028555158796e-02
1.980441386453764829e-01
1.277648623376982928e-01
-2.951732742452196634e-01
1.149627784997407226e-01
-7.906054822540334315e-02
-2.350092960710740697e-01
1.014544827943753558e-01
1.619626868038353262e-01
4.446238710245466880e-02
2.163636033166849715e-01
1.237656671468223418e-01
-2.327439125623963767e-01
-2.212719872901933171e-02
-2.225463603772781795e-01
-9.225145234762766044e-02
-7.862349047999052029e-03
-1.296820101386273252e-02
-7.193793206083486103e-02
-9.706581840500877467e-02
6.303826320953036938e-03
7.593176989719253867e-02
2.192248284592624233e-02
1.569508428176190074e-01
-2.694122032804950884e-01
4.116989516141213445e-01
-8.624670622265306896e-02
4.222837255378245613e-01
1.000000000000000000e+00
2.814047135526376864e-01
3.974859132823683194e-01
7.334940616413050674e-02
1.956662111320668918e-01
2.020949914719647952e-02
1.330927814153572697e-01
4.571788171206366824e-01
-1.069951104836851380e-01
-4.006436660362348162e-02
9.647949913795138277e-02
-2.320833530262292055e-01
-5.192363180165976422e-02
3.235197547114947170e-02
1.099179646878851863e-01
6.071556818426256802e-02
-3.467971123485381890e-02
-1.145327112165765715e-01
-2.342561977962548669e-01
-3.755276160354513448e-02
1.313508242552796079e-01
4.697403802748349733e-03
-8.203879639372527177e-02
-7.269727176918346079e-02
1.721618609792829879e-01
7.113851387732535170e-02
2.042908512880503014e-01
-5.544667496548091185e-02
-1.275218589916537748e-01
-1.579106199907612529e-01
-2.613974984983987171e-01
-2.058630909583631374e-01
2.428282297208101126e-01
-1.873002139729581794e-01
6.650507618363531159e-02
3.698422597786481941e-02
-9.594409435181401255e-03
-4.057735551586016953e-02
-1.293698366688257884e-01
-2.167736605524721583e-01
-3.384997726302003268e-02
2.843609699951268888e-01
-4.343344600053112847e-01
-2.685019431074811558e-01
-1.895940302795406651e-01
-1.742906261285215030e-01
1.282520365158841416e-03
-2.488946346880837046e-01
-2.504561937491826817e-02
9.734462419858223858e-02
-1.751188570160684688e-02
-2.380599015181111278e-01
1.768696893007370707e-01
-1.321465767007545464e-02
-4.088619026237747672e-02
-4.226002581695801480e-02
-4.630435612021705644e-02
3.420204307648102016e-01
1.497596305738145839e-01
-2.265516676969722420e-01
3.405493901391691836e-01
3.485932549751397103e-02
1.196130226850942134e-02
-1.923634579497099095e-01
6.779093347188383523e-02
-1.651882353997642661e-01
-1.520479319952096342e-01
1.495292635517282698e-02
-7.387293598213900969e-02
2.564769203262361966e-03
-4.048213690464010778e-02
-2.649223988173489697e-01
-5.159513281405065516e-02
-1.715497904368132754e-03
-2.658793692038670109e-01
-1.033048558994397459e-01
1.266952404034323715e-02
3.164264184712005656e-01
-1.694085456802729428e-01
-5.107745412477020935e-02
-3.142799473147403488e-01
-3.380309085560863347e-02
2.119573338705534604e-01
-9.757156697233254627e-02
1.746801656608311104e-01
-3.956292236285832709e-01
1.776340008401500192e-01
-2.222043561666038614e-01
-6.587880057408852796e-02
8.323641919693644531e-02
-9.151928791640258354e-02
2.598395026701838875e-02
1.267498626129941186e-01
8.296189421232989802e-02
4.307284814477932433e-02
5.340913206320849899e-02
-9.199116152513307776e-02
3.807630588289955594e-03
-9.811700849137575120e-02
-2.712711259329143865e-02
-6.449337760544210374e-03
2.246300420846770451e-01
-8.168758882290809431e-02
5.601126589747559142e-02
-1.165092555648550993e-02
-1.213333518810859185e-01
3.993545072228071868e-01
-1.659360935542473006e-02
-2.863454909165469298e-01
9.628446591688449852e-02
1.643814217202104605e-02
-1.633314188319603399e-01
2.407201939842081029e-02
-4.367280434142285783e-03
-3.287107508953787671e-01
-1.632253983148784227e-01
-1.688052630986471569e-01
2.093382625570083533e-01
9.847414230609978503e-02
2.203903730617200740e-01
2.405073439972297833e-01
5.863476837864186469e-02
-1.592694576366583958e-01
1.013188891816100556e-01
-4.567034878221505612e-02
3.981365736438926412e-02
-4.184860280957158896e-02
-2.601777594571082555e-02
-4.695298553443998102e-02
1.348290612499591923e-01
2.635503379912899208e-02
-1.566792070351270549e-01
-2.192607822297036602e-01
-9.596257044164822891e-02
-1.936463557130053970e-02
1.093480043197257445e-01
-1.849524002187626637e-01
-1.007252687911413744e-03
1.998220978915133672e-01
-9.129374165916111228e-02
3.781947244418124021e-02
2.798745857065346732e-01
8.500337689869363889e-02
1.024431768486406824e-01
-1.733840802657657942e-01
2.040183830971155632e-01
-9.038884123130805359e-02
-1.000946204018042934e-01
-3.894746383658172495e-01
-1.208481023539890870e-01
-8.572357641155466459e-03
-2.030363159998211098e-01
3.026625072369779068e-02
1.208308731296741656e-01
-1.056055836076811721e-01
2.708609345889458411e-02
-1.188616515529410667e-01
1.248625209273566128e-01
2.108873022605584069e-01
-2.200356136209578595e-01
1.143098796283602281e-02
3.337057156433971550e-02
1.914052437959923858e-01
4.499016220314825537e-02
-4.332406564165462194e-03
1.294608495862577535e-01
-5.173074987142642356e-02
-3.347683428072983913e-01
6.016591858073888632e-02
-9.157012379887190245e-02
-1.428688586802293603e-01
1.525560921346998389e-01
-3.177632975268545046e-01
-3.344123630439471695e-01
-1.010563864254668681e-01
-1.814835427781457400e-01
9.343868460370885476e-02
2.191536941393419924e-01
-1.281736296468772955e-02
-2.206248179103478119e-02
-2.670455245580610759e-01
1.575379047773172725e-01
-4.844923842196215136e-02
3.583304508773124675e-02
-3.573474493617789793e-02
-2.401396199968579559e-01
-5.655498925709240288e-02
-8.624815513954253374e-03
-1.499592808474138894e-01
-4.125532286095438816e-02
5.271418034961535687e-02
-4.040450229624201195e-02
-8.351149453596515282e-02
5.320595336426217625e-02
1.126125782898871469e-01
6.522611821538679133e-02
-2.805413963672475086e-01
-9.837880408117233300e-02
2.336384451579549479e-02
2.861353207911063734e-01
2.167506602242520453e-01
1.767547943667413801e-01
-7.034461548863488178e-02
-3.142068528545689104e-02
2.778441045645754781e-01
1.341128701941532719e-01
-1.395112287525832051e-01
2.066397698137425742e-01
1.786678065622128442e-01
1.444135044143752544e-01
-2.041313247068851922e-01
-2.425315699520654567e-01
-2.864530630901517827e-01
2.228384596737027767e-01
1.835369224508393293e-01
1.164622398416151200e-01
4.363015769436979878e-03
-2.967764679850533674e-02
2.243813403592262445e-01
-1.912625405916073412e-02
-1.399980533807885785e-01
-2.446666258147093265e-01
1.642142943983539161e-01
4.379647918401596840e-02
-2.703024854713144409e-02
2.300463976765960150e-01
-1.909155727922906831e-01
-1.019504767049614520e-02
-2.588941131493179004e-02
4.781479130308733949e-01
1.759228153256570670e-01
-1.738237364325267431e-01
1.270289949591291712e-01
9.863642878468061037e-02
7.352857115110944530e-02
1.905177390953949890e-01
-2.313054659299445259e-01
-1.247045225580791228e-01
-2.837163149490547903e-02
1.200771834629663602e-02
8.761757015960380812e-02
1.507161540753188533e-01
-7.370407912679970142e-02
7.876261155383237900e-02
-3.605384092511389887e-02
5.221415599698827487e-02
3.181234636020234263e-01
-5.348108767418320586e-02
-1.213702711817830349e-01
-1.868693618892920405e-01
-2.680511364862184220e-02
3.088575167922079090e-01
-6.696641618693038867e-02
3.203029338805002402e-02
-6.456003243110555734e-02
-1.412084387143991981e-01
