1.443056237859676183e-01
2.309323732280616492e-01
8.461607991593679545e-02
-2.583412592528821494e-01
6.464066964410193628e-02
3.272160129516168969e-01
-2.992467440798409761e-01
-1.542999110307215482e-01
7.365989374850787086e-02
2.344594354687793980e-01
3.433788113549353649e-01
1.894224694304039724e-01
3.064207217052345236e-02
-3.563435964248524712e-01
-2.327429328191885430e-02
6.422313931829178035e-02
2.544690285652309036e-01
9.878700830935507882e-02
3.826666350165289776e-01
-5.304591446205138977e-02
9.579153882503738116e-02
2.173789624617150640e-01
2.363004701486489181e-02
1.079663506717492005e-01
-2.622410181475100521e-01
-1.285973781686672035e-01
-1.251169483276539096e-01
-2.674328055080258393e-01
5.501573190472454356e-02
1.954444253227169692e-01
-6.663350805298537405e-02
2.641453493047093426e-01
-4.868321499731949331e-02
1.364719231721536474e-01
-1.924917335279452968e-01
-4.017403779872634750e-01
-1.402553496254615450e-01
-1.542905548476231070e-01
9.936811558091611374e-03
1.343292938390608544e-02
2.836091013417516016e-01
1.869531240102694225e-01
1.253284168050784741e-01
6.047982871723960735e-02
8.502137819304053656e-02
3.504306222897816524e-03
6.589616976306257312e-01
1.516021214315628751e-01
3.498567269344230457e-01
2.279276233050192210e-03
6.728798257887724787e-02
2.042566909909611372e-02
2.538861350652410476e-02
-1.398787654807283065e-01
-6.109829401857464620e-04
-2.340792769012773125e-02
-1.648060377579210478e-01
1.892933778442978596e-02
-4.792998312433381924e-01
-3.128996789386125910e-01
1.552588615789265991e-01
-1.818703912253974431e-01
-1.705538129616267495e-01
-2.145922891719352354e-01
2.789415668087525391e-01
1.502664124384165689e-01
1.102540028480375120e-02
2.498961985135788599e-01
-4.318903687938700081e-02
4.107934592885145210e-03
1.536591911897572660e-01
4.774730280833694440e-02
-1.719495395479715971e-01
7.194141382653267136e-02
4.869490617386643683e-01
2.588748354828618869e-01
-2.213602149444039158e-01
-1.456350170138900023e-02
-8.610301531939501540e-02
-2.744009883746622788e-02
6.765249293863324388e-03
-1.875249016296650084e-01
8.679289832340708610e-02
9.978809096403094825e-02
-5.805887119844055366e-02
-5.208353096176307137e-03
4.963969710797541124e-01
5.156185842229409066e-02
-2.889716870901982704e-01
2.112844703903466737e-01
2.084818623067540844e-01
2.732787808573706734e-01
3.747037808017919525e-02
-1.349977859442284822e-01
2.894775608130518152e-01
-3.843500090341008674e-02
8.154440428815122599e-02
1.312102614698435477e-01
-5.283563535943121975e-02
-2.517066778534081672e-01
-3.526297870587601913e-01
-1.911321300135356838e-01
8.597146063382417325e-03
-2.194849241847768584e-01
2.332680152292767317e-01
-2.044918162696712782e-01
2.408720822892914115e-01
-1.792936742223589230e-01
-3.224959025456486383e-01
-3.385391698261311366e-01
-5.151410216043209728e-02
6.499825838361002195e-02
2.164556051373761891e-01
3.540761492707263924e-01
-5.859859448440624813e-02
3.380305791988784114e-01
-2.929804440397257986e-02
9.500340060836492961e-02
-5.171519142577648553e-01
-1.751247717766415690e-01
-7.160990666458882936e-02
1.430935509329202826e-01
-6.319006439342236825e-02
-5.170091829651725368e-02
-3.753228161618637482e-01
-2.249322523765650284e-01
-2.515492214327395004e-01
2.694072320315230029e-01
-2.622138127077298653e-01
-1.617360541146026925e-02
7.773236899197023819e-02
2.859174688924758789e-01
7.014262274370980377e-02
-1.158250522272601807e-01
5.557956723839341251e-02
-3.278527727928668978e-01
-6.683053998356185132e-02
3.807845843985637746e-01
4.677724057546084335e-02
6.945191985644373622e-02
-3.913457173659519728e-01
-1.622406896941031296e-01
-1.370559328402556343e-01
3.913996054356492713e-03
2.739332881638980033e-01
-3.072968003390575201e-02
-1.688254692948991109e-01
2.925009538289992661e-01
-1.146123993037552746e-01
-6.093826199792405640e-02
1.856824007370996565e-01
3.146118012744062442e-01
1.190587675720596594e-01
1.086239548684757167e-01
-4.761872024382605706e-01
-2.981308774045742793e-01
-3.305330051660994306e-02
1.036730284814072339e-01
-2.218784915180789241e-01
4.268565983898210403e-01
-3.504704176314734493e-02
2.415062960282572668e-01
-4.098170561177096743e-02
-3.646977313860998993e-01
3.507191380434306338e-01
-1.128474285015021034e-01
3.435608113780355133e-01
2.909605979285893266e-03
2.203270849524840702e-01
-3.954668655451735321e-02
-3.055387721453761696e-01
2.075736889036845501e-01
1.035208267246378044e-01
-2.278195596772672749e-01
1.881679104255762694e-02
-1.485606219043840714e-01
-1.100724539143543429e-01
-2.004924572757803281e-01
3.131533952575141222e-01
-1.836716991279035149e-01
-8.880091365740318265e-02
9.082420985938190194e-02
2.373241534067405401e-01
2.368041471159424705e-01
-2.707515288934712050e-01
2.283750936792846575e-01
2.473787845099531257e-01
1.991638966256556453e-02
2.150641733148600174e-02
-2.405009201124795326e-01
1.384714266442150787e-01
-2.592605115599581067e-01
-1.421520075923606574e-01
-7.231140191876929413e-02
4.112611359851372356e-02
-1.655497013486182667e-01
-3.353744399290737310e-01
3.689129331262335637e-02
-1.507000880882934102e-01
-1.472118142548941300e-01
-3.196093823475649742e-01
-2.966052553851728502e-01
2.669205449163898902e-01
-2.902170071495144277e-01
-1.908673020099338757e-01
2.624190288883826438e-01
-2.217223297616828515e-01
-2.409524365203884536e-02
1.013984882074093485e-01
1.096872853989121210e-01
-9.539619908790467062e-02
-8.885661220496267332e-02
-4.133491932284257819e-01
-3.473913638003593429e-01
1.464170319148897503e-01
1.638519242625178229e-01
-3.820377915203106850e-02
-2.064989392115513800e-01
-1.099573833566422909e-01
6.782440194254114874e-02
1.687742815348228786e-01
-2.508973034546697622e-01
-1.025304897124930947e-01
4.498132885639734985e-02
-2.930186071060140729e-01
6.252373430647273356e-02
6.628654787440406426e-02
1.315776379472076152e-01
-3.494496557139935566e-01
-1.252628112865054599e-01
3.674238935133697370e-01
-9.128724172658229941e-02
2.684882524740659498e-02
-1.416738105921545587e-01
-1.753739047992270705e-01
2.045554090320929330e-01
1.336355708148878607e-01
-2.261121689488247363e-02
1.754080688355216244e-01
-1.748598712642654152e-01
-1.333988301489034134e-01
-1.253392721364094417e-03
2.140932722542500111e-01
-1.860703035986357168e-01
2.795042983227868667e-03
-1.994724482265314847e-01
1.994236392647464884e-01
1.549458994791867161e-01
-2.861366982031631270e-02
3.440050430800648540e-01
-4.064311577555174138e-02
-1.058054635599986887e-01
-1.255746272377019912e-01
2.516891620628081139e-02
-2.461136245195539099e-02
1.000000000000000000e+00
5.836934877566288815e-01
7.934238541629000663e-01
2.678110867939993006e-02
2.291616541926562445e-01
-4.109261176640072177e-01
3.938808893291631530e-01
-4.454207578963806369e-01
1.470179984475867563e-01
2.206394084653054144e-01
-1.376529358752330845e-01
-3.867333738189168146e-01
1.557391508402442559e-01
1.971295960238986511e-01
-6.827419013584924701e-02
-2.255250088747654258e-01
-6.013183926708362027e-03
-9.815886561944953126e-02
-5.044616254911324371e-02
1.531266698112537517e-01
-4.263662606380049791e-01
2.670560540592997190e-01
-4.129359057364887647e-02
-3.014575898000127485e-01
1.026233766777428363e-01
1.527049654574116344e-01
9.984199778000110714e-02
-4.117533343232415155e-01
1.758535226929907602e-01
3.967458903061233388e-01
-2.447773321625220377e-01
3.157442190439891938e-01
-1.295772211432133503e-01
-3.572615468668926403e-02
4.231058788492041423e-01
-6.487903608428102764e-02
-1.117491935564773609e-01
-1.140027221710350203e-01
1.715868948826820561e-01
-3.042319878148251333e-01
-1.727062257880867535e-01
-2.519014760033297384e-01
3.910049581684738734e-02
-2.557339498847084891e-01
-3.138445484878890079e-01
-1.008197052672038518e-01
-3.412454055210840942e-02
-1.655294042829346113e-01
6.008504676412021461e-02
2.160056252021654299e-01
1.145569685049949299e-01
-4.377251522558994745e-01
-2.809574226370416539e-01
-6.098280213648771264e-02
4.288643774090551974e-01
-3.855796578527139751e-01
2.760509555857777464e-01
1.771045324690566081e-01
1.900055972006980676e-01
-1.440566545693112710e-01
2.750298693987253684e-01
5.965506686316380397e-02
6.136817923499171545e-01
2.259980084296174807e-01
-3.073016506864885700e-01
-1.638294882113978113e-01
7.245279252036070095e-02
-1.518798493533613236e-01
-4.460345768407577693e-04
-1.563476866203422078e-01
1.548525656690087626e-01
2.377714961959181278e-02
1.693436580695414362e-01
1.017575166287971178e-01
1.789509092650906630e-02
4.970802137120206715e-02
-2.503740552561530275e-01
3.805508705186710222e-02
-2.414443534779692480e-01
3.672393111579103087e-01
-1.012611266161843743e-01
3.130004240936064275e-02
4.946109956142758501e-01
-4.200667229346052856e-02
6.855994199985861182e-02
-5.636289294946965622e-01
-6.382772357423334431e-02
-3.722165881692579559e-01
-2.435351533128293430e-02
-8.714897246736061365e-03
2.155896070670093034e-01
-5.651095728245617567e-01
-3.179883130635637045e-02
3.386941596494758566e-01
1.524441009515586087e-01
3.170244470159573891e-01
1.852509156416459191e-01
-1.617382356285867739e-01
-2.065532670880002308e-01
1.706541813752447401e-01
-1.318777165120554699e-02
-1.246375186777583660e-01
7.420538625624192863e-02
1.713666175119812063e-01
-3.305178519812416171e-01
4.449918433411207963e-01
3.371581768179759964e-01
-1.412335353917173741e-01
2.961765548582306895e-01
-8.633019406803579820e-02
-3.444448703287059099e-02
1.202102124344860828e-02
-5.182353581524443142e-02
-2.253663268005347553e-01
-1.433361569137197866e-01
-1.338864488447671364e-01
-1.315355539116013495e-01
-2.933847952530252434e-02
-1.184083523835282280e-02
1.063109197204664819e-01
-2.089571262226901094e-01
-9.254673758004561268e-02
2.237364217943269284e-01
5.982605349490442009e-02
-1.049863739322662859e-01
1.633435396229453856e-02
4.281808729310999095e-01
5.639737668317372776e-01
-1.141675558437084924e-02
3.378503918959545049e-01
-5.215521377924489665e-02
-1.071046834390990965e-01
-1.318783142776719375e-01
-2.090733464270676800e-01
1.288435440284606825e-01
-9.861100682651167959e-02
5.269730407136566375e-02
3.504601834579606362e-02
-2.325283607534929867e-02
-7.737084253922132948e-02
1.868674271603164294e-01
6.660887665149199666e-02
-1.690034263152609961e-01
-3.086601700668795134e-01
4.396544035520074112e-01
8.689991785657215362e-02
-4.514815325230060739e-02
2.153485320651858936e-01
5.908459901819460569e-01
2.301533841623558396e-01
-1.533809277703312990e-01
-2.303406401472417597e-01
-9.386531890651103605e-02
-1.726919014782395401e-01
4.696111533329115628e-02
-2.371976566911750683e-01
-5.503892362433823043e-02
-1.752111902165954527e-01
-1.213252651154953510e-01
2.662581702867561698e-02
2.143537847103349492e-01
9.214208009012525569e-02
1.640691877461310788e-01
-1.108807371828882116e-01
1.872043597882453447e-01
1.581635970758027143e-01
2.049899290031919896e-01
3.204328144142778306e-02
-2.633401290386960109e-02
-2.496469357636154074e-01
2.264183491084471866e-01
1.259345034783465045e-01
1.720784080656131976e-01
1.226589530584762805e-01
-5.875009448386068339e-03
-3.955941567062816466e-02
2.998007693892973391e-01
1.843741182082371810e-01
3.706666352779146023e-01
5.943040143614251175e-02
-1.305063336969195797e-01
2.157957846504594823e-01
8.090818828728366108e-02
-1.805422256951733084e-01
5.074598902431977088e-01
-3.013286264872110376e-01
-9.830487359590817098e-02
2.305678936048924932e-01
3.808800174660391669e-01
4.553877986267048650e-01
3.071261951955807090e-01
-1.286020422678300079e-01
1.466021288281598722e-01
-9.264978661927598946e-02
4.131363855139862373e-01
-1.742162253352754486e-01
-7.980796871298283593e-03
2.838840141145802520e-01
-1.146558553083587284e-01
1.280506552114500651e-01
8.193352101111311958e-02
-2.843375506214184875e-02
2.706945929001843276e-01
2.929535405831615313e-01
-1.508461650754626404e-01
-9.484036560061201784e-03
1.472758490663813868e-01
1.238513849232232705e-01
-3.836493831393132381e-01
-6.699755612139700334e-02
-1.608689161454825711e-01
-1.031786547230387902e-01
-7.165595199770825874e-02
-3.655177426398083518e-01
2.989994600074776798e-01
-2.262993268451225226e-01
1.307019971565918370e-01
2.207330393069126540e-01
2.934516557703821180e-02
-2.380802981976399071e-02
3.242982067831406967e-01
1.065386726993091358e-02
8.406348949243909463e-02
-3.759026845339452083e-01
-8.272750809632439806e-03
-1.881221116967742302e-01
3.214762407502760877e-01
-2.497648096781611149e-01
-1.506739562882822014e-01
1.152966007431045249e-02
1.414709356331488588e-01
1.680406138698098406e-02
5.228798028198843040e-02
-1.345974418015601637e-01
-5.273983974787962992e-02
2.735051899938576447e-01
1.413629909759732406e-01
-3.041153290595333680e-01
3.534442523154686655e-01
8.353801450942412166e-02
-1.427477814756831498e-01
-2.406038896466912436e-01
9.010437177923742713e-02
-1.143045293598720091e-01
-5.664973069027913199e-01
4.355547333630436224e-01
-2.007992981039837255e-01
2.437017612892775353e-01
-1.237994301467078700e-01
2.047203573954086975e-01
-8.789423845264505986e-02
1.972079856985741765e-03
-2.295843082989113340e-02
-4.713939360059580252e-01
-1.817035704696311205e-02
-1.535666656127119417e-02
-2.744303508419220217e-01
