1.600508412532186120e-01
-1.004959904589494829e-01
1.236204869163985143e-01
5.370611807456863313e-02
-7.306114434798405667e-04
9.062149999675242484e-02
-1.160000180354925498e-01
8.993646295341187202e-02
-6.725074873047903745e-02
-1.877955491779298991e-01
1.183884111237336334e-01
-1.790537187718830789e-02
-1.032420038735661072e-01
-1.073253049462939007e-02
1.946114254825938028e-01
5.204352249816878578e-02
-1.004367147938619170e-01
8.957357989976021118e-02
1.766566896255424360e-02
1.193288231293849061e-01
-8.782984374522530280e-02
2.189244911003930538e-01
-1.600996548633621397e-01
-1.597915033956106567e-01
-7.242093852919895269e-02
-1.168235061671465402e-01
-3.618668348956072950e-02
5.254613514198337026e-02
-5.981406748056233846e-02
-7.149485666968410924e-02
-9.673173210736327188e-02
2.040906138329005859e-02
-2.569389000993119176e-01
-1.714677378404803609e-01
-9.232607173442659854e-02
-6.472813907314626213e-03
-8.842596195840217443e-02
2.380312139298085827e-01
4.435963823738843861e-03
4.812580633364660354e-02
-1.666072922948019785e-02
-5.759674866828728979e-02
-1.815979596180725478e-02
-6.709213424980382812e-02
-1.170766197548457066e-01
7.606407996688396671e-03
-1.612651754128790194e-01
2.101460604427043966e-02
5.065551439870839140e-02
-9.990316981801576623e-02
-2.600008932929710401e-02
7.108345563518267407e-02
-1.607951332221322360e-01
3.285337579555123316e-02
1.344390033253807515e-01
1.042681112016457801e-01
1.398508825236907949e-01
-1.873965451296021878e-01
-1.691077514849034791e-01
-2.106750592538717270e-01
-9.510694897179286511e-02
6.444091498109634497e-02
2.107941932628960846e-02
-1.578374011971593605e-01
5.802761668141157882e-03
-1.919364188058170217e-01
-4.839780540218411448e-02
2.698381880727181159e-02
9.945819412767886725e-02
1.733003608301911802e-01
2.292781753113611320e-01
-2.847769746732170537e-02
-1.916787611388892087e-01
-2.735433073191124165e-01
-8.532166289439716000e-02
1.353670296002490447e-01
-4.323968437503033363e-02
1.134175435395635562e-01
5.200341668774004222e-02
3.098620535189900924e-02
-3.224984513233158934e-01
-1.342158931123530463e-01
-3.210238177633323864e-01
8.816842070086126221e-03
3.030637830129104607e-02
-3.230941142473098271e-02
-2.491299328440560977e-03
-4.298430941271963457e-02
3.211489633330719823e-02
-9.008011395980179692e-02
-2.397970804029227188e-01
5.958668630669446825e-02
-2.010711403634143912e-02
7.391966638185375194e-02
-2.013683016022754513e-01
-9.963315841525147154e-02
-1.083388838052816439e-02
-2.577079632543087528e-02
-4.037372574552917093e-01
7.276164919471003745e-02
7.402780839162836912e-02
-2.506667778561968984e-01
-4.129697436974159169e-02
9.784477119024199976e-02
7.957975546940627976e-02
-1.341631379368765919e-01
-1.183219709759451843e-01
-1.408731022017982171e-01
-2.657815447913913220e-01
2.784310030940286007e-02
3.381069628129105414e-02
6.267633826534622921e-02
-7.762114177716394892e-02
1.442802888255439453e-01
-1.612427829556542860e-02
1.935881592171077858e-02
-1.061310764456590977e-01
3.618372361609016596e-02
5.289429643528282404e-02
-9.405849125637988709e-03
-6.575305648504728429e-02
2.725656948706924321e-01
1.055547507501839732e-01
-8.079908931244539350e-02
5.628820036587325187e-02
-5.539087537408562967e-02
-7.981372112281955034e-02
-7.641004179030352894e-02
4.872153293269020080e-02
-8.940520127259142524e-02
-1.479330581658667293e-02
9.111166291984976184e-02
5.267864633416724507e-02
7.890838265878070967e-02
9.461664681335371641e-02
1.047983692701484337e-01
3.619079683239706524e-01
-1.061721331337796004e-01
3.010666447252541289e-02
-3.002273525120810471e-02
4.787850466216718448e-02
7.468969076459867906e-02
-6.687545125684958569e-03
-7.664120786023467628e-03
7.493301828534883191e-02
1.378439291648822784e-01
1.873981080053546966e-01
9.294102092271380733e-02
2.565977966388091613e-01
-7.280930161780793664e-02
-3.045956240534743523e-02
2.083057221331560422e-03
-3.728581662583266287e-02
9.239285753095677692e-03
3.169236733031652320e-02
-2.839980537866855226e-01
1.056045679725627767e-01
-2.045569893876193063e-02
-2.506495130623019596e-02
1.005317832390179578e-01
-7.006199903627712000e-02
-1.169232685918552145e-01
1.128028147352038296e-01
-1.309650376742568234e-01
6.756211186016648773e-02
-6.120051211382039613e-02
7.436294673028955894e-03
-1.128925387141307551e-01
9.997703867313714743e-02
-1.226038913559797106e-01
1.536381741965213432e-01
-1.203263033409553984e-01
-6.319112692108100338e-02
1.479784020681856327e-01
1.156201512564685729e-01
1.757622536701606286e-01
-7.073564388653766355e-02
-4.160419628976566586e-02
1.478412614768332412e-01
1.104770049589083036e-01
-1.421676473918662698e-01
1.744381079750689234e-01
1.757596433413445014e-01
-1.411612108978260033e-02
4.902736970087805818e-02
2.278264798164765514e-02
-1.845089593555472194e-03
4.319039383073114413e-02
1.492559534582252601e-01
1.064744657989440818e-02
-6.253411625162087761e-02
-3.809643772377207475e-03
-5.567023420071350037e-03
-2.873506160649263452e-01
-1.424165231945714316e-01
-1.640927109452316457e-01
1.588536158083858063e-01
-1.505682229420859941e-01
1.313775880499220283e-01
-1.322093953576946035e-01
-4.856010906931825660e-02
4.095135252891548595e-03
-2.389694398062558456e-01
-1.134834575995984501e-01
-6.681991479742137308e-02
-9.084405212708007715e-02
6.078501961357954397e-02
4.198285505046112087e-02
1.081221966010762481e-01
-7.244483376798960261e-02
-3.336782616206358798e-02
-1.751493875422013569e-01
-7.952223583081496905e-02
2.881901861978175550e-01
-1.076555655188853565e-02
-1.620441309697619736e-01
-1.251157187332968546e-01
2.651335300736275616e-02
5.726732236513486923e-02
7.278176992706061887e-02
-5.661214237708742797e-02
-2.719941703951239687e-01
-1.388607392059679202e-01
-1.168506669832750922e-01
3.418587974574455873e-02
2.134642728259254219e-01
-6.304750850004617324e-02
-2.818794718665109111e-01
6.868848814192851648e-02
-1.513617509494470381e-01
2.045193450693670936e-02
8.971449200697437232e-02
-8.402465668542838384e-02
4.796802541581803719e-02
-1.120101452015581228e-01
4.226590743240640075e-02
2.499190496701068909e-01
-1.587867230470255964e-01
1.458857038402814645e-02
1.877866600733119340e-01
3.401062041932804980e-02
4.831232987327459955e-02
2.411966477543559806e-01
-2.206361625429622761e-02
-7.256310013393567349e-02
8.134636329897741713e-03
-1.644471504238418369e-01
3.399059693920678527e-01
-1.237218880526757964e-01
1.693711458226847821e-01
-1.298448649228890472e-01
5.854844562670579594e-02
1.398996208884680514e-01
-6.430195854466763672e-02
4.974374855333740797e-01
4.667405198011783107e-01
1.000000000000000000e+00
4.443978629383079637e-01
1.255233120855533124e-01
2.009990757829289432e-01
4.064988483109430867e-02
-1.843290529256676538e-02
-5.356550218701554289e-02
-9.764688804293031321e-02
-6.335991908283850060e-02
3.147244594586812716e-01
1.838520034338372300e-01
-9.114247085291715678e-02
-6.666815909562097409e-02
-1.615184169804879943e-01
1.938249786069300498e-02
6.110648635988268074e-02
1.893335889476409351e-01
1.056748548815792665e-01
1.289364285308550184e-01
2.683743008252327880e-02
1.555518429602623653e-01
2.972741180103303793e-01
-1.864888301784008509e-02
3.330862157094682807e-02
2.298699170946520431e-01
5.753178548594414105e-02
-9.607812566009174549e-02
-2.915213483267456700e-03
2.066317937450403153e-01
8.465828812923659186e-02
1.852526822282684060e-01
-5.520176145736695184e-03
1.338762997930592613e-01
1.915209369706408760e-01
3.560737718101802257e-02
-1.742757972239394881e-01
9.890950378231821993e-02
2.813282087882405628e-03
-8.914633975868928306e-02
3.784033663639052580e-02
2.128270765945811938e-01
3.992964567578168034e-02
1.843619928382302792e-02
-6.324560553765735949e-02
1.465030844646162886e-03
5.743653652396280701e-03
1.848929274852190510e-02
1.626093559299728597e-01
4.782367709138623385e-02
-1.608578344394140380e-01
6.254429035171628348e-02
4.109514489529294407e-02
1.136193587680431466e-01
1.246095732968515030e-01
-5.232478036508460273e-02
2.852800937283362162e-02
-4.123735136258254580e-03
6.795193176503232235e-02
-4.728229404501390482e-02
1.739601601428335531e-01
-9.564621286943252032e-02
-2.968407506062860704e-02
2.176396877053360379e-02
6.323322689086965931e-02
-9.400936096229597916e-02
-1.436339013667838338e-01
1.416961325269255022e-02
-3.913744241130947404e-02
-2.271470299364460599e-01
-4.826734527538165814e-02
6.230029691754469801e-02
6.702192907978157810e-02
-8.646023753980951534e-03
-2.277437927331212586e-01
1.107410871305664624e-01
-1.126040340351524977e-01
1.174044677553768984e-01
1.369890637621113405e-01
1.085016071855415820e-01
-1.605177784319748724e-01
-3.808856077160207437e-02
-1.591236004091998307e-02
1.530051517601955791e-01
4.356327326060319138e-02
4.219906441505266725e-02
-1.754256984602819980e-01
9.077666759518657202e-02
2.161766375342678674e-03
9.312624463036293931e-02
6.714179090691774210e-02
1.132065715596921457e-02
1.349681505412940741e-01
2.050919110167187878e-02
-6.806694679965080708e-02
-7.463097794401521434e-02
1.714191611580408387e-03
-1.763719863721285308e-01
-8.135397252317690120e-02
-1.669010339629555251e-01
-1.735410618853634040e-02
-5.882118986637511690e-03
-1.719350553780203961e-01
-1.424492002976260052e-01
3.349000977279992936e-02
-4.225546969800500485e-02
2.022172875178642193e-01
1.062982695652396059e-01
1.225650375242748683e-02
2.113263397461475901e-01
2.559271277985747037e-02
1.373232545283786243e-01
-1.868729461956026294e-01
-5.275935680955330664e-02
1.240603343529557839e-01
-8.019662124945461934e-02
-1.008372746339468440e-01
-1.422439915118987042e-01
-1.723871955510169196e-01
3.893738671237578775e-02
9.758987017146739107e-02
2.229927881241095255e-01
4.845622259351507755e-02
-1.911251914155732701e-01
-1.959337979926203954e-01
-3.996259166680488639e-01
7.520062966856835840e-02
-1.819184171629804336e-01
-7.197652568336616874e-02
-1.314130086553176244e-02
6.342537336736912834e-02
-1.102750120065536799e-01
-3.284446953236441064e-02
-6.440530350597230280e-02
1.129681493497793482e-01
9.227765741290272494e-02
1.610307541552744304e-01
4.800603750093668243e-02
9.842962219971158888e-02
-1.082915729373434555e-01
1.910146671352725978e-01
9.118604099911258075e-04
3.606058131217077523e-01
-5.038145777128527625e-02
-1.080964565127998378e-01
1.167897496160405918e-01
2.013472050811993819e-01
-1.012910529281033922e-01
7.416638446927330264e-02
1.031206283242340760e-01
2.691807297886439354e-01
-1.342864573111947346e-01
2.211604022454553148e-02
1.123661658953893500e-01
-7.890507800250101678e-02
-9.355402986696051415e-02
-6.150979576416679834e-02
8.630939552759310518e-02
2.273559807240423808e-02
-5.679869484013452298e-03
2.989182660420961271e-02
1.268756944638793349e-01
4.990790718939948530e-03
1.909641626694255079e-01
1.014798555913203754e-01
-1.216769865986829097e-01
-1.562250220509326520e-02
-8.418015489868109491e-02
1.938450233057952277e-01
-3.589993805239598545e-01
-9.868903888371396982e-02
-6.285153718273284174e-02
-2.465417835012624903e-01
-1.035901574923791812e-01
3.736238880415516939e-02
-1.693255806312690126e-01
6.909456127840239714e-02
1.098639173470297194e-02
-1.260937328704649363e-01
-1.314062625882876922e-01
1.317896041541766552e-02
-4.805796269463590009e-02
1.775702841030802337e-01
2.437373137383533617e-01
6.478172989638317225e-02
-2.676821329065184885e-01
-4.856058600343265280e-02
-4.040100953784860581e-03
1.279470435305299636e-01
3.824123177516083188e-02
3.074134336939723933e-02
1.006628772842953351e-01
3.122474349858306644e-02
1.038541720930749312e-01
-1.372999251246291297e-01
2.847143685352753195e-01
-5.798854797411390205e-02
1.826355654743344048e-01
4.394399434198829890e-02
-2.020001415215499641e-01
-2.182550022961735336e-01
2.051104698950826366e-01
-7.798000034567129091e-02
-2.578492909813555056e-01
-7.702590277725818169e-02
-7.155669232921400835e-02
1.186363437231096746e-01
-2.054657175130343849e-01
1.283343384265195619e-01
-4.621330233789684022e-02
-3.103318969709883413e-01
-2.775345469654970088e-01
-3.589704961856585164e-02
1.817016526282886624e-01
1.843245279734490594e-01
2.248571806705520343e-02
-2.364458605355165138e-02
4.728208023591105001e-03
1.926009825815742926e-01
6.899387997094848235e-02
-4.717620310053818877e-02
2.819944050841979299e-01
1.491872300963189256e-02
1.558601940723443047e-01
-8.759755178890546445e-02
-8.285376915894218652e-02
1.426249619815794789e-01
-1.376483286411973525e-02
9.496985812440568442e-02
9.494021495932955523e-02
-6.011501420585399491e-02
-1.621474225250416762e-02
-5.717844977592800165e-02
-5.981077289885623760e-02
-4.435170150616397911e-02
1.414019106191121561e-02
5.631826414953337162e-02
-1.057254375833709403e-01
-1.716361093836125951e-01
1.628506110554185093e-01
2.645359156900168318e-01
2.381915168660176108e-01
-2.273187279749929943e-02
6.461654160114474466e-02
-2.026600580680058480e-02
-2.190517958808312349e-01
1.218197968803349518e-01
-1.716149417886069783e-01
-3.885806855084097261e-02
-1.412007221440805815e-01
-9.227783163381060583e-02
1.646793458857801623e-02
8.004889711683509101e-02
4.135007491843575161e-02
-1.096848443544472806e-01
6.536704725601661173e-03
-4.372466162597897499e-02
