-1.914673147188758195e-01
-1.684586573924883035e-01
6.754345721910531841e-02
1.417142993695595377e-01
-2.048824176041038891e-01
-2.467844225490029714e-02
2.457339139518722182e-01
9.337847900719715988e-02
1.721644398456899927e-01
-3.836440989382930433e-02
-1.593932942854590362e-01
4.781381343269805462e-02
7.874005586726637307e-02
-1.656677238351335069e-01
-7.259885617648817457e-02
1.457137064434067264e-01
-1.429387889885440077e-01
-8.936408599450222645e-02
1.956437132866736539e-01
-7.136043759948797194e-02
3.173989802243029623e-01
6.598082239730628483e-03
-1.204210803587658363e-01
2.797771643712984591e-01
1.811738343317829264e-02
-1.796391513818282881e-01
-2.141892542168867819e-01
3.555807442050972766e-01
-4.882819890628709025e-01
-3.897388091180090108e-02
9.356831566118269106e-02
1.140037578274308572e-01
2.309608131874690828e-01
8.415810569366292959e-02
2.655705545593783357e-01
7.261666018501136688e-02
2.050201985996228521e-02
-7.122138175627551471e-02
-1.130431614406701424e-01
6.482720987664858381e-02
-4.792988165198007466e-02
-1.322253382917271958e-01
7.051250099038407215e-02
2.406422321838235390e-03
-4.021753374853621193e-02
-2.080435132795908637e-01
-3.609198419813636760e-01
-1.350897059755220946e-02
2.834562286133410214e-02
-3.021768217680599264e-02
2.467579353696233158e-01
-4.984028433005579899e-03
-8.759728097582351533e-03
-4.884172263320565865e-02
1.132559857186055119e-01
7.368446706493761433e-02
-2.121031127028493446e-01
3.754641834521381394e-02
2.401800788758822469e-01
2.207318592434960678e-04
-2.961930805537335010e-01
6.778221230640360528e-02
2.261607392323982668e-01
2.221558463146899587e-01
1.408711555910994173e-01
3.576078441695062365e-02
-4.692709777214677525e-01
2.439635792857435259e-01
9.255617097902170409e-02
-3.360188054897401688e-01
-2.086542928625010895e-01
3.761752426846987161e-03
-1.316130566736686304e-02
1.867324537008653307e-01
-5.124450954975944689e-04
-1.671299511100404478e-01
-7.511697042106947608e-03
4.575046969764513111e-02
2.138801277568924131e-01
-6.283502870019954788e-04
-4.251263722227007630e-02
-1.505554721008262389e-02
-1.250102303254209679e-01
-5.393349709226207683e-02
-8.816064579790792999e-02
8.773253538566122209e-03
-6.687536673303617896e-02
1.771276759878769869e-01
2.589808332684650962e-04
-2.624113339936590128e-01
-1.040223891925220051e-01
-2.275203099929064832e-01
3.185951643812461737e-02
2.250337463395454540e-01
-1.312932660170665067e-01
-7.728101226706571292e-02
-3.758304890842230628e-01
7.208162379777297013e-02
1.435542362863409249e-01
1.060975462865686725e-01
6.446141687027121675e-03
-1.050816405748050547e-01
-2.055456394354687744e-01
-1.598676857993231171e-01
-8.114423221168433342e-02
-1.328629932813243653e-01
-3.731661301776604267e-01
-9.086697843347438242e-02
2.993647735989023954e-03
-3.747380817992038843e-02
1.021004541141642546e-01
1.374959649847977972e-01
-5.971884032280693616e-02
-2.124180651471793135e-01
-2.991304688199306616e-01
6.607413330700294407e-02
-3.300428815972913238e-02
-8.344165058684155367e-02
3.011866356415862731e-03
-1.219549748390389987e-01
-1.471706615465580015e-01
-4.915330319528026654e-02
-3.543739049586285689e-02
-1.604042316913177058e-01
-1.477717780067039910e-01
3.214761431668302638e-01
4.250185374211631201e-02
2.818168526489750469e-01
1.578605453423468918e-01
-1.697860567473943316e-01
-1.195763274243488022e-01
8.290106497918449391e-02
1.464248387341640090e-01
-2.065564532701734488e-03
1.205900685301981995e-01
8.718593196081686481e-02
-1.951950026354432877e-01
1.054500272343896899e-01
-4.050883237288665367e-02
2.828638620411849658e-02
-6.494760730775907265e-02
-1.150620156054782545e-01
-1.446115383722120229e-01
2.071331690708335949e-01
-3.787884738984159672e-02
-1.723504772076598149e-02
3.315509831818541642e-01
-6.247831931489770257e-02
5.961474849031569989e-02
-2.756645956386048757e-02
1.561379218331898355e-01
6.224760218734463890e-02
1.841218946145688207e-01
1.016183124993241399e-01
5.956954079280611138e-03
-3.986528965979319050e-02
-2.267559807013358464e-01
5.816847557872069363e-02
-9.415570574052732622e-02
9.709121725956003368e-02
5.056055801080689555e-02
1.367685114388293363e-02
-1.828816280297541896e-01
2.301514388756769058e-01
8.219234724109007739e-02
7.605178991920140408e-02
-7.225109159510215151e-02
-1.905609105745997289e-01
-8.007335567793720521e-02
5.151039638195081816e-02
-6.776828498578467419e-02
7.102463667262423619e-02
1.891901655491742551e-01
4.069193271610979656e-01
6.172902333165083966e-02
9.830175409338856585e-02
4.129071245143819957e-02
2.335712046841706413e-02
1.294066605544219872e-01
3.511004377804482351e-02
7.607911784983195647e-02
-7.223418153961394528e-02
3.492581999814192151e-01
-1.178316608885853350e-01
-4.907811381216895669e-02
-1.613143115836804531e-01
5.434169287493634953e-02
-3.668371110676446611e-02
4.385649061487400524e-01
-2.874195698836152224e-01
-2.460025271807073088e-01
-7.746657199092805979e-02
1.450756479367581731e-01
-7.769427139587593845e-03
1.477546019974050329e-01
1.004426021129761620e-01
3.161298601970006228e-01
-1.235818247989066837e-01
-2.040761825218848427e-02
3.176067159761756381e-02
1.747311611881060822e-01
-4.556965543493111948e-02
2.439236515799706254e-02
-1.370057854102318673e-01
-3.765796710465845187e-01
2.434982464377747069e-01
-8.040833847586530136e-02
1.507747621582304631e-02
1.388540958654738144e-02
-3.114507564170834047e-02
1.170135157696476774e-01
2.114783786973863933e-01
-5.279628890148133080e-02
3.444641150384422090e-01
-6.612960893461591882e-02
-2.474363188998626450e-01
9.976619498110196604e-02
-6.182989521483148176e-02
3.642567692439749871e-01
-1.719815795596868480e-02
-2.799550546648475052e-02
-2.674079858497049270e-03
-3.879940387362306731e-01
-1.620972630127099079e-01
-1.673314651972147293e-01
-2.576797072946438449e-01
-6.555768278259964388e-02
1.803091849651340672e-02
-2.371709895243062464e-03
5.100505347109419996e-02
-4.058291576829314851e-02
-3.302563629641935283e-01
-5.113466313842211786e-02
-8.091337915828743232e-02
1.504423631398211225e-01
4.450658611773797291e-01
-1.766252668049780039e-01
-2.613895278261305632e-01
1.117951666598378802e-01
-1.677729416479896152e-01
-3.253164784135321730e-01
-3.528449334026513284e-01
-3.387486115743673643e-02
-2.787722809915267330e-01
-2.964894246000407147e-04
1.371108548398578264e-01
5.531568823427305409e-02
1.883891964395355556e-01
-3.147048409224069698e-01
3.609183988266602416e-02
-2.599781826506136206e-01
6.226310238929672752e-02
6.718632846857650054e-02
3.675604935847085475e-01
8.686350233181011626e-01
1.000000000000000000e+00
6.904179934070818758e-01
8.572245813232320932e-01
4.005317598453054795e-01
1.810852089839403989e-01
-1.638342300918057826e-01
-7.948512392728228348e-02
-3.814100635037078607e-02
6.067852838684797273e-02
4.867270735982009988e-02
-2.284263645392526632e-01
-2.036570863138091325e-01
-2.733779356294182006e-01
-3.077300988367527301e-01
2.517782925700233210e-01
-2.198329261117581701e-01
-7.601858863475925709e-02
-2.748613720961157192e-02
8.777280450222470221e-02
-1.342365436441567694e-01
2.406879359905829963e-01
8.045658743831592130e-02
9.792293518897687843e-02
4.094129730819890955e-01
5.314846797625059210e-02
-1.005196192363597002e-01
7.917388023086908977e-02
-1.432209292957790925e-01
-3.918203911222700037e-02
1.496564701462425179e-02
-1.958444853537383290e-01
1.371480468330895930e-01
-2.912566930175592220e-02
1.002494932279553580e-01
-1.857080163351703880e-02
2.026691839013957108e-01
-5.826134577677984788e-02
-1.483595588708121193e-01
3.774470064504837907e-01
-6.456121407891152707e-03
3.478305475698668103e-01
4.276999674231633519e-01
1.590185386391038680e-01
8.230729510298256946e-02
-4.858731704846555588e-02
-1.212772607796423902e-01
3.793469615775912906e-02
4.446128592263609014e-01
-5.384743574439008196e-01
1.159721301350679218e-01
8.154704180171755412e-02
-1.528908313894793425e-01
-4.752887106286905750e-02
-5.163801721988529707e-03
-6.820679307135558977e-02
3.325331811661105808e-01
-1.677218334454270293e-02
-1.331755311729914681e-01
-1.072602866818902212e-01
2.034796642008732948e-01
-3.207292163053489936e-02
2.140345318691316001e-01
3.760338747050147312e-02
-1.129212943556356583e-02
-3.700787414989564761e-02
6.668722615393972430e-02
6.906849069848776390e-02
-1.906535654631565935e-01
2.393814736745785432e-01
-1.747022384711839349e-01
2.851070878233679662e-01
4.841895360144437416e-02
-1.268453887812432956e-01
-1.518318822356307662e-01
-5.610645641566851943e-02
6.007882318217314666e-01
2.249068678229413920e-01
1.542900812450908321e-01
-1.352687693242243527e-01
-2.128863679977295031e-01
-2.916707686871771177e-01
1.481258194589336052e-01
-3.688969169683023464e-01
2.658597865916184078e-01
2.728561698242245037e-01
3.233159281507056448e-01
-1.386795917746930784e-01
4.857728504587684876e-02
5.253164873691871378e-02
2.974202108449504611e-01
1.615875258760316735e-01
1.240058213745513088e-01
2.909454996477590233e-02
1.927445217127962129e-01
6.213119219019135053e-02
1.426881918028825302e-01
4.856506305009328783e-01
-2.306905943787497179e-02
-1.599975107927250478e-02
-6.706218601494491616e-02
-2.089997458172573874e-01
-2.266312194211505815e-01
-7.297705037306039151e-03
1.600265279308649147e-02
-1.171943097648194682e-01
-1.675379113156701960e-01
1.342218311943934872e-01
4.505145095280453371e-01
4.507763375042764947e-02
1.328854744621896788e-01
-1.966884345288656133e-01
-1.216737444919009925e-01
-1.414408824999745240e-01
4.626396295171614909e-02
-9.649660898684143950e-02
1.305333714699078405e-02
2.507848190322133908e-01
7.568716265182258429e-02
-1.004731169931066120e-01
-2.281228666998683097e-02
1.116884704297572833e-01
8.692927909523574109e-03
8.200950429828625377e-02
-8.257651606349968032e-02
1.924613767064538017e-01
-3.407299019416987762e-01
2.107254719800460419e-01
-2.214971993979937548e-02
-8.555733691912904837e-02
6.563285615864883349e-02
-1.137257111549797167e-01
-1.378891924731220631e-01
-8.232747314548123987e-03
2.237793211175280461e-01
1.885833100236442850e-01
-3.314475549387452258e-02
-5.285980412623634411e-02
-1.961829413224998597e-01
-2.967927904351563839e-01
9.138322638066329051e-02
-1.378665449896466777e-01
-2.257874221789292479e-01
2.057998803550150357e-01
-1.490998831070765029e-01
2.108124384475467683e-01
-1.078331195192099579e-01
1.571515237384017716e-01
8.865998368958921683e-02
-3.386907472255733936e-02
4.411295135295309477e-01
-2.868551945301541783e-01
2.200012559072194729e-01
-4.521748950149526713e-01
-3.669402694633300266e-01
1.980791778937455727e-01
2.787299383827178123e-01
-3.363364087320595136e-02
-4.795223018181460350e-02
1.921857808612892349e-01
-4.496639355215219513e-01
1.440630170624831834e-02
2.706816013448611336e-01
-3.274755466909627932e-01
-1.919434199521267148e-01
1.244221835075215027e-01
-5.237358652109062179e-02
1.360709280657064202e-01
3.039713928718027480e-01
-7.654592556531066017e-02
1.150656230647587180e-01
-4.198758586073269017e-01
2.072290592476363699e-02
-3.015793262169555455e-01
2.182876083889726676e-02
-1.054821022635848010e-01
2.807062819822548835e-02
-3.183073133974487767e-01
-2.055174080943477921e-01
1.150986884233570345e-01
1.761846793950282430e-01
-8.087040073019566289e-02
2.792190247018474514e-01
9.165117177607189081e-02
3.625490078118470683e-02
3.941461545581934067e-01
3.216228968292940693e-01
-1.504779619841581373e-01
2.420762616964013646e-03
5.042190240983279725e-02
-2.818710719933740783e-01
6.419589349707512105e-02
1.789026878263672293e-01
1.342073020233977391e-02
-3.768998087437185340e-01
2.766611594481316327e-01
3.312848125766916507e-02
-1.553873983060790331e-01
-1.410460448865010104e-02
2.623939707459645165e-02
3.671703501198704811e-01
1.148658210595744494e-01
2.580863396534597842e-01
3.197974031336521805e-01
2.834554257741106476e-01
-2.232223606367784996e-01
-5.045230393734051813e-03
-4.032104293219961888e-01
1.240754742695318463e-01
-1.886944021169433272e-01
-7.325835652768721007e-02
-1.791083968369423518e-01
-1.621212713428097918e-01
-2.121419187642478721e-01
-1.023419436269994154e-01
-1.320061489701746145e-02
1.064025807491953274e-01
4.159896850077227093e-02
-1.268625014139653229e-01
-1.997399668976849174e-01
1.223554678902326331e-01
-4.809544960256631821e-03
-2.760433531542095809e-01
1.357499866093020702e-01
3.208920347759763314e-01
1.134677118288752867e-01
1.201307230569457762e-01
-2.161939690263673108e-01
-4.055302298951000972e-02
2.897516974105739940e-01
1.291765589786095514e-01
-2.294111322838908729e-01
-4.855083080071964652e-02
2.924217937451237259e-01
-3.805773693132741275e-01
-1.732765007188359629e-01
-4.926654388743140905e-02
8.095246652882906457e-02
-6.748584736232494941e-02
-2.618167714002579520e-03
2.593452917523101919e-01
1.711484795466004447e-02
-1.847463296664297594e-01
3.573315098307254523e-02
-1.250815985771657479e-01
-7.044427231862437910e-02
-2.593312069844055587e-02
1.107254308033766687e-03
3.050651684731512936e-01
-5.282452515481216027e-02
1.681133420009532364e-01
2.805099972426252503e-02
-3.779440003839484863e-02
1.576821802694838293e-01
1.621261840922158248e-01
-4.354793583095216414e-02
-3.263039139323366533e-01
-1.352445126848114687e-01
