-4.117691595071051869e-01
-2.186730839045770633e-02
-8.406015673797516408e-02
2.938890554213454132e-01
-5.016164513135950437e-02
-1.485465294777582324e-01
-5.601700549980227067e-02
1.756447662564692147e-01
9.052378083737343262e-02
8.214439392387782451e-03
-2.412805482275144908e-01
1.002055501506887991e-01
-2.898968527137784634e-01
-1.062095442829940478e-01
3.719249728919145626e-01
1.535030640802949597e-01
-3.919797608900266184e-02
-1.426955134915053047e-01
9.187436532319346802e-03
-4.210912153167969962e-01
-2.404677984433476259e-02
2.102816407932338594e-01
-2.675490973717788989e-01
-1.000634145318305968e-01
1.050831676387538327e-01
1.290785574643943043e-02
-4.116526740223477865e-02
-8.749691342033484587e-02
-3.535797899907059533e-02
1.781857102871112208e-01
-1.991319078698606249e-01
-2.763790293344880467e-01
-3.350220235403791186e-02
-2.435900453947716093e-01
-2.508990990364668439e-01
-4.064616794422613172e-02
-2.996322180523123754e-02
2.704955694347175310e-01
6.903808648499035194e-02
-3.870843755106847389e-02
-9.874527190947557376e-02
-1.001347432827359718e-01
3.121720017443842532e-01
-4.965123217356295915e-01
6.038605152182342783e-02
-2.922319677771765267e-01
-2.908854447899570927e-01
3.609635240282246717e-03
2.335566824204005076e-01
1.584403584069987991e-01
-8.012326003992660539e-02
-6.547501331857737139e-02
-6.086925280979608999e-02
1.016739886047928754e-01
-3.095495418890126249e-02
1.478025210854426175e-01
-4.719322403135417510e-02
4.386113248035230366e-02
1.683274016891387059e-01
-2.769591734645578812e-02
-2.020204055323465420e-01
-1.734526298986945880e-01
4.280814134455358105e-02
1.382627837171238605e-01
-2.408262962262650575e-01
-1.167004502788973608e-01
-1.792463301567993050e-01
2.342771128232296884e-01
3.333566325167356403e-01
6.740154979265657043e-02
5.236362728932950072e-02
-2.227954917626308873e-01
2.797411157570106610e-02
-7.087727872158634812e-02
-1.965842818659560565e-01
9.208577791293924564e-02
-3.913734289368810126e-02
-8.819237500332564872e-02
-1.685285223588173786e-01
-1.947878042207942528e-01
-1.433738452636889593e-01
-1.280258396160418866e-01
2.270897974887676474e-01
1.539440015789029365e-02
-1.612184888410049810e-01
2.200719145880259409e-01
-6.444254001912338992e-02
-2.139413466576191858e-01
-1.012133758341170336e-01
2.663821358570126613e-02
-3.077104240159013737e-01
-1.149577702155774733e-01
-2.211597813062041729e-01
8.295540792701251720e-02
-1.923802268901635970e-01
6.279596644350331214e-02
3.557276211248970865e-01
5.429286959717687794e-02
-8.396566527927910861e-02
1.728247667230297172e-02
7.802025051221798957e-02
-1.710712725015305913e-01
-1.018796543357778084e-01
-2.146694859487813800e-01
-2.561343401551524068e-01
-1.010488898199592700e-01
6.308299348133641904e-02
-2.918057629357411267e-02
-5.006873558610636793e-02
-4.525493863977708697e-02
-3.912357758895364246e-02
-1.529598955241449065e-01
-2.051669948693582435e-01
4.209661531368901095e-03
-2.543632797269916312e-01
-1.338812235039495702e-01
-6.015693265343879242e-02
-2.768956375612374177e-01
3.552209677048590725e-02
2.926588759246575022e-01
-6.313012301333170706e-02
-2.463333558761601066e-02
4.113013054373568789e-01
-1.439946371091431199e-01
-8.966816802636577710e-02
-1.393031805073727536e-01
4.333961628209120030e-03
-2.240800003201622315e-01
1.069286265669636277e-01
-1.672533516419682509e-01
2.766308029511502786e-01
2.618198292888081480e-01
-2.208312427463949082e-02
1.869215881923131928e-01
2.557475665587156666e-01
1.329845942123737967e-01
-2.361266784063869445e-02
5.552057038609665290e-02
3.658669277964487349e-02
-9.081612253746459973e-02
2.878580650860383949e-01
-1.606080147123502555e-01
-1.371591962692733924e-01
-8.510221559613410924e-02
6.412669381535922308e-02
-3.338821997402058317e-02
3.109977802609124597e-01
1.886193601173107859e-01
-1.886919539051899186e-01
-1.421447867598371329e-01
1.494537833718222360e-02
-1.237544459522308959e-01
-2.409193468882136757e-01
6.557880517509830087e-02
-1.922066938594526112e-02
1.101691288448105321e-01
4.357974091395249577e-03
2.593702599288122412e-01
-2.918514487436877150e-02
2.805785488449997200e-01
1.493680363073146833e-01
-1.691868042785777196e-02
-2.023825742242733594e-01
1.995223489254467353e-01
1.096291337116657161e-01
1.069725313097038555e-01
6.074175144314222091e-02
-2.470412634970511057e-01
1.063848655695132928e-01
1.663346226005813222e-01
-3.830644825710088908e-02
1.107837701960271148e-01
-1.839496863888589462e-01
-1.970585437440136312e-01
-1.969428218777076814e-02
-2.225701953935070587e-01
-9.220956045417041946e-02
-1.043664935041577202e-01
-1.956277058981551464e-01
3.645740338221578059e-01
-1.654675460329323722e-01
-1.066651414756374233e-01
1.293401789312575156e-01
-1.678708025008145976e-01
5.649708567233449608e-02
4.260113659092777394e-01
1.167847041752141796e-01
3.250392246400998220e-01
1.432191205679863577e-01
7.505625687628834919e-02
4.659683208390304199e-02
6.142789870491568299e-02
1.629723349766183937e-01
4.986099250560957485e-02
3.193577641449508314e-02
1.291240557666320510e-01
-1.619151780181591616e-01
-4.322980011939528411e-02
4.326036303517396403e-02
-2.159682082081863519e-01
-9.204409456389549271e-02
-7.384031600081675251e-02
2.779845629100751170e-01
5.539896165364268654e-01
-1.895790252934450790e-02
9.956987200764058632e-02
-8.680982786110362850e-03
-2.125088202970140117e-01
-2.057344375301096151e-01
-2.900689355545306783e-02
2.682809180454829856e-01
1.124023273221817637e-01
-3.746211911564081842e-02
7.250464080949693690e-02
7.475265502609101942e-02
1.743995468219771139e-01
-1.268208641337239262e-01
1.405727418050347621e-01
1.203843414388003213e-01
2.316056241236972568e-01
-1.946194692604686360e-01
-2.434853773359716145e-01
1.649317167224245984e-01
2.723137815144371920e-01
2.478133531699350522e-01
-2.116619728500164846e-03
1.522690716803951627e-01
1.686383471123688027e-01
-3.821438351528336219e-01
-7.535814263199896827e-03
-5.461765228336699918e-02
-2.134024489978690875e-01
-1.162772109904436219e-01
-1.423158481459067259e-01
-1.986332431663343778e-01
-1.161083805940959918e-01
1.279914484737575686e-01
6.707203528938925075e-02
-9.910120702530247905e-02
2.968273966457893875e-01
-2.853115504789210388e-01
1.076351975872926886e-01
-1.074329116856507643e-01
2.221446766765236835e-01
7.743701223610310880e-02
1.880278814739083648e-01
-8.002647802906417973e-02
-1.861416180071246221e-02
7.247171538334977459e-02
1.096509387045713074e-01
3.232198445286377231e-01
5.018512371135820382e-01
-6.554864361757592461e-02
2.894219983944206209e-01
4.242648729427694887e-01
1.000000000000000000e+00
9.469985797114215398e-01
5.842813369896368014e-01
4.865142578213874081e-01
4.181685742300260133e-01
1.873149122413189926e-01
1.744393078616204018e-01
2.453897795448244656e-01
5.014817318365277082e-02
2.944812552269154837e-01
-7.029145914458553683e-03
2.125917290019133932e-01
-6.412451126442142435e-02
-2.520344092356673338e-01
-9.825820509159225932e-03
3.741186235322500053e-01
-9.347420025161258528e-02
1.339259766021604348e-01
1.131430348310268064e-02
-2.150886395689713126e-01
2.816643547974793244e-02
-2.734637442165779864e-01
-1.783936540467479237e-01
-2.461593572667633845e-01
9.613997445819498500e-02
-1.885509959141465908e-01
-8.681113147383817674e-02
4.586942495088223992e-02
2.810552078765039541e-01
-1.744651983951033269e-01
-1.275410273072984622e-02
4.421748954558462619e-01
1.451026049821629582e-01
-9.054957030513852492e-03
-2.244445771615095064e-01
-1.530717284687382884e-01
2.198089595757999060e-01
-1.258808159394279313e-01
-2.798240373800621184e-01
2.886550309008729109e-01
-8.540965386898471956e-02
7.162656526343421648e-01
9.422153430726566692e-02
2.141929556381209909e-01
1.534059292776703554e-01
1.075660057483201065e-01
5.834076200796146916e-02
-9.299885189611058200e-02
1.417078168097271329e-01
5.302499541440720832e-02
-2.461298238743163391e-02
2.902633603799017678e-02
1.801023568495074278e-01
-1.255687730428031446e-01
-2.092335033990629090e-01
-1.502987120178972402e-01
-1.429632612830838423e-01
-7.971644192362700720e-02
2.384380547768207570e-01
-9.867809785761741392e-02
6.046091094252620951e-02
2.374847492373269031e-01
-7.270644507082285601e-02
-1.616414318449653498e-01
1.851464436234529498e-01
-1.824628074479454631e-01
3.710133025818612013e-02
-1.913945854383337086e-01
1.157844131478626554e-01
-1.754880736123377027e-01
-1.234815260149676325e-01
1.999684436412709765e-01
-2.216546315789542365e-01
1.752166846690645166e-02
-2.232932731484977770e-02
-1.507155876094589120e-01
2.745209372179697738e-01
1.424341499888181206e-01
2.507555308170087982e-01
1.289066579689603920e-01
2.067853734359600681e-01
-6.259915844042547584e-02
-2.089356656891709976e-02
3.592933976443626193e-02
8.757655169699765652e-02
3.627094358113550771e-02
6.991985159853562892e-02
2.706178367404009702e-02
4.123994414335503400e-01
2.089057230496412232e-01
1.333418054888112492e-01
1.957564790980760583e-01
1.952117617439499686e-01
-8.337680646031686571e-02
-2.895577536049574741e-02
2.196015697338857958e-02
-8.685176578829487126e-02
-1.948834661919953554e-02
-8.925876460104119337e-02
1.875532182376179469e-01
1.243454042402450943e-01
-1.620035534980093506e-01
-1.420976586277196974e-01
8.434428978641479724e-02
1.132398804125666347e-01
5.646858771023954143e-02
-1.749083174395730522e-01
-2.604264633303748910e-01
1.252768342285091319e-01
2.865781611522342787e-01
-1.209803900628517587e-01
-1.494335107207659108e-01
-6.054838098501255650e-03
4.025829006663852461e-01
-8.343690817665341819e-02
-9.318566185866081208e-02
1.510024250917888777e-01
5.862538089639762057e-02
9.961205123971469261e-03
3.498145326741229910e-01
-6.434668080260236116e-03
-1.455064363034712926e-01
1.215719629117063272e-01
-9.730384358178920112e-02
2.160027737103430157e-01
1.465349541831166280e-01
2.072349032162282001e-01
-2.229807072881766217e-01
8.255921633549684335e-02
-8.087172748424395485e-02
-1.236730581984991362e-01
-2.900012850035163861e-02
-9.977920799757755699e-02
1.336792420829721328e-01
3.437052243342278990e-01
1.110296674833580605e-01
-1.369460237289966964e-01
6.900748765389515260e-02
-3.269337142432930665e-02
1.042739964407976699e-01
9.326441586453647348e-02
1.043003935339158472e-01
1.595850910563082203e-01
-2.080556806874694353e-01
7.486419226067451450e-03
8.255979485340465829e-02
-4.294827545257806113e-03
9.066178820409151462e-02
1.485200939888662447e-02
2.793052663689563758e-02
2.832580191978701922e-01
-8.198087731237523046e-02
1.851227384406869958e-01
-1.030799195461925936e-02
-8.349525081980159469e-02
1.941425736345549213e-01
5.457277878812288874e-02
-7.671968749768710849e-02
-7.002725847895466260e-02
3.813651202693054132e-01
-1.657228391957787095e-01
-6.722960400813682291e-02
1.807787884318542149e-01
1.090036556881863461e-01
-1.795156608149485467e-02
-1.969411137760377628e-01
-1.851486399701202101e-01
5.622956259038851268e-04
-1.785533347580620656e-01
5.428100600984361868e-02
-1.308109438527740309e-01
-2.590648173234889606e-01
-2.165997906399838926e-02
-3.469937043718777647e-01
-2.172634828796562723e-01
1.827943288700164259e-01
1.951541747783376302e-01
-1.232891315525495440e-01
5.519726593955830846e-02
-3.234442204563788836e-01
1.408527215543284861e-01
3.456273597911384554e-01
7.687324136184461865e-02
3.544858492783400372e-01
-1.038462009674008812e-01
1.290070522039182543e-01
-1.094099071078288160e-02
-5.309929970898059209e-02
8.507846197456052362e-02
1.413466044744525474e-01
2.163002015468378780e-01
8.587140168357562664e-02
1.494208194976242576e-01
4.792799685697128609e-02
1.707236704309025299e-01
1.655350014928341079e-02
1.925245479874017895e-01
-7.163385641239908286e-02
1.783540342514865762e-01
2.089706535882628058e-01
-1.425504463127567623e-01
8.335565067135332351e-02
1.942175976914180813e-01
1.662309829843691411e-01
-1.282692206251077882e-01
1.527966362787796552e-02
-6.806986000482422028e-02
-3.038630592591055890e-02
2.621595570097598124e-02
7.206966805450210067e-02
7.690237740426832114e-02
-1.235590522990169110e-01
-6.064004793205995947e-02
6.724306216009061365e-02
-2.198191479972484708e-02
-3.024932440176929527e-01
2.023805430883439047e-02
2.790832539047115035e-01
7.760055441709974577e-02
2.266655563323196620e-01
-5.573701322699390476e-02
-1.615591467224013547e-02
-4.721264286676338240e-02
5.561783683705426307e-02
-6.403089308051528039e-02
-1.510683353788646321e-01
2.766646266991635295e-01
-1.416361696547648041e-01
2.959060256603517347e-01
3.505098772343432506e-02
-4.465474618494224418e-02
-2.280717789753788569e-02
-2.627701364627830355e-02
7.957945060369210621e-02
-1.527745953891724850e-01
2.634281047411194399e-01
-6.914907107408961584e-02
-5.216829459843776856e-02
5.064380475540444099e-03
6.949637711559725206e-02
1.086929234675872991e-01
3.228165931251150700e-01
1.692327073493130607e-01
3.048635987065089203e-01
-1.052850654034089006e-02
2.022839031471873605e-01
-2.793304125995684992e-02
8.789656372339885171e-02
-1.355843411045068621e-02
-8.290739482198489566e-03
-3.172967565097717380e-01
-8.441828680056799594e-02
-1.726346022450226947e-01
4.617857126041813864e-01
9.186914831634152012e-02
-1.065056128769925337e-01
-1.525598769783619302e-01
