1.891997369160635101e-01
-2.388057740449077426e-02
-4.910892822228841298e-02
-1.800651370129095763e-01
1.280084496344448541e-01
-7.602158612512908975e-02
9.526108270464166139e-02
9.696187486729473948e-02
-1.399895272138855784e-01
9.536885301268172022e-02
1.622353287159198840e-02
6.329960493759174966e-02
-3.932992630795503243e-03
1.476451071706737228e-01
-6.977777596948639416e-02
1.476560972224015833e-01
-4.603914637639872076e-02
-1.869193637908037886e-01
1.093784281295114291e-01
-8.860722130007063491e-02
2.391384061935815375e-02
-1.331303829569130681e-01
-9.069681689625767873e-02
1.465329105543861643e-01
1.072009916332740814e-01
-8.724409492987258985e-02
1.695141514617793110e-01
1.608345088484376684e-01
1.319351876921444067e-01
8.560038752140984586e-02
9.243271370962101441e-02
4.907772427546282928e-02
1.214789274155602672e-01
-3.057500171487091967e-01
2.076370935102916371e-01
-9.219679159834623383e-02
-3.418605300008360770e-02
-2.281554678417624382e-02
-8.350820962874269671e-02
5.501610221949698037e-02
-4.096482256456911858e-02
3.247964035201019589e-02
-1.610004309178907356e-01
-2.709254358057123710e-02
9.084042842935730055e-02
1.233369451190227672e-01
3.947087448935251985e-02
2.846345849973567349e-02
1.217494182902797706e-01
4.967218313485478182e-02
-1.858251756328660742e-01
-1.577233907516183975e-01
-2.479598663914432677e-01
8.804700077122570856e-02
9.909800868058549206e-02
-6.580326508731489110e-02
7.575302048632524821e-02
-4.411203280557291634e-02
4.096477661877936938e-02
2.399394721405532227e-01
-1.071671215899077656e-01
2.112672407520645515e-02
-1.558681037416598594e-03
-2.091553611578379768e-01
-2.418642813533340361e-02
1.003798755913017614e-02
8.191696481744848921e-03
-8.247512381587880637e-02
-1.326890374124499450e-02
9.286219204723226983e-02
-1.269732293260421863e-01
-1.323926851378900982e-01
-1.195876967293080101e-01
7.167991719370592207e-02
2.478436489310020807e-02
1.540367054778693234e-01
1.288605176488957504e-01
1.055035140551746492e-01
-1.412154076833294358e-01
4.885578291622043150e-03
5.358522338477172964e-02
-4.201751973031968290e-02
4.458162467784659300e-01
7.133060428895858507e-02
7.238587946490135372e-02
1.582320929744211735e-01
5.863888121427442146e-02
2.823987412930059615e-02
1.452795549556165355e-01
7.730363479648594272e-02
-5.054887615910163418e-02
1.408752267303724492e-01
-7.087493137516742703e-02
1.129920585084160239e-01
-1.430444771087797107e-01
-2.565269610790115937e-02
-8.727125200409528716e-02
-1.808657200494712125e-01
-1.089665856767935426e-01
8.048836438457097897e-02
3.085425517071246904e-02
-4.089452315572692474e-03
-9.278059941147163980e-02
-6.556204232989281885e-03
-4.976122507427820085e-02
-6.566544163976902049e-02
-5.979813074479144175e-02
9.174084681507185812e-02
-1.784775013886866213e-01
-2.130492103582115951e-02
6.455433322089254577e-02
-3.775135395809495892e-02
4.858262189841741630e-03
-7.311991107630888553e-02
-4.250126198431081193e-02
6.907434576269341764e-02
1.404136720554116646e-02
8.672946678417110811e-02
6.716732062740284059e-02
-9.868592768654942116e-02
-1.542178212382225126e-02
1.151672350495521191e-01
-4.159009208818658515e-02
6.474965565558704617e-02
7.381846998964340656e-02
1.340787374809329358e-01
9.672901213514858987e-02
4.564085960780630419e-02
-2.444972299531409377e-01
1.565813108568009371e-02
7.395576612247523052e-02
7.316577556876566191e-02
-2.889865778691039916e-02
-2.700877478976999174e-02
6.893097705719988810e-02
1.546728645890715070e-01
-1.989736638652223888e-01
1.118319593218061181e-01
8.576900068282297673e-02
-1.959512865566361006e-01
-2.029291116596038114e-01
4.663971650119958889e-04
-2.770916252133481458e-02
-8.848659022275257025e-02
-6.587495991525292582e-02
4.452698058320917612e-02
-1.925483085964283803e-01
-9.372478314764171384e-03
6.103349050282380617e-02
-1.439876420444200777e-01
6.457200267378104819e-02
2.218163071362674876e-01
-5.536580007549539439e-02
-6.758600555528457288e-02
-6.230315298676924497e-03
3.551603663005046818e-01
-1.541209596840647789e-01
-4.671839104300022638e-02
5.733270556612842656e-02
4.073732939873049574e-02
4.548965640758092371e-02
4.902267355266815702e-02
-2.734496743353856743e-02
-1.526088900687304628e-01
9.453970486381656213e-03
-5.760909736832728334e-02
-2.847538575505900726e-01
-1.244645386154849959e-01
7.903529618676685686e-02
4.256582127738909455e-02
1.151039522631497614e-01
-7.261862911529178011e-02
-2.535998658839554512e-02
-6.456801841105039297e-02
-5.365393834734171613e-02
6.722624253114814485e-02
3.608832831422557619e-01
1.758666568090519189e-01
1.132504837515970059e-01
6.488132701671063540e-02
5.843817254920201376e-02
-1.170195860819865513e-01
1.640009704864842377e-01
-3.437415473277865563e-01
-1.995386029716164286e-02
2.379063292333992441e-01
1.950990511818940509e-01
-1.698864069680373068e-01
-4.994515988836901316e-02
5.775734593844622511e-02
2.224636594869904005e-02
1.248303784971500491e-01
1.999701385505124052e-01
-1.692666031885704803e-01
-2.356336000341485715e-02
2.342055442967160284e-01
-1.121512064694107635e-01
1.618012651133952928e-01
7.989782693823159476e-02
2.335212170516847222e-02
-9.361788570700461942e-02
1.249961751070406413e-01
1.725743159404844462e-01
9.197495248591094907e-02
-2.354101161277837723e-02
1.912651510170958746e-01
-2.099359622947892176e-02
-1.140083956053260716e-03
-4.808127887186791627e-02
-5.944731540966255445e-02
2.604679792529462912e-02
1.410651629346769131e-01
-1.576993809030548810e-01
-1.991895434867638481e-01
-1.150907901028511843e-01
1.635628708477263604e-01
3.167424863186235617e-02
-2.108520728799051780e-01
-4.468789732848649915e-02
2.249048655561065521e-02
1.050439113955973919e-01
1.945646213473204225e-02
9.140775949622166607e-02
2.951032055065760384e-01
1.609715747712759659e-01
2.449073188151133507e-01
5.329859476926464973e-02
-2.957510702948938364e-01
-7.172509939034882320e-02
2.018491905234704176e-01
-1.433338929941020967e-01
2.931805429230112392e-02
-1.325449030949565205e-02
-3.048234271639786372e-02
-9.368534939812384055e-02
1.572371626188325267e-01
-2.478661223057673085e-02
-2.320970716639303086e-02
1.286031260847967650e-01
-1.165117837473664403e-01
6.721175791696290536e-02
-4.130784530570694862e-02
-8.468891623427718396e-02
3.124986164454389703e-01
-9.542350188031267777e-02
2.681943708121877629e-02
1.651285766005590738e-01
-4.097493796477262584e-02
6.811640743947196264e-02
-1.145854862646505240e-01
-1.037300895633810893e-01
2.081187934001293149e-01
1.324423120158297051e-01
6.410891110654409752e-01
5.806442224177769118e-01
8.857836409437881420e-01
1.000000000000000000e+00
8.058026876337678335e-01
4.788440483366131484e-01
5.852359590692108871e-01
1.362615685388850195e-01
4.611637812951444731e-02
1.756295336584040301e-01
2.901523502739574156e-01
7.731328977671457492e-02
4.918989307917970982e-02
8.119086137502842804e-02
-3.025638959539370815e-02
-8.556974421747545745e-02
2.579069120061722870e-02
-9.778972151544915864e-03
2.993443946459065641e-01
9.466232152601929128e-02
-3.265551879412131181e-02
-1.015508116312887066e-01
7.090552444703630830e-02
8.740756468851393346e-02
-2.013398249369201254e-02
2.134769376072681579e-01
-8.411393898192152940e-02
-5.480588498412882620e-02
1.246378413041049522e-02
3.483663253154191120e-01
7.302358921000822595e-05
-2.367520242070396408e-02
-1.078020879944946719e-01
1.291537837648105147e-01
-1.507799211074233314e-01
1.421468376601469630e-01
-1.386084342860785246e-01
2.472206075772032940e-01
-1.101981431782256098e-02
4.526954564924495772e-02
-9.566935512759935922e-02
-7.979327075199872665e-02
8.220438606708328766e-02
1.730608224857424493e-02
-6.167622855244019736e-02
-7.698057074645393849e-02
-1.922422402746379599e-01
2.318679150119259125e-01
-2.311884045518493996e-02
1.225126786203375590e-01
1.754244850610449935e-01
4.028219641727811412e-02
4.462373988915094986e-02
-2.684073813919827245e-01
-8.877863435034477613e-02
-4.912926781817541361e-02
1.106840638439098023e-01
4.551842470766513660e-02
7.831487858308128214e-02
1.247193521679708234e-01
5.049910084163015435e-03
-2.262548484568091267e-01
3.086820969601334341e-01
-2.928293297891718452e-02
1.138056403914428638e-01
7.231547780774603973e-02
1.296350568040772755e-01
2.623627565192516164e-01
2.766088333109822939e-02
-1.470952968900518174e-02
-7.514789796306632630e-02
1.030528872595120604e-01
1.339845142844547088e-01
6.425420141002652526e-03
-2.228140977926951205e-03
-1.629291954195014394e-03
-1.269258164574019743e-01
7.064047836610917730e-02
2.434163127509817726e-01
-3.873431914628821388e-02
-2.381414100213268270e-01
-1.016123324956087481e-01
1.576692984804208553e-01
1.235145562001001146e-01
-1.243910735341399731e-01
1.772990673558659802e-01
-9.327790139604599795e-02
-9.759541406898493421e-02
1.132640162159350740e-02
3.344438983761968947e-03
1.636728801604851180e-01
-5.013771600360647507e-02
-6.330337565583236958e-02
1.153733968397658710e-01
-1.170137437193183721e-01
1.141520362805245326e-01
2.079987482009276190e-01
3.124343522275186552e-02
5.347688386127681659e-02
5.314331945979022115e-02
1.512282742221631171e-01
1.251718359567829675e-01
1.553072847440724845e-02
2.777139257037649633e-01
4.163666588879607298e-03
-5.770266350424110846e-02
-6.858619239540073020e-02
1.833600182772285037e-01
-2.825086602584886974e-01
-2.111442823509540601e-02
8.692713701907645030e-02
1.659204378718187600e-01
2.806453860690776847e-01
-1.088697175753839536e-01
7.714899559720553301e-02
7.398558905199967284e-02
-1.514242307530105566e-02
-6.606756626255588793e-02
-1.032021192794530112e-01
6.279252655828736207e-02
-4.411002401083558011e-02
-5.119869546504236119e-02
-2.695045138318677425e-02
7.740058241168042141e-02
9.238337560365629531e-02
8.550335610474589509e-02
1.357483297418214940e-01
1.178749603482211333e-01
-1.578596239236852716e-01
-2.695285675965976568e-01
3.466261514194715065e-01
8.615478865199806963e-03
-1.734865404674456046e-01
-9.350201106575735041e-03
6.043375622402029357e-03
2.400597955095427893e-02
2.276427421988815314e-01
-1.375318067855371973e-01
-1.039789895721716650e-01
-1.107546830934460352e-01
1.205675858728691430e-01
-2.052565084173736121e-01
-2.152206646305085680e-01
-8.793182080492289998e-03
9.881803851586863641e-02
8.469388394400002851e-02
-6.726444822192202688e-02
-1.339102121660382116e-01
1.488643249016306236e-01
-1.531538853640040665e-01
-1.870412923266013272e-01
-7.284449439118637071e-02
1.751699309988267728e-01
-2.822762852125504374e-02
7.618208863602711489e-02
1.032340933671899025e-01
5.052888818630070500e-02
-6.224199862552066975e-02
-2.354460663939102194e-02
-2.053206072918858371e-01
-8.423829483169047172e-02
-2.745338647080620975e-02
1.188562514594295044e-01
-1.620815909476681360e-01
1.617787763733733938e-02
-7.551916168956217257e-02
1.650836599561279414e-02
6.472550344213960638e-02
-1.304563853381473792e-01
7.041573890209072706e-02
-2.406071073093031809e-01
5.218272361259170683e-02
1.253663715850626970e-01
1.336488885839670279e-02
9.465336121939915692e-02
7.619315820153986507e-02
-6.764078845504166437e-02
-2.134960509285447061e-01
8.055873247233445722e-02
1.585022531750040209e-01
-5.460414263997444284e-02
2.259010204158110654e-03
8.824215155932903232e-02
1.644447325099944734e-01
-2.947323974268562484e-03
5.786065489968610087e-02
-9.541403472251087144e-04
1.549730486474651114e-01
1.274756078158193751e-01
-7.038615451530545741e-02
-1.815246692931126241e-02
-1.116621701178480419e-01
1.020616104939384011e-01
-4.412619103333038917e-02
1.609059315656413691e-01
2.173322193783600031e-01
-5.244274342038152126e-02
-1.028658178402166029e-01
7.849082820621947065e-02
-1.037872412137072625e-01
3.191503143161526519e-03
1.847423352087594617e-02
1.544816811583652194e-01
2.200560531361214767e-01
-2.182184043116620620e-01
-3.029516846305328470e-01
-9.716971906722689234e-02
-1.035541901723084079e-01
-1.465701201791221320e-01
1.047305735068210786e-01
5.716342272510515493e-02
1.192819966932651826e-01
-3.157061924586004320e-01
-1.347146873339330198e-01
4.537048585990360872e-02
5.012281286876617975e-02
-2.283046857011719333e-01
3.317520450869628542e-03
4.564024016028595671e-02
-1.222669258386149954e-01
3.168458995436265052e-02
1.324394805730024806e-02
1.020112889409693357e-01
6.005165945784352033e-02
-1.027304928890780400e-01
-1.381045450331619684e-01
8.432393433864515675e-02
2.032088808946134195e-01
-3.843066980713236158e-02
-1.216512234501044426e-01
-3.467698530727573308e-02
9.121084249833930069e-02
1.143956649134829189e-02
3.570085132042204873e-02
1.589283666959961372e-01
-9.021613402281618288e-02
-1.890073398297924812e-01
3.231267602950265577e-02
6.534386335461508932e-02
-6.273034030347489354e-02
1.381091820687481708e-01
-7.361378362177175422e-03
1.234949741289328162e-01
7.646470976477749183e-03
9.065632196867530468e-02
9.667360145652216519e-02
-1.637576659691035164e-01
-5.813515932166116867e-02
-7.385028505265250898e-02
-4.775677524114459171e-02
-5.198952305723222173e-02
1.483035513322070132e-03
8.755094172534429176e-02
-5.043422980933569971e-02
-1.236003673564636529e-01
1.761685878983202877e-02
1.628571554491738127e-01
-2.268274779089539395e-01
-1.618986229179079916e-01
