-3.897348692771508000e-02
4.371319181186499730e-02
-1.484407400756629185e-02
-1.255885550576239101e-02
-1.404001382704977985e-01
-5.905829944559693725e-04
-1.275620165892551831e-02
3.845864112666911444e-02
-3.526211848041425206e-02
-2.880211151311203033e-02
5.657427124881490160e-02
1.209663648516491330e-01
-6.599050833869449587e-03
-8.401642930245820096e-02
1.703837128956309233e-01
-1.474518251103814070e-01
6.777519183888515431e-02
-7.041110639648097413e-02
-1.477457247413046793e-01
1.246420104285518235e-02
7.898047115565891285e-02
-1.273817779235075498e-01
-1.489544639892877442e-01
1.392677467860449839e-02
-7.425401766407667414e-02
2.496094550808074797e-01
-6.982151420004302500e-02
3.892540795621922400e-02
4.228191028231510079e-02
-1.569491747990794661e-01
6.739984690299082037e-02
-4.948031724756388888e-02
-9.391318861109404503e-02
3.201338371491414207e-03
-2.026919366729893202e-01
-1.771834274448348331e-02
2.434231079574924322e-02
-5.619696345262604337e-02
1.232408977529460964e-01
1.714441915903895386e-01
1.340006143606605436e-02
4.905140316914421983e-02
-3.004876448263286287e-02
1.543684975028028761e-01
-2.670593598150565115e-02
2.264068265135716351e-01
-3.631966463426170716e-02
-9.163089448825889605e-02
-2.484474161400675174e-01
-9.106972570256793853e-02
-9.974562581494472724e-02
-1.850724924128720542e-02
2.514883557376658765e-02
2.323167890220186396e-02
-2.137518159700486364e-01
-5.022228966597973993e-02
-9.000220296008713816e-02
2.731033618033895105e-01
2.857473891298021318e-01
-1.042135967374646782e-01
-5.707698893964247705e-02
-1.552209171129012404e-02
-5.651582015395152647e-02
-1.366366959988308261e-01
-5.704432633116700291e-02
-2.733975614626187878e-01
1.101543516554777669e-01
-9.974359382233473348e-02
-2.576971700135251980e-02
2.273660344169585734e-01
-8.128312985113365918e-02
1.680612747803502185e-02
3.928481617852720709e-02
-2.061126246098191617e-01
-1.396147456356469918e-01
-6.187068539870160117e-02
-1.186807930497597030e-01
-7.639576351378499566e-03
6.714810835329332317e-02
-1.794171697370880447e-01
1.416278610151309458e-01
-6.583785638088567038e-02
2.274043705708973240e-01
9.132845549153986719e-02
1.463824484628847566e-01
-8.321240647100860977e-02
9.910366792772568045e-02
-1.236950147017938130e-02
1.680292967279980176e-01
2.250603371004139264e-01
2.751763093537606397e-01
-2.999098778065890647e-01
-3.426212674008483235e-03
-7.874700134051514089e-02
-7.372150318514038292e-02
3.806915241179698040e-02
2.313601387786899111e-01
1.056384347392532869e-01
3.975689796659832159e-02
-2.615036263631367874e-01
-9.636863509223048130e-03
3.313184886768330562e-02
1.713643640075356578e-01
1.865826183605762134e-02
-2.900092935706490849e-01
8.126193673761118730e-02
-1.668941748428862393e-01
-3.056974033426644241e-02
7.350583261390720990e-02
-2.374179106570008246e-02
5.410342043360769071e-02
1.798667435928769376e-01
-1.558817634236141503e-01
-1.178247506575079949e-02
-8.635382483371843720e-02
-9.742517075066219057e-02
-1.574353365206354050e-01
2.044387568736171293e-02
9.421085219889704931e-02
1.401658293407576639e-01
-1.248509941491125590e-02
-4.924886597623096690e-02
-9.750709417156767922e-02
1.331776747831479590e-01
-5.250373892404717330e-02
2.127241861332678230e-01
3.379232029757753275e-02
-4.794237796072017138e-02
1.973127705612971183e-01
-3.865001611781689744e-02
-5.523410583444342270e-02
3.175222089169683071e-01
8.829057897072753458e-02
3.530538410334916385e-03
-5.113177209483704688e-03
1.305077962471503372e-01
7.168845670242882107e-02
1.669822609622175213e-01
-1.996814130940923609e-02
-1.951252259444827275e-01
1.517731479150058183e-01
-2.747862037950427605e-01
-7.738939573245569303e-02
4.315084406029131431e-02
1.835051316769144986e-02
-1.623390346781539151e-02
3.211192169390719720e-02
5.014915041900859516e-02
1.535534468077546510e-01
-1.836525579439491074e-01
8.833816108578583168e-03
-1.080233591187080566e-01
-2.625623730985071624e-02
2.194973655668473311e-03
1.825661851459241813e-01
4.182351864314887840e-02
1.169468416275002420e-01
8.843848380728243710e-03
1.469694777375346595e-02
-3.152446182006665709e-02
-4.099577867751860727e-02
-8.515278296186619411e-02
4.917937931417403971e-03
-7.833402926257281018e-02
1.085246563738975073e-01
1.900756823040350152e-01
1.139686724617261643e-01
1.010766038219856472e-01
6.391282999580155666e-02
2.800884916470759364e-02
-4.431878169231370790e-02
-2.595087773064184145e-01
-5.800154976351785258e-02
-1.178599886399218089e-01
-9.109156685762520578e-02
-1.258427436817994259e-02
1.596349007506513498e-02
-1.493221509086998522e-01
-1.229675297451942179e-01
9.471470420910201027e-02
4.983124994951772246e-02
8.590558787074546732e-02
1.971812915864780968e-01
1.282652169424381150e-01
7.478390538057917702e-02
-1.014168763708817311e-01
1.723827171391793464e-02
1.694388566314485589e-01
-1.070074239227336715e-01
1.852600726824832067e-01
-2.301945259722302031e-02
2.633536840820954184e-01
4.984647765119621515e-02
-5.522657550884439021e-02
-1.229426283583083257e-01
1.231033391241647817e-01
2.766264481342764828e-02
6.563127001192708976e-02
5.324035989943047553e-02
1.072368624004271104e-01
-1.715818750350197597e-01
-2.532162788992372432e-02
-1.794806300119779208e-01
9.231293153073164004e-02
-3.486389982970233749e-03
-4.846639772031467036e-02
-1.060719221164650589e-01
-1.487622330962927730e-01
-1.665189144256181081e-03
-1.598794373307633743e-01
2.442288003829776524e-02
-7.995980025339919153e-03
-6.417619117888720415e-02
7.115052405991556528e-02
-1.369496876182997314e-01
-5.801939894075627130e-02
-2.071990002829126321e-01
-1.115649599587907603e-01
-7.398254867116060840e-02
-9.042410706350798022e-02
-8.315948778182337409e-02
3.447150693970916779e-01
-2.385702226156440758e-02
4.077875392791134590e-02
-1.227229466102515432e-01
-1.080466984669588432e-01
3.116529975978482581e-01
-9.874514105474833936e-02
5.870611393724331495e-02
4.893134329265286936e-02
1.516367764140325314e-01
-9.681744950660029804e-04
-1.716792013701122221e-01
9.064430677051944080e-03
-5.770907631838693985e-02
1.117607877581165421e-01
1.794448951729552821e-01
-1.131258161614500241e-01
-1.237051991204571183e-01
9.548970598491227091e-02
2.902243967330227492e-01
2.328395660002629541e-01
5.691005354338237593e-02
2.056008760087076406e-02
-4.755195172950955895e-03
3.488242585482737718e-02
7.962818563277047901e-02
-1.658520152793238056e-01
-5.528896818491842169e-02
1.462274549273064606e-01
-1.149817672848343769e-01
-1.016066921984800919e-01
1.590703880870488482e-03
1.484348696769411946e-01
3.343280205361869317e-01
1.000000000000000000e+00
7.115167192226401482e-01
4.994164348957638166e-01
3.591749269202152428e-01
2.325244703807486657e-01
2.777943776092208217e-01
2.193014807749058825e-01
4.578120747651885647e-02
2.792040494189131864e-03
2.759261044477333974e-02
3.742279356319149625e-02
4.869668106281008213e-02
-1.279133035228053050e-01
-2.790929411893178780e-01
-3.247684840979667142e-02
1.647588432620291851e-02
-2.210961269817101338e-01
-5.609071180383125299e-02
3.675247323554712425e-02
-4.415002600044651282e-02
1.906957380658237389e-01
2.702191409636833797e-01
7.000872775106910251e-02
1.976525448336834412e-01
-1.165415477267011113e-01
-2.350525573185382675e-02
1.779146139026280549e-01
-4.794683989251390804e-02
7.056577686802373295e-02
1.049711189599726036e-01
7.320974210180167252e-02
9.660338994834584414e-02
-5.057157728483496067e-02
1.348480017550885424e-01
1.543243370767538869e-01
-1.743067992959432821e-01
-8.369813759822114507e-02
-1.872212534436084805e-02
-8.763204255658636754e-03
8.293973018964068133e-02
-9.111848391323627838e-02
-1.028011460442601090e-02
-2.951126337590807402e-03
2.745648377228678255e-03
6.959295898507547595e-02
1.095064470920877470e-01
-2.565910662585419930e-02
2.072923701630929594e-01
-1.801076496520938874e-01
9.472964533127364861e-02
-3.299669281712141328e-02
2.266587172400309769e-01
6.957092629364200476e-02
1.872007684006687100e-01
8.186564151533787248e-02
-1.090373991163260010e-02
-1.613661231721471578e-01
-8.251399683371513083e-02
4.439512004281503596e-04
1.514318826698890855e-02
-8.061475318483043995e-02
-1.284361918380738377e-01
-1.354844761831056621e-01
-2.958183030949458892e-01
1.485347142825205191e-01
1.291459759272067798e-01
-4.892150639360414582e-02
-4.037870297823206722e-02
-8.819094606216824894e-02
-2.795874060938051686e-01
-2.366255867614812936e-01
1.399977423599101795e-02
1.776672340796340843e-01
1.264366682112507898e-02
9.105440583282732592e-02
1.874011027782764294e-01
3.366049905971821299e-02
4.782179532182329745e-02
-6.295710859336897669e-02
-1.076106736202725872e-01
1.241461429126970197e-02
1.384308156065048312e-01
7.090786971249266046e-02
-1.922698110795718895e-02
4.679272826227340309e-02
6.126987303358051324e-04
1.999248057430951658e-02
1.524317870506086692e-01
-4.839472930558984254e-02
-4.020135752387527656e-02
-3.927708327952388750e-02
6.537781053500509032e-02
-1.170253827141977676e-01
2.058081862682769325e-01
-2.428782719282608291e-02
1.141285993331708076e-01
-8.818759925079852624e-02
-4.857296714627112877e-02
1.263084894675356173e-01
-9.422591762800800949e-03
-1.266567853316837577e-01
3.311635091036566059e-02
1.733259134513061295e-01
7.051748766979958755e-03
1.185803306386784689e-01
5.332416364478540644e-03
1.765000098050168581e-02
-1.749418830610747766e-01
-2.792759923282035414e-02
2.564317077682153334e-01
-1.800358698703706795e-01
7.402863404800462399e-02
-1.429039219498196289e-01
-2.248782234270305797e-02
3.951342324025207409e-02
-5.959630322406875291e-02
-1.269399355165728438e-01
-5.832707560170416472e-02
-5.241880279285270755e-02
2.293900720886720562e-02
6.724337966008052392e-02
1.668039280783884526e-01
-9.142133189352288913e-02
1.131628572043207222e-02
-1.600108442981812429e-01
1.131988349178241898e-01
4.736787377635896801e-02
-1.637668757732584635e-01
-4.113464396311724419e-02
-3.345622406259027293e-02
-1.320142163684603354e-01
8.788460392762041315e-03
-8.407747451193431365e-02
2.115280137518060766e-01
-1.266895036236755367e-01
6.414626573820483846e-02
-7.980105666817344234e-02
4.491397159008901629e-02
-4.318406062884423691e-02
-5.023694275851253721e-02
-2.363229615152256657e-01
6.305271016447791532e-02
-3.118336456699530648e-02
3.143815185876385355e-03
2.415988402051990891e-01
-1.090464890890002342e-01
-1.990112218773006370e-01
-8.453546004263577662e-02
-5.095312140366661802e-02
6.716408587664313146e-02
-6.414392651693409664e-02
-2.808879733439602067e-01
5.223543769328473085e-02
-2.682794768126344279e-02
6.814860943739166343e-02
-1.066774347026216430e-01
-1.458964182689881650e-01
2.772286273627611042e-01
-2.905267780872010375e-02
-9.528824399972045389e-02
-2.176213807494266905e-01
-8.974767443416591106e-02
2.610742279658304424e-02
2.505116179144795674e-01
1.587123690494044448e-01
-1.036968749573124321e-01
-6.507536433796558273e-02
1.599863139853805738e-01
7.386992695218905225e-02
1.218295382029909585e-01
2.429788062290218990e-03
-5.135497728669010525e-02
-2.985501518746165317e-01
1.409843871858798559e-01
-8.150689045818042267e-02
1.348189970233168999e-01
-7.562608482824134670e-02
3.970486495196139803e-02
-8.683984254045495899e-02
2.046337523453835294e-02
-5.395164985520642387e-02
-9.279361507994238201e-02
3.159037268322564818e-02
-9.683023094786508134e-02
2.573763187712555661e-02
9.838734671786703023e-02
3.582081268046750921e-02
3.273122092221417839e-02
-2.619038957216807684e-01
-1.700354410288513751e-01
-2.239581399174572218e-01
6.389088563567119072e-02
9.623642020280115394e-02
-2.277877359469751284e-01
-5.310858185789312652e-02
8.838376260137129070e-02
-3.598619274988580641e-02
2.153748137921304151e-01
1.045545298150727664e-01
3.512579805029955038e-01
5.082965519554733663e-02
-1.985656654013389505e-02
1.795862556932941168e-01
1.263394311487694710e-01
1.018379562586544801e-01
1.628782648489872364e-01
-1.604838103106686897e-01
-1.133839847900925263e-01
7.012291583392769867e-02
5.447601997844796857e-04
-1.721157273684110478e-01
-4.899613038495252704e-02
8.602713106667748966e-02
1.117058778860847701e-01
1.052185232688280792e-01
-4.890829436065081970e-02
2.532305840093375393e-02
1.733442570683638162e-01
-2.891421839250218340e-01
8.063476637084823762e-02
5.602754243366588754e-02
-2.231399075026494275e-02
9.748140792861378912e-02
2.593999824736041571e-02
1.031185309718942039e-01
-8.325714821801372123e-02
2.141138893527314568e-01
2.237417699463906118e-01
5.809290397495589509e-02
-4.482825631733725405e-03
5.006081324304293562e-02
-1.089649616557468101e-02
1.490559536779827998e-01
-1.875387108065032504e-02
9.312874020937643438e-02
5.685233882132264410e-02
2.046666371793400829e-01
-5.939321151802408327e-02
4.943708668966781059e-03
-2.572799322631484295e-02
-9.125550058062442682e-02
8.720763027834736725e-02
-1.532885720692297171e-01
1.185187828274064104e-01
1.026105674548953572e-01
6.814109543574597971e-02
1.166202563524062347e-01
-4.908378303483758309e-02
-6.049996280080236627e-02
-1.058202066024799548e-01
-1.691039950458431973e-01
-1.912789909012639344e-01
7.022472858665826378e-02
-2.513258194195081563e-01
-3.347346743299393218e-02
1.229524815812418764e-01
-4.116373361720683348e-03
