7.664381713305570831e-02
-2.219024757157891103e-01
1.363631385970934251e-01
-1.066434066070373610e-01
1.938906337014659198e-01
1.229869412906757359e-01
-3.387493163502754978e-01
-1.526755219523429907e-01
9.820677657797534377e-02
1.684292028001566355e-01
-9.137595254786100296e-02
-2.585260793068611465e-02
1.893330943134872296e-02
-2.385667886749704147e-01
6.299441749212934816e-02
2.775296028849284502e-01
-1.672381982890634444e-01
-8.921092912569256184e-02
1.517151397045175820e-01
-1.763116220776439480e-01
-2.816051509505462791e-01
1.357427200311342452e-01
1.142885713948862958e-01
2.675173220786519757e-01
-3.861695443946857598e-01
1.403167210413083232e-01
-1.616750257898647569e-01
2.103419382720260813e-02
-8.617617212037530228e-02
-3.634027074635456933e-01
-4.856113641620411758e-02
-2.212432159481653171e-01
-2.896962685546234373e-01
1.054660662862773671e-02
7.637729221134735569e-02
-1.274271040436165403e-01
-3.300562074367432291e-02
-1.140677408582304736e-01
1.108927736031627975e-01
-9.314880019536038794e-03
4.138434695692020347e-03
1.174290356969765747e-01
-2.528004934086179878e-01
3.795162071418486383e-01
3.790340354449837634e-01
2.305914525915150615e-01
1.256040479919103871e-02
1.279053375176384399e-01
-1.672844684704875018e-01
-5.346006473956151778e-02
-5.746320284562293074e-03
-6.301283262743977154e-03
-1.355269678485789830e-01
-4.668614944959100649e-02
6.467952655687164709e-02
4.418784041803464763e-02
-5.425522009094270459e-02
-2.100267685754660454e-02
2.902802093254183702e-01
-5.924424420562136168e-02
-1.467928762775184970e-01
1.600335659048293946e-01
2.274171321556557046e-01
-3.042472830702959152e-01
-8.517477447543173041e-02
2.659529753834645460e-02
3.302512750233406180e-01
-5.067857243582264692e-02
-2.794032539263016646e-02
1.343549837751495390e-01
9.148402259147146720e-02
-2.443961096527424715e-01
5.604087561402013723e-02
1.873756264617233713e-01
1.069120124379941833e-01
-4.669875138896691091e-02
2.149485688560906771e-01
-1.138141936593700665e-01
6.630689151087794386e-02
1.146514937372893894e-01
-1.834095239027918600e-01
-1.092725443297963006e-01
-4.484915685251963241e-02
-9.848513975093696471e-02
4.816240362550955334e-01
1.719811169655127703e-01
1.255919105181896311e-01
-8.324767752505455795e-03
2.275867905869921881e-01
-7.702544237158545637e-02
5.484311120577425869e-02
1.225987217833308385e-01
-1.418488997286690145e-01
-3.326546825253714340e-02
-1.279233821330411913e-01
2.360846554837066902e-01
-8.123370002472472817e-02
5.839925689309304058e-02
2.055458916268332326e-01
6.356555697026659846e-02
-2.718589147956948851e-02
3.168918277733819011e-02
-6.175355835773708481e-03
-4.859339349125840757e-02
-1.705723016259992342e-01
2.798115355769033308e-02
7.857419758477608707e-02
1.743220997887132140e-01
2.078172806264986239e-01
-6.555131680688165707e-02
3.974841908983308553e-02
8.116167375085645008e-02
3.491013958697435915e-01
-2.555645865968063646e-01
4.206336174307195169e-03
-1.760703003750395401e-01
-1.214123133770510579e-02
6.006273532032224000e-02
3.161253575751572786e-02
3.045667683671153814e-01
1.683854724554533222e-01
5.823110357461840775e-02
1.258815711902729617e-01
-1.126523541729481243e-01
-1.113956230383562618e-01
1.350544952517839514e-01
-7.723412923667472008e-02
-1.542199375974903919e-01
6.027558761680595900e-01
-8.842658810357351129e-02
1.132649800968845294e-01
-5.737573424014047983e-03
8.865964611548923791e-02
-2.860154748246350898e-03
-1.779686103241006900e-01
-1.302710417093940753e-01
4.566050082506509233e-02
-1.169925577254711246e-01
3.241257105662159188e-01
1.344994383277342553e-01
-1.211404381449485423e-01
1.506329581232897508e-01
-3.164948262234198312e-02
1.101591248148333091e-01
4.801464992249735581e-02
1.034847097978083275e-01
1.902711964796334476e-01
-3.020859268352492633e-01
4.767928340386096836e-02
-5.079612878570163165e-02
1.419582876530833260e-01
1.648178534984704735e-01
-8.164223360813487040e-02
3.426450728590800243e-01
2.568029919380543924e-01
1.280221429602664551e-01
-1.594598751284406757e-01
-3.410209726886089671e-02
-9.631127552236731781e-02
1.540614840387334594e-01
3.864790608750249823e-01
3.803838725966206535e-01
-1.044757487426322545e-01
4.000599014162751765e-01
5.837264250701031110e-02
-1.777202215858906392e-02
-4.376349399691718822e-02
3.961797830331122844e-02
-1.247321184716079431e-02
-3.010986217435019860e-02
-1.898755332326535761e-01
-1.367833218803729545e-01
-2.297104208495665545e-01
3.224711668912558782e-01
2.642978607907583988e-01
5.987069468452857479e-02
-2.408593366038200567e-01
1.243780648751820900e-01
1.307220977818032426e-01
-3.147817041255028814e-01
-2.204750719128237973e-03
-2.268921567918657789e-01
-1.634554955724389913e-01
6.027565502671508590e-02
-1.464323045607742735e-01
2.831040620813961572e-01
1.387620547420917727e-01
-2.261698866676694064e-01
1.057533717286798930e-01
1.846703121081449406e-01
1.445007162533345491e-01
4.266072928290678967e-02
-2.642318109496354442e-02
6.558810200137815682e-02
-2.749264084866717139e-01
7.716812275457592130e-02
5.329578781916701757e-01
-2.121224859349759573e-01
-1.135842512805617099e-01
2.824861991705250597e-02
-2.055538721605769392e-01
-2.278491644920562498e-01
2.352520707573026171e-01
-4.623679850297338079e-02
-5.524363803404951090e-02
-7.725585316039287886e-02
-8.349662400143083307e-02
1.743251100144219135e-01
-1.427910474903517357e-01
1.330424846913344228e-01
-1.837663318478794383e-01
2.628814578386362566e-02
1.927810855075784702e-01
-1.393381638686010948e-01
5.652201390636708844e-02
1.153647364826895227e-01
3.630927461559317337e-01
7.024034909008949890e-02
-8.226236967682706847e-02
1.142771933904312004e-01
3.425052275909338806e-01
1.568905637450222490e-01
3.475906484666443363e-01
1.979914930322532463e-01
-2.086452261499444419e-02
2.273811139476266951e-01
1.423235612807931538e-01
3.262211592815163208e-02
-1.221128687991466233e-01
-3.882751293821642968e-01
8.395736771237911900e-02
-1.595769426324180826e-02
-2.406127486553941153e-01
1.783284425951095764e-01
2.418621588562920866e-01
-4.892341913373831619e-01
-1.104414356931646968e-01
-2.235721591878418735e-01
2.787797525315617309e-01
-3.541666580039382756e-02
1.280190401080156803e-01
-5.271860788967076134e-02
-5.222214124883208658e-02
7.256948220050596365e-02
3.215915590971729077e-01
2.191611539560644750e-01
2.905078010785678289e-01
-2.302702736304498565e-01
-2.656921361066747703e-03
1.911570126168848915e-01
2.047478219746002304e-01
-2.514967378870062165e-01
6.316908208700214647e-03
6.414158532894976839e-01
3.918661806870016862e-01
1.000000000000000000e+00
8.663906626948647549e-01
3.601384925686206273e-01
4.390230812675003924e-01
-1.772409786888587691e-01
-1.133109543405070307e-01
-3.888280964225936803e-02
-9.842297424748333579e-02
-3.078868247212141612e-02
1.751733075655885485e-01
-3.883898647174115482e-01
2.052099620926668144e-01
8.967712631453543526e-02
6.312230990629595917e-01
2.251721716293559883e-01
-2.466982499549222885e-01
-3.623443166151020245e-01
5.676672095847418859e-02
-9.373186486139127582e-03
1.362933588608262470e-01
3.879658500896722428e-02
-1.105437569807570103e-01
-3.644609064622605921e-01
2.005000872539938750e-02
6.273306684939350397e-02
-1.773294754214802538e-01
-3.785827690658870315e-02
-2.065125722056872781e-01
-8.945843279847586274e-03
9.759943231941403674e-02
2.296863597407241275e-01
-2.192467203086176375e-01
3.400648990930843496e-03
2.821700961857276924e-01
1.040852859960311044e-01
1.703122796659350124e-01
-2.763400069021472172e-01
-3.104921901681176322e-01
-2.228726477112225601e-01
5.523359003157685132e-02
2.340039925373910146e-01
-1.247811295611742088e-01
1.012469903595320520e-01
-2.713280355884924999e-01
6.831109862743696415e-02
6.983503669878377874e-03
6.657840281980768882e-02
-2.270746983405192709e-01
-3.477918909324356767e-01
-5.209442687141099121e-02
1.434017944969732117e-01
-1.959904461985433749e-02
-6.641691083494699610e-02
-5.809133749247977901e-02
8.840017570940926495e-02
-3.405638294986919057e-01
2.171339320676057838e-02
1.442646627755706235e-01
1.371989240796090137e-01
6.009988483674499893e-02
-1.202333671536259113e-01
5.273799660728363536e-02
3.174910781885244559e-01
-3.519575211972267997e-02
-1.045142121818360137e-01
-1.444573462725497193e-01
1.811088068887995450e-01
-2.295440281086134557e-02
-2.119579051980770845e-01
9.009666409794762909e-02
-3.367776230927412712e-02
-1.447865057673736744e-01
-2.212142476380939415e-01
-2.331731780225733686e-01
1.982962015345652307e-01
-1.141451381256409631e-01
2.498709874112682860e-01
-7.827709317307283976e-02
5.321132558607460927e-01
4.465741215452753710e-02
2.615219185494640497e-01
-6.492475747058733607e-03
-4.322470553970223645e-02
-3.521639757765560041e-01
-2.002454681564926064e-01
-4.094268944284776973e-02
1.248112663544665053e-02
-2.870276287108091129e-01
1.972396935614443014e-01
1.121012616931476719e-01
-2.146071691051502084e-01
-5.777929395627636605e-02
2.508264906582598486e-01
2.143368984700207147e-01
9.440423413229642735e-02
2.135724288273396082e-02
9.760516961391654811e-02
1.613491717989031238e-01
-6.324117923209375547e-02
3.095503396635623794e-01
-8.547675261062008534e-02
1.011227565968226133e-01
9.770466988684702037e-02
2.633996602771713352e-02
1.185049196068387323e-01
2.860897285503055110e-01
-1.467807420884636727e-01
-1.540555164002888923e-02
3.965557645242088758e-01
-1.245534168294439720e-02
1.223491269075260152e-01
-1.501702389104916657e-01
5.924529302969286371e-02
1.460560434719418710e-01
4.025297562982197569e-02
-8.417024298760721404e-03
-8.872696783970998591e-02
1.030973377822492626e-01
-1.253266873980837248e-01
3.092565414153844450e-01
-7.807893879965675799e-02
1.170856778427287193e-01
4.265164303121886102e-01
3.186138236473642221e-02
1.467938311557220044e-01
-4.091666961897462707e-01
-2.168571153590083678e-01
-1.022805350544604558e-01
1.527346906706074647e-01
-1.977117857571116522e-01
-8.338119939484453513e-03
-2.506410160908862372e-01
-3.477333939354297354e-01
1.107411102725559121e-02
1.882350174239539597e-01
-2.224179365729003210e-01
-1.961371805056238427e-01
9.304950783762089284e-02
1.115254209637077526e-01
-2.393011877108879581e-01
-1.686096621202206602e-01
1.939910773910842601e-01
-6.578172627634812364e-02
-1.092835452314534911e-01
-7.897500493131440202e-02
1.438422106913065934e-01
-8.065917321806581608e-02
-2.233674206878003832e-01
-5.503852309087306494e-02
3.170752399022051110e-02
-2.027258258588211515e-01
-1.520599905504186056e-01
2.794786373778105140e-02
3.207580652431313295e-02
4.781800264094705072e-02
-2.868732053417592520e-01
-1.182369667792721318e-01
8.534717473542256794e-02
3.851856539113431288e-01
-2.601949185717337132e-01
4.553965439086225114e-02
-2.578460986753608464e-02
3.076187379155880253e-01
-2.009304015322082304e-01
-4.641082195812373246e-01
-6.470744340421974439e-02
-2.969173357892796600e-02
5.406987096817704452e-02
2.410009849016184758e-01
6.883063938282904526e-03
-8.111849166180762349e-02
8.629647095858662686e-02
2.365084274277785004e-01
-1.408950868476085139e-01
1.114025977083141772e-01
-5.731640095195489337e-02
4.366438558664512137e-02
-3.012984809818755050e-01
4.600800153275632492e-02
3.725997544636213549e-02
-2.778827295427117594e-01
2.569005042517676519e-03
-3.673370072572244571e-01
2.390498213041707953e-01
-3.052554158058987804e-02
-1.371940168783649938e-01
-2.802096053136593490e-01
-3.162058343729735599e-01
-1.360937442716109343e-02
4.446499573526185162e-02
-8.516508485788869265e-02
2.222841271757250992e-01
4.608646991635051982e-01
-1.482415514633691755e-01
5.259382237644004698e-01
-5.752931999866972568e-02
3.491424963898809852e-01
-7.450774528209423708e-02
2.346433496207827110e-02
-3.092615084250746049e-01
1.347845869595768187e-01
-6.859114952763263606e-02
3.435400129596776209e-01
-3.108343267261115539e-01
-2.496299314670664682e-01
2.338771263114337584e-01
-1.669813563882385499e-01
-7.383776447141338073e-02
9.593078291155721082e-02
-2.186619435075675688e-01
3.469375037559839225e-01
-1.500944374034662021e-01
-9.520670777868958656e-02
-1.057583400577110089e-01
4.336174719172893738e-02
3.211282922883832991e-01
5.363961280137072296e-02
1.660004204318248772e-02
-1.826993826903015594e-01
1.166699971171480943e-01
1.899528902207022960e-02
2.351953989577152543e-02
-7.952554717645649029e-02
-2.378049801617096101e-02
2.757281050466798070e-02
-2.929402734615560444e-01
1.063715355938520957e-01
-6.263862819168414253e-02
-7.087711530886077471e-02
1.473218979102169368e-01
8.885742668445226200e-02
-4.386223940458888748e-02
7.690159981188654514e-02
3.062862065933116273e-01
7.616371818223839629e-02
1.265869158862516219e-01
1.186817529621467943e-03
-2.884870269187207459e-01
1.208780668785513490e-01
1.645559391805416494e-01
-6.983697106776846908e-02
-1.701228243335295648e-03
-1.213154172016206803e-02
1.380952170096936236e-02
-2.804339976300382897e-01
-1.495300323562951707e-02
-1.912827347535767386e-01
-1.673636513690229255e-01
-3.868343489473902164e-01
1.523256873578572868e-01
1.419681651623473095e-01
9.515029894726971527e-02
-1.640401744696283193e-01
3.569411705542259450e-02
1.262738382858673292e-01
-2.982013712410315764e-01
4.965126779272031055e-01
