1.940579169781809499e-01
2.805939443922266796e-01
-1.027672433269050112e-01
1.945062721604207678e-01
-4.120600282345341370e-01
-2.970468128078948555e-01
-3.098171370252966392e-02
-6.945251326912460499e-02
6.205826602550700705e-02
5.451025364805589524e-01
1.600097342332983119e-01
-1.264912335624015227e-01
-1.263312872014942245e-01
-1.308073451908811358e-01
-2.405183406397418122e-01
2.528998750338282142e-01
-1.634957952969273709e-01
3.489623092109334079e-01
2.079563166537056473e-01
1.449044617627926468e-01
-2.642052698696229635e-02
5.126852438337002604e-02
-1.154720125370720801e-02
-1.276809124069007706e-01
5.246462220277110788e-02
3.979793442487588595e-01
-3.414096614288300024e-01
2.797667050183444090e-04
5.363035707457033396e-01
-5.269524485178963547e-01
1.878448136018482373e-01
-1.471649739068607854e-01
-1.822591251436189164e-01
3.100335410866819630e-01
-1.540051416930183215e-01
-2.301385572464328400e-01
3.488056741664668503e-01
3.367105122532978445e-01
-2.729018555161238369e-01
-2.133711437657620225e-01
-3.101029012287980224e-01
-4.940057082328568328e-01
3.546296149610008719e-01
1.581568606777366548e-01
-1.784113799062737593e-01
1.590119797082750197e-01
2.993146382207103606e-01
-4.078767019570871122e-02
3.069118179872826896e-02
-1.805947476751517677e-01
-4.295247875591804571e-02
3.850676970064403903e-02
-3.342128596456224177e-01
2.835825049983889401e-01
1.199553299236946619e-01
-3.327019228211069435e-01
7.630795558131868439e-02
-1.739865266262448085e-01
-1.684270913276116055e-01
3.526497309452693574e-01
-9.861243660178757586e-03
-2.572513360455476183e-01
2.291617117642279489e-01
-1.180087323170084385e-01
-1.249247925960316336e-01
2.981741312852468351e-01
-4.586366469510171767e-02
-1.509701396941649232e-01
-1.149342887004766584e-01
9.932405211335042228e-02
4.069636418440810699e-01
-3.308409837214948412e-03
2.709969394006885024e-02
3.423347746691833282e-01
-4.102381143475691827e-01
-1.863220870518738637e-01
-1.126708459221331671e-01
1.188721562724427833e-01
-1.051175270578015436e-01
3.858539270986888203e-02
-2.670735285470395848e-01
1.236363326831140946e-01
1.811756877261129217e-01
-1.932700582260038491e-02
-1.130048249360124379e-01
3.377564610666547451e-02
6.109725210411804941e-01
-3.979717567183010951e-02
-1.470445559056856033e-01
-4.648011659341132473e-01
2.379613752151351347e-01
-1.473518143357202270e-01
-3.153575944603930620e-02
2.920661678439745446e-01
1.388444218883097825e-01
-1.360547285689260311e-01
2.929710395836301884e-01
-1.015590618419333208e-01
2.415943676656967798e-01
-1.084101977664434467e-02
2.459835545286437886e-01
2.228926403618705088e-01
-2.198471837218435587e-01
5.623766672130068450e-02
1.757058540703081428e-01
2.664922080533830284e-01
4.758311894122836394e-01
5.428314565589835716e-01
2.644690770454751760e-01
1.972692182621805235e-01
2.422464970011165286e-01
1.157624535547884942e-01
-8.788863004506838883e-02
-2.527200643143397429e-01
-5.016607387998968104e-01
4.038345087176283821e-01
3.116679168287505575e-01
7.534441547315133547e-02
9.111250551261754205e-02
3.425454618552929986e-01
-9.260986576252318997e-03
-4.283642723509913930e-01
1.303466870255906747e-02
8.737855564355134774e-02
-9.830309173941827183e-02
3.019463913457003934e-01
5.730410435577820705e-01
-1.940472745780860014e-02
-1.091628009575469210e-01
-1.864847337552681394e-01
5.149790964978688823e-01
-1.746417334462387339e-01
-1.568822866994242227e-01
-7.650136183537881163e-02
-2.616792668101508013e-01
9.986863157128558766e-02
6.058882784245577247e-01
-6.465230151117329349e-01
-1.036593336849384733e-01
4.046074776450846178e-02
1.487364084817005550e-01
2.246702323985056704e-01
5.238498468316658829e-02
1.082084671483068417e-01
-1.140496016538231766e-01
-2.829975559149500719e-01
-5.601184831937511960e-02
-1.809689225909131838e-01
6.006647560787528595e-02
3.764979445564243243e-01
6.492005000335131226e-02
-2.319391210606108755e-01
2.643441295595144735e-01
-1.762705312396776747e-01
-3.359700897255703533e-01
-1.419480259654978538e-01
-3.016397134762626719e-01
-2.565286281601383833e-01
-3.033001807737866276e-02
2.631654293485894969e-01
-3.021097355256175399e-01
-4.340247518101829072e-01
2.659199802433066528e-01
8.954969643660878886e-02
3.298452229733638830e-01
-7.887624660772929452e-02
1.243746270892682505e-02
-2.079158301122613350e-01
2.323575614980199489e-01
4.233335578836256996e-01
5.470363298514065997e-01
3.610241015130815634e-01
-2.261257033553986870e-02
7.893340664733283774e-02
-1.916839333403477230e-01
1.755782929838995698e-01
-3.059890514055278454e-01
3.407085339079961028e-01
3.268817574666981196e-01
6.197144690706962028e-03
-1.082521777851247896e-01
3.345399258660566866e-01
3.103561065410272591e-03
3.196294817154936574e-01
-4.169297564564776459e-02
-1.070431552738955738e-01
6.231339922456707869e-01
4.534397691816802883e-02
3.207046976495492308e-01
-3.488530166936752996e-01
-7.619991140627753456e-02
8.346534592070543879e-02
1.099193380173064082e-02
-1.707463550421523535e-01
7.224891596347299272e-02
9.994153332163080439e-02
1.158906557890377748e-01
-1.915234929213832371e-01
-5.540819317696880908e-02
-3.336603790386725166e-01
5.435760869775340537e-02
-3.658712265202841429e-01
-2.330302524290443766e-01
1.331064244519190864e-01
-9.061564572397802497e-02
-2.283551836031443016e-01
1.037867517005964940e-01
7.887764227928781291e-02
-4.168574573402710204e-01
1.430921604706282720e-02
-2.421482396855995367e-01
-3.554562707678917133e-01
1.182845070860310127e-01
-2.603147406807460595e-01
2.854375886179725819e-01
2.649440962433781133e-01
3.263559710492981991e-01
1.754797756817207122e-01
-9.929343917346934723e-02
3.197361905667207016e-01
-1.343929345270052089e-01
-1.365752018241244738e-02
-3.207174750120798112e-01
2.717254787450832931e-01
-1.728089276677532704e-01
-5.994448845101942730e-02
2.753851917795042126e-01
1.363154591037297747e-01
8.226012878395952410e-02
3.270699623730990296e-02
9.239512749022887883e-02
4.432173826763140256e-02
-2.838796557554796873e-01
2.878232785397898397e-01
2.029530805944372573e-01
2.527631380618932666e-01
-2.925276209626799795e-01
-1.528703824107290332e-01
-2.878078531443775123e-01
4.170517646668770589e-02
9.315239676072373243e-02
2.684572816667623596e-01
1.696790706704977281e-01
1.443685415176535758e-01
-9.523715646626282338e-02
2.291282554111680192e-01
1.598425882189760949e-01
5.652869148884817063e-01
1.665300998192432436e-01
2.272991109162558407e-02
-3.780103897098185950e-01
-5.355052613086812990e-02
-1.333124612182256252e-01
5.258055228470450704e-01
2.130705949501767449e-01
9.797769380381656790e-01
1.000000000000000000e+00
2.346446473756045870e-01
-1.827663787466448087e-01
5.300867525165187111e-01
-3.516567093235265506e-01
-1.797284727473394128e-01
3.205051090119746121e-02
-1.808507380491371566e-02
-6.014503802982698599e-02
1.833854592844781084e-01
1.791612724991826500e-01
-2.250501283336473202e-01
8.595823875179227358e-02
1.304239041074320982e-01
-3.793451441650991796e-01
3.640228894675904409e-02
-4.865034168141834647e-01
-2.903404478193186700e-01
-2.895350814979269494e-01
-1.158909723438665135e-01
3.354201731689985394e-02
5.161533841399196243e-01
1.966572886082351701e-01
2.446963766719082722e-01
-7.553171954666704213e-02
-3.628451070079768276e-02
-2.759242730129130017e-02
-1.319983855139750528e-01
-1.041562196283732783e-01
-3.088541429202500410e-01
-3.024761262083048852e-01
9.277528767062340198e-02
1.694332412991915449e-01
-1.269772841824826914e-01
-6.870592845257830761e-02
-2.385118190026564999e-01
-2.688597722373156640e-01
5.286099199715455638e-02
6.008907402287918392e-02
-2.394226156591714727e-01
-2.735565079303454716e-01
1.887083881871736424e-01
-3.981962163383896969e-01
1.059816223349634712e-01
-1.669891392159469079e-01
2.685976309134201559e-02
1.243049620325855642e-01
-1.301532660176006329e-01
-2.866335956761990045e-01
-9.254856411510364866e-02
2.403883396765655600e-01
-3.415732924687023830e-01
1.070984296029896948e-01
-1.347662382426222105e-01
-1.935047987634831990e-01
1.899401524236566940e-01
-4.007818750389182672e-01
2.640995590884685773e-02
8.260337420499647143e-02
-2.468258919380459104e-01
-1.415490727445827546e-01
1.546193406408269248e-04
-1.987738791825006957e-01
-1.039811988593456055e-01
-6.652070136750021234e-02
1.947667158352692496e-01
-2.145372059053001212e-01
2.668226758724047132e-01
-2.752960801756413889e-01
2.957771761093847540e-01
-8.342813674223743814e-02
-1.407263088147002184e-01
2.294639202571252257e-01
-2.962359816742071716e-01
2.107990209705588036e-01
-3.588268365330277154e-02
-1.268922421983559867e-01
-1.506443182758840649e-01
-9.540328797020539153e-02
3.824225259750907990e-01
-2.320383624731212902e-01
1.787031304574333290e-01
-9.292169434661316785e-02
-5.938094246845617569e-02
2.650631791602532372e-01
-1.154880704382474782e-01
2.018721735753889190e-01
-1.766719773654931158e-01
-2.229901391345927297e-01
-1.316134620169137348e-01
2.193873296931916905e-01
5.790776779444386513e-01
3.148830536611056941e-01
1.564192382702868644e-01
-3.306026918827614791e-01
8.834822810614999244e-02
3.542873916094840814e-01
2.980596721544100935e-01
-1.069703100917172162e-01
-6.636463278534778139e-03
1.176802447492191206e-01
-2.447491017667601659e-02
-3.138330419438032926e-01
1.809074975512616756e-01
-7.643150739572086849e-02
-6.043667662633798177e-01
7.816736880727108427e-02
-1.690180782247588109e-01
2.674929872743912473e-01
1.382777154586961599e-01
3.670825680417735132e-03
-3.858591292270666800e-02
-3.417654770143395693e-01
2.090557602667202364e-01
2.840057122925430111e-01
6.579332470614711326e-02
5.006964325903513063e-02
1.690388092860244454e-02
1.466200778940822125e-01
1.952967149431119043e-01
7.836227181260835631e-03
1.674149037818373487e-01
3.694027594567018957e-02
6.633302393147484655e-02
2.240541504018766505e-01
-1.423923117675008898e-01
8.384565319091280555e-02
5.278931219474630732e-02
5.527906719349986314e-02
-1.566995080916317451e-01
-5.525766468017182399e-04
-7.432469966187323085e-02
-7.141778298132848979e-02
-2.446318057617695996e-01
1.450469577266345622e-01
-1.193129570343981483e-01
-2.995912052459356878e-02
2.164127988108832390e-01
-2.162285641837584926e-01
3.178511090003307005e-01
-1.797725992166097214e-02
8.655968760979812493e-02
1.953390907351585104e-01
-1.535550968990789800e-01
2.784979373105031519e-02
2.443120075806485825e-01
2.328968187360707168e-02
2.776427699887181744e-01
-9.409166065931806947e-03
1.229201946419971325e-01
9.735779428506149968e-02
-2.205877191464347409e-01
-2.832088283986012797e-02
-6.651619827700933074e-02
1.499424661199047623e-03
9.785842903481273281e-02
3.307495961575609988e-02
-3.214141343531810857e-02
-3.034907541098895156e-01
-1.115072729079325115e-01
7.275478169360957703e-02
1.689248826641546464e-01
9.571647083873100273e-03
-1.442955188322761206e-01
-2.063241469565821051e-01
7.834006637592834388e-02
1.578709259261796560e-01
8.841996825630268897e-02
1.554595902786418959e-01
-2.123564215629537844e-01
3.218156056771723922e-02
-5.584381442181954869e-01
1.251900563952278167e-01
-3.688212996713592373e-01
3.822083494910168827e-02
-3.075643175096315352e-01
6.086281313353886918e-02
-4.149429774622958589e-01
4.112746122958363393e-02
-3.354195295004913646e-02
-4.507640756692299355e-01
-3.463883575123445635e-02
-1.033860867316917752e-02
6.394231046680023955e-02
3.165022637554522345e-02
3.752286885400943350e-01
-2.444900112935128322e-01
-8.178364269062884852e-04
1.626333599365768212e-01
2.212352966218512629e-01
1.436614926200238951e-01
-1.636896882893742466e-01
-2.240339277363037618e-01
-2.554916884640057173e-01
-1.039335355187174514e-01
-2.254982195101483122e-01
-1.609627035022485192e-02
-2.018408855342026798e-01
-1.033645888512096100e-01
2.377817419988164371e-01
-1.569451338049288880e-01
-1.353210382703503023e-01
-3.156331727654923536e-02
-4.911234152084831273e-01
2.191559071878558251e-01
9.925199894841786608e-02
-2.836290592879144312e-01
-2.894353120739242002e-01
-3.889964689581001250e-02
6.482547505748794681e-01
3.470114463646998271e-01
-1.500774609768653900e-01
-1.914998762164367430e-01
-2.624305772103365242e-01
3.835339318402900682e-02
2.605850318023478773e-01
-1.588724478531302053e-01
3.385520941605347223e-01
4.776190095778962141e-01
2.239557500156237613e-01
2.059337438311916457e-01
1.107683104185995804e-01
-1.423598970369096932e-02
-3.352747963604357784e-01
-1.820479966880560463e-01
-1.710497175760723465e-01
1.163063692501511981e-01
-5.071825276697004004e-01
-5.991971014588039907e-02
2.701364167489777590e-01
-7.003673044359204347e-02
1.491094859246354376e-01
9.279518574315499813e-02
2.253606757049197162e-01
-1.399208821455200646e-01
-8.475069061600676301e-02
-8.564995495095492975e-03
-9.541867917265386967e-02
6.558464392605045656e-02
-2.079678124383638887e-02
4.170602210021775447e-01
2.632717648373069097e-01
4.846750948127396402e-02
-2.535943761422176368e-01
3.376679313457812692e-01
-3.245382922280083404e-01
4.073257738889064783e-02
2.338179951087772379e-01
1.103485351364191791e-01
2.987192387546889760e-01
1.383663893331839867e-01
-4.082073386372302437e-01
-2.358461984290255165e-01
2.147434889561214281e-04
-1.696541148621302786e-01
1.587333653056218208e-01
