5.684473268846665373e-02
7.669469175533246731e-03
2.909490214310145317e-02
4.099957790391012074e-04
-6.827524060333686751e-02
-1.253228921672587537e-01
1.890713287237031637e-01
5.209467311699844672e-02
8.142180795122480608e-02
-4.125296270226640194e-02
-1.913702652129473103e-02
-1.791022277895300552e-01
2.243054570590132316e-02
-1.412314534265784460e-01
-1.314892045462804637e-01
9.242629575363356387e-02
1.020512893712831881e-01
-1.249904363165556531e-01
7.012912572979716763e-02
3.990035840745122936e-02
-4.539604018430502819e-02
5.324855874137600711e-04
-6.342941922927117920e-03
-1.445606387239222607e-02
1.190132867427607238e-01
-2.780303965502985489e-02
1.291108493097482823e-01
-3.059052761751454921e-02
8.111494341272092179e-02
-1.203814204695944495e-01
3.557488385017235077e-02
-3.888191712730593858e-02
-1.691196522220091147e-01
-1.153057100367786275e-01
-5.269762315247052131e-02
-2.002871333259235651e-02
3.808133139267198125e-02
2.030767863673198226e-02
2.140918335250757976e-01
1.646885736680981371e-01
3.488935051361788820e-03
4.727103809837829990e-02
2.242624158624309180e-02
-1.771549530060496092e-01
-3.147151253105820445e-02
3.842920027223685475e-02
-8.263005342913246065e-02
-7.336333978070477824e-02
9.346187596900966399e-02
-4.673604227006311618e-02
-2.613139614107605133e-02
1.938999330197538687e-02
4.446662486497796746e-02
1.046288950328463224e-02
4.714415350684248579e-03
-4.266619122551022769e-02
-8.015175646991484770e-02
5.439108445457460151e-05
6.485775705291038640e-02
-3.918677867091771398e-03
1.502169127909078472e-01
1.219456569367653453e-01
-1.508311212000801663e-02
6.325020832251344871e-02
-6.457754517459659768e-03
1.532179604286249127e-03
3.421737487731086463e-02
1.257104136313868387e-02
3.164485489635932708e-02
-3.350318106260741918e-02
-2.308272118488019775e-01
-3.758847819741055040e-03
1.025561382190190440e-01
-6.718359202771634342e-02
-9.338659533225952825e-02
8.588396371196690970e-02
4.852542500210461213e-02
-1.021798676070585360e-01
1.268394937089533103e-01
8.522393754660258225e-02
-7.570283673779838046e-03
-7.918690162251702802e-02
1.276451583267695922e-01
3.135282177052337721e-02
3.406301198218978504e-02
2.771523315379999589e-02
-1.049262348253194033e-01
-5.596861476836067356e-02
4.871456886511894152e-02
-6.560902141487205685e-02
1.125508697247724621e-01
-2.331511797734428168e-02
-1.848730365633086126e-01
-3.328774786804327562e-02
-8.528365186593597769e-02
1.200919312969011936e-02
1.319832201747191125e-02
9.901969381673773885e-02
-1.349922058177822348e-01
3.696944185432293056e-02
-4.668212596964781830e-02
-2.814573239026006354e-02
-1.600152953447577919e-03
4.962114509086787417e-02
1.201725150054401228e-04
9.789180983313720830e-02
-2.865889866920941567e-02
-3.233260609095190558e-02
1.446482182408834749e-01
1.126769074318672570e-01
-3.996635410172358349e-02
-2.808093958734652826e-02
7.368063375165972984e-02
1.114794613126700445e-01
-4.339490730198462820e-02
-9.934524459188928333e-03
9.835751559154429224e-02
-9.717185825791133102e-02
1.748453688246110957e-02
-1.100660984430776174e-01
-1.052485705942664829e-01
-7.653376879834668245e-02
1.841722803481971732e-02
3.564752827186207923e-02
-5.374954742217667725e-02
1.687523755446253548e-01
-1.048177388649111294e-02
-8.300712012080029012e-02
7.579913849960155658e-02
-9.828880773724239794e-02
3.020696548698433709e-02
4.413457582592637818e-02
1.254416200129959136e-01
3.305779221189798778e-02
2.360600601379458582e-02
6.443392786004484285e-02
-2.264084221530390101e-02
-3.424230822874493874e-02
1.918404017160001487e-02
-1.205116815519660656e-02
5.914912380918526530e-02
5.557312910631541369e-02
-1.196841126664376642e-01
1.101364929443795770e-01
-1.533937565030125266e-02
8.389469536037576225e-02
-3.792997463887069071e-02
5.107357470521170506e-02
8.143972145018166242e-02
1.188900403138518497e-01
5.670921391816852869e-02
-1.450672597582657875e-01
-3.135542090038753033e-02
-7.865134312022047103e-02
1.439425569481114081e-02
-1.057790693553851552e-01
1.025447381021164089e-01
1.576484881765397861e-01
-5.951448163266170877e-02
-1.338727333255621682e-02
1.214860800917628991e-02
2.947987805572058195e-02
1.859822907135875655e-02
-6.443715583911483434e-04
2.043767460010101067e-01
7.288828810465339259e-02
-2.488602468791382971e-02
-1.166672907225869832e-01
8.375966434592076182e-03
3.424732811114147846e-02
4.427294387618772864e-02
9.057570800398418581e-03
-8.921278665186870363e-03
7.687403640904462432e-02
5.251780349130295844e-02
-3.785314230088751564e-02
7.052032501558402888e-02
-4.372509508930401412e-02
-1.110097825010912392e-01
-1.473640687243298920e-02
-3.850310638626705528e-02
1.051772233517108412e-01
7.782446705502213402e-02
-3.335928785833306570e-02
-3.442732277664335705e-02
6.893673915197977287e-02
-5.005441506076725895e-03
-1.855489413701678914e-01
1.237707323203658810e-01
-2.107831133733338580e-02
-3.857511138978977905e-02
-1.597125352662560061e-01
-1.069734329886912888e-01
-2.120631713346444180e-01
-2.216472556704388724e-02
-1.100765679341202258e-01
-4.614939640234165356e-03
-9.587181408359159163e-02
-8.994361833019247354e-02
-5.545595135926498741e-03
4.250329663546024289e-02
-7.427611903462434835e-03
6.455438181194303460e-02
-5.290252965342519959e-02
-8.143435275791091610e-02
-3.698780322251919023e-02
-2.694915909495577619e-02
-1.654302459790746131e-03
-5.267959345015495176e-02
-3.150821355167138238e-02
1.048664619048084723e-01
-7.111385398765311672e-02
1.796786553153225524e-02
-9.639806692663951959e-02
3.370019488719801226e-02
-3.958405346374185840e-02
-3.460041399283084879e-02
-1.379382824482779275e-02
-9.758219387522266974e-02
-2.588356704456545171e-02
9.522186754180168855e-02
8.458775744526592089e-02
1.124948007651217358e-01
-2.887241300987231085e-02
5.086471349387931828e-02
4.389483035529508775e-02
-5.684994909118484818e-02
3.119275851725086118e-02
1.525294465382976139e-01
-4.847183956836563501e-02
-8.576523646564213066e-02
1.573605843658197334e-01
-8.963407851705118556e-02
3.603779713158089537e-02
-1.485721023361170207e-02
1.299370444995773810e-01
1.255467771393910525e-01
1.227231703718933142e-01
2.624758406170686533e-03
-5.506779710235673586e-02
1.004911421606427130e-01
2.345521036336404089e-03
-9.194370478289025372e-02
-9.759120912598870379e-02
2.668663173330715344e-02
3.740600780239829171e-02
2.268582321537921387e-01
1.421025106064919830e-01
1.160656189240426156e-01
-5.568047915033557532e-02
3.651827610108056288e-02
6.009013179335104954e-02
1.405307898730233096e-01
3.491281929433852627e-01
9.334993990055930890e-01
9.537653077091340359e-01
1.000000000000000000e+00
8.117762804320424186e-01
5.870894312691804506e-01
2.861931755621850981e-01
4.343031485559916693e-01
2.558702434196806208e-01
2.039525095968908741e-01
9.442661381384440111e-02
9.892374429335994493e-03
-1.047569249135840291e-01
-2.576900675131816865e-01
-5.586741295174348781e-02
-1.538794933602549708e-01
-5.837804821073851180e-02
1.473089886240744849e-02
-8.970658838840815663e-03
1.448620223906287308e-01
1.001359446773118778e-01
-5.452671304643891964e-02
2.055099223323040014e-01
6.343266280012468950e-02
1.561297529178222454e-01
1.659110868856777943e-01
-6.302626554840796980e-02
-1.104068721246024565e-01
-1.556280276135714180e-01
-6.730195312038139699e-02
-4.443362900403760585e-02
-6.611579051513198635e-02
4.000702717649999574e-02
-1.668244511565928068e-01
7.543498356748391809e-02
9.928694905386729885e-02
-6.561691408710465349e-03
1.297413280539249925e-01
-8.870819255384614077e-02
8.133502873760707630e-02
-8.495240010127282082e-03
-1.628615024866126582e-01
9.397666989416723904e-02
-2.306984815191042218e-02
-6.308568965491926500e-03
-3.606831523722005967e-02
-5.932690861288485162e-02
-5.506452246395777267e-03
-1.215388341268633723e-02
1.927336934309140104e-01
1.568505181205129620e-02
-2.749390785235268989e-02
-2.334734067317534648e-02
7.644369283511637247e-02
6.044841156276885286e-02
7.406659829192832611e-02
-8.534489756933373583e-02
-4.947752475149254370e-02
-1.199463498152338568e-02
4.607703929794619005e-04
-1.203639554351639517e-02
1.232960109115905784e-01
-9.608178052552827919e-02
-1.375116825220034089e-01
5.538328662454417017e-02
1.121774667355752431e-01
1.621936412470532940e-01
5.610723316853735015e-02
1.173147710822506629e-01
-2.148259818622731687e-02
-6.284722501862075733e-03
-8.623022765595563660e-03
1.018252112817278066e-01
4.030557428379039769e-02
6.986396255269637645e-02
7.711779419222268561e-02
-1.377489267233352466e-01
3.785089118168714212e-02
-2.249960317939394550e-01
-3.069074240490313535e-02
-3.805473350963148316e-02
-1.331842887112210938e-01
6.642680131292905132e-02
-4.293623993865289951e-02
-9.812409275325004177e-02
-1.338964283266540489e-01
5.829175215334359006e-02
9.425912250198823297e-03
8.489950712020950807e-02
8.798100566360893271e-02
5.852742591103408248e-02
3.325595052646791727e-02
4.280277396901456533e-02
-1.217353825427503478e-01
1.075358379298623109e-02
-7.889754497013110046e-02
5.216155857934706014e-02
-5.840009202381976627e-02
9.127002738142291072e-02
6.180993344758947683e-02
-1.400577387664649898e-01
-8.135506200230967905e-03
9.651756534420024777e-03
6.338752854454755836e-02
-1.346974822671765867e-02
-2.151067481843176900e-03
4.743191397593927994e-02
2.349910284001140506e-02
2.049635608790270624e-02
-3.555788283409171829e-02
1.069238375523073603e-01
7.145115431680412743e-02
-2.366862961289154660e-02
-2.367159589542998724e-02
-7.896367561016442993e-02
1.166249074868122571e-01
-7.134475901206069337e-02
1.768810414768532194e-02
-8.628445211242732893e-02
6.722903423537784917e-02
4.038438407686448933e-02
-5.325668070713340113e-02
4.258350186782317720e-02
-3.960563226359017919e-02
-1.529162673578719212e-01
-5.484823479247474126e-02
1.855937433604519515e-01
1.338258357066095805e-01
5.542354989480542844e-03
5.312222571024949325e-02
3.931896643140823933e-02
-2.656517200977810342e-02
1.193918640780736867e-01
-7.500404223238893442e-02
-3.223163728045846943e-02
1.520166436199242056e-02
-1.373406273620904339e-01
-1.734911777094054822e-02
2.154083515087593451e-02
7.119872969313206790e-02
-8.495567553883368039e-02
-6.656585103776398171e-02
-8.863234924311461094e-02
-8.944958818296955272e-02
-4.440699106241770278e-02
3.084837873543053166e-02
-1.114471058689112393e-01
5.961558478950981788e-02
-7.220183926039913658e-02
2.773576332621064192e-02
-2.312667313269511568e-02
1.066919004491747452e-02
5.472163161416507965e-02
-1.016412274180752418e-01
-4.059654403582644427e-02
-4.625056256017741341e-02
-8.545587165684728759e-02
-5.669547059211742235e-02
-6.436562821599906004e-02
-1.201690711595381350e-01
-1.213511042498735815e-01
1.150879095196614688e-01
-1.978140844989246389e-02
2.820885569016098882e-02
9.489482004234656154e-02
-1.132036665455401492e-01
-9.398328393400144642e-02
3.238560910929268871e-02
-1.762112123448754397e-01
4.920254964451210161e-02
2.819786298431616739e-02
-9.724217761344854105e-02
7.143957979496134980e-02
1.382845155217224571e-02
-1.332744988209958736e-01
3.654072612640095474e-02
8.579799852125438719e-02
-3.027464942666549183e-02
-6.640526496928536582e-02
2.304450579100373458e-02
-1.202606769084119537e-01
-2.622492254207611090e-02
-1.004862980817969875e-01
1.394052317547796460e-01
9.918696747240050848e-02
1.267617875480687162e-01
6.135726900401075080e-03
6.164661330348572554e-02
-1.722545452496383744e-01
-4.878446286640650970e-02
1.036248697580692685e-01
-4.734099010144316583e-02
-3.148192501933200216e-02
-1.513067413721942422e-01
-5.492262466214013067e-02
1.038706055957384772e-01
-9.828043350306422954e-02
-1.255026024141853505e-02
-4.151853349022913836e-02
4.803546417020331666e-02
1.785881029791995880e-02
1.088328994727229548e-01
-9.192084774611422593e-02
-7.346588143245873226e-02
4.839519817989768741e-02
1.437044749822860290e-01
-5.164575888255863723e-02
1.724199873502715169e-02
-7.234724530613972915e-02
1.709601127289685218e-02
-1.704274338097633290e-01
-1.968573158748415652e-02
1.288411490068715748e-01
1.949082661394919980e-01
-1.257520155060365963e-01
2.925321834998350495e-02
-5.083183523491441314e-02
-1.743371639988746391e-01
-2.422082317741920676e-02
1.682206665036420010e-02
8.412687822210886124e-02
1.869242063812354970e-01
-6.375422600336271006e-02
2.664466557115508505e-01
-1.169556485922882035e-02
-6.768791905926066499e-02
6.156349919096140710e-02
-1.183774389067110550e-01
8.486543865495427101e-04
-5.484730456621688538e-02
-5.409462582275392090e-02
-2.144525854665150014e-02
1.490734979766720203e-01
1.150274204367979086e-01
1.065234476118179785e-01
-1.059623400537227089e-01
-2.164900121582434209e-02
9.600066021286583762e-02
2.992761051518066234e-02
-1.630049783915695329e-03
1.081558431869928186e-02
3.959878501782810450e-02
-1.910745967216693486e-01
-1.660077364305546366e-01
5.665052688645333401e-02
4.622161349955678650e-02
1.228417042710776425e-01
5.129348522555554624e-02
4.759697816940802045e-02
1.405383500842962707e-01
1.505020811273920789e-01
-6.642479655877902081e-03
8.103217671145407364e-02
9.444516673096219062e-02
9.947114838005396975e-02
-2.596889221770467410e-02
1.768292720414022662e-02
5.370664037218128573e-02
1.439059019411554306e-02
