-2.184575847986506558e-01
7.232923805534233544e-04
-5.542781864942107617e-03
-2.794299207858125245e-01
1.960493987007097191e-02
1.870507571358150378e-01
2.794624329792100639e-02
1.339678911635223679e-01
1.405693644373779139e-01
-1.552250731817768070e-01
-1.373538155931642302e-01
4.061844160872891962e-02
4.238390432750299003e-02
-5.827836181293991752e-02
-1.600257398623852190e-01
-1.936930258572558405e-01
-2.108358517575388835e-01
-3.643695548500033299e-01
-1.321331580097312441e-01
-8.556197205624463398e-02
1.082084892381320190e-01
-2.705585605725355225e-01
8.556002184746520911e-02
-1.731697271004112859e-01
2.578984747350925866e-01
-5.379669723566398581e-02
-1.890543816402852073e-01
-2.915451040683383899e-01
1.785700381147473925e-01
-1.250337875739205296e-01
-6.434760261514310686e-02
-6.769156447576607505e-02
2.611796015835370910e-01
-8.609357030128184096e-02
1.540803774324014108e-01
-1.958756695660139324e-01
2.680193035638769317e-01
3.809190229786666437e-01
-4.324652510463644628e-01
1.590798946858539009e-01
2.094959653562940005e-01
-2.251927966151656413e-01
-4.866998209140132280e-03
2.737558403255910613e-02
1.302102496772322149e-01
3.046281245630230727e-01
1.828275366676833658e-01
3.225987281597367806e-01
-3.628875918034308867e-01
1.562530804566627726e-02
-1.046800469041977016e-01
-1.226516590657031752e-01
-1.435881045533645983e-01
-2.999926549011424637e-01
-8.772402602416615180e-02
-5.213212198460129981e-02
-4.980274284067638668e-02
-3.241769004923588660e-01
7.618348873720355574e-02
4.809555767602232551e-02
1.462223755895118715e-01
6.133268097677287145e-02
6.993349430343595574e-02
-2.329269870066240367e-01
-2.101855421098746124e-01
-1.052660945297953787e-01
8.496587899240296698e-03
-8.140854522203726240e-02
-7.342161448317078599e-03
3.138545968261687025e-02
3.529551365461611884e-02
-1.011839896711652642e-01
6.967950289852331558e-02
1.135763579266733381e-01
3.059882932877320272e-01
-2.892543102747808237e-01
7.294191597483056302e-03
1.721935410442464176e-02
1.430464303563844242e-01
1.046712966303302295e-01
1.761908977543808017e-03
-3.724425443023578475e-01
-1.984945997708593424e-01
3.146904299228967666e-02
-1.614277354133556996e-01
-2.766151215955627851e-01
1.196098805162268131e-01
-1.817211910953180076e-01
-2.613903866812658516e-01
3.778118098675949804e-02
-1.835250233829246180e-01
-5.599765366725243526e-02
4.227385744700175030e-01
3.276154966241193178e-02
-3.340782847297101010e-02
-3.676511132615014610e-01
-1.812628306236449549e-01
-5.886197386388953429e-02
2.251823506027189961e-02
-2.204047656068612582e-01
1.740088685938536717e-01
3.893061214268953713e-02
-6.208196571640767908e-02
5.173731536281069854e-01
-4.257717074994373241e-01
1.888171139696268874e-01
7.095539686208324204e-02
2.415569351180581886e-02
-7.196117464642417562e-03
5.339608142327653684e-02
6.415857437968452981e-02
-6.677575076544688126e-02
2.183406272151225958e-01
-4.305936553723584970e-01
1.119932916308547244e-01
4.209864741417226885e-02
-5.353109184121234571e-02
3.084915246663525457e-01
-2.939196528461839319e-01
1.636790374792096436e-02
-1.310139837974433896e-01
-6.600443957917616344e-02
2.094740940442538779e-01
-1.393199433508203466e-01
-3.625458462311507979e-02
3.253066457184173310e-01
-2.849224640518921992e-01
8.262824225980293369e-02
-2.716853407511416463e-01
-1.138261027129619518e-01
-1.083182855363686442e-01
-2.274701750711513593e-01
7.987380743088464546e-03
-6.937488401271274530e-02
-8.304022529124813201e-02
-2.125220384322031308e-01
-5.925365397287944980e-01
-3.092315296593315388e-01
-9.141772260170527575e-02
2.374278108928182807e-01
1.159946230926526267e-01
5.801057731021679043e-02
-4.932469986117777455e-02
-4.158906488367634657e-01
-1.700840417615699998e-02
1.961829970328843320e-01
-1.719123616412165101e-01
-7.528077667320268174e-02
2.461056804704619960e-01
5.635316334446147102e-02
-1.115765234771968518e-02
2.236450592725578324e-03
2.796117940098448162e-01
-1.314864641761378239e-01
-6.359752851429734122e-02
-2.065877032940930114e-01
7.763153491917511306e-02
-4.073428929570035301e-02
7.572835662345148156e-02
1.151138802503947484e-01
-1.010230902220573823e-01
8.226365207746948183e-02
-1.062456083714891173e-03
1.462617978300558841e-01
-8.124748721628753667e-02
3.027661788866448100e-02
1.255838536763997926e-01
1.492737034699778975e-01
8.752799097282141019e-03
5.904925113206825615e-02
-5.793241458470968497e-02
-1.022713917161470615e-01
-2.057276074175646008e-01
-3.876880888261671765e-02
9.073226832108342854e-02
5.212644151201296233e-02
-4.139288324318591422e-02
-1.858697467801974368e-01
1.445991824836997675e-01
2.971084289058783384e-02
-9.786561626841809580e-02
-4.709068969107974706e-02
5.364210564166747852e-02
-1.501656011718207617e-01
-1.205119079728594750e-01
-1.844768855371822780e-01
5.920017938304408117e-02
-1.726922742406081512e-01
1.717891237694615381e-01
1.129592033492994446e-01
1.122724840374933197e-01
3.082986110324733575e-01
1.276904324937433444e-02
2.641529659799956020e-01
2.702332437699995760e-01
6.070947501066416979e-02
-1.081183250669520007e-01
4.344384622372587240e-02
3.966512212149561969e-03
1.522904361523240990e-01
1.200876905090445153e-02
-1.635005862459232295e-01
-5.627420783568143348e-02
3.051844922467326082e-01
4.616424089802082659e-02
7.797106953846713595e-02
7.828643862248713114e-03
4.540279957810138683e-02
3.204626679767982322e-01
4.351670965891338977e-02
3.703703070692132560e-02
2.340115625987459758e-01
2.144507314209062876e-01
-5.094348436966201349e-02
2.098685233909284784e-02
-1.195767729749022124e-01
1.650269537100596540e-01
1.315903607982052692e-01
-5.179644928411381369e-03
-2.121914223393475962e-01
1.870753107929526149e-01
-1.057713818765340513e-01
2.374454762710761779e-01
-1.847004173349070799e-01
2.139682226192028136e-01
-6.837766267893025107e-02
-4.608905975996940158e-02
1.988696333992361620e-01
1.010611261375869152e-01
-3.525603761125709057e-02
1.877782684731444385e-01
4.151188454405160266e-01
4.845891039407190098e-02
7.007252244051963286e-02
2.299396447197667448e-01
1.577978789907407697e-01
-1.303324217593183898e-01
-3.962195925538843089e-02
1.166736923312366725e-01
-2.411600962427707662e-01
-2.142384682667569998e-02
-9.096817932470384338e-02
5.750954000414819356e-02
-1.288680227592230443e-01
1.279143433825970580e-02
-2.298496081162821059e-01
2.475964475937487697e-01
1.151583453148817826e-01
-1.684862565987502170e-01
8.742608590959750903e-02
4.040168430594099670e-03
-9.488465835783516794e-03
2.854707604610166871e-02
1.189499477726766175e-01
1.765773133344236967e-01
5.570041113537297361e-01
1.000000000000000000e+00
1.448602779490427706e-01
3.689273084641847555e-02
-3.459113238659817374e-02
5.367569227501144818e-02
-5.412097106241562511e-02
2.951022262440484469e-03
-1.907907932249909913e-02
1.313787035442055481e-02
2.305073796225340643e-01
-2.819334955136632015e-01
-6.839178258596752269e-02
1.998583677696198768e-01
7.995436143417708127e-03
-3.811218795779503649e-02
-5.587019541280398294e-02
-1.182630423373282336e-01
8.199245784628313161e-02
2.910142951845121617e-01
-4.477621269554102890e-01
-1.774357388526765777e-01
-9.300525471974466218e-02
6.493088101277380564e-02
-3.064796227061531986e-01
2.007002081481948919e-01
3.771259672750690850e-01
5.060662867345321753e-02
-2.658391119697862126e-01
-5.938053110951555663e-02
-5.490656071236546532e-02
6.792150546038301651e-02
1.161929848775820062e-01
-4.620979491773660741e-01
-2.056900437499463996e-01
-1.440127329530250799e-01
1.646001627421470048e-01
1.258319963561391752e-01
4.962724981124350121e-03
-1.054911809051036625e-01
6.016890101432939564e-02
-1.513798403625931377e-01
-2.051169303731520052e-02
2.556076547056044257e-01
3.322488261517778790e-02
-2.509152822175261255e-01
3.242421104322782965e-01
2.367378942120217378e-01
-8.560333633052197300e-02
6.477973698027912619e-02
1.353600919439918171e-01
-6.384229739743117749e-02
-3.434239958714740970e-02
3.441804327719892587e-02
4.060085132632126892e-02
-2.754774892217441429e-01
1.108618870733859701e-01
-4.060412246019207833e-02
-1.664461114024461674e-01
-2.308212100032582259e-01
1.488451552609202089e-01
-1.084748026240792002e-01
-2.784646123050364963e-01
3.023372527275009630e-02
6.451836850855617589e-02
2.827850175439551306e-01
4.045963253137800919e-01
-2.167829501356483834e-01
6.780368817279376625e-02
-5.216844343493561714e-02
1.564176403020405004e-01
-9.571599530922311749e-02
-1.842626024971827370e-01
2.187123083398972712e-01
1.085574490427484856e-01
-8.933767949489983262e-02
2.741887141464006694e-01
-9.444492838807144741e-02
-3.542427008684306267e-01
1.281162630910205047e-01
1.938776958761555258e-01
-2.704935761100621949e-01
-5.354273206668187096e-02
-1.813584284969639027e-01
1.576803215915741629e-01
2.516532161836841294e-02
-1.843499029527071453e-01
2.664211970100527349e-01
2.655550497447895508e-01
4.931554901320314710e-02
-1.076614619479854262e-01
-1.654233588356648632e-01
2.171480304368663961e-01
-1.832699924242896516e-01
4.116159309175344561e-01
-4.615922773207031815e-02
-1.303995640370598508e-01
1.868344176123122313e-01
-8.273790623732822647e-02
-5.911640994981310487e-02
-6.381889774375401614e-02
4.511276002388079909e-01
-1.804448918046349937e-01
2.333298729929096371e-01
-2.306910872746537333e-01
1.583738850753720895e-01
-1.244419305770533418e-01
-6.715633254570070598e-02
1.336945755247460031e-02
1.275678935827631866e-01
1.033163030502596835e-01
-1.386839252847925363e-01
2.790126219240284255e-01
-1.460304768886165963e-02
2.745718197151260087e-01
7.105461530247306201e-02
-1.637941274590911933e-01
-5.721710735659884389e-02
2.017882313018186657e-01
-1.742873992069926270e-01
1.766314998803358849e-02
-3.293871713788210087e-02
-2.275187006307201609e-01
-1.326472184442218372e-01
1.111238325468629912e-01
2.099854506507005947e-01
-1.131247568352306138e-01
1.402666859700767155e-02
1.597958802474836737e-01
3.579580543074290522e-01
-2.081317789124371431e-01
7.260997467906743497e-02
8.969676268603439181e-03
-3.031185283621067317e-01
-2.340419505321455484e-01
8.602870161951640948e-02
1.172630696465520178e-01
3.093795140615633599e-02
1.490154489064219601e-01
-5.730424925546549059e-02
3.568635482020327543e-01
7.348381612445648026e-02
-3.591543406646364178e-01
1.967188190826610894e-01
1.348215350772087873e-01
6.227819249996934675e-02
-4.310046555991697836e-02
-3.262847500432835418e-02
1.013753894123186755e-01
-3.591339094804417154e-01
-1.557854131467605874e-01
2.119571821698867584e-02
-1.445219973340379771e-01
-1.529241186444988410e-01
8.626208721940952992e-03
1.072489478284961023e-02
3.381862697792756278e-01
6.566050786522598277e-03
-7.783662509540430208e-02
5.838018408056271785e-02
4.141826315349486087e-01
1.827002989477697070e-01
1.380110100976780219e-01
-3.163703205288482395e-02
-1.775493192175530421e-01
-1.759376518874564699e-01
1.327692298785740632e-01
3.041368295555944568e-01
-1.963934471463561759e-01
5.879256741048523027e-01
9.525605060197404883e-02
-1.742393755533117594e-01
2.623141951450230769e-01
7.506228608422878257e-03
-8.530392852120750879e-02
-8.144548597417549177e-03
3.573726409084306277e-01
2.966971758241384594e-01
-2.162828623627043034e-02
-1.484272242636289763e-01
-5.921892528419975960e-03
-1.775863631083100802e-01
-1.416929629247654348e-03
1.908753870961729937e-01
2.703739296233173897e-02
8.154612980922945620e-02
2.017004128762870177e-02
-1.523744806830271137e-01
2.601015674990186377e-01
2.021175366413622068e-02
9.568792850073351564e-02
-1.898620273948475323e-01
-4.856997039253883874e-02
-2.240536931245869223e-01
1.828088233707299282e-01
8.456456250784369355e-02
1.137995904820717635e-01
-3.521423702092610353e-02
-7.150458881157416291e-02
1.497354377382565105e-01
1.838235646440857796e-01
9.415766879408432599e-02
-1.481809252320359822e-02
-8.737852347696277444e-02
1.061441563578779113e-01
1.656426991485346334e-01
5.081931106118756647e-01
-3.395590710385921335e-02
-8.545491399704442659e-02
-2.908354410949694213e-02
3.392666005596275264e-02
-7.706552969065243175e-02
2.238746849471641986e-01
-4.014391653356643580e-02
-2.929598169455983198e-02
-8.282850539360794850e-02
-4.252020943459965813e-02
1.818384458300803530e-01
1.335776862873666593e-01
-1.236910064680576543e-01
-1.005052637818113631e-01
-1.264998687193265858e-01
1.262682125093921859e-01
9.054177714389496923e-02
-2.543167435821933747e-02
8.968953400413427757e-02
-3.135138942297365228e-01
-2.640804052091964005e-01
-2.426803978692611274e-01
-2.470425123469748713e-02
-2.436180828916204577e-01
-7.186489615756442260e-03
-1.220235640792932952e-01
-1.785550978575527192e-01
1.282635183030484960e-01
8.193374530706343251e-02
3.011060782980076733e-01
-2.927523339706549974e-02
6.614307683804801496e-02
1.766077025987772275e-01
4.062376219206781380e-02
-3.507630536784148712e-01
1.128072402976012939e-01
9.173408779776617838e-02
1.011209664443524225e-01
-1.498250269987904670e-01
2.082758070974981002e-01
-1.638826325831149733e-02
2.611588908348113497e-02
-1.755130497237424592e-01
-6.025120422613269300e-01
1.229803428207366378e-01
4.204397569387820222e-03
2.682678956776431978e-01
-1.578595896574354340e-01
1.204695382714868375e-02
4.897175123526781998e-02
