-2.467246192755432124e-02
2.136668584254442504e-01
-6.177225703791481420e-02
5.078928210363611861e-02
-1.471286509483968157e-02
2.539023207663334003e-01
-1.855280653610956454e-02
-1.560905523640368497e-02
1.777524507534797016e-01
-7.805309470265944793e-02
-1.121000756827118250e-01
1.055014203616020801e-01
1.929903116744788316e-01
-1.361641643239394350e-01
-1.560631104188817952e-01
-1.264314266811861209e-01
-3.457197546315918246e-02
-1.230276028503878155e-01
-3.527783592583814271e-02
-6.021918596700456122e-02
6.232709918849135833e-02
2.407293543500642341e-01
-9.926754090610190318e-02
-2.049874159643978733e-01
2.180982947537795646e-01
-2.067886317324617307e-02
2.267559246614751778e-02
8.457365836546711091e-02
1.244598535814949239e-02
5.616495212623528327e-02
-6.885257091887678205e-02
8.875110807923829170e-02
1.131474113908422785e-01
-7.310798126549068743e-02
-1.088667350948457485e-01
-8.749015632915879692e-02
-5.348076540933405926e-02
1.616666393909670400e-03
9.847563789586136207e-02
-7.044786780316568886e-04
1.097271719079432328e-01
2.372122254926440077e-01
1.435562715464435216e-02
2.237751878573496570e-02
-4.422888271425884366e-02
5.569627063447848969e-02
4.404885587313527723e-02
1.739246736250317504e-01
3.097434522292012438e-01
-5.191326607284816458e-02
3.129083265926402985e-02
1.036811012417036548e-01
-1.554336334802604858e-01
2.148198805862844979e-02
-1.572473218829202601e-01
-7.412899047524693086e-02
2.500281512297674799e-02
5.631053532470792905e-02
1.210925275064937551e-01
7.496307470356496083e-02
2.697532987233446436e-02
9.443397730260136291e-02
7.436394429981407067e-03
4.355065843582296703e-02
-1.032303231720850534e-01
-8.911180423269031425e-02
4.133579568188341935e-02
-1.374562160384694941e-02
8.902057436527030521e-02
6.734910356625212202e-02
-2.170689509167579231e-02
-1.160125687296531538e-01
-2.283444489925067628e-02
-1.931692779665575566e-01
1.172078587610535065e-02
1.485394001721604407e-02
-4.083142217767642829e-02
1.709200276158887311e-01
-6.426284219995223417e-03
-1.028404045824522356e-01
-2.835241019108116628e-02
1.249629025877532773e-01
1.513711643839563414e-01
-6.105755676410599270e-02
-4.062799220528334060e-02
-1.510972328514326168e-01
-9.708976079564263229e-02
-2.146097902339924868e-01
1.118411613712120278e-01
-1.706237274147351379e-01
-9.614288030039619404e-02
-2.106181697230568028e-01
-4.838269889893159238e-03
7.737235733475235355e-02
-7.531942237878404278e-02
4.044052323459377402e-02
-1.007941713963247110e-01
9.267811738745027061e-02
1.381413577745249123e-02
1.352954766550538701e-01
6.426848431073819978e-02
-4.248417227875444374e-02
-1.014179718846987405e-01
-1.220888238991648667e-01
1.315817254243385227e-02
2.181947555642555214e-01
9.790158263743752032e-02
1.557900261216764726e-01
-5.756069376353118577e-02
9.158060922848351715e-02
7.793553053665874808e-02
1.560364734677737453e-01
9.620926423281264683e-02
-1.931491732506813719e-01
-2.305518007973208494e-01
8.495309603316986147e-02
-3.855992519662466977e-02
1.592614816612573370e-01
8.912075166887306610e-02
1.082173490612559075e-01
-2.933649789821986958e-02
-2.864771250209913536e-02
1.059667499221024350e-01
4.978465197352987398e-02
-1.739796505475508515e-01
-1.415390869361731196e-01
3.977925725451059852e-02
5.357972236608186251e-02
2.755198621603101652e-02
-1.202832187541168218e-01
-1.365906581405181563e-01
5.379400696553451877e-02
-4.160162641994984145e-02
1.154231231386155937e-01
8.248777204173768710e-03
2.472232392576328985e-02
-1.483163400760187725e-02
-4.400059841322253446e-02
-3.264807568521054665e-02
-1.015022958117573759e-01
1.364474979430431167e-01
-4.487627356117036836e-02
1.415573424821009278e-02
3.643644355835554821e-02
-9.785109779738156155e-02
-1.092412105856211818e-01
-2.199891950360237103e-01
3.139747953918943513e-02
1.511098693514440761e-01
-9.983534513366301363e-03
-2.320181959926172488e-01
-7.847774398732382251e-02
-1.025864362541933361e-01
1.151437107766989931e-01
-2.741680374373366841e-02
-6.879689095880917038e-02
3.727134699910092386e-02
-1.136157452638215520e-01
1.332860129737805099e-01
-1.443330219844327911e-01
-7.058432226565014697e-04
6.456216379726120724e-02
2.086278518531135134e-02
-8.487853170418753479e-02
1.202152295339977001e-01
1.620712732479141077e-02
-9.343302918568352489e-02
-5.498160559028077848e-02
5.464954996809505416e-02
-4.192181048906890722e-02
2.915763562698200917e-01
3.653914309468864197e-02
6.502011523021067330e-02
-1.825016267015120222e-02
2.030714910693886543e-01
1.085299572893508591e-01
1.582884734503440388e-02
-5.891830269450722135e-02
-7.613344626393636627e-02
-2.409755969320479807e-01
-1.491447348222028346e-01
1.619587156319771820e-02
9.199539128996545023e-02
-5.244128345140249003e-02
7.552263769439804264e-02
2.078392505528216527e-01
-2.644584375956087613e-02
1.460456132964901288e-01
-2.175873271049444391e-01
-2.029839238590318978e-02
-1.837312806327645945e-02
-5.987829262641431588e-02
-1.019134953649630977e-02
6.076231636243105416e-02
8.297870017939380782e-02
3.612737239616617413e-02
-1.333497874272313310e-01
1.033385119313442041e-01
-2.341961463871983784e-01
-6.229791332486780270e-02
7.966752352693723394e-02
-9.006693826972360373e-02
8.600173094091065340e-02
-4.390452959418133377e-02
-3.815904569782552214e-02
7.025707276508746935e-02
5.605808010327227586e-02
-1.111605401780772634e-01
3.472160448733741661e-02
-2.911880080122038542e-02
-1.272030048846827487e-02
-8.175559133564292216e-03
9.356500258138843173e-02
1.469506615353827206e-01
4.004194055161559331e-03
-2.611785788670846764e-01
6.869591843651222385e-02
-9.103235551510723000e-02
4.830645702733516594e-02
1.262644544178607164e-01
-4.052890288007681557e-02
-4.432507066762340041e-03
1.840080986864432722e-01
-1.273496575019071320e-01
-8.259433556421509615e-02
1.177929437482563846e-01
1.213382054462705355e-02
-1.279072788219249857e-01
-2.043554807952210894e-01
-1.240996338388110770e-01
1.849977291323179063e-01
7.318837404269668001e-02
8.947721240286093600e-03
5.788777388034605648e-02
-3.787594427223997529e-02
5.253260970826367782e-02
-7.081602414984500271e-02
-1.879107906047828569e-01
-4.835398611286035458e-02
4.949479155264394775e-03
2.171619283174022197e-01
-6.450246544099913493e-02
3.240296336171467895e-02
-5.538796726152545036e-02
-1.239169862831101532e-01
-1.177390921263634649e-01
1.917585183586715258e-01
-2.883596679865758211e-02
1.181289903371254557e-01
6.460567944445363975e-02
6.285724337261654193e-02
9.325725939126666697e-02
4.447616680946925305e-02
1.907514117115980679e-01
7.369453956698275299e-01
1.000000000000000000e+00
7.597540766428706460e-01
1.583848339600661403e-01
2.069675227485194002e-01
1.944266983581061370e-01
1.186539140644532198e-01
8.018991587843529723e-02
-5.450144662956415975e-02
2.618323694861416501e-02
6.912315052014406103e-02
-6.830204545270004979e-02
-5.167125863645682243e-02
1.017012323586346939e-01
7.115284348575885709e-02
-6.330623251874947788e-02
-9.555924696378938210e-02
-8.796261831611075499e-02
-1.175890084518412676e-01
1.510047355782886402e-01
4.976977685760374664e-02
1.185113605151920241e-01
2.117037788996587733e-01
-6.907336881199803262e-03
-1.221902686085448442e-01
-7.107029647368388880e-02
4.418315851974719476e-05
9.681024005910693342e-02
-2.737961281994247958e-03
-6.218279119573615760e-02
-8.157070698293415745e-02
-1.848261945776418294e-02
-9.456631030236818669e-02
9.019344777928822721e-02
2.654244533213523036e-02
1.084886233064852740e-01
2.054402622716076238e-02
-1.949237290592672686e-02
-2.888839540209435508e-02
-1.855969448077435247e-01
-2.994447243934789810e-02
1.397023683578071107e-01
-1.492165115881574078e-01
-2.290718507529598477e-02
1.380449932123740397e-01
-8.585868121083330140e-02
3.812778026663769804e-02
-9.276123086037275922e-02
-5.928788571785160999e-02
-5.401054846715384883e-02
5.405535342123780201e-02
-2.870389417137971660e-02
-5.888419827704739068e-02
7.481808030323606421e-04
2.923987385415584977e-02
1.937799852119040933e-01
-2.819035077405764728e-02
-1.843664280407595613e-01
-8.969809694915706344e-02
-1.870154738793039159e-02
-1.141793744592310422e-01
6.393341598259363878e-02
-5.520547170358789529e-02
2.911360224553726644e-02
-6.098232522056620114e-02
-3.344036432398691389e-03
-8.325509412771066320e-02
7.118948842220101936e-02
1.021505656878736873e-01
-1.017192912142077243e-01
-2.048069366603898558e-02
-4.591163218380010791e-02
1.902760009258617005e-02
-9.153455515492760208e-02
-4.730455807915070338e-02
2.551097348675416751e-02
-1.269127833380772064e-01
-3.855549786579610255e-02
-6.450856274981935264e-03
3.162890891474982868e-02
-8.092733662483593549e-02
1.342651427735265003e-02
-6.576981571469263377e-02
-3.067046504741415339e-02
1.084789446537299390e-01
1.508292078701087557e-01
7.138629682045483094e-02
-2.578186126894560851e-02
-6.145644460636620447e-03
7.749443817038252635e-02
-1.884209306476574697e-01
-4.976468306178390838e-02
-3.123272055493968302e-02
-2.998644755036571768e-02
3.793677288704316863e-02
-7.001305260533198516e-02
-2.548286989409894246e-02
-1.773972206731482329e-02
-6.436591062392371665e-02
2.197803082280773701e-01
-4.329044433117313490e-02
1.650124442943339542e-01
-8.696216067252793280e-02
1.422643814645525306e-01
2.593001160282728534e-01
8.040641871487853864e-02
-9.407740866963559823e-02
-4.819996423784521367e-02
1.172187956203597607e-02
-4.784445406125221317e-02
7.669592138615594079e-02
4.366028010615058408e-02
4.540328886445788720e-02
2.372853085086894520e-01
1.205979368445300182e-01
-1.160259961782384580e-02
1.985800228671345813e-01
-1.288841221131306891e-01
-4.641619291538157110e-02
-2.758047113467163372e-02
-9.355791225583762194e-02
1.232002050987376779e-01
-3.258991920822897764e-02
-8.872198621757659831e-02
1.039962648393614464e-01
-1.914152434624601801e-02
-3.107840382744392685e-02
-4.296167873084757310e-02
-9.974772158868874805e-02
6.163686695937216353e-02
-9.236458928752621159e-03
1.902652125728931595e-02
-7.428210723470529686e-02
1.133508562138158815e-01
-1.030124409403831848e-01
1.322279859563157273e-02
1.920056899558500105e-02
1.225248888276364405e-02
-9.523633724093234776e-02
-1.207280276136263597e-01
1.642508490126716458e-01
-3.027388645504582310e-01
4.815577450469911425e-02
3.390317726508966512e-02
1.486374886244627158e-01
3.055479005282760608e-04
4.124422390311379555e-02
2.714171948117916761e-02
-2.075311074863357350e-02
1.661937141048559496e-01
-2.461657874631014986e-01
-9.771777034320382194e-02
5.398642200434765510e-03
-1.670231957603086070e-01
-2.903164493842353214e-02
-9.414783917716407213e-02
-1.811204065802248242e-01
1.544147341328757361e-01
-2.059084447498419831e-02
-4.041831779960521759e-02
4.432601913287869538e-02
-1.902122404040858944e-02
1.629611857634998690e-02
1.070602109974066324e-02
1.484081072018242908e-01
9.846915574082111544e-02
-3.124072858430216870e-01
2.666498779089616078e-01
1.285957215571831569e-01
-4.447651861337793833e-02
-1.459187483680479958e-01
1.184938385983365650e-01
-2.080197185367613222e-01
6.555567758476628371e-02
-1.524878973956248635e-02
-4.907420513161869086e-02
-4.205293228508014819e-02
-1.385563936104388383e-01
5.669556715439084960e-02
1.159991714909924115e-01
1.607330515976412855e-01
-1.303604808365940552e-02
-1.279044377430874069e-01
-4.936751091301219696e-02
-9.220564264258986065e-02
3.648372712197230083e-02
-1.290517094182563329e-01
-2.448439963714771350e-02
2.626010707692249277e-05
-1.597198820371761030e-01
-1.146393589944687263e-01
-2.119111526008350954e-01
4.961750808302997640e-02
7.354732154485875591e-03
-1.293128524529519874e-01
1.066106882632384123e-01
1.816740384557495591e-01
-3.261297472072097192e-02
7.369827065628169194e-02
-1.110276047152810169e-01
2.104957436256609665e-02
-1.360556489183132878e-01
1.113464187114316800e-01
-1.698534020398276834e-01
4.864507727201907578e-02
-2.135036765500860911e-01
-1.137178951034753804e-01
-7.486979763278917011e-02
-1.390802502473242365e-02
-9.219307719518056443e-02
2.766940543469563474e-02
-1.332060064805813959e-01
1.028461852221874417e-01
-7.523629614795311615e-02
4.649519942582622939e-02
-6.251957034428369531e-02
-1.414228619780647234e-01
5.288565821857648536e-02
2.051471370250637291e-02
1.238848545807857415e-01
-1.477268940319186041e-01
-1.811195189164179278e-02
-2.359761772226955656e-01
5.986298685393062063e-02
-1.127804166948089132e-01
-1.329045020162634982e-01
1.415535828186794132e-01
-6.657605119460732745e-02
4.125399055172389307e-02
-2.594206130342100597e-02
-8.284246059372307736e-02
9.542399630418599288e-02
-1.663137890885182102e-01
4.875042360933475039e-02
2.180783599927720723e-02
1.278903685111450750e-01
-1.851255559486605085e-01
-3.187814230168460605e-02
-1.438054274623893070e-01
-3.373114072802113617e-02
-1.503506132603220358e-01
5.176781759904733847e-03
3.305023534774859800e-02
3.317081221976139749e-02
-1.795723891177148368e-01
-7.307531453792993903e-02
-1.364976041200546275e-01
-1.341006195133070400e-01
-2.263550246430618418e-01
8.089119357679758204e-02
-1.342213300968844447e-01
-3.585428314109916081e-02
-2.047668080790645551e-01
-1.422147663313046428e-01
1.230126102166367169e-01
-3.605902883620193747e-03
-7.655551274963326436e-02
-1.710184264823176037e-01
