-1.623123828971989114e-03
3.561014680028389695e-02
3.286784049821381976e-02
-2.377135105718566899e-01
1.084864928881115603e-01
1.894065081980631990e-02
-3.519117059904703498e-02
7.704989334066024431e-02
-1.437160479374902933e-01
2.676385193312725841e-01
-3.403372369047262813e-01
8.575586370453445323e-03
-2.366727164499265179e-01
-1.447275637203072618e-01
2.111314179459200246e-01
-1.434937608314544866e-01
-1.017123305613997636e-01
1.416550561007383635e-01
-1.992653588694322520e-01
2.122164764894269584e-01
-2.720546961729295443e-01
1.962355956126169421e-01
1.633910368425092741e-01
5.521715197750470686e-04
-2.004202325881289382e-01
2.747403364649432869e-02
-1.332615590293721175e-01
-2.797335180124381829e-02
1.606687561194556912e-01
6.251557216833152075e-02
-1.294140992222134190e-01
2.515365215533640897e-02
-4.258938506713564887e-01
-1.288662182322826422e-01
6.033185029252192966e-02
1.100574887128007995e-01
-1.184584094201636822e-01
7.484572959038070239e-02
-1.825734216355157091e-01
-7.880573316801210704e-02
-9.541093757666900196e-03
-1.524390588584640938e-01
-2.215271940718960622e-02
-4.119373826538233474e-01
2.138097763735524043e-02
9.720327284792765199e-02
3.454805284595594550e-01
-1.541097032580775184e-01
-2.652040424758524972e-01
1.102475267446922091e-01
-2.456704278952523413e-01
8.952423493164821111e-02
-9.969931496420419981e-02
1.889956067338125767e-01
-6.928762784063266511e-02
1.988233548644340043e-01
5.457232901630926919e-02
-2.197868748334755873e-01
-2.745617350233545140e-01
3.357841117728921354e-02
-3.267202450901819932e-01
1.642304650530568566e-01
1.285592150186916915e-01
-7.087257536699344274e-02
8.858494999845592521e-02
2.104978919628608738e-02
6.260347656828614549e-02
9.814207210308881213e-02
5.180086563789034100e-03
4.991547618818510668e-02
2.685526634484449726e-01
1.383748090367503958e-01
-2.652016961840077403e-01
-3.486254295541597187e-02
-4.349760164614474012e-01
-1.320270686726280340e-01
-3.509308768430656755e-01
-2.861675088298120673e-01
-1.883680239557736502e-01
3.720192505445858028e-02
-1.691023421964289175e-01
-1.578047843772940190e-02
1.447085882895659259e-01
3.904136888171453879e-01
-1.324532067470589880e-01
7.805221938808541704e-02
2.758576297957214263e-01
-2.613884456655089089e-02
3.175961769378671806e-01
-2.497274719931481257e-01
6.003366777607859611e-02
2.476777259376140294e-01
1.301529990097081702e-01
1.944675795473589097e-01
-1.932740959372019895e-01
4.009269817156389804e-02
4.627925313784424927e-02
-3.410998476405590479e-02
1.789140098909022536e-01
1.694599864163830738e-01
3.701992612167787633e-01
2.300677024954441152e-01
-4.853153825070828653e-02
1.792756498170194335e-01
4.460322232876465232e-02
2.875900106731543379e-02
8.854551692573653376e-02
9.555596531737740873e-02
1.510354610741171111e-01
-8.724658839360861784e-02
4.658374412809839979e-03
-6.208638456665641070e-02
-2.094119395386874749e-01
-4.963959310826293603e-02
1.493045317897211954e-01
-1.242106836731089875e-01
-1.199599433403992915e-01
-3.951580696318280489e-02
-1.027104560610143102e-01
4.412842543702726883e-01
5.002596060673399070e-02
1.994627984572419077e-01
-4.606683382545627425e-02
-1.312051809840968364e-01
-1.699777534244938659e-01
-2.681778256193502186e-01
1.132620421562538643e-01
5.427393835213296241e-02
7.146583395148101148e-02
1.064149772795216914e-01
1.566831796628553319e-01
1.024575817565500924e-01
-2.347586619597638868e-01
-1.332751007934505350e-01
-2.027460762291909968e-01
1.708165666015027950e-01
-1.410197406213884730e-01
6.773072553454521916e-02
-1.095698138154520412e-01
2.379105475971627498e-02
-4.467517259630377630e-02
7.811574618033693962e-02
4.261912793891058371e-01
-7.402189613796256173e-02
2.319881841337003148e-01
2.323806918403190369e-01
2.615424862292544117e-01
1.890639648749214974e-01
3.664528943028920183e-01
-2.052179646529930512e-01
5.826447856488568833e-02
-3.014313288547482705e-01
-3.944402026377802351e-01
-2.883013087021533694e-01
7.647894131354781785e-03
-9.126889836035989578e-02
1.062953725081586531e-01
-1.995057479159535463e-01
2.433912107351199339e-01
-2.223256140553089844e-01
3.934261969668511813e-03
-3.758103205096046100e-03
-3.108185078890963737e-01
-1.627595236717934574e-02
3.312146834706159587e-02
-6.049695260431404292e-02
-3.203877841063044740e-01
1.220068005049150112e-01
2.316556143989758065e-01
-1.157152832429073352e-01
2.419589432873256452e-01
-8.301946881814553647e-02
2.140014653003969036e-01
-1.415413833897899987e-01
4.267983298020702754e-02
8.724106627078705156e-02
5.339175942097144217e-02
9.716259088884789119e-02
1.312074609451513996e-01
-1.825512642702352417e-01
9.141405057926306477e-02
-9.190158060790662442e-02
-1.011613527870155738e-01
-9.484083141010750395e-02
1.128466588444408669e-02
2.136516325739541422e-01
-3.016992797322806327e-02
1.197960771992469114e-01
-2.290763660612759461e-02
2.286317011042893477e-01
3.952872097800189111e-02
-6.993792635064623175e-02
1.011478834572897695e-01
5.764629672174648861e-02
-1.344977209258028383e-01
-4.596201334665921123e-02
3.246332734886179794e-01
-4.082058757729530307e-01
1.466736055218242629e-01
8.033074577424118012e-02
-8.228707497094481238e-02
-1.704195714071275458e-01
-2.861491484326094126e-01
3.300973504215233556e-02
2.515263525328472749e-01
-2.772932362538099368e-02
1.121871705989731065e-02
-1.597854009905843309e-01
1.128536463936994638e-01
-1.863429299864533539e-01
3.751894728827537273e-02
-1.432446237764361252e-01
2.740245605215408387e-01
1.613561159789025368e-01
-1.196746151201430741e-01
7.876043741744322146e-02
-5.852433507803976587e-02
-2.457249921734259990e-01
-9.506905998620575338e-02
3.647344596860742638e-01
-1.486205803230838778e-02
2.853003884154417524e-01
-3.356902046130531558e-01
1.036030575921344926e-01
4.470232580315774418e-01
4.883220251806635881e-02
6.970817440966439738e-02
3.356756945446999207e-01
-3.070503676527002943e-02
5.878496772441385576e-03
-1.507654305446806155e-02
-2.257950035355516250e-01
-6.360456339328415809e-02
2.233956832102919066e-01
7.978099781264885726e-02
4.558488125220686582e-01
-2.655352871203106244e-02
-1.081886542327690770e-01
3.202466303910288525e-01
1.316527226251267835e-01
-5.230150638485501699e-03
-2.603651745631792025e-01
9.890995057405513324e-02
4.939997032185833303e-02
2.887751579472777608e-01
-1.364704141925150993e-01
1.875715449496397347e-01
2.459179218938127853e-01
8.431824586939749844e-02
-2.644860923662147867e-01
-5.237306930352517154e-02
1.787497874272263032e-01
-5.374491310139413447e-02
7.400946118901631510e-02
3.831610537898869073e-01
1.000000000000000000e+00
9.277358249026714798e-01
4.076152407563354285e-01
2.183300748383283293e-03
7.860174648623659277e-02
-1.442607691182378471e-01
5.207770909302452539e-02
1.811449542075866947e-01
4.744378319638290625e-02
-9.405423291334205627e-02
7.299918793469938050e-02
1.261744614286546828e-01
-1.030849502833061648e-01
-5.000345327680275065e-02
2.135191798642767647e-01
-1.734253954770491601e-01
-9.063684691383498693e-02
6.908861127286983206e-02
1.896355926715086182e-01
1.030437099575447352e-01
4.882481037177088812e-02
2.166016498372145271e-01
-8.792830928136423363e-03
2.592913584948171590e-01
-3.383653948391211752e-02
-1.117875887123751799e-01
-3.014063395195918371e-01
1.199198829819011006e-02
-6.873175522926809090e-03
-4.329463745680724174e-02
-1.677789194168109732e-01
6.576872934630233203e-02
-7.021656896609169973e-02
1.251238594859941100e-01
1.229643070701671309e-01
-6.025754762957562932e-02
-6.733366731545264994e-02
1.295540731793958789e-01
1.510797821625383952e-01
2.858673930109044692e-01
1.785375099317685899e-01
1.848514595010354936e-02
2.112159103473668087e-02
-3.362164075578617517e-01
-1.656798600334869753e-01
-9.458657911808576735e-02
2.359795442216393035e-01
-6.827426415972263907e-02
3.160839839958938524e-02
1.846958209396903638e-01
3.539663858836206711e-01
-2.626647228524368535e-02
2.460309607519394204e-01
-1.298144974688669184e-01
-4.890817697498477112e-02
-2.106954059742788543e-01
4.810491119216083605e-02
2.219437307384966029e-01
1.945850964835943164e-01
-5.211004357156508171e-02
-5.019701710430919672e-02
-2.052182329437493395e-03
9.622288330234181342e-02
2.119230182555070438e-02
-1.373127501133765693e-01
-3.420819537846774006e-02
1.221881975041380908e-01
1.045153347376204106e-01
-3.222017547430137269e-02
-1.097760237914126441e-01
1.152781545379028411e-01
-1.068073558849432780e-01
1.678066303494489195e-02
-4.412985876168388361e-02
1.225618527776751732e-01
-6.128964405201789423e-02
-2.823369147924866263e-01
-6.828137877570748804e-02
1.956900418409749098e-01
1.901244630039658837e-02
1.445563748154370665e-01
-2.796911475651667200e-01
-5.501877350614025469e-02
-1.601650040920317153e-01
-1.668124312639000240e-01
-1.368669333727924320e-01
2.424294718327555664e-01
-2.417077344189856869e-01
1.107016121735901332e-01
5.744057242380452150e-02
-3.660165481340956761e-01
-2.800596939595482726e-01
1.465000609154739897e-01
3.758267587039954005e-02
-6.193542006943057905e-03
-1.154994296428254325e-01
-1.012815883594253702e-01
2.327542650155578208e-01
-2.144299403475426191e-02
3.331978142513958990e-02
-6.365449811247306244e-02
-5.306044823654052639e-02
1.190903945358858934e-01
1.697939877537471831e-01
3.297203955564060873e-01
1.976536147548605404e-01
-1.381492833293184452e-01
-2.077730586256925152e-02
-1.796909553538986182e-01
5.086221620190993324e-03
3.678176801516206407e-01
3.439746680547671638e-03
1.411417640284436982e-02
1.195497466826756366e-01
6.099703371309484617e-02
-7.447919223891383278e-02
-3.012803203158558873e-01
-2.636049605315409772e-01
-2.153328576665604621e-01
-2.445134351060123112e-01
-9.500291572965913200e-02
-1.641456734593616795e-01
-3.696065641411905994e-02
-2.107043875619502016e-01
2.636880742276891954e-01
1.566328222903526357e-01
-8.718203993631065685e-02
-1.064558013098296646e-01
1.801639592018901975e-02
-1.218204366977521380e-01
-4.404893021255879698e-02
-6.333380505043098921e-03
-7.048588943886284486e-02
1.952344865717328334e-02
-3.363677127006332590e-01
-2.127395038575692343e-01
2.065056849971791675e-01
-3.504514488987554854e-02
-4.740623947500388624e-02
-1.468588976092294607e-01
-9.827867199981765722e-02
-1.835576838896173513e-01
4.536142538630803800e-02
-7.956494572876721127e-02
-7.775039478101833379e-03
-9.929018778262217737e-02
1.650809420636411597e-03
-2.531961867212076389e-01
1.204791479642567179e-02
-8.418147631692575808e-03
8.264952510831506671e-02
-3.569239692441990991e-02
1.107971798922780388e-01
-1.443061564672206039e-02
1.799251596872624426e-01
-8.534781668024397916e-03
8.095208742656359591e-02
-1.035558448151928518e-01
4.328882298465014573e-04
-1.689368396109768855e-01
-3.823480249456777114e-01
-5.067814220064546793e-03
-1.321912344694469721e-01
2.968201057200501869e-01
1.893964461534873855e-01
-1.633665995161742157e-01
-5.553972880663803069e-02
1.477047178724836263e-01
1.199307877446353920e-01
-1.045192298257900804e-01
2.068294119093752048e-01
-9.843584287221360252e-02
-1.187545422486413482e-01
-2.283058712337863658e-02
-7.934031233088660595e-02
-2.392654082224553169e-01
-8.962762075601826695e-02
-2.311792234300067972e-01
2.786406556501472842e-01
9.543889591199866684e-02
-1.999595501010217533e-02
-1.027630967006444712e-01
-1.946734459165166131e-01
1.958560428201662207e-01
-1.671755282241105811e-01
-1.153533154774953051e-01
-1.885351604876238096e-01
5.763882247716518858e-02
-1.151403505141463113e-01
2.119627411108520321e-01
-1.203034437327674538e-01
4.095071971405985639e-03
1.000994069430453381e-01
5.458832404807368449e-02
-2.272462055147258242e-01
9.836985895229230503e-02
-1.251423937437266265e-01
2.625403087671170366e-01
-1.798207567701434490e-03
-3.251020395403260710e-01
-1.729791751567446856e-01
3.474977318888449740e-01
1.296751470561693237e-02
1.911242475426428865e-04
-1.685879470956858778e-02
3.208314020855056181e-02
-2.618954444776647739e-01
3.537332750052647745e-02
-1.567371985443534455e-01
1.720471715340104180e-01
-2.332641987043642950e-01
2.395206661577423957e-01
9.372902658739880322e-02
-2.382357338323083107e-01
-2.972305359569605843e-01
2.795658501165251830e-01
2.315814529085561541e-02
-1.570025769260311177e-01
-1.754055566304823788e-01
3.286263044719148207e-02
-1.988263862167738080e-02
1.017829623057029120e-01
-7.257701433101575172e-02
-4.268510300417174136e-02
7.987137455388293450e-02
5.675947551586709577e-02
-1.080352994020194468e-01
2.263954264006295611e-02
2.979378232753195910e-01
3.402130113396600181e-02
-1.024328796156375454e-01
-1.866669535025409776e-01
6.710867033848660554e-03
1.428314436679606059e-01
-8.711789505873303308e-02
2.248268972037381075e-01
1.931478462060791934e-01
-7.050744143455035806e-02
-1.899210947522946558e-01
1.013258870681803120e-01
-2.093455247540317726e-02
-5.137441417475563377e-02
-4.940110282271727854e-02
-6.620988224069859762e-02
-4.179719710852858316e-02
1.500534063467174606e-01
-2.637715292870617123e-01
-6.656896772723804034e-02
-1.845558787718095395e-01
1.387023768681730773e-01
-1.377935912311240296e-01
-6.181053632779834328e-02
3.127333089214410361e-02
1.908112361039701055e-01
-2.825617690538208548e-01
-8.517165451913083496e-02
-1.107619321537471335e-01
