-1.893065204925112599e-01
-9.179697449572702533e-03
1.119577208136551955e-01
-1.422190023214751353e-01
-7.810863968701994842e-02
-4.653683143311875825e-01
-8.261407517245858423e-02
4.353341274607383515e-01
-2.165453569311233117e-01
-3.875254007528518285e-02
-2.162638497908167257e-01
-1.551267434456614913e-01
-3.071869793247579139e-01
-1.927542539939013921e-01
-1.504229936785682065e-01
-4.862899333621865106e-01
-2.781401697925960370e-01
-1.667992095588551743e-02
1.632387741468020459e-01
-5.940723782636352368e-01
2.831343818056726303e-01
-1.094325553148954022e-01
-1.091134063673702831e-01
-3.049548411064082476e-01
-4.779094760773609091e-02
7.343566834417079858e-02
4.404613817325031544e-01
-6.523520103625385369e-01
-1.028872910627623288e-01
4.111362132685310034e-01
7.854464045656481819e-01
-1.827429501633868192e-01
1.434153555285179460e-01
-2.552021581407754591e-01
4.175040343504830553e-01
7.467693928647062274e-01
1.517690735668567048e-02
2.874598090864756705e-01
1.909102681286089787e-01
-5.415444617032808550e-01
-3.559334819740916228e-02
-2.355956947004230265e-02
9.668587190639561790e-02
-2.627887227142918225e-01
1.400944615229977042e-01
-3.529982707388010232e-01
1.318873219573806488e-01
-2.406547340547523228e-01
2.701427872026783139e-01
-4.704735311433398959e-01
4.201872136350224829e-01
-1.478018445542415849e-01
6.219788268643578269e-03
-1.735660625081747455e-01
1.195444995281612771e-01
2.761837210015598634e-02
6.093726547017295214e-01
-1.335405177357401954e-02
2.300882639500066162e-01
2.292032441003652721e-01
1.174900960670689221e-01
-5.315299162015209994e-02
6.284729697390061265e-01
2.476503949611728872e-01
-2.590152522613077823e-01
-3.332653710494249411e-01
-9.303417211828823863e-02
1.888672137073870438e-01
-2.000426181773420631e-01
-8.107567700533080401e-02
-1.077536951646490687e-01
-1.542633327735978832e-01
-1.606786093213371236e-01
-2.100425729680138742e-01
-4.018687645272893232e-03
-6.192676545529594012e-01
4.436635596274410842e-01
-1.110945080744382835e-01
7.610866493703413727e-02
-2.125726974353942256e-01
2.256030389558855154e-01
-8.950192669837559595e-03
3.735364534228544642e-01
3.501290171817383889e-01
2.918782407040578300e-02
-1.037692401499385880e-01
5.382030022010649006e-02
-8.737268392159869279e-02
4.706401472099148720e-01
-3.433710026374721669e-01
1.039920956877166819e-01
1.472004666083933377e-01
4.944675685336017562e-02
-1.068057703936491631e-01
7.862831512568978221e-02
3.920759501808373515e-01
-1.900212091011549143e-01
9.500209582825761001e-02
3.922900829510600484e-01
9.416863186010439313e-02
-3.854106505668261629e-01
1.695248603052619540e-01
-3.687465012724492897e-01
2.216748234124335248e-01
2.553606304443789901e-02
6.287225279374718256e-02
-5.529119002460133325e-01
3.141709221582282829e-01
1.695438270023816862e-01
-1.735629917457096605e-01
-5.203269157296122049e-01
4.727476419337140467e-01
-1.153406287712175765e-01
2.982314118261052416e-01
3.412613873694239075e-01
-4.548507596163774980e-01
-9.747336071056619464e-03
-3.104257875708101855e-01
4.617060952346380143e-01
3.591301908114324232e-02
6.630665539493718619e-02
5.482041255203724539e-01
-4.104371513738613170e-02
4.172758326138729656e-01
1.079006064679170762e-01
3.181762482843569773e-01
-4.552796857769789707e-01
8.281232821622504237e-02
4.428360230432560329e-01
-1.075067590690129138e-01
1.451972499957093210e-01
1.750111013330897802e-01
5.066161407026872204e-02
3.047035884652036231e-01
-3.777855694250008556e-01
4.980537457637113780e-02
1.507692489166989891e-01
6.855735270256672897e-03
1.007432596420506921e-01
-1.962483540589709807e-01
-1.731094630910688659e-01
-3.935545936240637532e-01
2.035937144652852013e-02
4.008539358253895846e-01
-4.317995309559357064e-01
3.617546634139185424e-01
2.892141669921488023e-01
-4.016001085080955213e-01
-3.081139737353569830e-01
1.809639103287099260e-01
-2.472077708562247789e-01
7.159172551966265508e-02
-2.571542653510823229e-01
9.166025326528796924e-02
-4.315509613586886173e-02
-1.816870158986506056e-01
-2.488905172811546607e-01
-3.028630281762463294e-01
3.692931119014916663e-01
-1.256281729782265377e-01
1.581463643097076877e-01
3.402504027850307144e-01
-2.620054341384150942e-01
3.856659403969102673e-01
-2.307315756689360797e-03
5.497590027962243608e-01
-1.554904319885711539e-01
-2.112171640943497630e-01
-2.350408562159400916e-01
8.022046517568043322e-02
1.002671696026829207e-01
-6.239272494776778449e-02
-2.911332405279095092e-01
3.940903609413016762e-01
1.805877838438221250e-01
1.634390520917101408e-01
-2.159117608229196572e-01
3.984591432722464077e-01
-3.555498652116266534e-02
4.695636152237050998e-01
-3.026286849146783697e-01
4.764272928344884944e-02
5.222850100611937940e-02
1.326769069502777010e-01
-2.622181839423628341e-02
-1.775238739195612314e-01
7.620590856499716292e-02
1.954553090845196073e-01
3.251408391794848307e-01
-1.913811526420250986e-01
7.479170741325352756e-02
7.696914154159111010e-02
3.961848937979805529e-01
3.988231826511596245e-01
-7.464605810125958529e-02
8.251236010683700439e-02
5.051221318964416868e-02
3.502850495954015070e-02
-1.666553783879721751e-01
3.428636426650594760e-01
-1.027313203751728521e-01
3.540718666685709892e-01
-3.745443075074206263e-02
4.239932393552857393e-02
3.246073868496893167e-02
-5.619717343814581607e-03
-1.438386636010075340e-02
1.665160033180557997e-01
1.232769476273369025e-01
4.534788818726895876e-01
-2.784109292642609756e-01
6.894669377035232694e-02
-4.758312945160991098e-02
6.099228098932577002e-02
1.654645977510275368e-01
4.715980223344972688e-01
1.768958159762365479e-01
2.245697506567246801e-02
-1.099351704597049117e-01
-4.340874803634814927e-01
-1.840148031147619823e-01
4.808794574378888985e-03
-9.498159573882472562e-02
-4.081677539207782118e-02
-7.017072421179372521e-02
1.001592193579015633e-01
-2.266244223619054421e-01
1.612438176144194435e-01
6.610657339397023324e-02
1.000235184105568997e-01
-1.258329385689638813e-01
1.504638591513810242e-01
-1.356902353751423818e-01
5.040941834572067876e-03
-1.671036402787454134e-01
-4.480665206269054957e-02
1.574114652097188261e-01
1.156887702265429058e-01
-2.653419324915413657e-01
7.626243962327655668e-02
-7.973736083914230444e-02
-2.829306999710482634e-02
3.157791048378320586e-01
-2.540831048137186521e-01
3.470716750755369340e-01
-1.696733109676428208e-01
-3.068821316816860989e-01
2.335141559357253593e-01
2.394676255514738561e-01
3.025224822032275829e-01
5.125899960793888210e-01
1.144036045720438766e-01
-6.282524579597649483e-02
4.253160625369886150e-01
9.053255149187184880e-01
7.430967425302161811e-01
6.318444492217336617e-01
1.000000000000000000e+00
5.431661281862139035e-01
1.807034109948077449e-01
9.689427323659124958e-02
6.929053197453579616e-01
1.258231047243303646e-01
1.026535289863583222e-01
4.721423853967164977e-03
-3.425100906160632314e-02
2.590825471964272042e-01
8.956636757726914588e-01
7.414505379482212721e-02
1.006883232139449691e-01
1.246894585057440469e-01
3.231464065722167156e-01
3.354775109285135781e-01
-2.595830457748263820e-01
5.221375885636141412e-01
-1.213721793738682525e-01
1.270503406342620989e-01
2.326822273487908488e-01
-2.318226456913890510e-01
1.405400627362366761e-01
-5.003870837074039096e-02
2.384187075728412264e-01
8.016496034920761460e-01
5.319227499639072043e-01
-3.448241075877084283e-01
1.533519407216439867e-01
1.282943472399941665e-01
-3.896102087560124883e-01
-9.566713495867251726e-02
2.560909073841046713e-01
-4.791759115969251859e-02
-1.747497474240790327e-01
-4.506421732911382316e-02
-3.389636444892635825e-01
1.533653198086507713e-02
-1.003756457615396780e-01
1.396028263849788398e-01
-2.873795522842358952e-01
-1.753105657033728060e-01
1.913880894931365706e-01
-9.867583705381625936e-02
-4.031872533915644569e-02
-1.275173752671748539e-01
1.096067708416157416e-01
4.840924716352525137e-02
1.498488425101411059e-01
-4.674219386742693438e-01
2.187531048075178064e-01
-2.553851186099938553e-01
3.984260301627358114e-01
2.072080089535592584e-01
-3.911528622309036196e-01
8.885659015082619794e-02
3.259212711338584922e-01
3.841297200340533236e-01
1.267290256751480403e-02
6.578467418198281624e-01
-2.351786939157045342e-01
-1.606322017058065821e-01
-3.925541015154992430e-01
-3.235229997222526799e-01
1.992121455367171778e-01
7.297464053019066255e-02
2.936392780328158855e-02
-1.391532816370899817e-01
-1.072135520528600672e-01
4.405118123176757217e-01
2.648439215015377934e-01
2.098753697495306658e-01
1.126880666144378096e-02
3.132842712842053845e-01
3.866563272598299017e-01
5.722539418750803852e-01
8.255072178308350828e-02
-1.077009911320705726e-01
-2.710392237344726174e-02
2.850652124772736218e-01
1.306263715667372594e-01
1.743401960565948983e-01
2.046000358373703532e-01
2.052908418210579455e-01
-2.881586811954567895e-01
4.404447295346127222e-01
2.818093349704225460e-03
-1.694305527337387485e-01
-2.322633673709442181e-01
1.663234615283069318e-01
3.794521199348445395e-02
1.231062291561831612e-01
-2.122849895211748328e-01
2.142207159346026790e-01
7.571494583959470850e-03
2.176836073044878528e-01
9.881977789542517598e-02
2.537830003595475947e-03
-1.608761825188329561e-04
-4.709541862745957874e-01
2.852559091016513282e-01
4.893358998379476049e-02
-2.121559540239302266e-01
-1.222674593612446126e-01
-3.626482733139955728e-01
-2.482304142645855305e-01
1.404257386283761511e-01
1.413246725523147618e-01
2.940083400450149709e-01
4.474650541729331410e-01
-3.327996367908996334e-01
1.132254962041319285e-01
1.414783879896299168e-01
3.089391392401230618e-01
5.063108487610012975e-01
-2.092557853476649798e-01
6.595577382708545100e-02
-3.843963992760267567e-01
-2.854692054938693380e-01
1.141582631066090647e-01
-5.933915061833989341e-02
4.612920700027735993e-02
-6.222667160786454765e-01
8.775384284332718443e-02
1.935046598094279369e-01
-1.595774337892646721e-01
1.625303391563549457e-02
-4.712983313509044175e-02
9.013750049758958993e-02
1.982966550580232690e-01
1.259402426549809974e-02
-1.738370543179055538e-01
2.332830201316087038e-01
-7.911006114798663225e-02
3.950718089067152827e-01
-1.466782625294768549e-01
1.315957506232525165e-01
-1.801729468355898200e-01
4.102186452864000077e-01
1.587921842188720900e-01
4.462535593055382277e-01
3.813394652658228523e-01
-1.255045773339880932e-01
-5.668160348099252066e-02
-3.153033447685985591e-01
-2.703087755901479282e-03
-3.754681379897596427e-01
2.177926464514046145e-01
3.759322392349701558e-01
1.733117801563283933e-01
7.475529120318423482e-02
2.528008348435851760e-01
-2.819918168756451737e-01
-2.145811397600670412e-01
6.907446727629519556e-02
-1.295766946561311972e-01
-2.115572797964282159e-01
-6.030077532259199569e-02
-2.044670157536248034e-01
4.047679439605229856e-02
-3.971498417888562060e-01
2.757942112055462580e-01
-1.598998083913172885e-01
3.652045911698491298e-02
3.171136121753682091e-01
-5.035904186353605538e-02
6.220053200506153041e-02
1.289273601741006692e-01
-3.900921669303935024e-01
9.213236138686474452e-02
-2.153697132968321881e-01
1.648721242974383605e-01
1.626640053990308643e-01
-8.513508299552341452e-02
-1.660304295902259586e-01
-2.143686198170942359e-01
2.724198569042394213e-01
-2.076202802475326514e-01
-4.878427284769026873e-01
-3.037466082877763873e-01
-2.312813954803883965e-01
-1.342395012623368543e-02
9.231200055842056496e-02
8.641704386130882876e-02
6.782628280888637617e-02
-5.182545951684079666e-02
4.237389747123579409e-01
-3.255443857169695310e-01
-6.587502610216644516e-01
2.208053715161903963e-01
2.960803115169668431e-01
-1.069227551790716546e-01
-1.837447406574332920e-01
-4.471088257264727028e-01
-3.781074564961191542e-01
2.742765292577742930e-01
-5.418700226548719273e-02
4.247966766964341168e-01
6.718036725655913977e-02
-2.270907169397530789e-01
1.391173509690217802e-01
1.004422436823782794e-01
-5.086531269174206400e-03
8.191790479289046134e-02
5.364019519309803918e-01
3.508777165157854760e-01
-2.947691155204423211e-03
-1.383725580956677303e-01
2.482171816762581695e-01
9.337695116666629158e-02
-3.061574534143877632e-02
9.420851072052104092e-02
6.107852641339422267e-02
-1.819336193553871550e-01
-9.998117389469911992e-03
-3.412267772617803008e-01
-4.902305839368076984e-02
-1.823963784945271394e-01
-3.706114108515107808e-01
2.108604124025515725e-01
-4.446018458179165078e-01
-5.180343191264762392e-01
-1.100668666344837981e-01
5.657315123976466298e-01
-1.848303482360798555e-01
-2.561369432977901317e-01
-1.378389847908713384e-01
4.219864056338822750e-02
-3.649521186561959785e-01
1.329860691500124315e-01
4.582672642365737126e-01
-2.368582328831831396e-01
4.009567970531405789e-01
-3.631631122597935302e-01
5.818399353404858643e-02
2.047427530707909005e-01
-3.850725320113446842e-02
5.181527463187476368e-01
-1.202281545197200624e-01
1.326988487667273564e-01
-2.410373089380246289e-02
1.533768940516591628e-01
1.641916377004130623e-01
-3.494760280833412169e-01
8.302078879537563849e-02
-1.680637477988827511e-01
2.566728701647613131e-01
5.886908627478538991e-02
1.625980889641621685e-01
-3.966557935976362803e-02
-7.814742498760263167e-02
1.629906171117705693e-01
-2.227080979805423078e-01
2.799427010442064878e-01
-2.653360021968196453e-02
