-1.741672645392571273e-01
1.526700243194306084e-01
-1.422506816865543589e-01
-1.329081888668869893e-01
6.953937877000404555e-02
-1.821443433047262861e-01
-1.866211657018715941e-01
-5.612934281466849112e-02
-1.004200888796046992e-01
7.679531528377346594e-02
-2.230892252110144858e-01
1.240402190379146091e-01
8.239420398861263539e-02
-4.926002907928551944e-02
1.291149268207066048e-01
-1.493735014935450023e-01
-3.300386507700586169e-01
-1.993544074002346483e-02
7.000383990744006579e-02
2.597916440640880009e-01
-2.941866674597804626e-02
2.206817119834067475e-01
-1.658276969423796710e-01
-2.039632882412001913e-01
-5.910414280962054956e-02
-1.313909153914203376e-01
1.148019328283935575e-01
1.134225431522613015e-01
-2.291824605163142719e-03
1.156117140184060310e-01
1.463979718297170607e-01
6.626876605757870374e-03
-2.313963729557718674e-01
8.268040144353536874e-03
1.950076113735709285e-02
8.045919050540811801e-02
9.879976987771365085e-03
5.813099006447198375e-02
4.142327948691615358e-02
3.563155970317484211e-01
-2.333615719869482352e-01
-1.629678860225953207e-01
-1.558650753242610265e-01
-1.265163439809073587e-01
-8.441254353512553377e-02
4.494355402100985719e-02
7.325980779069252158e-02
-1.449824412579357215e-02
-1.836234709827380407e-01
1.019941362809150126e-01
-1.291115135370189126e-01
-2.064323150973684795e-02
-8.202545248651946230e-02
2.949505357766693536e-01
3.705606398954876257e-02
9.710114781166004350e-02
-1.694423091887360677e-01
9.130847281982437669e-02
-8.664583006708082014e-03
1.508080911599223028e-01
3.001068901582873427e-01
-1.570160426714294899e-01
-7.648025007953951349e-02
-6.217392277105436571e-02
2.283329192834931617e-02
-5.798333383902428556e-02
-2.390694162801884071e-01
-6.821566239763053596e-02
1.409112409273937661e-01
1.422004086724271976e-01
-1.264000613401436712e-01
-9.123768704350393444e-02
-3.871193914065211850e-01
8.358173414044992033e-02
-1.432272205439761581e-01
-1.142597116893773190e-01
1.211636012235296211e-01
1.927649081809994919e-02
4.343900788755229031e-02
-1.091268671147454516e-01
-2.834486833222564853e-02
-2.179925724996919223e-01
8.798866937085603190e-02
6.298408733482693984e-03
5.125343570963293571e-02
5.892808014104772285e-02
1.227536203098313489e-01
-5.001704659569000677e-02
-1.893274979790882939e-01
5.804872838284143993e-02
4.453375614846888375e-02
-2.996202458512595146e-01
-3.238868153410309758e-02
1.544764168755228262e-01
-8.815327109161608110e-02
9.489166029544188197e-02
-3.759649696656037349e-02
-1.440582772368708686e-01
-2.549554139315908172e-02
7.141233915577698162e-03
-9.984472727673560088e-02
5.245619882044266769e-02
-9.083326228918006673e-02
2.772153141934963899e-02
-6.461119036201727617e-02
5.976518843495097488e-02
-1.136408492851371799e-01
-1.229226634674437518e-01
-1.405453335996433668e-03
2.262981041799093374e-01
-2.043298656823579196e-01
2.564833015629176538e-01
3.271470201234762398e-01
-2.588628900983771380e-02
1.196955907233264310e-01
-1.383974344433314962e-01
1.187824718242993897e-02
-9.568748987819034046e-02
1.832440250618688760e-02
8.079977969401611060e-02
1.396217746980863428e-01
4.186457458732593950e-02
3.668513459486027473e-01
2.623953624008413393e-02
-9.343795697320060600e-02
9.960612260808726637e-02
6.475857527463504959e-02
1.519101664732016299e-01
2.225103479523035388e-01
-7.950268477129790456e-02
8.364719798463772504e-02
-2.661886503787657884e-02
-1.286012810654912630e-01
-8.943607063709561877e-02
2.410228318646375767e-01
1.544481580902820894e-01
-2.531952991065593642e-02
6.002919660154780457e-02
-2.001843786587267637e-01
-1.865531328407188105e-01
2.371940895097819635e-01
-2.620301019201809467e-01
-1.766178383264909446e-01
3.959344958095296213e-02
1.799096936883801123e-01
-1.530538398397908451e-01
-3.897999274688561475e-03
1.530887865799344938e-01
-1.371937124797277530e-01
8.610990214531784315e-02
1.697431274582208716e-01
2.214807378798714921e-01
-1.653701828587741673e-01
3.340894141825406227e-01
1.700233274365841596e-01
-2.871393160690282609e-01
-7.775032228300997328e-02
-3.187518725378363227e-01
6.938281565619641711e-02
-2.649229387177468587e-01
-1.624420218595525739e-02
1.878156188928989667e-01
1.593138375699324760e-01
-3.852220797024839133e-02
9.565476564142724736e-02
2.721198648777128914e-02
3.531081220345035337e-03
-1.813751682434166235e-01
-2.538114928655416103e-02
1.116867615314151158e-01
-1.003339374439691234e-01
-6.544953787870236295e-02
9.774799768829620095e-02
-8.008975146339523954e-02
-1.044219118157524440e-01
-2.379875573685955384e-02
-1.644593701012270204e-01
-1.169231491909140386e-01
-3.299683836047871965e-01
-1.207064639816674695e-01
9.606077338850758929e-02
-2.086079891659374172e-02
1.463951677284797137e-01
-1.979146911110818072e-02
1.024028585789000384e-02
-1.048148846794214051e-01
-8.266966994621860465e-02
-1.953509553827634596e-02
-8.347468404371984063e-02
1.573306836125139968e-02
-2.467281311555531431e-01
2.855721948636821272e-01
-4.792346172171812330e-02
2.948455965085264741e-03
-1.122417308703215905e-01
2.782517714727902880e-01
-1.702460025491824847e-01
5.705250607245176964e-02
4.384727711018052143e-02
-9.830645866840409530e-02
-2.321050682354503236e-01
-2.725103363838762838e-02
-3.938256832571412902e-01
-1.030615723954825397e-01
-2.368919505032571204e-01
-6.524398310249078514e-02
2.616409585673042382e-01
9.425113435389034441e-03
3.182447649438897158e-02
4.709180215990638185e-02
-4.484381286235630121e-02
-4.592934353675141163e-02
-1.050083453107442388e-01
1.465216177514158113e-01
-2.340867847340816210e-01
-3.261971267303501731e-01
2.066909172923445670e-01
2.638371217729948981e-01
-2.189453382731798223e-02
5.606006483037963978e-02
-4.059356652466283334e-03
9.443360358611732619e-02
2.231463881925334347e-01
-1.360500178420634976e-01
-9.071376837720276920e-02
8.358967729673023525e-03
-1.292995195358516147e-01
-1.121260814266338696e-01
2.445021565000390085e-01
-8.653143817888535316e-02
2.215128149831299340e-02
-1.022120714724017582e-01
1.078678880744579349e-01
5.685380968864707230e-01
7.112369815485233282e-01
5.047996036061446201e-01
-5.716745576227305614e-02
-9.855138035056623669e-02
6.313714953186580492e-02
1.180357297559713747e-01
-1.821188433350222624e-01
2.364853680798020483e-02
-1.486694283921623227e-01
2.244705085780943632e-01
2.014408583955694665e-01
1.945575690382524703e-01
-2.071769130315904150e-01
3.773350096746700411e-01
6.817905098360286902e-04
3.570638222458790700e-01
1.262996842407747844e-01
-1.066247145338565377e-01
4.700721471532177675e-01
5.006836779905229351e-01
4.671862936380251075e-01
5.343713569888305370e-01
8.953360007249365760e-01
1.000000000000000000e+00
4.949621656167806361e-01
2.921225749118863679e-01
8.024483436975005102e-02
-1.989822125164354416e-01
1.337401985121919046e-01
2.381659337317928171e-01
6.405304598046955566e-02
2.957356132226146017e-01
-1.494264640228677998e-01
-1.200618484091499349e-01
8.096407703013312751e-02
-6.470802463411504113e-02
-5.012394760030276439e-03
1.018277495549244072e-01
-1.592435763050301101e-01
2.154053663498226856e-01
-2.740261724006001209e-01
-5.611229941327890332e-03
1.409395902840357984e-01
2.004366667785832390e-01
1.564160720738554805e-02
-5.146689323568016949e-02
2.598991162882916539e-01
7.886068665822006107e-02
-2.561555981655445208e-02
-6.707096362148640134e-02
1.559785026777177064e-01
1.703483670676447514e-01
1.017388030751650019e-01
1.496880150149612065e-01
2.954763902628447236e-01
-1.632985066847308930e-01
-1.318212831125932794e-01
-3.240703519288785223e-02
-1.187513870469776578e-01
-1.081858054092544180e-01
-4.744894952232011492e-03
3.499214920928853806e-02
6.331634511412370658e-02
-2.497382985956206683e-02
-7.842185778944199548e-02
-1.755079190840869510e-02
2.371908434323942438e-02
-9.023797166945542528e-03
-1.169310460403806678e-01
-1.777888858169882763e-02
1.746695308609474973e-01
-8.032606158469739188e-02
2.271959545111602030e-01
-8.697648717621300762e-02
1.455082357193225873e-01
8.766820703374977874e-02
-1.138450470957363403e-01
1.637033508229185919e-01
1.757060531810951051e-02
-2.808618799814527334e-02
5.092471463878441712e-02
6.710538585021198765e-02
8.677639161164906953e-03
-1.814704195227579142e-01
-2.256957908923762357e-02
-4.765315421164846854e-01
-1.148997590250688400e-01
-1.964470612291794316e-01
-6.800430921895420089e-02
9.480406172413699539e-02
2.071242793147301531e-01
-2.498477529465122360e-01
7.378885543379533341e-02
1.031785290410964367e-02
3.285379250902502046e-01
8.551907249918914988e-02
-9.020606869406774808e-02
-6.276344979444399563e-02
2.154441453443535492e-01
6.779445201976629087e-02
-7.973610927708971174e-02
-8.706415820461822774e-02
-4.169614019901438096e-02
-2.623022873062322291e-01
3.849274029041435674e-02
4.749149747271918208e-03
-8.221468865100570178e-02
3.545852805229780802e-02
1.906850288202536006e-02
-1.840649468246208231e-01
-3.083479091110906400e-02
3.750982417628079268e-02
2.250261776708524786e-01
-4.347898671954817523e-02
-1.914384233162367555e-01
1.065927412370443611e-01
-2.422947733312065532e-01
3.889010199753185626e-01
1.093245191411213457e-01
7.700257079558688045e-02
-1.608465382807809305e-02
1.239615576831581828e-01
-2.260800525666556079e-02
4.760301159849942426e-02
1.971277468456824472e-02
8.864510777541757813e-02
8.106456739446533249e-03
8.386973316369998599e-03
-1.641533716688856892e-01
3.007289353987944655e-03
-9.631451138761355779e-02
9.087621456449264390e-02
-2.623477058131765682e-01
2.686103993602568241e-01
7.358586967453394079e-02
3.786468747106720018e-02
-1.286714033165176352e-01
-5.849215500208098523e-02
8.539010780210222473e-02
-2.120561971917857003e-01
6.669146313939361415e-02
-6.409707719364249323e-02
1.680064232131530111e-01
-3.206864969653507313e-01
-2.780108627864588122e-01
4.713241913535919370e-01
8.229712557508461757e-02
-3.080427970743394514e-02
2.714072606514242141e-03
-1.883791001641062501e-01
5.403597989130303272e-03
5.058894688556100222e-02
1.807154315543882117e-01
8.952637723921190449e-02
-4.500290876457133799e-02
-3.975061556366281390e-02
-8.576480496311141011e-02
3.050702091928153004e-01
2.952831303111716835e-02
-8.273916805729729373e-02
1.394366633718922832e-01
1.802458957829794761e-01
1.743871418641514404e-01
4.092704109531808713e-04
1.019758369649887975e-01
1.338342830258664740e-01
5.361331739717881129e-02
1.405187024051007538e-01
1.301488157028485582e-01
-2.072702556625015402e-01
8.287436865496940197e-02
-1.700800950488796925e-01
-1.444641672411058619e-01
-1.414674404319241907e-01
-2.766479815206531745e-01
8.817653991396075253e-02
-5.928254216625647444e-02
-2.580239911172098055e-01
-3.395395247805772510e-01
8.051460471023928755e-02
-1.881494023837734508e-01
1.403636769983341581e-01
1.779524657877056687e-02
3.153578251563086687e-01
-1.687763094276636122e-01
-3.017556651958155575e-02
-2.318394571379646732e-02
7.876384332899401264e-02
4.984112884139181576e-02
-1.037095709235140162e-01
1.415937581559063851e-01
3.105016889188534357e-01
1.637097461939313325e-01
-8.918118042847586469e-02
-3.451933661774276296e-01
-3.072198179724583422e-02
-1.750915732916321077e-01
1.658645903833720278e-02
1.508793733447368231e-02
-2.786255641238343794e-01
-1.925779297155923997e-01
-1.804874581229236885e-01
9.706888193094290185e-02
-7.339856577177387986e-02
1.963814759671749302e-02
-3.331966081570591487e-01
-4.185272142709339088e-02
-9.946622555108411076e-03
2.337365109471666869e-01
-6.801443131542596332e-02
3.647484098561683957e-02
-1.301724396945171669e-01
-9.552630418471295959e-02
2.058643835505752084e-01
-3.805987245124350937e-02
5.820928993634157111e-02
-3.420161864489052461e-01
-1.410299716855326069e-01
4.307126368074263439e-02
1.147356912742439200e-01
-1.351689925196846165e-01
1.866647511742749177e-01
-1.042928293758497577e-01
8.419246461093626843e-02
2.485654361848981531e-01
-2.806403155574199171e-01
-2.764899962174149212e-02
-4.480146976949407611e-02
-4.487834927577921684e-02
1.140066068873769045e-01
9.853786939821149171e-02
2.029556624826303335e-01
-2.298325681491787675e-01
-7.657064369493866984e-02
-3.283076340164739482e-02
-1.931322780712956821e-01
7.446462446420704095e-02
7.825556479161197010e-02
4.963465144092899656e-02
1.272953910969042701e-01
2.150075018187410508e-02
-1.329120220528872895e-02
-1.492103618659368081e-01
-1.375805341138142124e-01
-5.856168934171723794e-02
-2.335166223398499677e-02
4.032547287820514859e-01
1.818861366973534843e-01
3.531449394741828507e-01
-1.180196883574450017e-01
-1.251174153646782694e-01
2.000382052791015511e-02
-4.425345338480193152e-02
6.396084516903082634e-03
9.268992511580449734e-02
2.008564060061673318e-01
1.130745276841054053e-01
1.626915880121393987e-01
2.932548901159812704e-01
-3.450654486792419096e-02
-8.166440173360778321e-02
-4.464356780437501310e-02
-1.985198951117167487e-01
2.421982791540085167e-02
3.152119199327245436e-02
-2.666955001132776948e-01
-1.278962038256287181e-01
-1.015972523921955806e-01
9.097824121334929792e-02
-2.873896267584587563e-02
3.881938102851759109e-02
-2.285669895000215501e-02
-4.070013485862569724e-02
-2.363044404126407594e-01
2.317122434428004751e-01
1.515627570307515881e-01
1.095355194926799502e-01
1.115871322152083150e-01
