5.568505195369120170e-02
-1.074483658747770777e-02
6.396659563949235183e-01
-2.989085885197522163e-01
7.239015612470986460e-02
1.340323837130877604e-01
-4.290292555806680258e-02
-8.780955124180780946e-02
-5.537166468423640464e-02
8.998503272427216260e-02
9.332300378510542671e-02
7.565983965891741325e-02
-3.066108781232353975e-01
7.040212234874212646e-04
6.062322749955909723e-02
-1.314827913058741748e-01
-3.019947069733322151e-02
-5.003816678351465097e-02
1.228114531806249049e-01
8.448363614387130460e-02
-1.465673054545413856e-01
8.603112425856043743e-02
-2.366010107272800145e-01
-1.047848242377031891e-01
-8.321879606148485653e-02
3.348625878504323250e-01
-1.158996774505328536e-01
9.379475178786129963e-02
-2.273986313950998595e-01
-2.236777667093096666e-01
7.300893383559976801e-02
-1.449170691532067692e-02
-3.386148064710692296e-01
9.315824213899679546e-03
3.743490368136118129e-01
2.228355436721740079e-01
-1.401802659095035541e-01
-1.724764132614289229e-04
-2.497138536820319929e-02
2.060432570780096895e-01
-1.492481906318201233e-02
-1.564424680258305611e-01
1.591684598616367463e-01
7.673245751356660982e-02
-1.849567275921204512e-02
6.701939220337498060e-02
6.083143398877521174e-02
-1.771696070444511162e-01
-1.373755217528693229e-01
-3.993854164956681108e-02
-1.361471116589776376e-01
4.024717504527196982e-02
1.258434598677091454e-01
-5.328478561911868805e-02
1.458858703515196198e-01
1.436428767576775067e-01
6.844124335388032665e-02
-5.775485919193072692e-02
-2.012856003948831907e-01
-3.148172517471927584e-02
-7.880754239796093630e-02
1.365780784477477194e-01
-6.792557182030642404e-02
-2.186964833860809976e-01
-1.140889499426866183e-01
-3.783875042034551966e-02
-1.152043129470161908e-01
-9.945130616788218358e-02
2.802536939699634688e-01
-1.932791391788304669e-01
5.469885113668677273e-02
2.936788412657375669e-01
1.301416814260157769e-02
3.431576495227526835e-01
-3.113620384409033770e-01
7.425460720951339300e-02
1.559186623605389064e-03
6.418765536716460052e-02
-2.092426488116876371e-01
2.827488075540386392e-01
8.506304776771259415e-03
6.859375219109239974e-02
2.181970879854762124e-01
4.126177871432163552e-02
2.958475847696368510e-01
3.604485358235910986e-01
2.577423770270322323e-01
-3.444391335615003269e-02
1.969304170407799870e-01
-1.477279366018741102e-02
1.308855775134495358e-01
1.435232225258884498e-01
-8.309543529270886630e-02
-1.268823871943680071e-01
-5.764610271102164202e-02
-1.310144878498842591e-01
-8.876060108887134925e-02
9.325526019998410521e-02
1.299629908176705706e-01
3.315296326535588922e-01
-9.707153027410474330e-04
7.535490266086863897e-02
-1.896923516988614222e-01
-1.164356841534563841e-01
3.052220477759937448e-02
3.341926802787616169e-02
2.698814425019070984e-01
1.963796247361547231e-01
1.082118208508396212e-01
1.462422749002171285e-01
1.318105009119124593e-01
5.492065470715798425e-02
-2.318703164152782215e-01
2.906946157614035964e-01
5.978870962700053027e-02
-2.041504737877783970e-01
3.355900567663176043e-02
-7.699647243154433829e-02
7.520589887769868476e-02
8.880657937111149924e-02
-6.202234638026260516e-02
-2.199057971005294876e-01
2.290217292946718775e-01
-3.383780561541607224e-01
-2.567035302782738060e-01
-1.492591031590621287e-01
6.674726947256155729e-02
8.776796430413344452e-02
3.941024239142457142e-01
-1.952557307840221412e-01
-6.637855173950274988e-03
-2.543809733787839519e-02
-5.986155968378321229e-02
-3.701192688812318110e-01
-4.028326268475823646e-02
-1.198758897899371637e-02
8.933054014089615580e-02
-1.371210093211841334e-02
9.340164532916511719e-02
1.134651060983446480e-01
-2.143360928244036623e-01
-6.093282787323944794e-02
7.857023820827592486e-02
-5.451794958676002556e-02
-1.155048834287281459e-02
3.863013490504969560e-01
-2.901418996512346582e-01
2.980196721828642925e-01
-2.804376170412506974e-01
6.793972287282379341e-02
1.685152704170612137e-01
-1.272737008918738699e-01
-1.414212053707299965e-01
1.045901040529737952e-01
-8.459780121680281206e-02
-1.030731639413951378e-01
-1.391036192283854889e-01
7.523194485796073916e-02
-3.737086750151898396e-01
-4.521646726540073588e-03
1.620508383557080490e-01
2.914420318872242843e-01
-1.483381480797595353e-01
3.471805707704292976e-01
-1.940200084616527654e-01
-8.818837570211900123e-02
-3.475515537606465449e-02
-2.978589345182210413e-01
-8.037900157237996834e-02
9.424585247110538189e-02
-1.089292729467301879e-01
-1.233552455164640821e-01
4.282854452227796010e-02
4.932828869829674473e-02
1.253290272225490443e-01
-1.134443724252743799e-02
4.180451357407836965e-02
-1.322881006027097350e-01
1.086121590696857292e-01
2.346211255807381657e-01
-1.640095925404946309e-01
-4.625604464023456985e-02
3.360537924310086355e-01
-2.362620147868479265e-02
-1.530481187485137687e-02
2.578281293166463373e-01
-2.583791613691572165e-03
-5.366317133609373353e-03
-1.087570433202211528e-01
1.450205079341328369e-02
-1.074474133665009185e-01
3.099726088295923776e-01
6.021789379390003749e-02
-1.715292180317070925e-01
-4.455141462113157425e-02
3.057330970057852565e-02
-2.121094761105411786e-01
3.476889603839445342e-01
1.729465873284416477e-01
6.301766242474053648e-02
-8.655235549910202109e-02
1.363925137302153812e-01
1.240434490049448779e-01
-1.998417923898347659e-01
2.861800042777100095e-01
-5.614214530061299030e-02
2.662390380463093842e-01
4.598453638799197135e-02
7.241215331744062234e-02
-2.987050192423082451e-02
1.862571120729218307e-02
-2.247518390110843714e-02
-9.484572504766984602e-02
-2.020595860653018605e-01
-2.263131616755972020e-01
-1.375260966452071243e-01
1.837586185939056038e-01
-1.793134367258183634e-02
1.814403232206967392e-02
4.892271317150514998e-02
-4.219801276082634639e-02
2.585292492326345375e-03
-8.248455388196272720e-02
2.803209139907272274e-01
-1.105243004230478249e-01
3.979779931643172008e-01
1.480028242233466518e-01
-1.059695221054427761e-01
1.508324258397747419e-01
-7.685369299385405584e-02
1.157903670968256221e-01
1.988340277528723998e-01
9.124307452884339309e-02
-1.330840229585722456e-01
2.022061787706196101e-02
5.141119944425414506e-02
3.715346801274808930e-02
1.753860234296228116e-01
2.159691016453798851e-01
2.703131446853253572e-01
-4.876272072325274487e-02
8.697522471285272505e-02
-1.393243550849471435e-01
1.960055944877916734e-01
-1.906509957256860566e-01
1.484498759110334243e-01
-6.239472484306082117e-02
-1.247810246479312546e-01
4.911617060178901425e-04
3.309827281997553827e-01
-3.463211689677057198e-02
9.493311919154424905e-02
-1.144959354339105118e-01
-1.513211850636361211e-01
-6.598016265783690493e-02
7.130538812172743102e-01
1.000000000000000000e+00
6.100366012073594746e-01
7.644168170736578838e-02
3.555543908568344763e-02
-1.627813032531399973e-01
3.505883805060261427e-01
1.383224322047432453e-01
-6.558367195163568308e-02
-2.750939464369298038e-01
-1.685904810741454402e-02
-8.828395802868191367e-02
7.002150560563231985e-02
3.303971273837704725e-01
-2.129431316886686021e-02
2.966893949096214844e-01
6.700758809136864169e-02
-2.297270144428388838e-01
1.450641841747260519e-01
1.013236436215357306e-01
4.430945740317154130e-02
-8.756363714256231714e-04
-6.227569502111474781e-02
1.133992157817114016e-01
-9.276944161304942482e-02
-1.246405051731155206e-02
5.006579411073924790e-02
-1.765702679635379468e-01
-2.310144257598318596e-01
-8.072652257537353548e-02
-2.644629513956597150e-02
-1.052448080505559852e-01
-9.973710644830006966e-02
2.618036521783307924e-01
-1.890163087472487846e-02
6.410722126996218351e-02
-1.082333645017199281e-01
2.846761641534865592e-02
-2.843054143181646815e-02
9.330858101911011782e-02
9.169794204832457107e-02
-1.848535253158043179e-01
2.981158788684604415e-03
-2.325484779380014577e-01
-2.756624652867167846e-01
2.565956868758474674e-02
-6.693471755896415742e-02
2.041445214622991944e-01
-1.317554577701551821e-01
-3.158903274742013711e-01
6.273560881147129120e-02
1.308754251869864160e-01
-4.809618199870104721e-02
-2.148291967533388219e-02
1.512042605691161501e-01
5.693336435874065543e-02
-8.007078096425317149e-02
-9.611534931222494305e-02
1.577876584246036551e-02
1.214537603008970096e-01
-5.305123703877192122e-04
3.426275012252485291e-02
4.032158648798716410e-02
8.203013990435363556e-02
-7.156606250010753845e-02
2.029592191457682548e-01
1.999040269535434511e-01
-4.516337318703072534e-01
6.288463276374049726e-02
3.062156868127349219e-01
3.866313048611119130e-01
-1.824450905515365151e-01
8.406331204117495001e-03
-5.335921681483790646e-02
-1.633240817634319317e-02
-1.744992656955430751e-02
-2.516974497944906575e-01
6.682579021007338527e-02
-4.610246808911294680e-02
-4.990024185702263138e-02
2.107306423377534599e-01
3.020239201860651090e-01
2.901911817126196502e-01
-2.051143752916693985e-01
4.392527462033016944e-02
-3.715899720327076744e-02
-1.073482049712896208e-01
7.521879108077224318e-02
-1.091133268543339890e-01
-1.119074552113717008e-01
3.277029929765549743e-01
6.143744071922384309e-02
-3.554851937720995142e-02
-2.233653392732483020e-02
3.920029350134222601e-01
-1.264096721151620195e-01
1.638026453168283658e-01
-8.976940313131345772e-02
-8.383819797418091968e-02
-2.405613649824679123e-01
-2.410175216598226811e-01
1.052945132469083334e-01
4.928977385798687799e-02
7.440627019289682009e-02
-1.892479621076620031e-02
1.358418021019763278e-01
2.878527265987624872e-01
1.060848356671557635e-01
1.881654608422394237e-01
-1.595636108339387460e-01
-2.192058396599619319e-01
-1.526150020399436036e-01
-1.704696129786100744e-01
-4.665938410178005480e-02
-1.605970892303983100e-01
8.595375211938116600e-02
-2.997862139616239152e-01
2.756238398776753584e-01
-3.297636343017227301e-01
-3.480939615623162009e-01
-2.693549534777658350e-01
-6.168521931679547127e-02
-1.785914812603512161e-02
1.584924909616612296e-02
3.948638369827708189e-02
-5.744736363111713207e-02
1.152785701704213926e-02
2.768696309537289207e-02
-3.670662753123069000e-02
1.998773767325376649e-01
-1.822192984928165393e-01
-6.169847393946940178e-02
-1.799118245467842825e-01
1.043656416983735485e-01
1.058993715870720359e-01
-1.349327617034116467e-01
1.570373855522338713e-01
-9.792700335028600711e-02
5.505275804599080863e-02
5.984688516537242653e-02
-6.376178470267770959e-02
1.204170559053616488e-02
2.871133650215363861e-02
6.570913804783777568e-02
-7.045380158396277737e-02
-8.833741961542904142e-02
-1.158829809694272850e-02
-1.039157190897229688e-01
9.646163194137487296e-02
2.962324399462397308e-03
-5.984167754171389186e-02
-1.617704462512389862e-01
1.866533050113259873e-01
2.568642278127553635e-01
-3.023149475366229688e-01
-6.446043260822478804e-02
-2.421151177808028021e-01
-1.996098604370702325e-04
1.069605477493260903e-01
-5.081267601829088376e-02
-3.916786695380655714e-01
-3.289358472742344441e-02
-9.179323197776176335e-02
-2.032920276739319521e-02
4.160889716754233997e-02
4.234662235911091921e-01
-1.544921436368282275e-01
2.390724454407250066e-01
1.111301159083678963e-01
-3.904905096426978389e-02
-2.582546267727556244e-02
-8.174898220635766488e-02
1.418688515759251589e-01
-2.544703062141151495e-01
-9.028220416000798387e-02
2.386197736483130494e-01
-2.301616976998680508e-01
1.586109196471634786e-01
-1.497613285182893827e-01
-3.457780904011038131e-02
-2.128319645419070663e-03
4.378046080836462545e-02
-8.244505448439460107e-03
1.518535965209112382e-01
-1.147890479428060745e-01
-2.964467119217628621e-01
1.197898208880890658e-01
3.927408808335278168e-02
1.512320188422191791e-01
-1.109145262375448721e-01
-5.976311936233150678e-03
1.044964556712743298e-01
-4.749855521063964942e-02
-7.757095363657925957e-02
1.581718449360066392e-01
1.048531623403436974e-01
3.100688964504428324e-01
7.184790242706114681e-03
1.183131181474775390e-01
-2.061174565919485224e-01
-2.000644216450353785e-01
1.110968182069367038e-01
1.351168464340154196e-01
4.023680127484478147e-02
-1.054636704695195160e-01
-9.533223827498057967e-02
-3.103190518808817133e-01
-1.141825378170883420e-01
2.850210301007398139e-01
4.094590383524204097e-02
-1.228575748202159063e-02
-2.586582454972609635e-01
2.571596368941947985e-01
-7.656481037826617930e-02
-4.077370389304159348e-02
-1.365413660918959327e-01
-7.670918109421276387e-02
5.551890611310996565e-02
-1.333673253915598489e-01
3.136341300417477274e-01
-1.703296964962848145e-02
1.023681811216476112e-01
7.720192704875120798e-03
8.298415107202411489e-02
-2.984915179068578419e-03
-6.803406610295772983e-02
-7.953032229991505164e-02
1.983191721808033603e-01
3.933925335270524459e-02
1.214952969690791251e-01
2.126667450276209237e-01
-1.686757457849501207e-01
5.328288228918597741e-02
5.086004471999611143e-02
8.441760505962775385e-02
2.024960323992452127e-01
-1.334619610188086947e-01
9.137417066105359142e-02
-1.565937074581622290e-01
-2.318127451176608678e-01
2.673086546582592038e-01
2.635456894017200180e-01
6.241846473555889840e-02
1.338650896902476017e-01
-2.281818829919069203e-01
7.139392399584859605e-02
-4.509060388060009972e-02
1.923810174228627601e-01
1.193607173975865521e-01
3.882177891861044589e-02
-5.737518825366966224e-02
2.311895263072938911e-01
9.441163630813824426e-02
1.265710547748210846e-01
1.315044159396631940e-01
-6.183150360049104871e-02
1.871443307073382134e-01
