-2.117835744270532908e-02
-2.167132203624307363e-01
8.059360201623008702e-02
1.448695060746364727e-02
-2.989813932812991903e-01
-1.375455584290765088e-01
-1.991422666270075414e-01
-1.552206209714054042e-01
-1.385733937813507233e-01
-8.091738592132237395e-02
-1.639388810278515352e-01
-2.739466017830861563e-02
1.728921367101129702e-01
2.539568974263631818e-01
-3.010030541283119088e-01
1.815898251526525398e-01
8.858714053640963371e-02
-2.579643468604279066e-01
1.329263538002166123e-01
-4.847530839981961659e-02
2.677712301386306892e-01
2.764826654033211706e-02
-1.029424971503497058e-02
2.221041609648223836e-01
1.375179916831054394e-01
1.251625001749079313e-01
-2.140360412614065733e-01
-1.219162950328627759e-01
-3.604132246843594900e-01
-4.936781460830491075e-01
2.701061130734943583e-01
-6.361095543536485208e-02
-1.380625357784471541e-01
8.550006779446737981e-02
2.328640616985768741e-01
2.669272373876362958e-01
1.580732784475955000e-01
5.815739290047655663e-02
8.623799086087678700e-02
1.812518729820691565e-01
3.325633455242532066e-01
2.539460485060645797e-02
-6.163572866555417501e-02
2.383709236624503014e-01
1.657601364666287103e-01
1.126924365177796178e-01
2.511081304003902614e-01
-8.041021296031020116e-02
-2.574144248640670152e-01
-1.667059533817900618e-01
2.888068133769509105e-01
-3.918334311813002901e-02
-4.004714023217825769e-01
1.134558669773217399e-01
-7.205689991834403341e-02
-1.117526865451498708e+00
-6.940541260840024096e-01
-2.797507653363006871e-02
-1.914903653192836785e-01
4.771555680086652651e-01
2.022807817523325849e-02
-1.532786267486919984e-01
-1.941050522681307122e-01
-1.093382520001289909e-01
-3.176077163511431545e-02
-4.186358555859555075e-01
7.284396394493176941e-02
1.837807067900940616e-01
-5.388786594512676859e-02
1.853112527510506480e-01
-3.232335456460880968e-02
-4.260284046779953815e-02
-3.470615245635066404e-01
-2.022541878083777556e-01
-3.856849466505439528e-02
-1.064852593352935417e-01
-2.581274323209736821e-01
1.609069502358400905e-01
2.951194997655143260e-01
3.428147713730209656e-01
-8.247152958439118997e-02
2.903896248615077114e-01
4.604260543629462021e-01
-1.232707235465041601e-01
-1.041895587505827503e-01
2.042745154263126139e-01
-1.306083887424714374e-01
4.988988181267370314e-02
-1.796996543317272155e-01
3.791838742753871894e-01
1.707532326961265223e-01
1.648281616127473745e-02
1.165895593232553901e-01
-4.692572946237917597e-02
-1.417180740829027952e-01
-8.039070655691092637e-02
1.294988945831343496e-01
-1.753790812850087033e-01
4.545079296641243993e-01
-1.029064127535903872e-01
-2.977151850429998747e-01
-3.188246706293532129e-01
-9.585521151502564285e-02
1.676892504849546855e-02
-1.209036732750504994e-01
-8.908012924853381254e-02
-5.105924829284194666e-02
5.208530051455747545e-01
4.363588417768144573e-02
1.520977829026310957e-01
2.012247825135775048e-01
3.003088628159773510e-01
-4.894135747884428844e-01
-1.933544010984938610e-01
-1.515712197742938999e-02
1.452049168721943895e-01
2.739243128205876010e-02
-2.579798820994232134e-02
-8.690381823524635785e-02
-3.728932110865608163e-01
1.884651616407662100e-01
-2.895700896148260539e-01
1.442110913774368175e-01
-2.269456644213544427e-01
-2.895548088502702955e-01
9.613053785497281678e-02
-1.581869862345338107e-01
2.790712484803686277e-01
6.651927557692047244e-02
-3.258066014156261181e-01
1.534217170572547972e-01
-2.062198549424419936e-01
1.782689762171073833e-01
1.810898015453718812e-01
2.577626889370917412e-02
9.550992512561191916e-02
8.283740813095750999e-02
-1.476418447012762536e-01
-1.015623804119374363e-01
-3.093078378752852631e-01
3.386496258029774720e-01
3.660757195332337566e-01
4.404420385191238907e-01
-3.091408818460206209e-01
-1.009489010529111414e-01
-7.587493189973451568e-02
1.619435919360021348e-01
-3.095280080593658042e-02
-2.070263895074765381e-01
-1.487465573031113431e-01
1.874010004831523635e-01
-6.676312417741428473e-02
4.345547120628237003e-01
-2.677022806690674411e-02
1.545870792903022706e-01
-2.066907532847542805e-01
5.829992273055078361e-02
1.225827859207862525e-01
-1.118541721781370901e-01
-5.739909906865633266e-02
3.206060495610298933e-01
-4.324539245267351451e-01
2.327149550785551912e-01
-1.840730175155820825e-01
4.195929177134104515e-01
9.615879764208285982e-03
-3.901856627319942317e-01
3.991242614001427880e-01
-4.169317448389739389e-01
1.339545602060695229e-01
2.812768333046336208e-02
8.685138205238791473e-03
-5.016060690036859560e-02
6.747457767519185468e-02
2.184163671563377901e-02
-1.563999972482388590e-01
-1.886379342488407607e-02
-1.615678930176804307e-01
-1.114591370614990973e-01
-2.208960138314927935e-01
-1.966299483374000512e-01
-6.883972156603199166e-02
1.016569062222264647e-01
-1.500426009467045185e-01
-3.199835122730412124e-02
-8.578191517789217346e-02
-2.836382227888902263e-01
-2.647002307933318255e-01
-1.050233760596209209e-01
-6.797402482052987416e-02
1.647574996099588837e-02
4.413802173319129052e-01
-8.086474934416251759e-02
4.422767123199365935e-01
2.093942017676431455e-01
2.508716831887825571e-01
2.205377786088194292e-01
-2.646663392925488467e-01
-1.428689168784169350e-01
4.735700774669779345e-01
-3.000106539284202664e-02
-2.551329960341069264e-02
-2.062195510589190095e-01
-6.641303568723347373e-02
-1.000399146751081714e-01
-1.003484376972192671e-01
-1.612701884077953340e-01
2.150271132463590917e-01
-8.938043770636798502e-02
-1.220460136061997658e-01
1.933619413873596260e-01
-6.428946362444257212e-02
4.351793087036317370e-02
2.170416407230372213e-01
1.382130633408674980e-01
1.190057306733509068e-01
-2.692806280237380889e-01
3.529373741503582639e-04
-1.133075370060098175e-01
3.318967881279835663e-01
1.049258044870669294e-02
-3.143989075817866796e-01
-2.069085385734568683e-01
6.235737922861708249e-01
7.059780667911942642e-02
3.141240295681170091e-03
2.054222297603224834e-01
-1.382760282582123912e-01
-1.580364835676362212e-02
4.094218955820178724e-02
1.204320494706872524e-01
-1.486797101858702841e-02
8.888967855220324121e-02
-1.678617831431891694e-01
1.132665127966017843e-01
-2.923233014849169753e-01
2.609764879087821954e-01
1.105641411553594591e-02
4.372876831552052063e-02
-1.335515625603282408e-01
-5.072342956223311328e-01
-2.837637317067996934e-01
-5.787968344259347697e-02
-5.702237080476071918e-02
4.058331152859263047e-01
2.915897230758132674e-01
-1.941870860269499510e-01
-1.897300001233066247e-01
8.263247332393126587e-01
4.544418868102054199e-01
-3.712782834521300424e-01
3.243557227406593246e-01
2.314348511532035024e-01
-5.327619214756231791e-01
6.732013049147101968e-01
6.200415653084970780e-01
1.000000000000000000e+00
7.000103526007633858e-01
2.813406803449433058e-01
3.431474244438372651e-02
4.962594209655506357e-03
6.106415452307300401e-02
9.400240106655353978e-02
-1.591083808486252471e-01
-6.855330879526923271e-02
-6.275653454555008004e-02
4.243769678319996852e-01
2.030914541075687085e-01
-6.984876065525147393e-02
-2.787396005213320649e-01
-7.560980088324192883e-02
-6.720523634156215509e-02
-6.102854644682269812e-03
2.408071420128971851e-01
4.189328347337706315e-01
2.953627572441068216e-01
1.471055983236831677e-01
1.501309562238866968e-01
3.150847513131329047e-01
8.002396886987270253e-02
5.753285474956635337e-01
1.383941165673898133e-01
-1.837159734488563387e-02
7.019950876084664337e-02
2.487138133683680363e-01
9.045501168107676626e-02
4.085116634809998204e-01
-1.027294508257810268e-01
-7.957808784865215423e-02
1.387382552544960124e-01
2.337010042327274384e-01
4.952964395541419318e-01
-5.380549710927542417e-01
1.613322077947856870e-01
1.412862915823971943e-01
-1.739614856820884958e-01
-4.691855241555897282e-01
-1.231999496599753136e-01
-3.251162288235848186e-01
4.675991626310007088e-01
1.730398550162393911e-01
-2.228244354704846109e-01
-4.270455017337239367e-02
7.351822298170531678e-01
-1.703465500084938578e-01
-4.239993432392605843e-01
-2.655087774226854713e-01
3.572502733950365106e-01
1.011942224441910732e-01
1.241001463349969275e-01
1.071426719586190818e-01
-2.129934337747348971e-01
-2.075034583829147294e-01
8.294129620783097234e-02
4.488381165798357442e-01
-4.072254510342795952e-02
-2.089829895576059138e-01
-4.442073980584020920e-01
7.857613160483706283e-02
-1.986490405397255965e-01
-9.785387793034519555e-03
-9.070019740878795811e-02
-1.068293148689089672e-01
-1.339622846983054838e-01
3.118760914086207703e-01
-7.914077712359988970e-02
2.800882814038327950e-01
1.223727955424821102e-04
1.160088038811681183e-01
-1.998730243562504283e-01
-2.937551990317301409e-01
-3.903205812680773240e-02
2.020180803452454321e-01
2.300782250484346148e-01
1.237706966288165261e-01
3.009862194046651340e-01
3.951005529795945104e-02
-1.037360556104438836e-01
-1.427114613540068355e-01
5.424607037850949220e-01
-1.308724737682645523e-01
2.337869245436243748e-01
-3.243535085044253474e-01
-9.392883714359574754e-02
-2.417667042915643827e-01
-4.509847962727359660e-01
-1.328361048154299007e-01
-4.047945632330532950e-01
-3.531620396160681241e-01
-2.608786673299883785e-01
-2.419304487058339670e-01
1.694441890325958378e-01
9.876623464141801034e-02
-7.103843073075573333e-02
3.099091860731077036e-02
7.959636015986125412e-02
2.749130155506274709e-01
-1.393983330758565183e-02
-5.699566386095206855e-02
1.957128312105586299e-01
3.033259197620213343e-01
-8.036868269546428023e-02
-1.246721619375615736e-01
3.934582517144982194e-01
8.185115423020709879e-02
3.379446633669743183e-01
1.277141351547988191e-01
-1.729402431031777099e-01
-3.509724042192392812e-02
1.951535782527737128e-01
-2.169403718158382510e-01
2.596699297364669645e-01
4.002536688814484211e-01
1.892765967817840733e-01
2.150357500508735531e-01
-9.441352879968087364e-02
-4.119587775031594706e-02
-5.066830557185988404e-01
3.596129284842161100e-01
-1.001473374703074765e-01
1.501681265097204732e-01
-5.660580123698840532e-02
-2.033085126108011842e-01
1.248520482419685218e-01
1.552643175222564453e-01
-2.299540525960520054e-01
-1.079623242385961412e-01
2.544472157821920932e-01
1.094625780124880571e-01
-2.267088813593917951e-01
-1.599614006775397224e-01
-3.308807685666773080e-01
3.442079407767698052e-01
6.542832108561535964e-02
2.164943545414954040e-01
-5.222892460262745784e-01
-4.431675447432450454e-01
-9.933978888138633723e-02
2.985152458531142305e-01
-1.139979959879146576e-01
2.267004115235684569e-01
1.970005579165762799e-01
-2.752566481822577016e-01
-2.164820979433721565e-02
9.294966608821163268e-02
-2.633273451034016110e-01
-5.707619781205252041e-01
7.709321927175843969e-02
2.153022194546661688e-02
7.437330092306795315e-01
1.950215277481596454e-01
7.315929723402758711e-02
3.659970829162179640e-01
-1.642553339505434251e-01
-1.723667745913824434e-01
-4.699020311275793893e-01
-6.946988598688719208e-02
-3.822925979034242500e-02
-4.820973449066840999e-01
2.365261223699292870e-01
1.378578855115221713e-01
-1.387741421744725645e-01
1.683400170277319086e-01
-2.672854054402348800e-01
-1.522375578994620837e-01
-4.837252213743745699e-01
-3.096492735775165928e-01
5.003082136899417165e-01
4.084304961234378416e-04
-2.177375082493359371e-01
1.467071308620560288e-01
-1.503065676157640251e-01
1.833865993074409728e-01
-8.273245418184811684e-02
4.542660892298291953e-01
5.623375348075344837e-02
-9.693218716574952820e-02
2.997263320230191819e-01
-1.704241885850390770e-01
3.299732510815590603e-01
1.385801727432321440e-01
-2.554871375820045795e-02
2.701443306102055061e-02
-3.498487814943379570e-01
-3.419146418680550914e-01
6.629930663249066214e-01
-1.748252055664953064e-01
-2.917275212115680305e-01
-1.974806362350564892e-01
7.771621511903618884e-02
-4.976356338560792847e-01
2.486815436584984829e-01
4.776747409729684146e-02
1.853548110636506763e-01
2.076572627541718730e-02
1.616051311352795505e-01
4.513442483529013782e-01
-2.054524707607283396e-01
-4.364737349085500151e-01
-2.028890353115758993e-01
1.874187475190776664e-01
2.058760879706431346e-01
4.941717291624764946e-02
3.282240241647468859e-01
-1.690168355941308320e-01
2.506925044500188382e-01
-5.113793609649754102e-02
6.724045395347911791e-01
7.526997165021767633e-02
1.416595203312098206e-01
-4.814200043014313368e-01
-7.429964405893697832e-02
-2.124426672978989017e-01
4.335103771755480784e-01
-2.952613539967582357e-01
-1.487461702660975993e-01
-2.518425373065721340e-01
-3.728764109044283015e-01
1.780610272835570773e-01
-2.793567668985590113e-02
1.018589692863469537e-01
-1.911354453993321934e-02
-5.228994466002501174e-01
-1.725574646392371778e-02
-5.113829116667933938e-02
1.179416566237702097e-03
-5.920032282875043600e-02
-1.743743382411184206e-01
2.791687785209985215e-02
-1.665748689508146363e-01
1.268458345613666938e-01
2.393370249531397986e-01
-6.183891136325170290e-02
-5.913057894954319021e-02
-1.118505735261283301e-01
-2.519673360841179766e-01
1.957118331700880010e-01
1.769237922750264147e-01
-1.773158058544312132e-02
1.255826683946699440e-01
7.844641303150007294e-02
2.455035616635603546e-02
-1.667200026288188919e-01
9.385276983299571663e-02
2.882490286501220855e-01
-1.934473556428186469e-01
-1.285918012512263231e-01
-1.786426457642748544e-01
1.461942607948143458e-01
3.164965826397678761e-01
4.026951109112284488e-01
1.466186067031719498e-01
