4.034857086403238757e-02
-2.604720879553152346e-01
-1.661093863824755490e-01
-9.492790102054388113e-02
-9.109462877250246171e-02
2.204125401431395181e-01
5.025506401978498128e-02
1.594096365752025735e-01
-6.054250261084986873e-02
-1.790873758529581417e-01
-1.384582069497081458e-01
-1.153153420094061785e-02
-1.707108282069789290e-02
8.725055136464437977e-02
2.662146578448697232e-02
1.735752788294309401e-01
3.603995916652511511e-01
1.006365572724631785e-01
3.074392589560435637e-02
8.195787554564828992e-02
-7.997416795607754925e-02
1.655904626233672128e-01
1.423326577106617634e-02
-1.523727705428291335e-01
1.489668497155218485e-01
-4.262840853038673411e-02
-3.957818922902786030e-01
-4.566088690087968111e-02
-1.346079961528827071e-02
-1.199208434078659763e-01
3.147641658361026162e-01
1.639682454851566773e-01
-2.137274258251012360e-01
-8.748123874611819784e-02
1.336455123052992522e-01
3.635960743310090448e-02
-1.092308458964278278e-01
8.308702278455094847e-02
1.979189319864188001e-01
5.471266202547808710e-02
-3.028973144984437038e-02
1.651722790484968784e-01
2.852841610020502849e-01
-2.565437598774280431e-02
-6.517626742613980180e-03
2.738312457747932305e-01
-2.713842450509119236e-02
4.100152079351399026e-01
1.415499042470056423e-01
2.245330972834850836e-01
-5.871911033857954432e-02
3.005760339711987528e-01
6.022136771506232389e-01
-5.627919039512679911e-02
1.375238258425719451e-01
-2.440759457337488558e-01
-2.451103811965746615e-01
7.367351404194537323e-02
-1.896453981400690516e-03
1.505558819573124263e-01
1.979452041202464097e-01
1.394122130849726193e-01
6.931096566339936538e-02
2.225828646350276052e-01
3.640878252729740083e-01
-1.867541961323049282e-01
-2.053868850845211314e-01
2.248873849275966064e-01
6.638943440347703194e-03
1.073545002807005933e-01
6.274414670824399187e-02
3.899521565157750835e-01
3.012244765270338243e-01
-7.745467042276664438e-02
-7.717283798418447804e-02
1.565006780444644918e-01
-8.629988509059356716e-02
1.106522400130781902e-01
1.567153601772350857e-01
2.047553657178461939e-01
1.127096972078569376e-01
-1.158702055432734301e-01
-9.029119415423536577e-02
8.492512590580886256e-02
3.272810430350289179e-01
1.531399938666585248e-01
-2.005151618103737654e-01
6.768430962460358913e-02
3.200935332914068288e-01
1.876558248785887284e-01
2.025854838878965725e-01
7.237798033444518830e-02
2.173698091489515982e-01
-4.697781117968376219e-02
8.985812369477776118e-02
6.320365111699975669e-02
1.455858312626476248e-01
1.017950407231431598e-01
-4.959195842126522258e-02
4.238655978294945254e-02
-1.878890115254639240e-02
7.270284628061855769e-02
4.930179059122630908e-02
1.423432572139364805e-01
-6.348259551326890238e-02
2.138910148420878066e-01
-1.531453699911077826e-01
-3.530839633508211367e-02
2.943781707660436120e-01
-1.368771865098074580e-01
2.509698175720408847e-02
-1.515871963376601850e-01
1.429107219541426131e-02
2.060277961802627067e-01
3.055015908495130050e-01
2.265043592338586431e-01
-3.733165508026720786e-02
-1.261691016234229960e-02
-6.374619302327065931e-03
2.793535669404568766e-01
1.488629416119856552e-01
-1.332667130073687811e-01
2.613491144983412506e-01
2.871268078347246622e-01
3.191927848057959927e-01
-2.588785974882320540e-01
6.342693526763987233e-02
-6.525568433965209247e-02
5.163258301762292668e-02
-1.945406061742132875e-01
-3.880505105500706153e-02
2.230813015018965895e-01
1.278964582232294256e-01
1.770689508639198551e-01
2.873264160019326722e-03
-1.858070844498902613e-02
-3.487391746681522964e-02
-1.555893909840755374e-01
-9.667154882428152796e-02
8.865768235752359561e-02
9.418471820699943209e-02
8.909717101757397284e-02
2.339002519820671533e-01
8.251325283765878482e-02
4.382420561919241342e-01
-2.460446951727005838e-01
1.103645938513122676e-01
2.246352265518250235e-01
1.439193960913504600e-01
4.861037659560634577e-02
-9.066695785588567424e-02
-1.799039083986492260e-02
2.842830345711830353e-01
2.940568970459562781e-01
4.909494175654133263e-01
5.335113911938120512e-02
1.637474738459384072e-01
4.308939309597893952e-01
3.003635692418417102e-01
3.879661175549604102e-01
6.878227974876338635e-02
-1.549050800480399614e-01
-3.764925108810763393e-02
1.318599300333790081e-01
8.506953664581193286e-03
-8.053861743993478983e-02
1.283940290908918147e-01
2.360932563817338126e-01
6.355656393847579355e-02
-1.042514981570826366e-01
1.654583651493982815e-02
-1.156782888044422669e-01
-1.287627843760067448e-01
9.548363957731623858e-03
1.318854837220042042e-01
6.932421620355357084e-02
-7.787059385108752174e-02
-2.298599522315493068e-02
1.857628705063060215e-01
-1.475770560508454510e-01
3.640872737064461129e-01
5.476911471796499760e-04
3.036307454938476091e-01
2.888326181260734704e-01
-6.052604043877878037e-02
1.079301263615814743e-01
-7.090975086238114622e-02
8.896335581106221135e-02
8.461108443986667046e-03
-3.359618210460690868e-02
-4.391899860755691526e-02
1.844745446693694668e-01
1.111298144567055696e-01
-8.072373032080004673e-02
2.769720243125504688e-01
-8.956268860346773553e-02
2.221183270161337930e-01
-6.316043646926763899e-02
-7.345345068011029099e-02
-3.592372015602473406e-02
1.404101858580451279e-01
1.057024390725106941e-02
-8.857333717297212472e-02
-6.042636161401736955e-02
-1.917613852188635171e-01
8.702286696290778556e-02
-2.090492933140390419e-01
1.401460672435618504e-02
-1.170174269106948883e-01
-8.200613665827263810e-03
-2.068906339528173155e-02
-7.057938971942390172e-02
-1.514839680299486790e-01
-1.267592890146546636e-01
3.855606911689986593e-01
5.544934625681013918e-02
-1.637080651397129494e-01
4.944160572430372075e-02
-2.486673193312750538e-02
1.221268175012559382e-01
2.438778255206766055e-01
2.994478768671152702e-01
2.121805091916711961e-01
2.397562741519017326e-01
1.117491731656727050e-01
-9.136963802841134574e-02
1.734671414471199713e-01
1.283149765206386891e-02
6.984696016567200350e-02
8.970393147009880774e-02
3.095293157661619943e-01
2.676657401162661487e-01
-7.712323365879238113e-02
-1.019349311746362285e-01
-1.592311270874179341e-01
4.103898653753881853e-02
1.524088628062694739e-01
3.752967149336527281e-02
1.949987266034453604e-01
1.854458026466019038e-01
-8.517023312194614559e-02
6.782351112338383392e-02
7.502940942827740489e-02
2.122825763922048248e-01
1.004928893610959606e-01
7.809021045729994115e-02
2.771682323979626772e-01
6.426930234398317565e-02
6.978073479849002982e-03
-3.650972708989739385e-02
7.063815779695861719e-02
-6.419366808181664608e-02
1.160592393443327930e-01
1.695530643405890325e-01
1.264477265195536326e-01
5.625831139794872371e-01
1.000000000000000000e+00
2.066914970579660504e-01
2.953544933806873454e-02
1.409251938015376182e-01
5.850566564222252353e-02
1.111252900699964824e-01
-5.399063163853129454e-02
-2.162455333047534345e-01
-3.571943820091628280e-02
3.525839816498550078e-02
-1.502929205395834439e-02
4.210812601625155138e-01
-2.796606550138671515e-02
-1.968519771614943015e-01
2.523318471927002427e-01
-5.852721701813994037e-02
3.718547760308188368e-03
1.029638581900317873e-01
-2.005042375781854735e-01
1.459808881741167241e-01
6.147244269991160998e-03
-1.250785042637946876e-01
5.792874462596243612e-01
1.705129513300845390e-01
8.447244467968938186e-02
2.585501381681512556e-02
-1.260733936342101069e-01
-4.165472352789332394e-02
-1.352203089353944399e-01
-1.860245722174953542e-01
7.942812129492120288e-02
1.045054607668188806e-01
1.119696456032724802e-01
1.251012329888072094e-01
-2.484916561080054709e-01
-1.726709472746592311e-01
1.320015626510304130e-01
3.325037841685030832e-02
-6.408022989347206266e-02
-3.947131149175391873e-01
-2.767370638983459030e-01
-2.096533937011378912e-01
-1.683934096149859727e-01
-6.161308633078729086e-02
-3.481286449386067905e-01
-1.840335468832887678e-01
7.381956214179044573e-02
7.828364957273377389e-02
-2.246927083757122023e-01
2.622009495916866606e-01
3.451742085307969443e-01
-1.161515486615466788e-02
9.641686468655273623e-02
2.572337106100621718e-01
-8.415283481607387095e-02
-2.606945683528567523e-02
7.255993955751567637e-02
4.614785622220002326e-01
2.404684416661368451e-01
-1.342171981412416670e-01
1.107414524986869708e-01
1.312888435702303791e-01
1.448028937044761044e-01
-2.343332217243037363e-01
-1.455832851650520066e-01
-1.888525355926778393e-01
1.671245193001817675e-02
1.975812733930898679e-01
8.050167951292630519e-02
-1.261685714906169986e-01
-1.431571673282813761e-01
-7.000376363854300676e-02
6.864992467282037165e-03
3.933826743048715602e-02
9.274268555038434059e-02
-2.014966337619234493e-01
-3.271245184282119967e-01
2.016030216230410566e-02
-5.252877762396108291e-02
-9.778981457409482991e-02
1.902778515991161157e-01
-8.726721708439090508e-02
-9.425714392000222874e-02
8.940315890379127439e-02
6.222217916541307459e-02
-8.785351912623488857e-02
-2.606087617116134569e-01
2.032030210186425434e-01
-2.190491470201852420e-02
-9.104752172750901762e-02
3.929151346755012375e-02
1.194165407393394870e-02
8.269715759607635872e-03
3.623291051723373513e-02
-1.346249194706435615e-01
-1.041682662733691422e-01
6.348820568877722170e-02
-3.602293699414031020e-02
-2.211649001377746088e-02
-1.292321842327168735e-01
3.561790522265398384e-02
-1.648385678765067752e-01
-1.144541153568210817e-01
1.790027986391357073e-01
-5.802605392442850007e-02
1.349126958421200950e-01
-2.139442908055547710e-01
4.620856176040097352e-02
-8.420259078911730699e-02
2.396353907807316497e-02
3.490555861459823661e-01
-2.019610240052627584e-02
4.530804631499216195e-02
6.799813367453723112e-01
1.546947808221463272e-01
-2.370302906889058467e-02
1.766018538968210927e-01
2.573846443660411376e-01
4.207595203620981827e-01
9.824775993732101642e-02
1.979252036026011852e-01
5.316648824302895315e-01
7.771011266600662271e-02
2.293726878638749633e-01
1.506287757311330910e-01
-7.757859836865541037e-02
6.411014307061965734e-02
1.924126883050098769e-01
-2.119461003439574998e-01
1.472884408811169117e-02
2.316733401470939813e-01
7.508584102995295717e-02
1.804902918285659907e-01
-5.080658655301783372e-02
3.225607926237751555e-02
1.028017823927227098e-01
4.244516647222329464e-01
-1.190485155265958751e-02
-3.509232414861582910e-02
3.804198771729943584e-01
2.132972677959049934e-01
1.855550115562087099e-01
2.403949067459802691e-01
-2.948103876856858485e-02
2.529390930502624646e-01
1.056548761193363134e-01
2.726159612656444686e-01
7.540793800618493525e-02
-7.843278318843230346e-02
-2.432159126350946776e-01
-8.900027441336333389e-02
-8.415372423367199761e-02
-5.604648506419370596e-02
4.873708464881250368e-02
6.329421500681549351e-02
1.110361976263531114e-01
1.044684699289292612e-01
1.633186873368746087e-02
-3.337569459877948730e-01
1.759603006851497842e-01
-1.702386000572486896e-03
8.228911791887229266e-02
7.896487301242804957e-02
1.283956521847155197e-01
8.812665767534543643e-03
1.522398742464050603e-01
3.015282001730914541e-01
2.216519167099908344e-02
-8.017220171339516088e-02
1.431052814184360922e-01
-1.138911068570528512e-01
6.311831777811695299e-02
-1.383514332526936952e-01
1.444362904525393725e-02
2.675401375097441817e-03
-7.479694629439748166e-02
-5.961893485086169897e-02
-2.589876242881041790e-01
5.039526251844147868e-03
-1.046242639422367143e-01
4.591575825292141394e-02
-4.921444749021560566e-02
1.649733365488737780e-01
4.232071404463570719e-02
2.538560940861709359e-01
1.076744212744547118e-02
1.051549789436709709e-01
-2.002403317141549788e-01
-2.536075921174880121e-01
-1.591405825223095871e-01
-2.934792268258886588e-02
-5.804881931840492199e-02
9.286274256407893359e-04
-3.365325485269241024e-02
-2.369906161889340224e-01
5.643649551491540517e-02
1.450175524188921372e-01
2.968139262700858136e-02
-4.691178742531951218e-02
1.815115581437142245e-01
-4.763955520614035488e-02
3.246692566571809380e-01
-1.251479615528648393e-01
-7.968088723085497982e-02
1.327137922330718367e-01
-2.535500380580122948e-01
-3.184557525555745117e-01
-9.779801390130783006e-03
-2.658821209024362364e-01
-8.652824928815484873e-02
-1.639260912273813875e-01
3.313718131142902590e-01
-2.281526093915967612e-01
-1.063072274471324602e-01
-2.723072838215116476e-01
-8.538419813160356975e-03
-1.323831340016924374e-01
-5.466004552216036094e-02
-1.193174075854946253e-01
3.172925357548845443e-02
-4.960249092190834042e-02
-7.458306809299015960e-02
-9.940469970620312290e-02
-1.058134818457211052e-01
1.404508062491982741e-02
-3.301142717995743554e-03
-3.232946094597017872e-01
-1.653983881627496821e-01
-2.795424562703392457e-01
-1.747737877033866960e-01
8.974013360764834801e-02
-1.832426691004172825e-02
2.065824081903246678e-01
-2.331318329953293300e-01
-4.690356600161914996e-02
-2.008436281698905423e-01
-1.501263833883394461e-01
4.600121163369561700e-02
7.372598805446291259e-02
-1.370172428703812784e-01
-3.557152987339829570e-02
2.010722812685425687e-01
1.898355278076338248e-01
1.946572427439023645e-01
1.671484377923803388e-01
-1.396426135458065099e-01
-5.768759958703067320e-02
-1.257573240966565475e-01
-1.155910647758031928e-01
1.546945671066886907e-01
-1.901639453499906762e-01
-1.348720487299243098e-01
-3.431543744744027652e-02
3.422357801434333657e-02
-2.050255453112554693e-01
1.090346866282495275e-01
