-1.107013003595997414e-01
-4.334634668846596567e-02
9.907796686505397632e-02
2.641806496573576371e-02
2.127613698907937848e-02
6.502151385381456372e-02
-6.369388943729682728e-02
-7.972095123478038781e-02
6.393467762069653115e-02
7.072526785034463637e-02
-5.479433576701058656e-02
2.241880410797024784e-02
2.000633335703717042e-01
-3.491560211804722869e-02
1.871861610327131900e-02
-7.810010075581279299e-02
2.232200911054920463e-03
-1.012489024781248331e-01
1.263801846510168025e-02
3.330772910042316404e-02
1.120292613769778654e-03
9.116261391287501514e-02
1.087438179090506746e-01
1.228993085858860607e-01
-8.079348912936452909e-02
-2.961423772377348718e-02
-1.504921402961995891e-01
7.903878978455919357e-02
-1.472973937631613835e-02
4.074889720188048375e-02
2.279566997353001112e-02
4.480398894541883642e-02
-6.015367096767967187e-02
1.199815896553146494e-01
-3.016687459724234216e-02
-1.831892594197196689e-01
-6.471172935280707084e-02
-6.795048326316541210e-02
3.231533147666976885e-02
-4.649348314424688738e-02
-3.189604734865930658e-02
1.465148609323828066e-01
-4.512790715769956357e-02
-1.359605406611027849e-02
8.969166847327552511e-03
-1.020352219448881076e-01
-6.893484687113785037e-02
7.939824737413829492e-02
1.306097072864483705e-02
-5.265227524779743026e-03
1.063557667113184668e-01
2.718164485351415652e-02
-2.404264148829154957e-02
5.073341374339208204e-02
5.636932655295250755e-02
-6.197441672581940203e-02
-6.369063138313074690e-02
-1.033997332471100344e-02
-4.738369692551422374e-02
-4.373270525624544519e-02
4.490714280473866171e-02
6.982083562488444750e-03
4.017697869053830223e-02
9.976085114061224168e-02
-1.450200696382816512e-01
-1.637806335983329326e-04
6.726438842478433752e-03
-1.772228359844906518e-03
1.790629900336182870e-02
2.022379152818280790e-02
7.218219473273479458e-02
2.011054680977845122e-01
-2.322591120358733635e-02
4.479068284764366192e-02
3.739560114416973224e-02
4.208516370446009625e-04
7.329373280243019206e-02
6.456515195450845956e-02
-5.791283299602868924e-04
-6.604017852613582040e-02
-2.735545646052257168e-02
-8.417430817844463731e-02
3.879931095785445205e-02
8.848156907102952551e-02
-1.761544068579327590e-02
1.012682701550013942e-01
1.135282505537204278e-01
4.229125866102056291e-02
2.762911232706966166e-04
-5.741863302708380759e-03
-2.437716767964852316e-02
4.881248339744383852e-02
-2.613378197750463802e-02
6.899984927346836105e-02
-1.246993686466459084e-01
-2.065530633088878687e-02
2.680956240033885787e-02
2.529005163980841894e-02
-1.370438358292108139e-01
1.091021870397807653e-01
1.116200250940742322e-02
-4.582545254861186690e-02
-4.895180423223079169e-02
1.418744409108719517e-01
-6.012465961517225038e-02
-5.350522732168828954e-02
5.395943912128956660e-02
-7.259222130517482829e-02
1.753646580440840772e-05
1.124917657866611881e-01
2.970289050091263344e-02
-1.360158367504572252e-01
-5.693784175011060156e-02
-2.565889366867430549e-02
-3.386378232385023335e-02
-6.237260048100558285e-02
-3.912019322685378331e-02
1.697721552677837475e-01
-7.493346184510482968e-03
-1.213457333298519070e-02
6.508112113805304688e-02
6.688513985438634957e-02
2.914656612467794380e-02
4.295463173706073196e-02
-1.283471776781430589e-02
6.708118474092272798e-02
3.443647555914423897e-02
9.359883965896320657e-02
-6.757992746205373526e-03
-1.077585833590313513e-01
-2.681573323330944600e-02
2.355626581664650721e-02
-1.097982839233318519e-01
6.589586564740884840e-03
-3.689171911268389337e-02
7.124991528676409558e-02
2.786057506757200902e-02
6.926849653543865060e-02
1.108293592427034811e-02
1.279944986050841338e-01
-6.834106245117514689e-02
-1.534903844983516175e-01
-2.448536405931303964e-02
1.958158104488926798e-01
-1.048522984581924319e-02
3.556183807091436999e-02
-1.257649622781243336e-02
-1.961675693118909020e-03
-4.020206222763297518e-03
-1.130958749880498770e-01
-3.090127279187378923e-02
4.683555927584808626e-02
4.627657663468658089e-02
-2.204073536368512942e-03
4.663154575148890403e-03
1.733870345885176190e-01
3.774356677685158229e-02
-6.807243741312979379e-02
5.786451315526491834e-02
-7.334162129643934103e-02
5.008416134285578053e-02
2.449269188867734051e-02
5.728651543496942472e-02
-3.902128221168440353e-02
-1.455116997620785058e-01
-1.634829436718656520e-02
6.704952257426284590e-02
8.010909154043051317e-02
3.399144272686547424e-02
3.604325726122747237e-02
-4.520699713220395488e-03
1.243693639030213627e-01
3.754584724992085943e-03
-4.568659356543193495e-02
5.973439602782479318e-02
8.199306541379969282e-02
1.638720175281439080e-03
1.315863865612538763e-01
6.674610320818114007e-02
-4.074060680644726179e-02
2.655559115525703631e-02
-7.144334908454103017e-02
-9.812563105725811974e-02
-1.793894136593779387e-02
2.138953890733760049e-02
-3.531180139172073601e-02
5.569871181493988438e-02
5.567874894289707999e-02
-4.451203471823165364e-02
1.622396055587257621e-02
-1.766858871810368936e-01
-1.043264798241484992e-01
-4.535315583292874597e-02
1.590653163391652497e-02
1.316531985103892577e-01
-1.127777426079946549e-01
-1.177893861854813068e-01
1.303450664980905851e-02
8.008035419742727534e-02
8.198655675624187678e-02
7.022567038255118910e-02
-4.241110529337446811e-02
-2.453612275004662946e-02
8.357330042664604108e-03
6.812273321517407082e-03
-1.583374687300045242e-02
-1.179956579440896540e-02
1.303795065371396722e-01
-3.231202438058074916e-02
-6.450201546329628610e-02
-3.170799306710772852e-03
1.274736265300432589e-02
3.219853096667958658e-02
-5.419743395882676423e-02
-2.722553483817774858e-02
1.423055975308260557e-01
1.882480486879500002e-03
-7.183307041241453715e-03
5.700394751282933381e-02
-6.585887619989318209e-02
7.837920055775425554e-02
3.031750414089199805e-02
-6.552506927684924147e-03
1.549801851707228173e-01
-2.745837330742802174e-02
-4.868659268745185315e-02
3.843327071655216337e-02
-1.368767884307344612e-02
2.492551453279955379e-02
4.121664751759351875e-02
-5.192089641593040927e-02
-5.091767686835891845e-04
7.273412082571395487e-02
-8.280198652192036213e-02
-1.497954177140811520e-02
-8.220326325047287719e-02
3.259820308300383912e-02
-4.203895616841955840e-02
6.151417844459088763e-03
2.649158558775828107e-02
6.851261011054127215e-02
-3.544109355013173868e-02
1.541627875162822348e-02
1.087463651827223210e-01
-1.221273346338192928e-01
-6.251025243493738004e-02
-8.128605959529584812e-02
-3.863404984516622537e-02
3.471398618777953027e-02
-3.130652054600715356e-02
-3.391428922901409959e-02
1.807732372434584650e-02
-9.719068589559576310e-02
4.663865549210745309e-02
3.187036100076872658e-01
6.588076760426030409e-01
1.000000000000000000e+00
7.292746016138963450e-01
1.906257228254100156e-01
7.143385365400384268e-02
1.207584683184777102e-01
2.012721463057581817e-01
-9.080201137174481740e-02
1.073967980067221384e-01
-4.108096042118782737e-02
-5.159264932048648195e-02
-3.305091720494188201e-02
-1.330628791417152457e-01
3.745432730728375653e-02
4.401500389134298946e-02
9.975485259625074125e-03
1.123922698837917511e-01
-1.348242258620252661e-02
1.053399779491005078e-01
6.321260818461121866e-02
3.486217498330926312e-02
1.644656586771413992e-02
1.203014317270875710e-02
-7.558436407444857341e-02
4.118414122688472678e-02
1.597485275599104804e-01
-2.885682581227387231e-02
5.321588799699520506e-03
9.097000487190431972e-02
-9.169686867976624411e-03
5.321146827015311304e-02
9.091778004395760504e-02
-1.932789371779432622e-02
4.704354046941591760e-02
-9.115196880833460746e-02
4.551428522109128572e-02
1.842837707055426655e-02
-1.844423382224930292e-03
-2.604874717465515202e-02
1.612470462105495828e-01
3.982756927294736626e-02
-7.729507708811617084e-02
6.941329406163168625e-02
-7.405490226873774791e-03
6.954452625370546870e-02
5.283283271156533761e-02
1.958523885911911747e-02
-9.664412156064901283e-03
5.376157277148476549e-02
7.218068427605085768e-02
-5.190579095043742347e-02
-5.570144680234477563e-02
-8.180128087289134653e-02
5.345739072629387967e-02
5.715018817200546476e-03
4.159743711799986608e-03
2.856171919392468117e-02
-4.733996510826366660e-02
-7.386641672118951507e-02
-1.669663754985342002e-02
3.912942409279579481e-02
-4.396600272041092938e-02
-1.684280035680354726e-01
-3.476850910376178688e-02
1.464115813086572238e-01
2.667047398388849161e-02
1.187436991524040975e-01
-6.153622565323355748e-02
1.526977832073625752e-01
1.084833084601003333e-01
7.423942214341031076e-02
3.981415950631228551e-02
-9.113906993523898659e-02
6.159048413299973712e-02
4.050276753639423660e-02
-9.492758099521396778e-03
-1.863007431738258890e-02
8.243021979778167307e-02
-3.259254860019815403e-02
-1.032700839552868621e-01
4.664628163126858899e-03
1.172129407697860282e-01
1.377782010972976139e-02
4.483196373769197940e-02
3.254227597913594144e-02
3.889092109003660508e-02
5.832367346184834031e-03
-6.927366087807061007e-03
2.732035519641835917e-03
-1.957728954013748801e-03
1.114795830822693512e-01
-1.302449766714314282e-04
5.379008800361283205e-02
9.082198641701411113e-02
1.383941481828473430e-01
7.921229510744000335e-02
-4.999614522366186559e-02
-4.097539263175081770e-02
1.386459493090319225e-02
6.564928560322887130e-02
6.349623501928963742e-02
-2.817497077455937207e-02
-2.993843493483254199e-03
1.647009780050276082e-02
-5.711201327725210636e-02
-3.223999211969155038e-02
1.060560941973869437e-01
1.329663048106143053e-02
5.705988951823168231e-02
-5.349744496310272768e-02
-4.838266975022594701e-02
-1.753033921116893545e-02
-2.934231750610265949e-02
1.044343546229784155e-02
-1.272820281400215969e-01
7.008451551608250139e-03
-1.294397140196307250e-01
5.829802448433096806e-02
9.765971450640957563e-02
-4.790324981458563003e-02
1.966628992577362789e-02
-4.862525270726566345e-02
-5.510578902049414335e-02
-1.457398288131096786e-01
-8.949736801232979766e-02
-1.605481192508443830e-02
-5.665964243653148075e-02
1.430949159437904517e-01
1.449191487941846324e-02
-1.063783239048211871e-01
9.347586372191987736e-02
1.162071333793975453e-01
-9.413272328957100754e-02
-1.760610381783690942e-03
-7.681672338740468120e-02
5.528191288289924926e-02
-2.970391501629952163e-02
-5.044081294544739682e-04
8.473271797673918859e-02
-3.168230527510840222e-02
-1.863295469318457936e-02
-3.573039224070957004e-02
-2.847486552774991173e-02
2.978828075819174928e-02
4.500808235409330289e-03
-8.590331791161258390e-02
-3.649951076921677945e-02
7.963800930476512552e-02
-5.924724090976628277e-02
7.723508220318946182e-02
-2.020763135478098327e-01
-1.689095189764436289e-01
-2.093202001871624085e-01
-5.639227659318530456e-03
-1.319269431864584716e-02
9.239945321077502882e-02
9.130655999262862754e-02
3.433698710704440049e-02
6.036879487681693496e-02
1.005070821017943344e-01
2.476633735152152307e-02
8.644497857255487028e-02
2.590918958420726156e-02
1.268315355120153420e-01
3.833313802735839604e-02
-3.254365582058288409e-02
1.291985131549260313e-01
5.336069375429146333e-02
3.185657799955528974e-02
6.917203657585060950e-02
8.041273314577122855e-02
-8.794489183780102026e-02
5.839817207505917929e-02
1.122904044986550165e-01
8.991006229460091204e-02
-1.390313858265376963e-02
-5.780595261033352750e-02
1.140619239798432855e-02
-1.089377995974521313e-01
1.097156604506659416e-01
8.656314128410480188e-03
4.469805078993966188e-03
-1.456912547576610061e-02
-8.928547720511618990e-02
1.084867146309762415e-01
3.334374535924210237e-02
6.183818373293335779e-02
8.094703617428032627e-02
-1.009318439221728800e-02
4.093534584570681506e-02
6.161782946133905620e-02
-1.644759770549153455e-02
1.787642888202924454e-02
-9.881449074453545200e-02
-4.137647898666869939e-02
-4.284234322988920290e-02
9.455197067725459870e-02
3.258560789409745140e-02
1.629486709401044287e-03
-7.820116633637617942e-02
-4.904764217864985426e-02
2.945301411165053909e-02
-9.947424566777336719e-04
-7.117668617570907519e-02
2.497111971193803626e-02
4.899246038079740906e-02
1.174791001074690228e-01
1.901266878829725726e-02
-1.127708043734532289e-01
-9.080080434250144272e-02
7.939916548229350793e-03
-4.774213992203057283e-02
-1.153899243474077047e-01
-5.578050593671701057e-02
-3.923391334570790201e-02
-7.215707349826089301e-02
4.305823739728435046e-02
-8.907521542498564315e-02
-7.159064199584050381e-03
-5.409418375303753912e-02
7.285569728728849385e-03
-1.200626583618896563e-02
1.384672020923773290e-02
-3.569408732761019526e-02
3.967463419049732654e-02
4.361684981084660434e-02
-1.399648128239978397e-02
-5.575598921393450785e-02
-8.176163659910052131e-03
-1.525192085561981326e-02
7.331895311168620810e-02
-6.498640379673684131e-02
1.020094140095792815e-02
3.536163191353683399e-02
5.531605565145592679e-02
-4.778952211658281379e-02
-2.022751130558157751e-02
7.436683347910472489e-03
6.200332913191904105e-02
1.081730176596359255e-01
1.195974006728169579e-02
-1.787491344613499622e-02
7.175100869483955202e-02
-2.069423970584133993e-02
1.325717795354444395e-01
1.334414601916813353e-02
-4.146934778996030913e-02
7.208954070789257325e-03
-2.701960466952786286e-02
-1.747515988487578081e-02
1.809407901588788170e-01
-4.319899443783168508e-02
1.666973103092265762e-01
-1.128958693418171408e-03
-6.554006990804946142e-02
1.796248547194814749e-02
6.633679040129693283e-02
