5.929525885513668715e-02
4.046615826008937433e-01
-2.800758975202066181e-01
-2.450548211693641398e-02
-2.850336694191852871e-01
8.055050608221146768e-02
1.885661614467370739e-01
-1.058420771626463891e-01
1.875552201236298233e-02
-5.148176870152493430e-03
7.512537343176793961e-03
1.048909083061812103e-01
4.288529806451123888e-02
-9.542429764877778664e-02
-7.555687333478823542e-02
2.788635234113220202e-02
2.297144424558788811e-01
3.977094741124352628e-02
8.006656526282392161e-02
2.793254807551670549e-01
9.798095808220207148e-02
-1.171785101082459674e-01
4.729719140387755524e-03
3.129302351315616654e-02
-2.291650498617756326e-01
-3.859525321908195000e-02
-2.554390426784335089e-02
-2.007484501629004103e-01
6.206373230468856944e-02
3.178191828627599178e-03
-2.613915625696829892e-01
6.374188500744720765e-02
1.976496121026285191e-01
-7.041081424853834481e-02
-1.507462083459529811e-01
-4.996731190808067352e-02
6.639810320046283208e-03
3.154542112553287286e-02
1.026210530693009021e-01
-1.402133838607222682e-01
1.068832626125151286e-01
1.416649208943756288e-01
-7.165656077283244496e-02
-4.278450493626668322e-02
-4.394124254206295543e-02
-1.555173993968916035e-01
-9.000080026183300552e-02
-1.192982634100963057e-01
1.338982947397249768e-01
-1.391802855522769056e-01
1.238322224219322448e-01
-1.530475343581871872e-01
1.469100051744450242e-01
-2.595102404615917679e-01
3.647503504917006933e-03
8.874592091209626554e-02
-2.123264002743659520e-02
-2.775309307298765710e-02
-3.658800569312720043e-03
2.519667043482780033e-01
1.479328028176984111e-01
-3.357885724577013963e-03
2.154271694324406961e-02
-1.618952072739015813e-01
-1.333386641102625725e-01
1.968011631648204293e-02
-1.305638714537030454e-01
-4.172557453152305417e-04
-1.949582211668832721e-01
1.108588394343886369e-01
3.393996269813400499e-04
-6.184149543298126522e-02
-2.796631006857700288e-02
-6.466580068644589563e-02
1.023857814790409548e-01
7.421617260689111067e-03
6.439433353839786600e-02
2.694075992084050686e-01
-2.168024412874921397e-02
4.660084699766758876e-02
-2.377360267663873039e-01
1.212223826035476182e-01
1.386458357367712224e-01
3.224947116323584884e-01
-1.144776570851359365e-02
-1.819045970966728654e-01
-6.362726765552954855e-02
7.691123370877908649e-02
-8.695989664924240470e-02
-3.420904042355353558e-02
-1.115095030956727434e-01
1.410660459836260427e-01
-5.479706778163504627e-02
4.024751102923516954e-02
1.454088258713825445e-02
1.746311533975838659e-01
2.429339420039502669e-04
-4.486021167858999376e-02
-1.318359874934198553e-02
-1.357909942998164650e-02
9.293411463489274771e-02
4.265255466816766233e-02
-1.596510241349315684e-01
-5.371875403925564785e-02
-5.585400741161474121e-03
9.744214950852213286e-02
1.283224685489550154e-01
1.664896278926961959e-01
-3.256867770315644700e-02
7.430512227363424149e-02
5.255492258728548804e-02
2.688835924651259909e-02
9.285068263380104325e-02
-1.996594718003563973e-01
-6.074861517733656791e-02
-2.092998524165719798e-01
1.032932184461268499e-01
3.690852428246907402e-01
1.702422871484547406e-01
-6.094322157160612236e-02
1.765678494098566198e-01
-8.823227932106715576e-02
1.245647063882608305e-02
2.299399990959382911e-01
1.038201151347255789e-03
7.008052920292066890e-02
1.859489444269565583e-01
-1.989813824864118674e-01
-1.427548787208632042e-01
4.116411110204114265e-02
2.243418965504508922e-01
-7.252032951502952740e-02
6.215364264297390529e-02
1.916992818315012281e-01
7.923668460987838558e-02
-1.291267407684807134e-01
5.631973104240235728e-02
6.748802023142078110e-02
3.390243785123177589e-01
3.397885550140377492e-02
2.510457775306582442e-02
1.706562249205439696e-01
-1.972013606911212635e-01
2.367939753210601961e-01
4.483220079722673168e-02
-2.465411063868613029e-01
1.045745593988943595e-01
3.049933738335972727e-02
2.578181389739010732e-02
-6.865649586608381372e-02
-1.931436316225818017e-01
3.318495657718075198e-01
1.190990117984669083e-01
1.928539973932796026e-01
-6.637708225360371139e-02
-8.613404314908187920e-02
6.361393590046804727e-03
-1.446150835529459852e-03
-1.403767556193409871e-01
-6.739467958096886403e-03
-1.257426929708679586e-01
5.564718733095685294e-02
2.290913360649230596e-02
1.458590554895508595e-01
8.702359639014492498e-02
-1.885830793900565572e-02
-1.386528187029263670e-01
-1.131011581385897719e-01
-8.636427220442883688e-04
-1.816672865271348192e-01
8.151048999003594753e-02
1.472073820810526901e-01
-6.203246738876962152e-02
-2.538089408189794227e-01
2.641653631156697449e-02
-1.619694279190966313e-01
-7.879413537547091950e-02
-3.935654617327936644e-01
6.136388972120389307e-02
2.447420006762338063e-01
1.286334792341240485e-01
7.166104734628560291e-02
6.830573730533306964e-02
1.425264797030376118e-01
1.911255898040236656e-01
-1.058067501887738071e-01
-9.410759840722129899e-02
1.130241094952941228e-01
-6.034205031797497745e-03
-2.033697112707167631e-01
-5.313545538599238199e-02
-3.006324684825997795e-01
4.949209648393412299e-03
-1.066870448584212733e-01
1.980883231084257790e-01
-2.225249846716586821e-01
4.074387781916946616e-01
2.295699030585894584e-01
2.706417143858547928e-03
2.666494237478999295e-03
2.115360259099243190e-01
3.447346094096526148e-02
8.657826740780412422e-02
-3.777364863172524151e-02
-8.509539923813745632e-02
-2.649975782634372834e-01
3.543573434741780631e-02
-1.037402691820034223e-01
1.905180096872852447e-01
1.110385372858804136e-03
-1.163002518622820031e-01
9.585962625639944668e-02
-1.292359870624085472e-01
-4.867995051784142213e-02
-1.593296019045518097e-01
1.825460498883489380e-01
-1.974362370115015086e-01
-4.972107437252563933e-02
-3.688006720323820653e-02
2.798597416464979615e-01
-1.165880152988038078e-02
-7.353920832991274470e-02
-3.350890557159243999e-01
-2.505465415896160897e-01
1.001885057335612506e-01
9.071825960302833114e-02
8.187403068068339895e-02
-5.904480475633321762e-02
-1.122611333950436496e-01
6.710045115225204970e-02
1.254194161918653627e-02
8.366765493960962030e-02
4.300171929065222526e-02
9.475094798324029677e-02
-5.311500378594631588e-03
-1.629921222177526871e-02
2.263151510408360489e-01
7.243525532549505153e-02
2.515356982040687153e-02
4.976870864129422783e-02
-1.383768649814251794e-01
-6.429134230067991285e-02
7.802003979721712501e-02
9.088107951716657695e-02
3.980823379929185335e-02
-2.074000838171644392e-02
-1.850768955426298212e-01
1.031115204760679888e-01
1.986819537418161308e-01
1.011068841752886527e-02
9.697697842063103535e-02
6.116392816954703548e-02
-1.650785486746613739e-01
1.397118437051821926e-01
5.461123411804366112e-01
1.000000000000000000e+00
9.627145572752577873e-01
1.893530730253985550e-01
7.798224981485557539e-02
5.197012497516291518e-02
2.454296170508523944e-01
1.702526047489068828e-01
2.125114125653742025e-01
-5.873919747871873820e-02
-2.158368194340934756e-02
3.431541182925171851e-01
1.885731409540582909e-02
9.276755195784913699e-02
1.739783944583439415e-03
2.420203550550698857e-01
5.030414780689882945e-03
1.295729244413787173e-01
-6.684108446708782181e-02
4.537800087453164877e-01
9.508731506152356960e-02
-4.575639831051048906e-02
2.179350471674272940e-02
2.297515553340662986e-01
-4.178606002726528157e-01
-1.921837585947760441e-01
-5.628279270872413309e-02
4.965949366228280398e-02
1.004221192347665853e-01
1.543498878118582385e-01
1.418497183936953676e-01
4.183735140851549406e-02
2.594160344812722618e-01
2.752218591485380839e-01
-1.437337550642645567e-01
2.733641244645064194e-01
3.364317442811335379e-01
-2.109405332659694196e-02
-9.922085871352430420e-02
-2.099506403028827684e-01
-9.446284354142518713e-02
-1.611460543626759001e-01
-2.738390259169119489e-01
-4.859789221593402431e-02
4.889065777570215238e-02
-3.206997434682274939e-01
2.231541003744499374e-01
-2.469348235874277084e-02
1.324770441927046738e-01
-2.009546031062860172e-01
6.003962538872500282e-02
1.572527278087677838e-01
-5.230764247164676473e-02
-4.126430053097249750e-01
-1.218753983932926305e-01
-4.686337024443844312e-02
-3.083718751989046256e-02
-1.818023471139081360e-01
-1.203635433371810781e-02
-4.039228760086664705e-02
2.423286302973222742e-02
-2.473583003756149590e-01
1.552460287491873869e-01
-4.991719666091464641e-02
-2.087150835637805735e-01
1.222478362559869386e-01
-1.526546556848695259e-02
1.068080322231084039e-01
-2.195471165545251346e-01
8.202304330639936802e-02
4.852375265677821847e-02
-3.623883513693263586e-02
3.085532736275971646e-02
-2.498025727500931270e-02
-1.779236312469010539e-01
-6.223550897882331595e-02
-4.218779170887562019e-02
-1.776986690988623238e-03
1.305581851772244506e-01
2.360246984700085093e-01
1.141868675385621507e-01
5.713430544807564238e-02
7.792322709251793544e-02
1.742649135587537035e-01
1.873262787853232914e-01
-2.062581100140360169e-01
1.768695717296212555e-01
-9.952940383460980034e-02
1.260322506769603612e-01
3.163516404363788115e-01
-6.259897010437778797e-02
1.817131518268393919e-01
3.564572334465404002e-01
2.395574262532903231e-01
2.250790424572533810e-01
-2.625810585282183952e-03
-1.636022373726423451e-01
2.247940051951251295e-01
-7.159745592979790962e-02
-1.609675303757817921e-01
2.218796956586072677e-01
-2.513991878119173351e-01
8.613941676265693403e-02
-2.258674176033076131e-01
-1.603858754319075486e-01
1.307222848457790798e-01
1.979718588746596716e-02
2.283512048869845157e-01
2.157208238895185759e-01
1.425670992044366925e-01
2.174689483246497745e-01
5.763437692502452331e-02
-1.114952979817761813e-01
1.240116192007196042e-02
-3.779525970633955401e-02
2.676478513460776518e-02
-6.078733533879814716e-02
-2.712749989401055245e-02
-9.727634197979004305e-02
-3.991567219861054672e-01
-3.943206755334843772e-02
-2.549871786193713130e-01
-2.029274453915219656e-01
-4.698391256812301658e-02
1.120195923688988848e-01
1.434558146902027154e-01
1.073773331428469896e-01
-1.348891908149158804e-02
-9.658379703259893645e-02
-1.707946939778765341e-02
-7.284494010823962251e-02
2.796028902965401186e-01
1.954462871603458995e-01
-4.539991911647219686e-02
1.493266317885991179e-01
-7.996079275623571569e-02
-5.628217567879761213e-02
-3.260203281479083226e-01
-1.867488856129722041e-01
-2.887194344253641853e-01
2.849113936492935276e-02
7.209713621340790857e-02
-1.926228623148678043e-01
-1.041239194328113099e-01
9.547054128312057464e-02
-5.338118421605439479e-02
5.448923515617158653e-02
1.062484801240906607e-01
-1.657082773308383161e-01
-1.653574663120078655e-02
3.716164761326833793e-02
-6.193423017912431244e-02
-1.210418789953057826e-03
2.724095348271036651e-02
2.074739539838037494e-01
-2.739253592039321908e-02
-1.719873444038897692e-01
2.932287218150436692e-01
-2.802479719292196303e-01
1.757030265083842140e-05
2.428222427965513186e-01
2.190637799063354374e-01
9.100083385666761504e-02
2.337379076561325042e-01
-8.600149126537022515e-02
1.796258072776263023e-02
2.977691967562174150e-02
7.533108207598135375e-02
-5.359326365215317384e-02
1.311527224729537068e-02
2.746372885389950988e-02
-4.425266032118273241e-02
-7.464189748052589557e-02
-2.651856045776272708e-02
2.574149827670674934e-02
3.201683696651842770e-02
-1.043696338832077325e-01
-8.888433002653418902e-02
-7.414023054435524285e-02
2.360874260588714801e-02
-1.303112182107778738e-01
-2.754819625258074223e-01
1.378447893408390468e-01
-8.526760146242937100e-02
2.797857114464239459e-01
2.504192314783222281e-02
-1.889606652418843735e-01
-1.639098184440981876e-01
2.687583610867247397e-01
-2.740885626953160625e-01
8.731381785538483431e-02
2.274116031051291176e-01
-1.229275169526031081e-01
1.100111243402544653e-01
-1.325478650181660112e-01
2.692751946308177269e-01
-3.202924954395541812e-02
-1.340048064940128625e-01
2.091205810795776152e-02
-4.202005760183044614e-02
-3.983135924707004172e-02
4.873268942463799408e-02
5.056080186748210942e-02
-1.937710682245267768e-01
1.042032487925658446e-01
-2.542390380079518342e-01
-3.799752769188464302e-02
-4.815388868259161403e-02
-1.683991318364077006e-01
-2.548677321865016471e-02
4.803282990588382539e-02
1.474845698623975798e-01
-2.588198950941951459e-02
5.698780663661046075e-02
2.412273172701070723e-01
-2.486485344238978379e-01
9.526112565434442098e-03
2.846633218278287747e-01
-6.281615162289132248e-02
-1.118456771732403987e-01
1.948077424181706707e-01
2.428580524035985760e-02
2.195632512886273036e-01
1.453427932807930534e-01
-9.433559076673163693e-03
-2.782902793166551758e-01
2.448684172165579293e-02
-8.865185408481009166e-02
-7.102807544496633763e-02
6.347793682005740956e-03
-1.147338084619494991e-01
-1.830196233361615077e-01
-2.073940871592343527e-01
1.906903213212654200e-02
-3.593520165316882453e-02
-1.725921119368415413e-01
7.885159803005335755e-02
-4.248288058719498252e-03
-2.234755538690650148e-02
-5.149978254287017332e-02
1.116053871421995164e-01
2.502484537590137642e-02
-3.137304522615200764e-01
2.066101852416160067e-01
-5.153412853185292825e-02
6.621734645441246236e-02
-3.105152916558859971e-03
-1.003430116350495227e-01
3.031377415812160359e-01
-2.914031791841571462e-01
1.340632983836710368e-01
-2.609383933750259454e-01
6.302314998836698601e-02
4.022094318548921077e-01
2.124963111428699314e-01
-8.758113930386407509e-02
-8.763608662324945398e-02
3.322043371562841824e-02
