2.586211359363319584e-01
-1.703137731990631565e-01
-3.706408799269282628e-02
-2.092272386063759870e-01
5.879761991277040328e-02
4.090268150939639358e-01
7.828092809811974806e-02
2.541167467056500984e-01
-4.403687041681354081e-02
-3.282041153222153840e-02
2.250273778949330450e-01
1.036762905155068915e-01
-1.868010134664795652e-01
3.265544160893222858e-01
3.109862214860799057e-01
2.361425181750853933e-02
2.079716448342333254e-02
-2.502969908048875425e-01
-1.898348762600363948e-01
2.371940914389421562e-01
1.830436167290158331e-02
1.784119825928082714e-01
-1.683643912715927782e-01
-7.826877671540641290e-02
8.556707743620296791e-02
-2.951298066421175759e-01
-6.593536745776254482e-02
-2.600740254987078948e-01
-1.014503696489206519e-01
3.033924042239515839e-01
1.275834628824271122e-01
3.910861400091050072e-02
-1.493274908690931692e-02
-1.224426560900811617e-01
-1.708596083566012447e-01
9.996829529499293154e-02
9.669319405037703208e-02
4.535411303468825372e-02
4.172176093987548656e-02
-4.278664628942401293e-01
3.919292058512016674e-02
-1.697304264877556590e-01
-3.823362054012982014e-01
2.550310705697745317e-01
8.163128239765850280e-02
3.290638354993453696e-01
-1.009245056302703197e-01
6.284722657388183698e-02
2.803897918743191719e-01
-1.941541424717384556e-01
-1.883147668967766752e-01
-5.930629050190341922e-02
-6.722565279928338633e-02
4.794164321933554879e-02
-1.287650053868119870e-01
2.623831525611928228e-01
-6.634747322829930016e-02
-1.450666258155294264e-01
6.437825354674250877e-02
1.927271899104515962e-01
4.486625738952650100e-02
-2.832924743670357098e-02
-2.060801677588781355e-01
-7.708085164221549490e-02
-1.596381607996756880e-01
5.756433289646636364e-01
2.778378024142033054e-01
-2.195550450797722694e-02
-2.009980240578312649e-01
3.893226118936298635e-02
3.439304155169947003e-02
3.248514214086216656e-01
3.234053566389605977e-02
-2.097716544530233915e-02
-9.271618603602778397e-02
-2.291084502372645326e-01
-5.177950628142120870e-02
-1.234544049246723563e-01
2.524866962302030338e-02
-2.080493086514439288e-02
-8.158825871597587265e-02
-8.276565625036123863e-02
-7.983924914637460790e-02
4.303375638703442752e-01
-4.377583739979745009e-02
-1.341468638709281680e-01
-2.545636028728717193e-01
1.622150135084301226e-01
1.092545632494627134e-01
-2.115982232789016260e-01
4.065263616155095211e-02
3.890730137812460632e-02
-1.129590513944808000e-02
-5.272356513125286970e-02
1.775059854908844215e-01
4.156225356523771675e-01
-1.305822551352942007e-01
2.534575269212573367e-01
3.044112726834914406e-01
9.615662591999042663e-02
-1.532917919566573750e-01
3.379140848858805946e-01
-1.870022193403245991e-01
-1.750162970860410228e-01
5.538729882209792593e-02
-3.031050708736779953e-01
-2.164537209246823746e-01
-1.262481830299686525e-01
-3.601332882267838098e-01
-1.518334436408556587e-01
-2.175266806125760732e-01
4.084818503773527398e-01
1.692746235401881016e-01
1.008607839398983491e-01
1.642561774926236395e-02
-4.644625353358904085e-02
4.585275214595012638e-01
5.163224169884270132e-02
-3.412200455413872541e-02
2.665155944987326192e-02
1.349486468105489945e-01
1.739573897861258212e-01
3.508649609442979767e-01
1.869002593290970127e-01
-7.792826566315409764e-02
-2.129464881327987891e-01
3.019936695534392035e-01
-1.859242709801144089e-01
-2.107443465760766022e-01
-4.728156278269329826e-01
-6.255912953158805634e-02
2.372702149348090150e-01
-2.495759730481028060e-01
-1.694833822979236460e-01
-1.488867985256632220e-01
3.600853523216406005e-02
-1.447286357866535145e-01
-4.585747470471630144e-02
2.068706457198229987e-02
-7.566562357066208833e-02
-9.986280024830254676e-02
-3.340070347551653274e-02
-2.910025463993785172e-02
2.029705119025498605e-01
3.234049678922887305e-01
-1.020808618347753514e-02
1.952429118789497653e-01
5.629224370513623565e-01
-1.612115976992690436e-01
-9.488690509962517672e-02
-7.203689288755381337e-02
1.213866598843377498e-01
-3.700859257879305503e-02
2.110560197194261411e-01
-1.793232784274959857e-01
-8.894369524679768269e-02
-2.464412404452883398e-01
-2.205624439122731879e-03
-1.422803204810261790e-01
-9.613572077936424765e-02
-1.321038549576603327e-01
-4.030972471856544281e-01
-3.629892708247868804e-01
-2.139472659833015489e-01
1.795917245776563476e-01
-1.454693346328900933e-02
4.138835568019134659e-01
5.310111755348409512e-02
-2.911561798029981829e-01
2.557167077254220433e-01
-1.200244658409565096e-01
1.027760991523901657e-01
1.590611268332014494e-01
-1.638160811797085004e-01
-7.371130634532858938e-02
-3.266589504984137582e-01
2.707786727526110271e-01
1.647252499849267415e-01
4.031440893273526838e-01
1.619490821184848550e-01
-1.156062939215851855e-02
-1.173758849263838860e-01
-3.491078211963872385e-02
1.744699752951418548e-01
-1.234179937592140008e-01
2.762309023682402720e-01
1.538630241074530614e-01
-8.103887197072315307e-02
6.668405280841677163e-02
1.801383768016679987e-01
3.149727901384915540e-01
3.503357423862611952e-01
1.070430314671458050e-01
9.526719204308041478e-02
-2.362664788788594594e-01
1.694648419804422879e-01
8.398540407379634365e-02
-9.214414700509959699e-02
2.888572706832914783e-02
1.092622864430543989e-01
-4.258677279879850008e-01
-1.739466385630974721e-01
5.909511746969822038e-02
4.796049752039285852e-02
-9.836579633778569365e-03
3.824108116994828221e-01
-2.697967185414100189e-01
-2.712751010925933126e-02
-5.049110146973394969e-02
6.971434756473955663e-02
1.241856401598493420e-01
1.568463103354708899e-01
7.202641245998912811e-02
-2.583805442420452625e-01
-1.196896537785533676e-01
-7.720000508294333486e-02
-1.693025638051510323e-02
-1.507210015699375905e-01
1.378961623666512815e-01
6.351898165126911022e-02
-1.256364850431024027e-01
1.850752699374866306e-01
-1.914536875549876227e-01
5.051897487169833001e-01
-4.822473229195275990e-01
3.372629249913873806e-01
-1.239802853928421156e-01
1.645105793066639274e-02
-6.027115400663288908e-02
2.544711233866261968e-01
-4.027487024150624290e-02
-2.576439938245678740e-01
-1.019516270021769977e-01
-2.593392488621403258e-01
9.353726672190350311e-02
5.694477036919216688e-03
4.803756128117649127e-02
9.464933517157973764e-02
-3.370702985398419393e-01
-2.997836878678604711e-01
3.090676420335889407e-01
3.848182609119543129e-01
6.215173929787138479e-02
-6.359628162263228357e-02
4.093440004679249622e-01
-1.870865957485411679e-01
-2.440042861944936858e-01
-4.437581947785452230e-01
-6.628633219900371965e-02
-3.358140799132996457e-01
6.201110311100912487e-01
6.372999913880034173e-01
3.922027056613971441e-01
4.606251019712715444e-01
3.049962535277289666e-01
1.000000000000000000e+00
5.366224447926974950e-01
5.724250903945765634e-01
9.509595452465493537e-01
4.029593399295976486e-01
1.604086115455590211e-01
3.746443164119819258e-01
3.691890689532399406e-01
-4.096726985039709362e-02
3.789784361957689723e-02
1.720910374816574939e-01
1.660541014332265434e-04
1.526614838283028852e-01
2.394044365594046320e-01
-7.979033961283862886e-02
2.159168796587822847e-01
1.280099680263237227e-01
2.242979306528678496e-01
-6.304655818107166021e-02
-5.401940578881631733e-02
-1.059539048881949913e-01
-2.285049887132115376e-01
3.344350267966421097e-01
-2.773756765354614684e-01
-4.641330365645799511e-02
3.574676410042997854e-01
1.609747914632096710e-01
-9.395147278336804519e-02
-1.309363978430252151e-01
-3.997055685683054832e-02
3.872049752935007860e-01
2.636462608653337703e-01
1.341242053220572661e-01
-6.006941438815177614e-02
1.259434733113703742e-01
-2.646281906779917037e-01
1.966327366940331112e-01
-6.146298381341695066e-02
-6.886021025279193131e-02
-3.813496627748659829e-01
-3.330977408602620038e-02
2.830355519941073483e-01
-1.954931033735502199e-01
-1.764904080099365669e-01
5.308876285924715027e-02
2.207169721900676673e-01
-2.659643307850360627e-01
7.255802884297612998e-02
4.031109464277714549e-01
-2.045409905967134900e-01
-9.181948886031135459e-02
1.582695449224534590e-01
-1.053131822331541817e-01
2.408488494225268506e-01
5.955299398140615486e-01
-9.388664051834400004e-02
4.910042042592571709e-02
-5.908734716483153571e-02
-6.640213110032805455e-02
-2.098020081327013342e-01
-1.409215979122962481e-01
-2.579307134198745022e-01
-4.284175331210153259e-01
-3.379762973120501585e-02
3.177872866251593154e-01
-1.407994430779922479e-01
-3.346632927726191920e-01
-1.265649743073074818e-01
3.455234019096626863e-01
4.789196515674198906e-01
6.127936546571147169e-02
-6.708849502304477241e-02
-2.323356355877146118e-01
-3.325448008570444092e-01
1.885327432303047501e-01
9.013731304669352073e-02
-1.471920567572953253e-01
1.725753603442517839e-02
-1.167438955538414175e-01
-1.295090450246360048e-01
-1.030590434757934631e-01
1.797779849098981864e-01
4.530021885467967746e-02
6.876396970684510446e-02
2.329662702415968151e-02
-5.228532020942480152e-01
5.095235908749247145e-01
1.297610551740867313e-01
1.755117629126922985e-01
-2.189255384815317063e-01
-4.628045072061093279e-01
-9.224865467558113208e-02
-9.753901712651497080e-02
-3.228959033092317354e-01
1.155013251507440789e-02
1.954378356697171193e-01
-1.159432231888897352e-01
-2.668545283539491830e-01
-3.879949293345141270e-01
-2.139545252562640720e-01
1.709005215610320538e-01
1.321977079832912551e-02
1.438770972711128360e-01
-8.911946093925574020e-02
-5.203437638789071285e-02
-1.506588135267843409e-01
-8.197853776226806666e-01
-4.856811643812088825e-02
-1.407070766038829857e-01
1.590581459150397781e-01
-1.242100191151936928e-01
-1.902742634612661354e-02
6.592927213390548102e-02
2.953343977171046242e-01
3.456286034481574898e-01
-1.760907636825435052e-01
-1.914482718869417732e-01
1.513794185000758852e-01
-1.211895415801608478e-01
-1.199028242758740648e-01
-1.703533583051503875e-01
-8.115545101360416291e-02
-1.977065526106517035e-01
1.521012697728535701e-01
-1.610019213893486567e-01
8.185049260703135265e-02
-4.020593619459499751e-02
3.463781514091959085e-02
4.737766706343123913e-01
1.979649720675354663e-01
-8.991081290261962455e-02
2.057048035868951630e-01
-2.629124307568954655e-01
-8.311021168418641913e-02
-3.281067343504588951e-01
6.293500082794162634e-03
-2.681533170306013014e-01
-4.252222607017499406e-02
-2.388501906034740940e-01
-3.373830249602445264e-01
2.305310216179723426e-01
-1.917993269275702628e-01
4.478580185961558713e-01
1.164984856153350457e-02
1.282095068681657068e-01
1.568946163003979988e-01
-1.311002522864950781e-01
-8.317855861199115186e-02
7.785425040718750578e-02
8.275927760466669780e-02
-1.588204612890468936e-01
3.895638721441245789e-01
8.422859690453979309e-02
1.736284432186083540e-02
3.302364249601718038e-01
2.033525295415520018e-01
2.685321873648521263e-01
2.093885493137034037e-01
6.868179407526761593e-02
-1.043790638030556855e-01
-1.172266557777457974e-01
3.171763358807597188e-01
-2.131914648124657100e-02
1.791303396782027435e-01
-1.014630241145144940e-01
-1.361167771994555020e-02
-1.396528275431888622e-01
4.822875691129848569e-02
9.029703280922028730e-02
1.461606876923433329e-01
3.278820263436169058e-02
2.348407374806683878e-01
-9.846086713591993556e-02
-1.102733476728107037e-01
-1.289531193918647470e-02
-2.571315315139950930e-01
-2.306382432159359910e-02
4.929749161884468267e-02
-3.095063275360920851e-01
1.116325812734448031e-01
2.262960619904799686e-01
-1.836404301361023450e-01
-9.513870398856276445e-02
-9.475885422712675143e-02
3.633816559974936689e-02
-1.005121125120180814e-01
-6.110031729515718463e-02
2.822861500627079079e-01
-2.552240029375961450e-02
-2.431812549336835605e-02
4.631137167263967847e-01
4.878232654152227510e-01
-1.910225240535425723e-02
8.175668904830317441e-02
1.214524528896760297e-01
-4.497598974129706773e-01
-7.449566188216998064e-02
-4.456475461329423987e-02
-6.190564845153576634e-01
-1.864305868296941837e-01
6.232662850733511339e-03
1.326487805120031005e-01
2.002742326175370458e-01
-1.549898842113192621e-03
1.272609296480671677e-02
-1.467775531618083495e-01
1.976974334015975041e-02
-7.607912950090088555e-02
-3.927823099998742906e-01
-5.556070987775219711e-02
-4.192835984317885289e-01
-1.074084881184344809e-01
2.495265010150631360e-02
2.408280447676290625e-01
-3.461766251701156039e-01
-4.602178105374550299e-01
2.485538340853513106e-01
1.557736544448291849e-01
-2.205354563705903548e-01
1.068480049533326592e-01
-2.402672992048610900e-01
-3.556550454691777552e-01
-9.990495975225367753e-02
2.454169809373396224e-02
-1.735908412470389683e-01
-5.752583796376283670e-02
-2.333622601399191476e-01
4.579233640512286180e-02
-2.203277878148418301e-01
1.505578347312855059e-01
6.619595076633442987e-02
2.823553140569691200e-01
-1.030041516305367083e-01
-3.808036305690167822e-01
-2.174392719279167815e-02
-2.796747626924677155e-01
-5.126804811810469209e-01
-1.869275493786131670e-01
-6.475264052885770782e-02
1.282312188889243865e-01
-3.852530581304519641e-01
-1.734448269898417327e-01
-9.691415342110799858e-03
9.114920555512540101e-02
-1.427817010327257774e-01
-2.886456929037541363e-01
7.711017384442955813e-02
2.505093584479367030e-01
-1.684866488289425701e-01
9.913515744891975012e-02
2.701160286048248649e-01
3.910725076615945150e-02
-1.294009488415059084e-01
1.765749423042129451e-01
2.018341076856586258e-01
-1.403438065170143356e-01
-2.547422427345676366e-01
