-2.390533004096775382e-01
7.501109133454307576e-02
-7.706847316691266270e-02
4.185267465209148718e-01
-1.335788846686548070e-01
1.323455960846288970e-01
3.078667894103965241e-01
1.641115515476355424e-01
1.436626939606946429e-01
-1.091430564210908449e-01
-2.482319041306457197e-01
-1.198330003675334848e-01
1.924986846203949331e-01
-2.411686471800803810e-01
3.264943387046409518e-01
-1.776899157540332008e-02
-4.241668352413574539e-02
-2.013537329658378339e-01
-9.909211471695333895e-02
-7.553572135044173130e-02
2.976042566210792065e-02
-2.275833662242523481e-01
-4.121351388250928394e-01
-1.731088677171240542e-01
-1.738378722205490556e-01
-3.272467620112236575e-01
-7.100343646771659079e-02
-1.215225488728329806e-01
-3.135320687553262708e-02
1.434332837693477920e-02
-2.088230519355773751e-01
8.813429850048858094e-02
-1.652123497575997413e-01
-1.933969426170368405e-02
-1.039903794376087487e-01
-1.215238891488834155e-01
-6.244242339807420938e-02
-5.514046960249412155e-02
2.504437435725715977e-01
1.078161402655099105e-01
-2.090539212960101922e-01
1.935527024708030008e-01
4.615786364376690820e-02
9.013085990055742791e-02
2.007993146336743973e-01
1.296160698016659563e-01
1.373580761067805522e-01
4.309041004542306375e-02
2.869227446458188016e-02
-3.126046361369796273e-02
-1.151135536160546174e-01
-3.776074095894731142e-02
-1.822769029527784024e-01
-1.188407509097004489e-01
1.424356752116077707e-01
-4.682832634551534895e-02
3.910551024753227550e-02
2.133248815659269382e-01
9.468930778909509516e-02
-1.282020397049579707e-01
-2.426021080775200012e-01
-1.671470218677803266e-01
1.471282283706093208e-01
-1.716303918776631021e-01
1.938068437045060554e-03
-1.724649931626725252e-01
-1.140161028943191962e-01
-4.464163509381618988e-01
1.425158395740785400e-01
6.097302524676107699e-02
1.412228502583040002e-01
2.930724501248899161e-02
3.410338577998074383e-01
-1.398932799725357279e-01
-6.908624839475448198e-02
4.143552216851765363e-02
-2.350138828401332480e-01
4.282868671302677427e-02
-5.649041544736246173e-02
3.042437153152253992e-02
-5.215439974532413286e-02
1.650434333376091522e-01
8.565504275488777797e-02
-7.818675861600120347e-02
7.454338182012414105e-02
1.474649567232151973e-02
5.761936065527572398e-02
-1.611739978437370935e-01
-5.447518345704613352e-02
-8.906996853192968022e-03
-7.337944091481699016e-02
-2.796954772163858793e-01
-7.763361690931720738e-02
7.184816548580862496e-04
-8.839690294069935117e-02
-2.560799960094001237e-01
3.222298840583725371e-02
6.215097539998417492e-02
-1.661218475752515300e-01
1.664614206118803508e-01
6.150414567308001845e-02
8.927770892263083014e-02
-1.923698163548795692e-01
-6.872898035110941439e-02
1.495323129631989656e-01
-2.950538217301017507e-01
1.665473415961837289e-01
5.431086472885019584e-02
1.174994872353149755e-01
3.268588849921645334e-01
-1.706160606908169453e-01
1.215832219859069724e-01
-5.870554192883489092e-02
9.173265835348187736e-02
7.390578030251751529e-02
3.260511168509843127e-01
-8.329367485763751119e-03
-7.456202158552587000e-02
1.529037033865463246e-01
-1.817334782474131494e-01
-2.293922493405722018e-01
2.200157923673608240e-01
5.740247091892237974e-02
-2.092465979919700403e-01
-9.088639210261417745e-02
1.128806716789178544e-01
1.804331482382666718e-01
-7.884504113792244195e-02
-2.034854981177774691e-01
2.508914698436495727e-01
-9.196919306223635959e-02
7.850056416449952001e-02
5.950021275477642563e-02
2.448675809813790627e-01
1.403595263127285497e-01
2.502853924360060045e-01
-4.756156584874410287e-02
-2.763019446153602288e-01
6.870363920550667802e-02
7.284271558880736630e-02
2.378576552494381935e-01
-3.028707850165409665e-01
3.016649340629445342e-01
2.242136169787341238e-04
-1.363434999233849865e-01
-1.004289652474454619e-01
8.958645761111558303e-02
7.375815137428717860e-02
2.517821433480494919e-01
-5.126293520559427330e-02
7.918037917473043363e-02
1.323486393286694707e-01
5.278606129425734983e-02
-1.385773574437529909e-01
-1.908841831688704582e-01
2.201201093215599258e-01
1.465624144901710446e-01
-1.199032992084153315e-01
-1.984940946176053655e-01
-1.760470002855283045e-01
2.505333174903012217e-01
6.106900310902316220e-03
-2.883618680883201155e-02
-3.350808138172163830e-01
-2.147481010376089614e-02
-2.363398526315602446e-02
3.787693705070837441e-02
2.463653975491041648e-01
-1.533353811716749726e-01
2.644805574559252470e-01
-1.615958685550795138e-01
1.489664386341126023e-01
4.827217238142796768e-02
3.321929672225336083e-01
9.968463884302811162e-02
2.759209174967893197e-01
3.939785872858572735e-01
1.157231334359917763e-01
1.629140136687534934e-01
-1.666900673874219252e-01
-7.549393620120767312e-02
-5.741986368264701684e-02
2.913811730329722294e-01
8.191142707972219605e-02
4.094432591678223710e-01
1.186554765568381686e-01
-3.023370725049226090e-02
-5.122346271373601906e-02
8.940523371020696330e-02
-6.004318349465693344e-02
-1.031364098013952818e-01
-5.494624366156556500e-02
-5.815971129173756748e-02
-8.137723258449985897e-02
-2.378023156175919639e-01
-4.396393658244972247e-02
-1.821268404698760945e-01
-2.120551625330399093e-01
-6.812607228760506062e-02
-2.676121269307735195e-01
-5.446428029780943890e-03
-2.047491274606604017e-01
1.533205152370127333e-01
-6.094396951804059714e-02
2.067407212733641253e-01
-2.060241163242041429e-01
1.899817197995911644e-01
1.250142166647408015e-01
-3.818584146307699850e-02
-2.476739229375576612e-01
-4.144989931112452730e-02
-6.988387639399400164e-02
1.672721715484530580e-01
-4.933009216350243975e-02
3.581470693208117003e-03
-1.271097082927466482e-01
1.351109971719548219e-01
1.437789472992150042e-01
1.053337756244350637e-01
4.375044945838783561e-01
4.488494308108068598e-01
7.372741829965401283e-02
1.887230560432109072e-01
5.430976624744328352e-02
-8.561334767812119051e-02
-1.892264061661081895e-02
-1.918771960391106035e-01
9.423469358905238458e-02
7.310742171659616317e-02
-2.900784743146037070e-02
-6.997858376613212705e-05
-9.743634773309590991e-02
-3.849420720438017640e-01
3.715217759524785390e-01
1.211821531762094645e-01
-3.770007664565857772e-03
-2.266034594690531992e-02
-1.335065257657396150e-02
7.366497976906229150e-02
7.587882642316651216e-02
-4.600213461148244115e-02
-2.112557711171280106e-01
1.493808445528298501e-01
-2.376623384259128613e-02
-4.195432110200209008e-01
-1.545905128919592975e-01
1.093445638077866766e-01
-1.282518717132117847e-01
2.947621871832650231e-01
1.038204854335415261e-01
-3.447993486311438927e-02
1.341471024799627543e-01
8.831271574924892676e-02
6.553524696602115729e-02
5.465170562330563531e-01
8.026045298461033095e-01
1.000000000000000000e+00
5.718251079702027463e-04
4.811227496260861436e-01
9.878570951069015615e-02
-1.872256698197213576e-01
-2.419252810654328179e-01
-5.986747442093735827e-02
3.850701332705882413e-02
1.020531784975204082e-01
4.120012457254701443e-01
1.117706696807242855e-01
-1.004585722177318563e-01
-1.916275351910999847e-01
-1.288056231092473136e-01
7.511729260272778652e-02
1.242517380859336634e-01
5.303182221144692177e-02
6.100302253194410385e-02
-2.691236208792864848e-01
5.059727916457584102e-02
2.419236917911251616e-01
1.816867531337709452e-01
-3.160540576070542951e-01
-2.718518673348641612e-01
-6.487608733799327121e-02
-9.170570631318479549e-02
-2.709608091134810964e-02
4.616791051133423834e-02
-2.074315787396028080e-02
-1.747846231470737144e-01
1.157369593370498190e-01
-2.730266809696733077e-01
4.322880556160462601e-02
-3.033805703039958376e-02
9.035076005524314557e-02
-9.242246698622864909e-02
-1.273187537221917055e-02
2.050801976719393849e-01
1.403235530312409718e-01
1.263939952710547293e-02
-6.937097059159243184e-02
1.162714304534863408e-01
-3.530390721412775268e-02
-1.265462122724353988e-01
-2.398461493711611103e-01
-1.110530319015908679e-01
2.220252953587844302e-01
1.208818088359499832e-01
3.662796735715540541e-01
3.783073035290678704e-02
1.491574516044948465e-02
1.213211912074507459e-01
1.106359986758242014e-01
1.338898559420308165e-01
-1.672024896005534778e-01
-2.196284962136698937e-01
1.143849426294492044e-01
1.741723259476538055e-01
-2.765837116397455997e-01
1.050654113604858608e-01
1.209039954588603250e-02
9.640154251000801477e-02
-1.778934387540467843e-01
3.772753950307153326e-02
6.506563193150061847e-03
-1.824365667424374671e-01
1.658602431393230991e-01
-6.161498466238127941e-02
-1.888315823751363365e-01
-2.757542456676250267e-02
2.417183269180462127e-02
-4.119905191011905693e-02
-3.515139435426131373e-03
-4.709425705477551100e-02
-3.304483144633271058e-02
-1.812922720105748786e-01
1.321578797724204668e-01
-2.670582758435920134e-02
9.557081994961823257e-03
-1.420133717410332341e-02
1.690941171534579845e-01
-1.830809905375924418e-01
-4.732037500039223271e-02
1.198489884048347109e-01
1.699368809920320522e-01
2.099269062100982131e-02
-1.944188510727369243e-02
-2.383799385681973151e-02
1.009671477450938687e-01
2.093161590425392793e-01
1.471723261772021341e-01
8.715541377461517858e-02
2.075233592387393800e-01
-3.089817473763630321e-02
2.206839468276607097e-02
1.562521553941342289e-01
4.222796520679962529e-02
1.031429830806693537e-01
-1.149902966540245902e-01
-3.172175117211855633e-01
-9.849783037611208047e-02
2.656317020882760782e-01
2.032770107287869554e-01
-6.906523752419130302e-02
2.062745333809911097e-01
-5.447966545426173590e-02
1.984449307465057932e-01
-1.081755744471059877e-01
1.340594128762186976e-01
5.754969912671943633e-02
2.908277843288935016e-01
-6.287833938491248220e-02
-9.343368806361353890e-03
-4.538658719993199364e-02
-5.940884459554576780e-02
-4.759635257721972490e-02
-2.378138012383343158e-01
-2.112870534324646499e-01
2.004323243859593429e-01
-6.498826460248252612e-02
-2.573051304445014287e-01
-2.473640035733856886e-03
-1.010409858256682697e-01
3.012658164326533286e-02
-1.765378295617021365e-01
-7.731074007648279511e-02
2.821248989528875040e-01
-9.134691664751089235e-02
-2.848464236089038315e-01
-2.753350395050357946e-01
3.110177540725305584e-02
-5.826113872491754664e-02
-1.081660111688086540e-01
-3.033647495970560881e-02
1.135376087220374142e-01
1.717114661719316704e-01
-1.366600812992029013e-01
-9.397057152855475826e-02
1.162322602049196962e-01
-7.154656413252438729e-02
5.302021569339134682e-02
9.137337469300135795e-02
1.448533387078606849e-01
2.418343268423479298e-01
-1.628628814137711434e-01
-5.710834637045635043e-02
-2.577770421330158879e-01
2.040899862511133533e-01
-1.061059455824664571e-01
-2.946640295721941749e-01
-1.616812455014306482e-01
2.635972502670259066e-01
-2.930005836240420769e-01
-2.504302547413928548e-01
1.066767730916734908e-01
-7.333695800459220926e-02
3.784489132298171632e-02
3.114767465899472357e-02
4.184349704376372769e-01
1.324694299103022499e-01
-1.042652361128406785e-01
-2.494139735891276466e-01
3.748691018557026022e-01
2.236395478250126009e-02
-2.564507324648976905e-01
1.586367743723483478e-02
2.239854275110355897e-01
5.647652189402557754e-02
-1.433670754131567415e-01
2.365676763520131176e-01
-1.339979591333343434e-01
-9.201436693006451173e-02
-1.925161102098107146e-01
-1.364233344195901476e-01
3.066222814213228620e-01
-4.866304659014608625e-03
-4.014592125312061999e-01
-9.416979588169419046e-02
9.708327465994978644e-02
1.745652230123055648e-02
2.197750799055276927e-01
-2.373456121234093774e-02
1.510898823066636754e-01
-4.317054878578226867e-02
2.891996927814134352e-02
-7.108671492839559181e-02
-9.888811652880918901e-02
9.855319242814697400e-02
-9.902596800705559810e-02
-7.852243892542268289e-02
-1.109168885941028831e-01
2.675326859513879607e-01
-1.361469008764325528e-01
2.167134670118574594e-02
-1.152264062213288753e-01
2.747837144600756010e-01
-1.137323963100343449e-01
1.797778761346778276e-01
-4.926503873224329783e-02
-3.771841177177810700e-02
1.093918914071667359e-01
-2.200288344366855553e-01
-1.053907393571425488e-01
-1.950274156718850849e-02
-1.075546659313708353e-01
-4.352260944829822176e-02
-1.245703647023722743e-01
-1.189186078175466649e-01
6.907990770564781391e-02
-7.377688961681350133e-02
3.140054652350554032e-01
-5.214130963371623600e-02
1.475919394770826565e-01
2.570181068181839890e-02
7.730238377054068910e-02
1.371722769342659243e-01
1.118278351787534153e-01
1.822024788169771328e-02
1.278435779046872833e-01
3.299696125360630505e-01
2.486468244635128555e-01
2.520433122369740153e-01
1.351312774558190710e-01
1.250144860823242110e-01
-2.051929733978838030e-02
-2.804161245915261225e-02
-1.675796804388743899e-01
4.904975148591013412e-02
-6.497443870142448341e-02
-2.210157371845320601e-02
-7.101632801590870847e-02
1.276717963847286141e-01
-8.974639802198880467e-02
3.044717247818224948e-01
3.388919144774676928e-01
-3.614758818813035984e-02
-2.871747930105471580e-01
9.518941531767791120e-02
-2.391727334978395736e-01
-8.654144240871604679e-03
4.681522382752545397e-02
8.528756371513440682e-02
-2.370352589439907870e-02
1.424940548856057920e-01
6.232640465058370688e-02
-6.927238263628600345e-02
3.369515317999385862e-02
-8.994691659671169223e-03
9.315691346182969346e-02
-3.466436501902830924e-01
-8.704492426157522944e-02
-2.758758032553861733e-02
-2.111584025405417175e-01
4.739435968262060150e-01
4.009267998711199543e-01
5.190540183173360939e-02
