2.265109306456628696e-02
2.587307823021725017e-01
1.703555772616547614e-01
-2.499306834735734728e-01
6.419379022660176570e-02
5.097886924658646263e-02
1.148899177427153279e-02
1.609429613910829393e-01
-7.778304762372179049e-02
-2.209650617026429412e-02
-8.944569884627917578e-02
1.012073868579382949e-03
-1.410801480928124130e-01
-1.164881581430287083e-01
1.478983369266850811e-01
-2.660081587683965632e-01
-6.159145507595484986e-02
3.777984718313069645e-02
-1.180515465045051393e-01
-1.867855412603219023e-01
-1.412280106525768963e-01
-2.369263393552784314e-01
-2.965109649113560897e-01
-1.607115066316305574e-01
9.576528922244627318e-02
2.010991017465303399e-01
2.272754504077030835e-01
2.513231949986239333e-01
5.475805978458853085e-02
-3.726963633103987789e-02
-1.718633666812886263e-01
-2.034133090846845238e-01
8.816731241677197572e-02
9.039686528748416827e-02
7.760425197761126534e-03
-1.164563603099321720e-01
6.435823631933591804e-02
1.332578456521258115e-01
-6.628249752376597081e-02
5.997452546371156296e-02
1.615288563289476731e-01
-4.535879919173323171e-02
-1.595614700961542898e-01
-2.835786151358783008e-02
-1.776522637240802727e-01
9.010855257065297774e-02
-2.729911878047114326e-02
1.953135214103281225e-01
-2.951608944123575856e-02
-9.625451788118082053e-02
2.686540949725799154e-01
-1.473026932318334190e-02
-1.351615260013858122e-01
1.687613708052045358e-01
1.050525748630032480e-01
-8.026482293430069193e-02
-3.009330111743411390e-02
-7.892605725043241871e-02
9.986878438035859396e-02
8.829264664763102066e-02
2.222537650484929517e-01
-2.731482094922602424e-02
-9.555294771139068166e-02
1.168641627565003699e-01
-3.800573079712455532e-02
1.154333242807648596e-01
-6.784012983542285491e-02
8.688697259181320243e-02
1.728218526179785969e-02
2.010780370235652204e-01
-3.674967256198393567e-03
-1.807319299399242629e-01
-1.898347748751017527e-01
6.812962495989761946e-02
-1.722714503261197627e-01
2.615386249611025282e-01
-2.447686383294936374e-01
-2.192514312696239587e-01
-1.100171936736088346e-01
-1.406859000477597883e-02
-9.926298328120730652e-02
1.734275534223611928e-02
-9.538771316162077130e-03
5.325319565591828119e-02
2.672845206611533173e-02
-1.696250321750133461e-01
2.056605255212803074e-01
4.263700954573691401e-03
-2.484318450455417354e-02
-2.776349124609274188e-01
2.279067011259017506e-01
-7.141800501421860514e-02
-1.891885066045921326e-01
5.093673980064495482e-02
3.787299808699483988e-02
9.626867199351453463e-02
-1.830459464520012847e-01
1.961521306575317591e-01
1.390468450696583369e-01
-3.430414997510402020e-01
-7.479690980397440958e-02
-1.057300408006576070e-01
1.034354680520877152e-02
-9.297421692173021834e-02
-3.174241997841101975e-02
-1.193978918671943258e-02
-3.348612787834380575e-03
-1.041356121256104515e-02
-7.772647086463972677e-02
1.797783440006437417e-01
-4.023771901022266118e-02
-1.991531697314784244e-01
2.411213309850486486e-01
-7.291614135663498919e-02
4.953116411871256314e-02
2.368464692012103856e-01
2.832607760390714810e-02
-1.095089362169583275e-01
6.557294263215794616e-02
8.224918619566178035e-02
8.513788066767705165e-02
-9.762156394291859884e-02
-2.545112124950318355e-01
1.803813063392844529e-01
-2.344648083039315919e-02
8.035135034753509986e-02
-9.973524483392329221e-02
2.099808414593491712e-01
-5.001306674613593961e-02
2.531720752406472763e-01
-2.506800367643612359e-01
1.270848609001366536e-01
-1.870916963665925636e-01
-1.631890838713827285e-01
-5.686330113888744646e-03
-3.622639501804048728e-02
-6.744374303546904481e-02
-1.888485941890019892e-01
-2.721986004159155370e-01
2.159679062513929649e-03
1.195575970416406231e-01
8.250472934295084715e-02
-2.193235054479791279e-01
2.420314321689269466e-01
1.698412317381344655e-02
1.700041158509301917e-02
-1.889922626787614302e-01
4.183243526038261939e-02
2.900608903421896811e-01
2.156466019696023223e-02
-3.451260637970655215e-02
2.778823765133573431e-01
1.054031220148280990e-01
2.993279846223079188e-01
-1.013533488521330128e-01
-6.525359314748908901e-02
1.126583615677837769e-01
7.504915416891158597e-02
2.873271797117570303e-01
8.503537388823520504e-02
5.340077109566983282e-02
-1.636279896120318711e-01
3.131714218556017060e-01
3.966208723806505937e-02
7.506037114682680145e-02
-2.733217547001494732e-02
-2.112889598701336302e-01
8.226303926457796678e-02
-3.193011811253698706e-01
1.618642875545648618e-01
2.780104412082811116e-01
-4.194236977775919195e-01
1.149120947670045087e-03
3.238484826354282586e-01
-1.068086757716674995e-01
1.179990873665906354e-01
-1.803386959933613379e-02
-1.587473366515801954e-01
-3.719966157004339635e-01
3.302594592661128869e-01
-3.239726513499067984e-02
2.495224824835990535e-02
1.947770570567645618e-02
9.589394816158314239e-02
-3.657670541893740523e-01
2.018003887971404620e-01
-4.544608366938232558e-02
6.510038995858481725e-02
-1.153913656566908086e-01
-1.419584394410728645e-01
1.557540131036872777e-01
1.897725414729924467e-02
1.574193260029025376e-01
1.569598145141430992e-02
7.064624321750634373e-01
1.556842758937988236e-01
-7.166700512053711392e-02
1.096011293077927273e-01
-1.229265297865238943e-01
3.500571169983255349e-01
1.118693061717407483e-01
-2.566531737638947930e-01
1.311016498212699832e-01
-2.083097505852551934e-01
2.495378280522400072e-01
3.279328436528364948e-02
-2.131530464105954592e-01
2.555716206156896306e-02
-1.032131429487155999e-01
9.026422903035663525e-02
-2.371556319689757941e-01
2.995168161454521139e-01
-1.270650499998452268e-02
1.447367398977824834e-02
4.431460806736996910e-02
-1.717586996769637220e-01
7.825367074781956755e-02
6.971925985412157079e-02
-1.494320577531891570e-01
1.059562473831507229e-01
4.652833217231248097e-01
-2.931849106751518996e-01
1.660898002367242887e-01
-1.892317061608759232e-01
-8.561529010257236394e-02
-9.002553061013549018e-02
9.481043450414680662e-02
-6.258717638290435537e-02
-9.855155336384592568e-02
-1.253544668037400722e-01
1.398181604510140841e-01
8.633513008498051866e-02
2.643000448423254642e-02
-4.766783064182122248e-02
5.420095309743104550e-02
-5.931234035241614994e-02
-2.547103716301993281e-01
-1.104811574585793099e-01
-1.361290613035295305e-01
2.878752367596056072e-02
-8.073463714214319797e-02
-1.892227317783861662e-01
2.090420744037142231e-01
-4.105866261158178099e-02
3.069722969464275808e-01
8.863072107792739629e-03
-1.028239758044878632e-01
1.865070982136223521e-01
-1.003384831779644340e-02
3.384861601874715464e-02
-1.039319732662196405e-01
3.468827459004912850e-01
-1.534136297598843457e-01
1.685237884254388308e-01
6.908704892601806868e-01
1.000000000000000000e+00
6.631465527801830850e-01
1.565369309568791223e-01
2.952450783212540730e-01
9.058278160130281420e-02
3.363923684214472076e-01
1.015305014546373508e-01
6.048650112420414504e-02
2.433994659704646069e-01
-2.447995276804085935e-02
-2.332422311915103574e-01
-1.566083698496948534e-02
-1.403734904863148947e-01
1.925516367776110294e-01
-7.636789531339814585e-02
-7.823227697556130178e-02
-1.109239430313101009e-02
-3.052588638752556927e-01
2.720203351818457627e-01
-2.165631356729225132e-02
3.940616259771055618e-02
1.838228390596094164e-01
-6.189369923140045776e-02
9.715108304289221675e-02
-2.537318000945682495e-01
4.713122836101883012e-02
-1.824937888192800506e-01
-3.805897084541871173e-02
-7.546862161270373459e-02
-5.445050951952665197e-02
5.531587909405428355e-02
3.943970260839117503e-01
6.076672082276037001e-02
-4.201889188661282054e-02
-7.492340051655109467e-02
-3.493519050735082732e-01
-1.882934149713701710e-01
-6.196987310670816484e-02
-5.546497058350718240e-02
-2.392282455226928395e-01
-9.227780455670232806e-02
-1.328712293227752965e-04
-2.768955836587957409e-01
-3.292659346244644625e-01
-1.853392366129363519e-02
-1.383241802501442297e-01
-1.181950022431281777e-01
-1.179688768391253494e-02
2.143352058276059291e-01
-1.455942446084616815e-01
5.026828944590691801e-03
4.624249102265118316e-02
-7.297328435406578995e-02
1.776861333307235558e-01
-3.299309819011363165e-02
-7.457749618281485533e-03
-1.831540989048220935e-01
-1.736921299317384926e-01
1.915852764300676140e-03
8.473000177230516350e-02
-7.221407131569551607e-02
2.067340106892276430e-01
-3.267190016678779840e-01
1.316849166697996176e-01
1.626748131716811152e-01
-1.975690901384138942e-01
8.234049200052015460e-02
2.105688926212415102e-01
-2.511065649284605940e-03
3.044416131518655824e-02
3.292632460896686708e-01
1.033572388616648824e-01
-1.172574940439405078e-01
7.060205639742014871e-02
1.147701581105838899e-02
-1.091537974987425164e-01
1.139426163444118012e-01
1.143277821655949433e-01
-3.913312062561146581e-02
-4.703257860060049145e-02
-1.432811998328302749e-01
1.487529594676879896e-01
2.207789560286768926e-01
-1.860463028303872557e-01
2.911622311449093420e-02
-1.335484734123419670e-01
1.173105009040232571e-01
9.705293183287166947e-03
-6.402971170351720587e-02
1.469542193193386914e-01
-1.429006175763722353e-01
-9.568404923542626894e-03
-8.053380565074322317e-02
-1.668408783275393825e-01
3.445594192841874154e-03
3.077736514332607420e-01
-9.894880552468277024e-02
-2.654413610755968489e-01
-6.045622334166442235e-02
-8.104869251972837696e-02
3.111084713016624703e-01
-1.967891978709768730e-01
-4.937312476460501559e-02
-1.233605760856681076e-02
-1.128721228346049738e-01
-1.853916464199238390e-01
-9.608888329999794309e-02
-1.225229193299885444e-01
-1.663276710572206968e-02
-7.520751516255556879e-02
-3.844257068595442056e-02
7.120892168519753207e-02
-2.087527440203130469e-01
-7.376360660824447801e-02
2.236162515505483173e-01
1.590618082090207441e-02
-5.792557879636880264e-02
-4.223420298578319798e-01
-3.995104664290417135e-02
-1.292877518174328499e-01
-2.701985481500623204e-02
1.116012759466758833e-02
2.161383255503290454e-02
1.812880915756701072e-02
-4.055861973385568309e-01
3.218382018906015274e-01
7.759717323919460008e-02
-2.238198539472639748e-01
1.778918395076944936e-01
-1.175445359017918273e-01
1.119921146880056007e-01
6.484651916752827427e-02
1.787128894846274352e-01
1.493278341754196437e-01
7.445596120563380271e-02
1.577841197192416112e-01
1.660850319267271336e-01
-1.059911232457630831e-01
2.804256120294870702e-02
5.728482538577892025e-02
-7.604504629773981006e-02
-1.085625360058120603e-01
6.156671007756112785e-02
2.406760045823570227e-01
-2.935994229837138869e-01
1.229338857445826660e-01
-1.973382195415365192e-01
-9.593565342604845614e-03
6.581279961405767098e-02
-1.055114452895276472e-01
1.248899507038254419e-01
4.017328390907249497e-02
-3.491628720425171695e-02
4.503150291368249181e-02
1.883475943165248412e-01
-3.126330826051305911e-02
2.182471469999977542e-01
2.356188151887070870e-01
-6.408949003278463161e-03
-9.260112543764564830e-02
-6.539645788347751842e-03
-1.966222140611271763e-01
3.837289476882745909e-01
-4.394258691975164166e-01
4.131629753661606591e-02
-4.127176518787371851e-02
1.255829487475766150e-02
3.415693535073378861e-02
-1.680925402782089406e-01
-6.262568999973341932e-02
5.548579411658376842e-02
8.853777581153270126e-02
-2.705574434334440115e-02
3.731018262534958052e-01
2.276957547736261356e-01
1.482522207892978117e-01
2.560714204522402948e-01
-2.136746490633243956e-01
9.529158806883264443e-02
8.869831895514146414e-02
-1.046739101534992084e-01
2.305249532763896381e-01
-4.403658903497027072e-02
7.891867877534897158e-02
-2.605592405083831942e-01
3.412291412100041388e-01
-3.609197202742946142e-02
-2.012118198398387403e-01
1.280668635196307026e-01
4.195325887786582331e-01
-3.958672403273080613e-03
1.761181694061991487e-01
1.686407712831062417e-02
-4.022911411825448591e-02
1.855643378366312046e-01
4.658036159147595223e-02
-9.080111443032776175e-02
-2.572876228105877017e-01
-6.220170343750980324e-02
-2.540500455413030045e-01
2.370509245233999307e-01
2.760109919474599827e-01
-1.173048876702180859e-01
1.823003292893043692e-01
-5.979395377987690302e-02
-2.285179153021748288e-01
-4.165614801873877837e-02
9.832795235366321995e-02
1.876246683029237083e-01
-2.126212688844292265e-01
-1.501256132743800098e-01
-1.354147001734883615e-01
-1.539753200117669474e-01
-8.597673910644638984e-02
1.586355079241862365e-01
-9.209413483913081455e-02
-3.447165420171989236e-01
3.270980758763117890e-01
-3.463947858534867363e-02
9.224040297949574752e-02
2.517542732422622248e-02
-3.165943696374200478e-01
3.099269400564682031e-01
6.518399624076626209e-02
3.708698828088256849e-02
2.029953092476543819e-01
-1.348135909355192563e-01
2.213266244697142671e-01
3.756001890978885593e-01
-8.642364349231802800e-02
1.213190040599098907e-01
1.411942008994513664e-01
-3.029783839196846240e-01
2.815755614343673496e-01
-1.204663854372588633e-01
-1.539514224500074524e-01
-1.270252246277192576e-01
-1.968900402958520812e-01
-4.319743914903344945e-03
-1.601934677971182663e-01
9.610796010798799971e-02
-3.995523271119829495e-02
1.444211474333680911e-01
-2.021138200037536636e-01
2.413921692083665152e-02
-5.609044924852076008e-02
-1.538448159736355569e-01
-5.504799492669491118e-02
-6.880111409491888874e-02
-2.576923897488294646e-01
2.475710539879084904e-01
-6.421687087042884934e-02
-5.149961021297750664e-03
8.308245289283114343e-02
-8.169270619230246944e-02
1.866123554613048630e-01
1.435727888149999631e-01
