-1.075850262402965191e-01
3.363444571099216129e-01
2.801120019840131481e-01
-4.227052725264175415e-01
-1.413087895915184355e-01
-2.284497652851823490e-01
2.892933765084594600e-02
1.368279624555820417e-01
-2.007034371799765737e-01
-1.157988070992111221e-02
3.527874126671715627e-01
-2.766475284928984202e-01
3.390062218491058377e-01
-3.761061037299687770e-01
-3.472159552100986812e-02
3.194752611719528512e-01
2.682217936688836568e-01
1.796028253599056823e-01
-2.816088438159205509e-01
9.993087626035244975e-02
5.881089562604754212e-02
-2.145017248741319937e-01
-4.137853902547508622e-01
1.822757204805134923e-01
-2.965401921488640055e-02
-1.339212343385020876e-01
-2.798678412139745109e-01
-3.371441286244485358e-01
2.061803581056406987e-01
5.760107688414007471e-02
5.382812214803534001e-02
3.956560281415712477e-01
-2.988752502692377799e-01
-1.043293083917315872e-01
4.025124563429612057e-02
-7.459285414266088321e-02
2.939497683727112509e-01
2.040621152638888783e-02
-3.656033458914711987e-01
1.454731894632342593e-01
-3.390376287987328929e-02
2.774405454228271450e-01
1.715383009685202687e-01
-6.245218326605539438e-01
-1.659694598725722503e-01
1.166270401345073475e-02
-1.748640376062558233e-01
4.640585824689785754e-02
-1.444070619572022929e-01
7.446109589606601797e-02
2.906417413117882639e-02
-5.463123127803418133e-02
1.944907499751245480e-02
4.265872294475239745e-02
4.370771911610981525e-02
1.352006258908253211e-01
-2.280570827050437954e-01
2.035126873996276342e-01
-2.936759761786638528e-02
2.416861130483189887e-02
1.445470362551089516e-01
-6.129522135596613547e-02
2.430470969316839147e-01
-8.154262986603087737e-02
-5.840688154957384554e-02
-1.083578680603975164e-01
-3.490992263005760488e-01
-6.740714484261410566e-02
-2.098527567105785419e-01
2.788044781605987787e-01
3.677911383586617705e-02
-2.363764699489362409e-01
1.287760070050420480e-01
2.561471845165237959e-01
2.191563457512353541e-01
-1.050084581695766572e-01
2.554698671384708630e-01
-4.373340074032242564e-01
1.015380265732486048e-01
-1.670912048271372685e-01
5.478834351400630950e-03
-1.067233536256824711e-01
-2.495384636474410334e-01
-8.412745119933065507e-02
-4.964810956033813977e-02
2.564400875041516481e-01
-1.135609623990879030e-01
6.024669614304503096e-01
-1.583060985079833283e-01
-2.229631115411991882e-01
-4.383448013217071393e-02
1.021039796091940122e-01
-7.016937072657748742e-02
-1.332560166060049456e-01
-3.295190345790585118e-01
2.660844996764101869e-02
-5.217262999565270426e-02
-1.942069222580851406e-02
-1.627900494783270369e-01
-2.330172471804906054e-01
6.963461705339397956e-02
-2.402860330373458864e-01
1.245523704858781389e-01
1.078100305504096634e-01
-2.553460660531738369e-01
-2.829886015266007693e-01
-4.331105375403354607e-01
-1.152722991840988004e-01
2.827193261913888978e-01
6.908989498837785070e-02
5.770072211278494123e-01
-2.282441790776919555e-01
-1.772205576010275896e-01
-5.832012526606460134e-02
-1.424681659137347345e-01
8.221958786234991046e-02
-1.907050595762924683e-01
3.157310716613737078e-03
2.552341151452200418e-01
1.136198741234041576e-01
4.345803718794745696e-01
1.635771148407404729e-01
-1.600057294877915981e-01
3.652225851585459981e-01
1.162321806341458513e-01
-1.918964034105085092e-01
1.246024041380825592e-01
-1.944263754445130499e-01
4.659319673079206220e-02
-2.025911943243852986e-01
-3.703649139394049519e-03
1.219031746875565148e-01
1.326330224892210696e-01
4.453814237764698869e-01
5.069542175449384125e-01
-9.626482960103267816e-02
2.163634847862390687e-01
-1.859778910308414468e-01
-4.149599705254446436e-01
1.790689003637629118e-01
2.304620199942729875e-01
-1.975779524215980909e-01
-3.261033775806473911e-02
6.506242563944991675e-02
-2.645894258657155440e-01
1.385566987556799967e-01
4.077417623175477041e-02
-2.786795262277436125e-01
-3.157535020776434664e-01
1.552694334020506828e-01
-2.022778832585742786e-02
-3.056876606331494495e-01
-1.734668198526684302e-01
-4.335211854899274908e-02
1.081011011382453924e-01
5.331892626611385577e-02
-2.157259905573290781e-01
-4.481998276055945696e-01
7.621559110232034584e-02
-1.379496124237420684e-01
1.643512285639882053e-01
2.493871551005847897e-01
-3.393383269614455022e-01
1.415224968639156866e-01
-1.197167714598998262e-01
-2.444574606225331792e-02
-9.304715188758859445e-02
-4.390143443489755333e-03
-2.106480864776219264e-01
9.165275451012556973e-02
-1.492566183251755642e-03
-2.681650074140475362e-02
2.448898931093242970e-01
2.941953481707032525e-01
4.078944070805232136e-02
-5.732743772527857384e-01
3.484716437207793782e-01
2.004558471838844558e-01
-3.858581954870009961e-02
-5.415500284578024515e-02
3.387190730991825327e-01
2.548217707784892344e-02
-1.953432306709725341e-01
1.724973453521082001e-01
-2.839662725470044058e-01
1.066631021134329393e-01
-1.529780866950570251e-01
-3.273206266922510377e-01
1.027988631586090745e-01
-4.601135440903437318e-02
-2.351153456516604234e-01
3.409693566072615617e-02
-1.864882982881067575e-01
1.509610545825784411e-01
-1.524328857654246548e-02
-7.940147910207262516e-02
9.165361764578555670e-02
-1.979446339843858593e-01
-3.852565591809435919e-01
-1.839118512729927268e-01
-2.181314538845844642e-01
1.701054202298304119e-01
1.672562108783141599e-01
-1.414374385702170042e-02
9.932506561666207268e-02
6.878196963568126987e-02
-1.541218652284427892e-01
-1.970246744549702944e-01
7.377630675911563303e-03
-1.595657087908835814e-01
-6.904273466995071440e-02
1.747118448195993448e-02
-3.036544971236297408e-01
-7.865266991680802677e-02
-2.954413103350529424e-01
-1.368290639173700696e-01
5.179730158227828785e-01
-3.156743175044801064e-01
8.244663222484761855e-02
2.926962456400657442e-01
4.051304602830296808e-01
2.925218243367351811e-01
2.042261669123399681e-01
-2.977134362692001601e-01
1.405579491040307230e-02
8.721710474355647350e-03
-3.259368410151862183e-01
-2.709595892925395488e-01
-8.776647819143176821e-02
-9.154867038138221613e-02
2.413096679279836398e-01
-2.643341542457045557e-01
2.018575928726817348e-01
1.513800714926524238e-01
1.299820548189102032e-01
-1.561429141652559416e-01
8.731534582531738642e-02
-2.436112743105736944e-01
-2.487328973081525119e-01
5.160036601045812910e-02
1.439985432620707051e-01
6.357319651424007956e-02
3.978356278081542907e-01
5.503788670491865931e-01
-1.153952395256760757e-02
1.279419555506437767e-01
7.260553344775226570e-02
8.270723438790834880e-02
-3.326866637131473126e-01
-3.393982588243873132e-03
2.274182030875312455e-01
1.153361020104424067e-01
1.808011435572282749e-02
2.507028409852576911e-01
1.080209104503903651e-02
1.000000000000000000e+00
8.834100214462032863e-01
4.376526125542719581e-01
3.057376980704374358e-01
6.957811693771534522e-02
-3.340657398716107007e-01
-1.814763133613154777e-01
-2.498467828405079305e-01
-1.137646863525188928e-01
-1.470051188564478750e-01
-4.109254662855728324e-02
-1.838614693811044809e-01
5.034841602574950947e-01
-1.999150738452327436e-01
1.712406814660159815e-02
3.358113733260818107e-02
7.750115680190210188e-02
4.040503141346460381e-01
-8.628704701667866406e-02
4.362993558297678653e-01
-1.480106232940116562e-01
3.779105003907544114e-01
1.139554206362993205e-01
-2.206477061301682918e-01
-2.002370066981965790e-01
-4.085087146707113703e-01
5.743362119385789222e-02
1.619143880756629961e-01
-1.743330054753587377e-01
2.061259325009658638e-01
8.813186096262073943e-02
3.579907640442244188e-01
5.845721958586630462e-01
2.645272963530390098e-01
-1.286874750644771415e-01
3.724218475907040138e-01
1.507558315419226802e-01
1.103656097614119092e-01
3.074333765387805006e-01
1.134058223963894524e-01
2.403890268463512447e-01
1.905673646893503437e-01
2.089458242752652295e-01
4.290610383977219722e-01
8.033384470114209031e-02
-1.394015434938852271e-01
4.033566255291291293e-03
1.221395775595229549e-01
6.547244021063205674e-03
-2.173267576771793080e-02
1.004101028670730811e-01
1.733911521350142981e-01
3.164290513688251538e-01
4.840949192223913816e-02
-1.981699371484299532e-01
-1.971856031539753196e-01
3.702671130210988815e-01
-2.655026539624529697e-02
9.823442503843682339e-02
-2.512779522350286898e-01
-2.439844372639521086e-01
-2.811600251061547873e-01
-3.090612092872789263e-01
-3.415164582143223049e-01
2.011244569312014285e-01
2.481205485311177572e-01
1.378859382231714947e-01
-3.920012556619922872e-02
7.878579883803817074e-02
2.374497525822667418e-02
-6.295260265084302864e-02
-5.191021471192185377e-01
1.111283053913551255e-01
-2.460696334817263076e-01
-1.331550712388025193e-01
9.871942162922960062e-02
-8.808444360581392518e-02
1.531568274617538805e-01
8.621816332866413801e-02
-1.648229559494842900e-01
-4.950105797777011318e-01
-2.839018831548316690e-01
-1.717447921272391431e-01
-6.858498114537099621e-02
1.637883342303124157e-01
-1.040649510470163658e-01
3.889098480776788293e-03
-1.604940048534277824e-02
-2.019849450589064899e-01
6.079806837689828714e-02
-3.256364119178817851e-01
1.155772600016967550e-01
4.276698020658999400e-01
-3.809255564317895471e-01
2.920743073844178639e-01
4.659375901013727561e-01
2.793040498597740631e-02
-7.698343190682098436e-02
1.665302528068094146e-01
2.083305718515401569e-02
4.621298661893439852e-01
4.080220254479666742e-01
-2.387978038497694522e-01
-5.055887819348584555e-01
-1.655281145602407328e-02
-2.735243761031201926e-01
-7.331587501819203379e-02
-2.147915542323394211e-01
1.607992455672772603e-01
1.666794300999597522e-01
1.145576419353935282e-01
-4.849672946235646098e-02
1.363683607848425461e-01
1.254640916798474282e-01
-6.173421205286745428e-01
1.268969873456709252e-01
1.359271436397243293e-01
5.037586532763963301e-03
-2.795816774745509825e-01
-3.986934809282273728e-01
-2.912550103599831353e-02
-2.800280585064782723e-01
2.647836582927879934e-01
-2.053883411133625991e-01
2.899568103420764875e-01
2.784613441909557507e-01
-1.638689693241988377e-01
-3.715864300659708630e-01
3.439426712558988353e-01
5.270135206211190278e-04
-4.959948461327109981e-02
2.181070917222814598e-01
-1.072031564753989363e-01
-1.006855876273966693e-01
-1.031006366481643927e-01
1.020037149749916522e-01
2.121655159718929817e-01
-2.030990577753399307e-01
-2.660748542086188162e-01
-9.175893625322398273e-02
-3.531292936912612535e-02
1.444068990860107871e-01
-1.487847220901429568e-01
1.374429492060812164e-01
-1.580303230699464101e-01
-1.274307120461705412e-01
3.953219264803681937e-02
-4.339006279656332232e-01
1.839793487531879157e-01
1.066947363128996767e-01
-1.183337129357211609e-01
-2.357920121510149181e-01
2.208591329269908587e-02
8.124046964772991750e-03
5.282440496344313896e-01
1.677852895538132771e-01
-2.438582022859001608e-01
-4.256276551750473591e-01
1.558290410301276796e-01
-9.156328397894696047e-02
-4.300369039067682975e-01
2.014498423267879756e-01
-8.943241538792033596e-02
-1.571747380055699139e-01
1.225590032370836857e-01
1.240753001374885617e-02
-4.833280258886751835e-02
1.600877949648822629e-01
-6.229874248384746627e-02
3.221323006461336846e-01
-2.096928365840702857e-02
6.504581298581792181e-02
-6.512322272115962651e-02
-1.277941831775472048e-01
2.342914590996543478e-01
2.584525647929855063e-01
4.009355722096943214e-02
-1.175476662231755842e-01
1.663706416116031706e-01
-1.572861023477118148e-01
-8.858199421033569054e-02
-9.317708233870887480e-02
-2.807753686045181274e-01
-6.916784947398017802e-02
-2.844230725538195448e-01
-1.490245476504304667e-01
-1.790780585775884892e-01
1.547871622009600878e-01
-4.337628082380016736e-01
1.906665232574470958e-01
-1.236973421330634648e-01
-8.462698593275162773e-02
-4.581936930204535963e-01
1.936246891275512361e-01
-1.744826827373171518e-01
-9.946939362335352475e-02
-2.987253466424352744e-01
-2.525975757039815583e-01
3.462901959080537662e-01
-2.348143867312633692e-01
1.534779121062257723e-01
1.994644319939151492e-02
-2.266976480481975864e-01
-1.745378197485105143e-01
2.665280529095194195e-01
6.741066169814054210e-02
2.318332665847768481e-01
-1.262884176728930885e-01
-5.892193074853994310e-04
2.986355495496568757e-01
-7.826587837634743638e-02
2.621488850545766400e-02
3.064751646173340949e-01
-3.346721047195558296e-02
2.155981840029483065e-01
1.523373652238098341e-02
-1.551551732288650731e-01
2.749366042604922677e-01
-4.043805876664447463e-01
-2.647882587171019875e-01
-3.865946214110332207e-02
-4.813407989024122147e-01
2.366547025962628392e-01
-9.197179153202850177e-02
1.342124297670444499e-01
3.216455321833516789e-01
3.661982020682533895e-02
-9.867600238454009298e-02
-7.481973266811745016e-02
8.380175120339392048e-02
2.412777907980712955e-01
3.926578119269418139e-03
8.591414488674632699e-02
2.700956635493625968e-01
8.198103797940128890e-04
1.876247659345755270e-01
2.832080079820219545e-02
-1.878766425739170631e-01
-1.115793473753821236e-01
-1.557199754172523543e-01
9.218149987309168236e-02
-4.234761404909678784e-02
-6.218450102287909759e-02
-2.231048633799023739e-02
2.320761264661201639e-02
-3.646401980865449088e-01
-3.313063007244207991e-01
-3.611699114808479029e-03
1.968108591702567162e-02
-3.431516998019406572e-01
-2.239442603047593280e-02
1.786454459005836215e-01
-5.091584657700411187e-03
-1.523129601638984476e-01
-8.417233671112801796e-02
-7.124397489416656182e-02
2.891756104454349351e-03
