4.942721273319781311e-02
-4.547589778034929336e-02
-3.245958422051801739e-01
-8.205988668955234086e-03
-9.984023759224316952e-03
-3.197591617313901291e-01
-1.482515419716405602e-01
1.361639826501153672e-01
-5.845567905426941185e-02
8.894860587750234859e-03
-3.095970927566303686e-03
-1.101596750421191331e-02
-1.156308965635802211e-02
2.080593624588134016e-01
-7.879474824265769728e-02
7.872302284745823567e-03
-3.001551913794061610e-01
-1.028362095318360731e-01
1.435218396417639874e-01
1.035960241371865383e-02
1.442214513940152654e-01
-1.926799829650413243e-01
-1.508593338516318882e-01
-8.163931892818644676e-02
2.176058563499001092e-02
5.326761269021209472e-02
-1.411461966798290835e-01
-7.032283616643607120e-03
8.700344026719561419e-02
1.142944384317682270e-02
-1.321262357359706818e-01
-5.670964544150713937e-02
1.226413683641188745e-01
1.135786812783770444e-01
-1.901217122961826322e-01
1.097453406066767750e-01
-1.127580996220559593e-02
1.572826600277442144e-01
1.052724542857711304e-01
-8.802387098344706395e-02
-8.297517049547586954e-02
1.984323894038218239e-01
2.389507074223210792e-01
1.135730492875093589e-01
1.661862422166106579e-01
-9.294081936710019143e-02
-1.160392748017040343e-01
-7.350225565909417579e-03
-6.177604543555186706e-02
7.004828554139302943e-02
1.856564938524871700e-01
-7.775565714035015397e-02
1.286796423717007920e-01
4.469881154274186509e-03
7.618533049831946458e-02
-6.619825109539478891e-02
-1.543352810746290334e-02
6.688961805812441985e-02
-2.216140466435270739e-02
-1.148327299184772818e-02
4.570068197365408785e-02
-9.385978189170479657e-02
-3.776390355067327231e-02
-1.359522492779033087e-01
3.193825089239098886e-02
4.924400036913341959e-03
2.128720840462975106e-01
7.524831255113478834e-02
-8.177599119037476383e-02
6.320188384532109127e-02
-1.166174151254700669e-01
-2.928239477841103680e-02
1.277651487596136171e-01
-7.444164183972619420e-02
1.016955549090823585e-01
2.605434139629320481e-02
-9.959638616167940106e-02
-2.352372535381163365e-01
-1.943996543479578620e-01
-1.370849983495701918e-02
-7.686413910865072530e-02
-1.349196817718929242e-01
-2.135310503947539240e-01
1.857878864119098250e-01
1.111633313667724637e-01
2.075116259669541885e-02
-1.810481244019740421e-01
-5.068156403773646512e-02
-9.831361643449188295e-03
-7.789384839739524335e-02
4.892280946615739506e-02
-2.307978876895586395e-01
1.094162227477128435e-01
-2.984790605569944688e-01
6.006851084237861682e-02
1.725007117090573139e-01
-1.627917135875586174e-01
-1.429334352751486688e-02
8.244786817934722511e-02
2.216996051863480421e-02
4.070829050920878739e-02
-1.762568521432901214e-01
-8.043567433897240437e-02
-2.199205189794646298e-01
1.189111224766786637e-03
4.456835658405473161e-02
-1.434850357610905902e-01
2.106598163238235510e-01
9.187363395655584464e-02
-1.675436587029032615e-02
4.539945259617041151e-02
1.876508344686026453e-01
-9.187661355689857867e-02
9.856101882780529677e-02
-1.115925869157496746e-02
3.725286618939411404e-02
-5.629750041264938026e-02
-8.494136567082403999e-02
-2.185405139758611059e-01
-9.122392901457887504e-02
-1.148685232954575891e-01
-1.367906796765800126e-01
-2.778971365836573337e-01
1.526987518414516243e-01
3.524850911349493299e-02
-7.245945681080685763e-02
-4.017103109864492150e-02
-4.720460231713133337e-02
1.479760358939314902e-01
1.068045857161798867e-01
-8.763578526206553324e-03
-7.448186930927046256e-02
-2.764702043701066092e-01
6.418501821220476411e-02
3.949855905540104045e-02
-1.841630860658455549e-01
-1.953389103798057747e-01
-1.008410690106546354e-01
4.758168182452247180e-02
-8.105600511566762867e-02
8.801079410810808135e-02
-8.028497520659784448e-02
1.538815744912771233e-01
2.617262090493940319e-01
1.385541116398599504e-01
-3.821521192796020067e-02
1.627839055297874149e-01
8.413052622646058354e-02
2.596995686201468076e-02
-2.934004205321208980e-01
2.281298814608185774e-02
7.000680329307240601e-02
2.026377393352616907e-01
1.229424951559942025e-01
6.457187238914090244e-02
2.037991186573085388e-03
-1.284859753072197519e-01
-1.922381662437504524e-01
-3.221626652766840238e-02
7.379670236145602358e-02
-1.225580004468138223e-01
-7.532167647015763868e-04
-1.525513918543151826e-01
-2.184293232232087101e-01
-1.332074401043993606e-01
-2.531239272970468510e-02
-5.709025475178200471e-02
2.567820462694029443e-02
1.996644545350971522e-01
-5.357691071314291120e-02
8.435157213772952189e-02
1.631290168707113519e-01
-4.822769993749449757e-02
-1.261290880601872166e-01
8.547768121450090295e-03
-9.536243228732603494e-02
2.072889884930511489e-02
-1.061107309662933373e-01
-2.808107634588183008e-02
-1.289665077599914944e-01
-1.266358982991563076e-01
-2.967623105379053536e-02
1.952311646659665445e-01
2.356738634595678394e-01
-2.310699810635947482e-01
7.509867391148646043e-02
9.022573664698002593e-02
-2.449910694247692811e-01
-2.035527175037256387e-01
4.338507906048753859e-02
1.396263636696200294e-01
1.902314460717222933e-01
-1.338063179239055434e-01
-3.327154176956591963e-02
1.631652157878931142e-01
1.725830270459380866e-01
-1.243719416844448443e-02
-1.408060127535374628e-01
7.511949947927949733e-02
2.108088130605204336e-01
1.107719973921366258e-01
1.092418253167082715e-01
4.113312681423258316e-02
1.476964356176643789e-01
-3.830683551996912767e-02
-7.028214774030940026e-02
2.369476119087139676e-02
-3.097051955753113081e-02
6.743431509638186938e-02
5.444783045366993757e-02
-5.319711944990963837e-02
3.819193156361207903e-02
1.196748641196011403e-01
1.255763814213463336e-01
4.719072506326092535e-03
-1.690060697532969752e-02
-5.842074580106191434e-02
1.398518784934377202e-01
-2.289007886160106600e-02
-7.684958017791475304e-02
9.274235255187943117e-02
4.840749813387249662e-02
-2.382323580971430488e-01
-5.081949470710565159e-02
3.707006662229325039e-02
-9.058457039461459415e-02
5.795349460106781654e-03
2.640060493036951172e-02
2.128766301456699594e-01
-1.724205656556426422e-02
-1.118510923157566700e-01
8.920263902661684785e-02
3.833512379375564327e-02
1.200155065479920069e-01
2.029898182610735402e-01
8.517408261292799820e-02
-7.941214361526335863e-02
-6.158799519285886037e-02
1.177126057962050304e-01
2.232004411793109822e-01
2.678820176335091063e-01
2.959357667531536396e-01
2.935611800000475502e-01
-7.614639474699567978e-02
-3.479858882443863100e-01
1.441388428139118716e-01
9.696826746340513059e-02
-5.989639569227480503e-02
1.027469704858671590e-01
1.082661828650503463e-02
-1.468950627509970630e-01
7.208042488477524323e-02
1.444919009438032538e-02
3.055906246612365984e-01
7.557172784421849476e-01
1.000000000000000000e+00
9.875218445911139176e-01
4.046016642644703620e-01
2.325459390466721454e-01
1.621266531177307790e-01
1.940075752292223510e-01
1.737154332507812871e-01
3.577238058395933867e-02
-5.011523789826245051e-02
1.314119291563198011e-01
6.861758173475115963e-02
1.978582558620694820e-01
9.932542255492261829e-02
2.465465576125561512e-02
-1.708178227569031871e-01
1.182440831261199199e-01
7.980332717964878919e-02
3.418294593892426403e-02
2.077112794298330012e-01
-8.556485926657720134e-03
2.094233485817035556e-01
-1.073549698267247804e-01
-1.188920859928569995e-01
2.077189661045116820e-01
1.163783612957939723e-01
-1.107743713734478525e-01
-2.419974434310358247e-02
-3.606874488500818460e-02
4.764495480454739029e-02
-3.368450484546527124e-02
1.971674021624210404e-01
-7.223943821955661551e-03
-6.105321202876111408e-02
1.217720850526988335e-01
-4.655309173832846564e-02
4.577279744989892069e-02
-6.252331800114356575e-02
-1.481756766726690933e-01
1.070214196742340917e-01
4.034528537619248151e-02
8.639641001410246213e-02
-1.011990659138103932e-01
-8.793727739169447666e-02
-8.939183024224052476e-02
9.945779842026346296e-02
3.334460724067365989e-02
-1.441430989633641357e-01
2.485465524633066470e-01
6.316924046483152200e-02
5.227068664204907733e-02
1.022792173813143468e-01
-1.236891295852771654e-02
-1.506942628177311283e-01
-7.901242201808668375e-02
1.917916421276701366e-01
1.786203104908397066e-01
9.602212829031769870e-02
3.921130164885214958e-03
-1.006234315191612411e-01
-3.483568919106824757e-02
2.315907190771046217e-02
1.314406175428347312e-01
-5.528103623103206021e-02
-2.041735580533983463e-02
-2.955146104790017450e-02
4.116413410067025491e-02
1.517562671622602055e-01
2.540092801482922713e-01
-2.275475303126396620e-01
-2.266074743757414134e-01
1.117623671883931497e-01
-2.840725154396282759e-02
1.269808701150434149e-01
5.559113746696425773e-02
-2.026433051628043908e-02
-5.036442147631323314e-03
4.091805792517125978e-02
-3.131188833253747972e-02
-1.252151446506253873e-01
3.560075692657224677e-02
-1.383706553211657697e-01
5.855228533911603812e-03
-2.271579940625121363e-01
2.041416377700266960e-02
-7.723644524003313305e-02
-6.622642919174012710e-02
-7.617134056759300442e-02
6.154288781285519039e-02
5.101402797829410890e-02
1.394035164054382436e-01
-8.079224757607071650e-02
3.781552332140100670e-02
-2.207023833953284109e-01
1.655932424620769616e-01
-2.131508296565479688e-01
1.160312760862872161e-01
6.418491199820755555e-02
-5.318551043683432400e-02
-1.545036518599188780e-01
-2.365396867014427779e-02
-5.953627417527770915e-02
1.538879115755253067e-02
5.881424826537010042e-02
-1.176105877224862817e-01
-1.043487992003860193e-01
2.779061188016996795e-02
2.250468496969741661e-02
-1.258864239328682799e-01
4.536493067594431217e-02
3.287837313096197284e-02
5.481116610443942383e-02
-2.589255790371298716e-01
-6.338785004199011530e-02
-1.496073529000155888e-01
7.356169277046116159e-03
-6.322695830577301779e-02
9.740409627732177222e-02
7.330578664724310411e-02
1.250274548049654273e-02
-1.967114266231539121e-01
5.425099313121622274e-02
1.947169210832012665e-01
2.640014642827026928e-02
-4.428380678772005780e-02
-2.127133932586860662e-02
-1.287944582560519025e-01
2.578498562493497515e-01
-1.305482702439033360e-01
1.722385249524188422e-01
-5.146092978127674022e-02
-4.221536231319018145e-02
4.054049386138767336e-02
-9.951569603365265082e-02
-9.028273176971053637e-02
-1.242409481087766027e-01
-8.534424235686242921e-02
3.993062353298864470e-02
1.066720083080268527e-01
8.253168799748233919e-02
8.127038427715109481e-02
-9.287747282860914222e-02
-3.848302704707750460e-02
-6.926943700982322871e-02
4.707395820969678679e-02
5.748322152712030675e-02
-1.039522036649444953e-01
-2.023758092028395128e-01
2.811773098911503604e-03
-1.462767130996780462e-01
7.909903097557931598e-03
8.450699351355102362e-02
-7.667636759562490578e-02
-5.439840009068491224e-03
3.415337889176728869e-01
8.635153023117288218e-02
-1.686969501772264332e-02
-9.165919523306351180e-03
-5.793290073209363122e-02
3.937125409322028008e-02
-1.176824571246263135e-01
-2.987271608814221976e-02
1.656482086348049221e-01
3.186421333564934399e-02
9.083782328966215347e-02
3.442069716519761263e-02
-1.471336429094473042e-01
-8.736603109435020498e-02
-2.000708931624991041e-02
1.083849690653581749e-01
-1.362442066841787480e-01
-2.053275529738090854e-01
-1.282661181154290181e-03
1.520974866997168093e-02
-5.185708495656334016e-02
9.785959483744330334e-02
3.544633850636899185e-03
-7.530619565093722712e-02
2.573690973722828068e-02
2.820514901849231482e-01
1.368321876587090813e-01
7.507130297698481891e-02
3.931502951331147105e-02
7.841758759958489255e-02
-2.745871265572443626e-02
6.651399520739256777e-02
4.396167861904794888e-02
-2.535463406525417795e-01
-1.997358433297027058e-01
-1.102624793461364078e-01
-6.152687222545993873e-02
9.465993414288257149e-03
-2.460145069402965012e-02
1.836188892847600423e-02
-4.136987988597719268e-02
1.858817118046464101e-01
1.993997654776836770e-01
-1.339601685167842449e-01
7.158030350101118877e-02
7.912863947764600669e-02
2.906850409403735624e-01
-1.959466597227210172e-01
-7.315462504930968224e-02
1.052126502781255794e-02
6.553326781242192756e-02
1.365171139124588462e-03
5.940614398643292299e-02
-7.263860914078944242e-02
-9.821989579186431174e-02
-4.433377924415856514e-02
1.294172108533019894e-01
-9.403017979747341215e-02
1.547644888440367628e-01
2.513534984449943693e-02
-1.672661479304789200e-01
8.756545549623540037e-02
-6.218259838588205413e-02
1.193907804172298220e-01
1.507423679546547879e-01
-8.509397237010866977e-02
-7.634413093171921183e-02
7.742657952875012239e-02
2.021965261123379043e-02
-1.083298118999295456e-01
-3.064884592751430936e-02
1.992956303819564123e-01
-1.164114156742098588e-01
6.076764595053936457e-02
1.429983686190987313e-01
-1.462629540739610878e-01
-1.443442202896803861e-02
2.809200651653023795e-02
9.453091439208614888e-02
-1.195033966215646934e-02
-2.765491533202006635e-02
9.557823148646245326e-02
6.913992695358106566e-02
1.438927484964215853e-01
6.768439079711682793e-02
2.538495369768543064e-01
5.099158083005159159e-02
-4.523066505061394682e-02
9.414718627690080166e-02
5.305975746012782379e-02
2.713398322908917165e-02
5.984671681412968847e-02
4.209622100481807960e-02
-2.907505610474174843e-02
8.969655644660773364e-02
-1.873354571582936667e-01
-6.897134820764581897e-02
-6.839258412288830302e-02
8.325238590521821802e-02
-2.931390881064283027e-01
7.451639882134503123e-02
2.506884458875779931e-02
3.854488758129795412e-02
-4.333071091494263005e-02
