-1.792212936507774079e-02
-2.911899307285330946e-02
-6.943632523556160507e-02
7.346798420840110200e-02
-1.459004722052826240e-02
-1.752276654662412170e-01
9.901896303999144222e-02
1.097232076645562465e-01
-1.551305200738074541e-01
1.268644117719213704e-01
2.374388540529810965e-01
-2.076734406755108286e-02
-4.554761753638276733e-01
6.944665066694054312e-02
-1.704752670638502998e-01
3.199018485980400506e-01
-1.056505467407535120e-01
1.045510652322644840e-01
-1.607744226725268955e-01
1.278966303162847595e-01
6.325480649532676525e-01
-3.714966605268216204e-01
-2.206439070666698365e-01
1.160466125594338122e-01
1.519685824439518940e-01
1.717006011624551687e-01
2.011037032926996093e-01
4.924368329506561420e-02
2.266007806508692490e-01
-7.878143411240602634e-02
-1.194204209340556239e-01
-7.699387905788292186e-02
-4.500093467717737883e-01
-4.255740221516126076e-01
-1.768238862764174302e-01
-2.056116858868984876e-01
3.880594625787290308e-01
3.604868027908913475e-01
-3.599299923278320157e-01
-3.291187575796140075e-01
-6.231307351659513827e-02
7.462990291526239162e-02
-7.740881411510935894e-02
2.648499050511030073e-01
-1.786579681371810446e-01
1.343091259755048450e-02
-5.116062449226901204e-02
-1.543793121786835865e-01
2.296873647668694063e-01
-9.024793634259602182e-02
1.969506530964697799e-01
-4.405774259337997406e-02
-2.873963475901168407e-01
9.095202430781436365e-02
-1.632585081606880983e-01
-3.471624800688579704e-01
5.252946541928513874e-02
-3.192565667093699155e-01
-1.995256884708271616e-01
3.892584139452008249e-03
-3.888010008195214584e-01
-1.246833145085889973e-02
-2.644572098802076485e-02
-2.378284283665534765e-02
1.766547632675579127e-01
-5.844004323100222278e-05
6.550579363184071136e-02
-9.770506188529605451e-02
-2.188006007267965791e-01
1.390047602876146038e-01
-1.571352439424768266e-01
-4.119819378475390592e-01
-1.819592510032615740e-01
1.338523073177750322e-01
-2.845807982367326572e-01
-2.035479530171541412e-03
-3.087757917422804810e-01
2.623437911918545251e-01
3.495804009973622617e-01
1.014098282353829150e-01
-2.810694343322999722e-01
-9.010991884448439626e-02
-2.093112691389512892e-01
1.714244951163564623e-01
1.692053703333261661e-01
-1.683637539666885119e-01
4.643394568834478126e-02
1.025558281535397243e-01
1.721443190058525585e-01
2.040491795944390230e-01
-1.379015959483056442e-01
3.349346189800457840e-01
7.437676790868459620e-02
-2.840999092216484612e-01
-9.780796022894332198e-02
-2.336710218558926688e-01
2.422959650860243563e-01
-3.744479595195444599e-01
2.178793872599083525e-01
2.004638668128586043e-01
-1.877622923276707767e-01
8.330352899582969817e-02
4.928238112845498287e-01
2.485130944297061772e-01
3.199334010623960944e-02
1.046840114468933491e-01
-3.997095147357884182e-01
-2.227241072080793360e-01
-1.567095570105217772e-01
-1.167061468982598382e-01
-2.150499795315748974e-01
-9.577656569685412402e-02
-2.016614131117161479e-01
-1.245250651418117627e-03
6.714954402221977314e-02
-1.069975698984681617e-01
-8.417766645428294281e-02
-2.217347759515729821e-01
-1.307383805772626695e-01
5.494599850412076880e-02
-6.260419120786250846e-02
1.511999529451488189e-01
-1.224957039730794339e-01
-2.143992955465388039e-01
-1.088784053513163486e-01
-6.963267065786254983e-02
2.425120245513951445e-01
-6.976789567558447369e-02
-4.367648473268674336e-01
-1.647269141452735453e-01
1.225931892760406261e-01
2.407372378638720500e-01
2.573698935207498380e-03
1.380156202920544972e-01
3.760224905590552891e-01
-1.764262416674660106e-01
3.375388823158091967e-01
-2.009142983066904420e-01
2.379194452323191988e-01
-1.298637733629966484e-01
-3.461262039593208106e-01
1.626781497184877356e-01
3.023802083358030357e-01
3.746214966565374754e-02
1.385013182798130738e-01
-2.804321389663737008e-01
-6.078292240498354634e-03
2.455738834463714049e-01
-1.527593798658058999e-01
4.090107743154759445e-01
-2.599913105439246030e-01
5.198183551390481161e-02
-2.337437056482430386e-01
-2.133326382053628845e-01
-1.669104306771604929e-01
4.174541763234975722e-01
-5.956296444377202903e-02
1.073316665818235989e-02
-1.150656780849494826e-01
-4.970158508655737883e-02
-4.550906033495670522e-02
1.533042379451520811e-02
-5.692364205907298608e-02
1.810046015135231834e-01
-6.512167719393613385e-02
3.410891360484673007e-01
5.885890884669671419e-02
1.135011798808229638e-01
-1.716525307765640607e-01
4.090073414726961426e-02
-2.300572842294028031e-01
-5.895860058923970033e-03
1.391099264900348409e-01
-1.207688758569228082e-01
2.357930561158767119e-02
-2.883003332620593384e-01
-1.794199388513669224e-01
1.883924559963457424e-01
-2.791322983918805289e-01
-1.202024390519818298e-01
-3.651117837600463545e-02
1.863922186840136497e-01
-1.506265187551820428e-01
7.204099822162239597e-02
-2.340202652660830218e-01
-1.467407681727182223e-01
1.006584181349794438e-01
9.599471794410985304e-02
-3.737887669379350575e-01
2.132853451210794601e-02
-1.817746465933939848e-01
1.792258173663684451e-01
2.234464774512282814e-01
9.621805644616769626e-02
-8.080250576093016279e-02
-2.400820265578228196e-01
3.923592301305899865e-01
-3.092300456188825653e-01
-1.087495522267989262e-01
4.573432493858421710e-02
7.723175629251526064e-02
7.943717004007200266e-02
-1.564962299200119422e-01
9.106735765781777403e-02
-5.553835579918556774e-03
4.909558333551720249e-02
2.391746378635228182e-02
2.773115082856221492e-02
2.088265901092398735e-01
-2.260364462586572296e-02
-1.506397762188876888e-01
-9.904250262259961524e-02
2.672831329127348665e-01
3.430974283856313978e-01
-7.433497378554483614e-02
-4.114349456124648252e-02
2.819874942207156177e-01
-2.050867155490353477e-01
1.503812882771658754e-01
4.720255177467631014e-01
2.762060276956391225e-01
-1.858720411347533907e-01
-6.699176077204238577e-02
1.430954851000234562e-01
1.509119856755459788e-01
4.019565914510940252e-01
5.759697990703101927e-02
-7.974569315096038946e-02
-1.676750627163318685e-01
2.251835082399057941e-01
1.586881827643920467e-02
-3.685723583957943583e-02
-1.494610916853814087e-01
-4.618463622134526270e-02
1.184635281661619022e-01
-8.521863132541036834e-02
1.869551116010509106e-01
8.662416796367859717e-02
-1.155283449276584135e-01
-1.627614664086340923e-02
1.938468386377366626e-01
-1.430074975313402608e-01
-6.750185921250898393e-04
5.815591088938766584e-02
5.022427538713608759e-03
1.410075878750700895e-01
2.216181117066615414e-01
-1.753141668688383836e-01
-5.458258524697744141e-02
-7.022543112926858677e-02
-2.312275913217532730e-01
-8.100385141683842660e-02
2.099330799470880971e-01
-3.578407098070371384e-01
5.007952509208508651e-01
1.000000000000000000e+00
7.998846332818602134e-01
6.317202960172325632e-01
2.480044499830177107e-01
-9.213791158843409601e-02
4.207457418317708808e-02
-1.498309600641826826e-02
-2.422675595819944183e-01
1.847793276776322768e-01
-2.246760389521301471e-01
1.384259021126150457e-01
1.980573943007929716e-01
2.036493125058781023e-02
-1.878704286351426944e-01
5.196629924709279813e-02
5.667347145299155009e-02
-2.004676923524235654e-01
-3.088185588190534014e-01
1.063771412294047813e-01
1.871520663311016519e-01
-1.528544854954561327e-01
-6.264435706519198843e-02
1.284509681674909642e-01
-1.742579389860540173e-01
1.271148990897712494e-01
1.911923734524647589e-01
2.906518602972222864e-01
3.007842744170262095e-01
2.392377347650715413e-01
9.279580880005988686e-02
-6.433219972268339193e-02
2.450391175384708797e-01
6.046424377916412470e-03
-2.229177913053947413e-01
1.914559023924697623e-01
-1.423481174708830788e-02
2.686821967875806516e-01
-1.521597447682321025e-01
1.977211067365303165e-02
-4.477740873585150938e-01
1.957821247662132891e-01
2.699738511818509101e-01
4.140718568045019254e-01
-2.520424840058697047e-01
2.731662572772922126e-01
-2.046728898405711095e-01
-2.656761905130162749e-01
2.828560874830519656e-01
1.595875927234868819e-01
-3.137133803716989078e-02
4.442866167310763337e-02
3.084466720254173677e-01
2.362426413409824399e-01
5.122690922932832125e-01
2.154231517437235968e-02
-1.328552026881378856e-01
-2.807695922029087021e-01
5.603529352416041637e-02
9.428747271557894050e-02
-8.852287335223579801e-02
-2.196540375522758326e-01
-3.303851484949726913e-01
1.777544522210513789e-01
-3.468318386609977599e-01
-1.334356986155482358e-02
-2.077477794133823774e-01
6.540522325248185331e-02
-5.267390967640520061e-02
1.540752756241191845e-01
-3.162514482374352287e-01
2.393143449671914780e-01
1.363100937200621976e-01
3.670976038644706008e-01
2.828279495295818458e-01
-2.185062834526426967e-01
1.501638571522112275e-01
3.461340374379937024e-01
3.180896174837150592e-01
2.588732871386474899e-01
-9.364205697956709540e-02
3.068575990965506928e-01
-1.747484814714113932e-01
1.588541534289837076e-01
-4.935680474223424000e-03
-6.112845702535468773e-02
4.536454502797451771e-02
-1.752580931671511022e-01
3.620154591632743224e-02
6.150176417492612957e-02
-1.569863554485668999e-02
-1.730304253526908018e-02
-2.006566275826066337e-01
-1.045066097841391983e-01
4.929821865684044097e-02
-3.676481275853024089e-01
2.932702882402005162e-01
2.984992557816935621e-01
1.861527236630472759e-01
1.281801246658345605e-01
3.587246068457063397e-01
8.003258089211685855e-02
1.644243339364527268e-01
-8.300351603642612541e-03
1.230243901189129879e-01
1.643787497986591017e-01
6.023798542334427020e-02
1.154234954369933175e-01
-2.600776573006475037e-02
6.881274614483369467e-02
-1.824814507493884574e-01
6.384555336188263430e-02
-1.469416001513564607e-01
-2.494169081815686417e-01
1.669653401642816337e-01
2.224510611929301218e-01
1.157370595461648666e-01
-1.313899225446126251e-01
5.937660014784615359e-02
-7.752290426898221509e-02
-3.617831297626803999e-01
2.289287958408230406e-01
2.221779143075763574e-01
1.212894359280622114e-01
8.741949270651912240e-02
-2.264043698833014540e-01
-1.560948376159407812e-02
-5.664751821563614870e-04
-2.256636870770356018e-01
-2.371073013519279377e-02
-3.040110293834088484e-01
-7.814840946126648535e-02
-2.263987493975976317e-01
1.852087142334995773e-01
1.118896140647809845e-01
-2.922937105659738355e-03
-2.637809991920203601e-01
-1.490934933455017979e-02
1.557358874716230357e-01
2.305423316798919098e-01
-1.325375810137792987e-01
-4.081924962720842598e-02
6.884026384622064787e-02
7.321863351188191704e-02
9.179269545821784615e-02
2.238465210743568468e-01
1.529434047882395065e-01
-2.083280939341121962e-01
1.596272585397906785e-01
-9.790703873764751430e-02
1.996631264815181273e-01
7.091935463885462587e-02
-1.194177104478747337e-01
2.121978134484764078e-01
-1.397528480462735256e-01
-7.070044829216065585e-02
-1.726468131054823552e-01
4.266553400382237793e-02
-3.829465128476299690e-02
-4.063280457259116907e-01
-1.648187136172507283e-01
-1.193614700658455624e-01
-1.010223794573577270e-02
2.388909258939960756e-01
1.946637026549721816e-01
-1.755855349921381092e-01
-1.509715133392524333e-01
2.697885816525388836e-02
-4.149397847562984187e-02
-8.209576794321164078e-03
4.378083027398998323e-02
-2.651109942122683027e-01
-3.593090556860805695e-01
8.587915433708397106e-02
1.087347971878300512e-01
-3.679821325644268004e-01
1.695638518589237254e-01
2.412977715853974539e-02
-4.534376286564884007e-02
-1.188630037110470217e-01
1.182003462230983709e-01
-1.516354547880074954e-01
7.202561769083219712e-02
-3.073228728632850237e-01
-2.598856661891454367e-01
-4.008094277832282559e-01
-5.627053447926869817e-02
2.850720415576741065e-02
1.079955106217523886e-01
-2.678417270481721867e-03
-1.764466934817522925e-01
9.683497104769646369e-02
-5.299088395098909832e-01
2.147112664499806756e-01
9.594593691539390901e-02
-1.124538242404553440e-01
8.823395770959079065e-02
4.096173703271539096e-02
2.684826654186774908e-01
1.170658140622464760e-01
-4.830287485919224078e-03
3.593783000911708776e-03
2.476835002623193061e-01
-8.200151095330522610e-02
3.848662230816048413e-01
1.236221754045306737e-01
-3.933135638545039170e-02
-4.210529435343118299e-01
3.003008087631028888e-01
-9.979798123252350828e-02
8.723734741637075019e-02
7.027929137314298247e-02
-1.072559182882529688e-01
-9.154815674703076223e-02
-2.123005972856614465e-01
1.415662811272093979e-01
2.636774436605510488e-02
7.735030016971194966e-02
-2.203622379484718175e-01
1.919957532201106709e-01
-1.348444012343286424e-01
-1.413308111591367322e-01
-3.804664619458814068e-01
1.157147333393448024e-01
1.400424860923693560e-02
-1.116672305863179032e-02
1.602719285729104215e-01
-3.879984747402754480e-02
8.860785529091626256e-02
4.644636975034092258e-02
-2.643670965849751267e-02
-3.013046191114854833e-01
-3.996484517448138929e-01
-2.119054828462914042e-01
5.728044569279447384e-02
-5.161365975334487877e-02
7.776685825302384614e-02
-3.883981112610403186e-02
6.405780662852804397e-02
6.706378308277659295e-02
-1.095279062457639452e-01
1.806564143322713159e-02
-3.661178428030120724e-02
6.221154112793647606e-02
-1.372748120349664147e-01
-3.391914448431028739e-01
4.153570682556922411e-01
-2.336172445520645971e-02
2.579255671408808293e-01
2.029693740562815429e-01
2.233232584486989358e-01
2.924971721850734840e-01
3.827144484966338300e-01
-4.503949428548898598e-02
9.659959799126663360e-03
3.545633950498712772e-01
1.859201497375064793e-01
-2.698277664334774312e-02
