6.777237646961262532e-03
-1.599775923384293141e-01
2.112784871995918023e-01
-4.377674249435166698e-01
4.453900048837665382e-02
-2.398496659105742168e-01
2.558531546970859161e-01
2.182028679441418706e-01
1.790301055588858770e-01
4.236426298728631079e-01
-4.221780437905813255e-01
-1.737558544240285496e-01
-1.979054668482938817e-01
-3.846120267866552644e-02
-5.479743201363622418e-03
-9.500543254977995844e-02
2.874988916142762752e-01
-7.344457689956883362e-02
-3.289245092180199947e-02
4.653494325669937232e-02
-7.381566368865132011e-02
2.073362758011365325e-01
4.014568342814344160e-01
2.204205181743204567e-02
4.235460376396799065e-01
-1.869026840437449932e-01
1.363451831160257879e-02
-1.191183558851855312e-01
-1.955118239118587564e-01
-3.546969259893003462e-02
-3.659914562403834837e-01
-4.275008131765979935e-01
1.254790701466879377e-01
5.218525216462936989e-01
-2.175060888508330015e-01
-2.625045799113908673e-01
-1.847039405181133409e-01
-2.943416024889639604e-01
-1.531000577478841725e-02
-2.877274254209379878e-01
-8.962340329988666143e-02
6.505877955402225576e-02
6.268265425504807031e-02
-2.129813230180096773e-01
9.015961384640681919e-02
-1.336915283229309637e-01
1.681215873279053585e-01
3.949232323267392042e-01
1.382172050507005090e-01
-1.450860289800289839e-02
-2.167461728680291494e-02
-2.983475959990641163e-02
4.323855819527168409e-02
-3.603996639492663967e-02
-3.576740121028003372e-02
-8.003593820053216124e-02
1.732387077475987802e-01
2.479040206103807209e-01
-5.381584100037831164e-02
1.546396250317770282e-01
1.107256371613684343e-01
1.463001715740913089e-01
9.546899989473089931e-02
1.180294960256498549e-01
-1.073719295501062848e-01
-2.862161893282503256e-01
1.038727052233240633e-01
1.607897062626890139e-01
1.523445342649950296e-01
-2.782754672671624782e-02
1.327568361812870856e-01
1.509306559469228703e-01
-1.926538608412064341e-02
2.999057318893361135e-02
-1.610960591395360908e-01
-9.286824598238367645e-02
-1.623445302000791901e-01
-1.665281608159817350e-01
8.243628014564566286e-02
2.928939059134611500e-01
5.196879044279933968e-02
-8.251511769209865510e-02
-1.580534966650003481e-01
-3.262195711862773129e-01
9.320652504752655054e-02
4.990430820747149970e-02
-9.546712460082337846e-04
2.790988611665901620e-01
-7.114556625982107474e-02
5.919091036395551786e-02
-8.469202541892852099e-02
1.393149382822259641e-01
-1.024096506939946027e-01
2.168528432086020419e-01
-1.133977946353011274e-01
1.080717096786322357e-01
1.218797089095775832e-01
2.158019053410222821e-01
1.722007549293235462e-01
3.164780009567982194e-02
1.217186198134152797e-01
-3.260129116864760035e-01
3.167652261698729044e-01
-9.977988666970093179e-02
-1.424355727617823975e-01
1.298804465056868085e-01
-2.860598472470470832e-01
-1.138170550449523061e-01
-4.955184969797354899e-02
-1.131398377486407814e-01
-2.411876150344748407e-02
-3.868766872777216759e-01
7.211987150947651859e-02
-2.402642714710575278e-01
-1.280219183719692906e-02
-5.932232245796119526e-03
1.455172968682448553e-01
2.231024260121978187e-01
-2.487891213796070145e-02
-1.539124965480060669e-01
-8.428734274202046017e-02
-1.403255201228025550e-01
-2.666408946139741110e-01
-1.909814538268887196e-01
1.009529500726392970e-01
-2.705869863900915717e-02
-3.075056130583661562e-01
2.716135779249143067e-01
-1.357456197958235508e-02
-1.680522596970013272e-01
-2.994703607366827058e-01
-1.356741799193911802e-01
-2.439298050201899049e-02
8.549087826649411082e-02
5.764978382959243253e-02
2.163015264371886681e-01
-2.771251298630165727e-01
-2.359403770243422849e-01
3.030452439799024011e-01
-2.041393085594397638e-01
1.604846168541941842e-01
6.981185682390216030e-02
-2.789935182925033508e-01
2.515107316092921041e-01
-8.423889356414987484e-02
-3.342293433934822033e-01
-8.800475582806294855e-03
9.265762763148330250e-02
4.438477116989792554e-02
8.708504769738346918e-02
1.944407657070974793e-02
-4.478349028440448132e-02
-5.798522883089430868e-01
1.874282061652446374e-01
-3.714041711450816619e-03
6.347793186022560041e-02
1.216393307908645027e-01
1.664128795963025920e-03
1.883252518722344782e-01
-2.648774591830891922e-01
-2.217670179875343983e-01
-1.014413400420714900e-01
2.829400088741661490e-01
-2.710311235991787471e-01
1.612699720458970754e-01
-1.249331516134958020e-01
-3.776129234636455001e-02
3.567907499492726231e-01
-1.881984714877079912e-01
-4.174999373818854553e-01
1.191567825409360348e-01
1.746903468185209973e-01
-1.856552545520367414e-01
7.368843809481404050e-02
2.409883984494978482e-01
3.260885785457029451e-01
1.503518375239610572e-01
-2.910186656490803547e-01
-1.573452561325497656e-01
-5.175074651993451930e-02
-1.455171214195754847e-01
-3.746162379854462571e-02
1.609482838376769809e-01
1.993522592657251402e-01
-1.574339470192145651e-01
1.193885111792255925e-04
2.030828191573223751e-01
-1.992803288879920753e-01
1.313555446241314317e-01
-1.932431631326607391e-01
1.866124705477617551e-01
2.384197930950773814e-01
1.387345657309278085e-02
-4.594657808617143291e-02
2.296252553660051501e-02
2.317933965191791845e-01
4.913251974494593777e-02
1.563885438604050993e-01
-4.216363132149679727e-01
-6.314400199179324991e-02
1.725283229469922464e-01
-1.225289660285332552e-02
3.154492567410200343e-01
1.341370570109467475e-01
1.344791416308593335e-01
-2.911950599344293941e-02
-1.907229458256246013e-01
2.607933217269803317e-01
-1.436067457716272422e-01
1.088078266354987333e-02
-9.980662277982997599e-02
9.701831038259804349e-03
1.678877934295739671e-01
9.970457070783858566e-02
-6.880214904625463201e-02
8.011687262410475963e-02
1.317156368656353937e-01
1.567440729484965434e-01
-2.978003632074475715e-01
3.311434070309589028e-01
2.903021781993324058e-01
2.347784446395055624e-01
3.408109266942964677e-01
1.139634968649950730e-01
1.714575092170805837e-01
-1.444651730185176064e-01
-7.866358815213483902e-02
1.048204967324684878e-01
4.034148625304900815e-01
-7.854803889436844100e-02
-3.344476407213088365e-01
-6.752632963047948411e-02
-1.633773005701810374e-02
1.224314916794743378e-02
3.840762400186631953e-01
1.863435496787660683e-01
-1.644639851732995761e-01
-6.751074136424529970e-02
2.159631472634262195e-01
3.223849381557066240e-01
9.143586164571251840e-02
7.223603301237183083e-02
-9.144603793426256400e-02
-2.825257183192056987e-01
4.797806826588657536e-02
5.853950986991077882e-02
1.173511275548514039e-03
-2.187428308577349656e-01
3.361415854488509353e-02
-1.699651163008936983e-01
1.248682480492385172e-01
-2.016175841552119569e-02
2.782518568508088319e-01
7.190570848144416105e-02
5.658635912639152776e-01
1.000000000000000000e+00
9.878355382155762365e-01
5.308648737688494990e-01
1.786252385503176998e-01
2.947658464927687683e-01
2.240729721579186318e-01
1.939168805266469620e-01
1.339025041507920302e-02
1.510957871770364502e-01
-1.280372099157935928e-01
-2.543317285763723734e-01
1.289790210367562362e-01
-6.353024208399624465e-03
2.105699090391388029e-01
1.160318684080584584e-01
1.182162180625323938e-01
2.329316775820438612e-01
1.904962242984723983e-02
2.532866682148724249e-02
-3.179638170783262163e-01
-1.302807583036449113e-01
7.167464053114154521e-02
-5.995062598006540844e-01
1.551773130033384795e-01
-4.423774767000825808e-02
1.032561255774115533e-01
-2.510134771508997775e-01
1.825598241595434712e-01
-1.183049483974310950e-01
1.849541715069375758e-01
8.247701136846966041e-02
6.209535233560734002e-02
1.483634589442679452e-01
-9.543976114639239616e-02
6.064671429990221158e-02
-1.623423868721245167e-01
-1.953279195187214712e-01
-2.086046922674138493e-01
-1.121658922793278140e-01
2.030158107731430128e-01
4.121178075532849205e-01
-1.368729406371709152e-02
-8.757806242080216907e-02
1.768544528875052035e-01
-3.587357963926326998e-02
-4.374174032426261099e-02
7.463739343377882862e-02
-1.286528034839757098e-02
-3.192707518960705149e-01
-2.952155879069330302e-01
-3.421258634372923435e-01
2.419917749416119201e-01
4.697729452061447791e-02
3.255345109004642579e-02
-2.684295045068932350e-01
1.033791835327160617e-02
2.746661545086799827e-01
-1.896859678063290283e-02
-4.970169972461219166e-02
1.272684140755949711e-01
1.685296382930618064e-01
-1.573760348467177772e-01
-4.554530780495396058e-01
4.790842257310630736e-01
6.180915882119647486e-02
1.393951508417966278e-02
2.063777032310408766e-01
-7.612003452867539821e-02
3.673230412570788195e-02
7.996092836120190228e-02
2.816452013984510616e-01
1.837910837051706381e-01
-1.160656570404342974e-01
-2.526838118380236864e-01
-3.551756056704139658e-02
-6.809292854556908692e-02
-1.957650389922579483e-03
-3.703466504207538756e-01
2.555730243836084048e-01
1.394422471589025492e-01
1.152161633558316939e-01
3.208630442032285868e-01
4.930293650265437644e-01
-3.259081430195601703e-01
1.800835540074516572e-01
2.386690214932130349e-01
-2.755091862338994169e-01
-4.704889069372638621e-01
-1.343192863779944513e-01
-1.614871092576388237e-02
-2.076177001481964712e-01
3.688528003514632281e-01
-2.285888349937102992e-01
1.368415158690219346e-01
4.067869223939212797e-01
3.063883933699190210e-01
1.867677404948611120e-01
3.313626532916896794e-01
1.995413395274656387e-01
-6.491971383202146256e-03
1.486281839128953675e-01
-1.526119935945284001e-01
1.999294539698916184e-01
-3.299397450164327089e-02
-1.884533003789463229e-02
7.763518161133803330e-02
5.721181091731614154e-02
-1.173291958178639127e-01
-1.148441623829113759e-02
-2.229819547608518082e-01
-2.567878167435743153e-01
-8.556696023988941135e-02
-1.248857134392039603e-01
2.029316261384585263e-02
-3.643077697209984311e-01
3.502352811604059202e-01
4.904376725768128109e-02
-2.549910915474218331e-01
-2.532238585045566981e-01
2.357077691081842785e-01
2.366102704700944262e-02
2.100718801563233595e-01
-6.326319603532415403e-02
-1.485621037195561100e-01
-1.741924801150126767e-01
-4.228829165048711980e-01
-2.130245930384372377e-02
2.215929349590768094e-01
1.659371144722575908e-01
2.359322678522162136e-03
-4.945730580809810581e-03
-1.639630474210971023e-01
-1.964480401337660997e-01
-4.424074917532596490e-02
1.230522592358441886e-01
9.791547083078902536e-02
1.267049083615524874e-01
6.543191750522935057e-02
1.979374005093044453e-01
1.804339725864413310e-02
3.098158063581250236e-03
-7.230118203877554384e-02
6.068398506863478814e-02
2.961060400404498250e-01
-1.188331738444799446e-01
-1.213330521113564764e-02
1.995478626173481096e-01
-1.276161123007327480e-01
-1.281638764522246565e-01
2.028195942362157889e-01
1.937974109258012168e-01
1.151515131965232808e-01
8.271518408852754356e-02
-1.015237838662304409e-01
4.136790276656870935e-02
3.205941538994889761e-01
-2.595162862338763476e-01
2.642554234573736907e-02
-2.132273674595570601e-01
-1.076537136775216064e-01
2.423999829621287586e-02
-3.199909979796913273e-01
1.335899968003002036e-01
-1.566452541045193492e-01
4.462190232113392996e-02
-1.243821075807098608e-02
-1.576142080368763132e-01
-7.995955945767030393e-02
2.474575642016255128e-01
-1.903187841681777959e-01
6.299062149758613560e-02
-2.921062625103902910e-01
-7.260415821445820317e-02
2.955444025671608022e-01
1.027406401876084785e-01
-1.947663436460193576e-01
1.164597035398173552e-01
1.150777061651466482e-01
-2.834757768275922296e-01
6.922247552583579017e-03
2.579583676851371354e-01
8.128311428730450316e-02
-1.479627360586731333e-01
-2.629742503755838068e-01
6.672311076042308775e-02
2.401180912014180130e-02
-1.428403480746211485e-01
-9.020947744019092510e-03
2.381498917877460930e-01
-2.420819756989766314e-01
2.951104144172640026e-02
-8.908767573490872227e-02
-2.132896593939816177e-01
-1.061379144314214262e-01
3.101876149895328449e-01
-1.966676207336724019e-02
-1.392109435696196607e-01
8.236283989722562038e-02
-1.377203488806832410e-01
-9.726677225383036432e-03
7.783449087923768883e-02
3.736171505449497471e-02
6.763191655642375455e-02
-6.931993153044233025e-02
-1.890726713324926700e-01
2.638548407559986320e-01
-2.300584515910813754e-01
-5.427712013393538870e-02
-1.869535229519438679e-01
1.726580511790260231e-01
-6.686972364277669889e-02
-4.293217639018805931e-01
1.348371841187147833e-02
1.465175491239679995e-01
2.396263681628007514e-01
1.398118023950327138e-01
1.750734993490586922e-01
4.125002584917452503e-02
1.756619364116533688e-02
1.773441511000833359e-01
7.299691815296062425e-02
3.067018430737189494e-01
2.674156470121084178e-02
-1.171691788557666369e-01
-1.132676991502230557e-01
9.068290747668400487e-02
3.751588277238677299e-02
1.357482865389347121e-02
-1.940435253808256433e-01
-6.335249963719258304e-02
-3.152130222751796662e-01
1.841395686839183421e-01
-2.010870385683197203e-01
-6.438258167419254330e-02
2.568823804352995954e-02
-1.549843828820963443e-01
2.302590070314264603e-01
-8.773535437508489521e-02
-3.587936822308309542e-02
9.604215152475778505e-02
6.497535529150180733e-02
2.687521633302568658e-01
-7.932325771584289309e-02
2.753385326241894471e-01
-2.941980014052207881e-01
1.018695645792276755e-01
-2.693210686928225184e-01
-1.920209692334600426e-01
-1.534978900490954930e-02
2.878953983258172172e-02
2.639951064654139784e-02
-1.101282688851892844e-01
3.322948565345998917e-01
1.355701980060464718e-01
1.219597319681033076e-01
4.052610488464673810e-02
-3.107194024095816243e-01
