-2.898830417674890317e-02
-3.874323575297201616e-01
-2.481492523298657604e-01
2.283273367697803979e-01
3.012632521163273736e-01
2.322504521469556105e-01
1.864468451609514743e-01
-3.368098098146080771e-02
6.505205506163132256e-02
-1.609440878907430206e-01
1.096660791990076572e-01
-6.832723224795554662e-02
-2.851042494918966663e-01
-2.585749834784432100e-01
2.955335687000463785e-01
-2.434023047765807579e-01
1.351203401313502694e-01
-2.857188324976204369e-02
5.807828848164071911e-02
4.425044601003935152e-01
-9.066872626887258202e-02
2.060613189419705782e-01
5.365386878639427648e-02
-2.949842271771486724e-01
-1.466756507235894291e-01
-1.055870907046472101e-01
-6.314169515050508004e-03
2.453178610113182223e-01
-3.050201520270439670e-01
-7.189679271926108228e-02
2.129616475850399926e-01
3.390030247866569757e-02
-3.129809156422690142e-02
-1.917627406998660966e-01
3.506326511259501566e-01
-3.123772293233510050e-02
1.492761761742359417e-01
1.430191561704815262e-01
3.137505711548640441e-01
2.689563146601715027e-01
8.142698839703771396e-02
-2.304108928513017296e-01
3.089916574014503481e-01
9.751373023690604325e-02
5.884599649180248526e-02
2.193875778967334378e-02
-1.206744716100945219e-01
-2.182307645430576204e-01
-4.680688817511181876e-02
-7.807467442286700199e-02
2.626031953777001049e-01
-4.427522745123310122e-01
-1.371493342848527086e-01
-1.196103296242443659e-01
1.292635920014473527e-01
1.678170391584906662e-01
4.071377108741270484e-02
-4.724719282271488963e-01
-1.525502949833789090e-01
1.632752531270342811e-01
3.736912168519727212e-02
-3.115447851684024494e-01
-1.030038049775048314e-01
-1.075472764727535141e-01
-6.254454914157389633e-02
-8.921744332713735237e-02
2.066147494117832606e-01
2.816808637603315790e-01
5.477513170242573337e-02
1.258038440857385809e-01
-4.213704066578925767e-02
-3.792732356818170891e-01
-1.070492814693298211e-01
5.459211077643837812e-02
-4.345712076857155548e-02
-1.670485871633994521e-02
-1.461847950954371922e-01
8.510178105082007172e-02
-1.046340323328553423e-01
-1.199047869566837454e-01
-2.071445789377527880e-01
8.763131677536571684e-02
1.170830045601748415e-01
-2.515367101412407380e-01
9.355524311219921840e-03
-6.118303802872819552e-02
-4.285767891558640852e-02
-4.942571971025729732e-02
1.823303217807960286e-01
1.795708185957834435e-01
-4.159569962199020920e-02
4.171539984455036043e-02
-5.358745943340244289e-02
-1.305518286802470618e-01
5.625795201553982546e-04
-3.848815994754010150e-01
-1.210023917666642745e-01
-1.889882362942836569e-01
-2.903105097298235363e-02
-1.794021951955055982e-01
4.198453049237502871e-02
-1.963468143945056588e-01
-1.152656753157465241e-01
2.090395905850460367e-01
2.078527963051003402e-01
-1.053289294927069741e-01
-1.198837494657322839e-01
-3.004121737745943932e-01
3.623834740410000754e-01
-3.072472670835252329e-02
1.799933990190369648e-01
-6.396566168858686119e-02
-5.175508869141414586e-02
-2.384628506011657045e-01
-1.899508698176353150e-01
-1.316922020219319679e-02
1.321699879455307813e-01
-2.666539533767142145e-01
1.511775228556352067e-02
-1.818713006752114836e-01
1.124896441957949200e-03
-2.640833394344989093e-01
-3.520864149712062824e-02
-3.293535475634464804e-01
-4.856185080844153262e-02
1.930294896561008389e-01
2.267672669569399321e-02
1.581982408203697343e-01
-8.055562287683835920e-02
2.855496636612470107e-01
1.490149810196545951e-02
6.728069966324271012e-02
3.230088153229573322e-01
8.416692687361089498e-02
-7.461938365438226806e-02
-1.401009868290769948e-04
-2.886514229156018629e-01
2.065040185901187431e-01
-1.983760256799848576e-01
1.885324439493663018e-01
1.614311626366764230e-01
1.569874525272078325e-01
-5.603971027517451464e-02
-9.461941926812879322e-02
2.522436564501268075e-01
5.760193021333227109e-02
-1.002982644763692061e-01
2.181152113472433485e-01
5.062031867328271872e-02
3.356724134323231246e-01
1.232676291966953303e-02
3.313740169587567896e-01
-3.917637397313270681e-02
1.532715827334684734e-02
2.917586956385690433e-01
1.096106158901604399e-01
2.959458852721920663e-01
-1.408401974936158152e-01
-5.618525347759645294e-02
-1.013198723472661378e-01
-7.927400037662626908e-02
-1.026489005149971850e-01
2.855740720797939614e-01
7.714180133961427710e-02
-5.391600559884874438e-03
-3.177694722176072073e-02
-1.618035542524619980e-02
2.833195353198829647e-01
3.280556473554371855e-02
-2.134480078447709983e-01
3.647047417308108691e-02
-3.663254261281567725e-02
-1.302569837071787008e-02
8.366516342251126281e-02
3.478788651894152428e-01
3.440865382458402899e-01
1.630710436417522613e-01
4.233294998787491270e-01
-2.304258603013926987e-01
1.170240470978580472e-01
-2.253466865126461660e-01
-3.046466458498622298e-01
4.130684076285094652e-02
2.978799940431985371e-01
-2.192119311623364972e-02
2.017659127611478309e-01
-3.901902030933986909e-01
-2.509716493784537317e-01
5.119245719840415099e-02
-1.708601768576830382e-01
-6.273196560185916038e-02
-4.102058768937556776e-02
5.240748995750980910e-02
-5.235509601807328273e-02
1.978802751075270927e-01
2.637096587972232453e-01
3.005671623961797545e-01
-4.087142114397087078e-01
8.729800432026477153e-02
-2.725661817007037357e-01
3.408241068919011796e-01
-2.423353950587406325e-02
1.424948784944984892e-02
9.763100711769889806e-02
-5.680688065412047710e-02
-2.636429692219934839e-01
1.686510626155306447e-01
1.993116236631787830e-01
1.454684226475416176e-01
3.870474063976519358e-02
-1.584310202412585744e-01
-1.600249723128129714e-02
2.824908554822457007e-02
-4.557573420529618252e-02
-4.887512253683522212e-02
-2.809919199219776398e-01
7.662191219210841286e-02
1.569565278686024454e-02
2.861532436395412549e-01
6.214059176894132924e-02
1.454986377699614974e-01
2.013694878331706017e-01
9.147212464886934902e-02
2.648499001113498869e-02
7.910479256163116535e-02
1.093956496502523773e-01
-5.966608361196521632e-02
-1.002997034884023919e-01
3.293066392501531880e-01
1.822100158075826704e-01
1.255911009408386125e-01
-2.813663274799876879e-01
3.474928442236484560e-01
-1.762147471311555358e-01
-2.158800947339507836e-01
3.318748134646930942e-02
1.331763371868800450e-01
3.257378907042807192e-01
6.639210332096506795e-02
-1.094475358567569973e-01
-4.685159472934390806e-02
2.377251663680904625e-01
3.558471211512611032e-01
9.810925257386110543e-02
-1.401575408281101054e-01
2.300731724273708811e-01
7.202626981743157075e-02
1.952595285420587190e-01
-8.260961028191880079e-03
4.528603557827657472e-02
1.511725498126881839e-01
2.059108147315767134e-01
-5.819417758460930512e-02
6.698736232092161735e-02
4.719174328736436275e-01
1.000000000000000000e+00
6.412097159552525572e-01
-1.074480636754079760e-01
2.186587754860395694e-01
1.297287701291700325e-02
1.520623277580430421e-01
-3.276757277252416445e-02
-1.509359682528694721e-02
1.846839520706376964e-03
3.113522104268021673e-01
3.724106525500081033e-01
5.988617823491530767e-02
1.671458786028664212e-01
1.336481319673298029e-01
-1.251695069031011909e-01
-3.184380470063671864e-01
-1.146738766987697722e-01
1.964511496468725471e-01
7.146047562738792880e-02
8.179318724537627816e-02
1.391193798774423285e-01
-1.882776134672782195e-02
-1.565409462101864935e-01
-4.013919910729228935e-01
-8.302546178380086628e-02
7.979546214076752020e-02
4.253675081608339070e-01
3.109691459833110461e-01
1.529847754638697863e-02
1.129047967619684900e-01
4.589639130772608100e-01
-6.438571095214708218e-02
-2.514279669200549239e-01
-1.736565585221082064e-01
4.774088116930162717e-03
-4.031615937932393756e-04
-1.204703178097288746e-01
-1.493203575317841869e-01
-1.792971140813501285e-01
1.192873192414266453e-01
6.330218259015732429e-02
1.600802313442561617e-02
-7.825027575135588831e-02
-2.051246794668348250e-01
-6.334753962275117833e-02
1.990645888834868538e-01
1.349342285000053598e-01
1.688869152780470007e-01
-7.005538750953704992e-03
4.976169890619987386e-03
1.811592511914470738e-01
1.188891472367201024e-01
-1.703420099970347212e-02
-7.374700893541766278e-02
9.214304468075515397e-02
-3.742491645049134813e-02
-2.111695665270608702e-01
-2.598662537003709194e-01
1.640888999502126688e-01
-1.880232395648104016e-01
6.209476522458001052e-02
-1.994457726456573821e-01
3.551436982364020167e-02
4.610528738126640907e-02
-1.685356625438525213e-01
9.374149467576757544e-02
9.874577463032030433e-02
3.111950538166344260e-01
2.761011250087911373e-01
2.132617943234988711e-01
9.098815098701069914e-02
3.240921830574296919e-02
1.327149632539020019e-01
-2.261281356421350197e-01
9.199779265778992854e-02
-2.690048468243200208e-01
3.035595617214658648e-01
-1.087732448972756893e-01
-2.588509732793122797e-01
2.262403048973420927e-01
1.097528219354766549e-01
4.236652987658457992e-01
-2.285045327086108330e-02
-5.370745734191968712e-02
-2.863054567054781341e-01
3.896221315215735170e-02
-2.686563483098272087e-01
-1.061611582699185236e-02
2.630514443207433439e-01
4.210205382492698128e-02
1.972589559956992034e-01
-2.221040941613637854e-01
1.857190565786532022e-01
-1.421099879767921126e-01
-1.261495605380606455e-01
-2.242222653502994323e-01
-1.670017024208125256e-01
-7.061012478489088473e-02
1.875063958164738531e-01
-4.742719363744514471e-02
-3.073322659748069577e-02
-5.426070297291033656e-02
-1.030747564824193857e-01
8.446351784565221676e-02
2.956401980422384418e-02
-1.131078927636435250e-01
2.019606424782968979e-01
2.211779857465403232e-01
-1.066300074853442081e-02
-1.303193747877734732e-01
-1.351151839058391257e-01
-7.574681702391007632e-02
-1.317495586256092477e-01
3.156025741462494261e-01
-2.712187644995898150e-01
-2.314564440796965661e-01
1.219850147825142644e-01
1.455234465839248120e-02
2.763248266323567459e-01
5.360320445994607580e-02
2.564871272460508278e-01
-6.398304802972673566e-02
-1.339054371046299874e-01
1.844082773332134106e-01
-1.400406167397000856e-01
9.964352076159724292e-02
1.263781778633989994e-01
-1.944088865201049621e-01
-2.001564184632389706e-02
1.533799889697764207e-01
2.710383467249609102e-01
2.741588969835193623e-01
-2.401359142081339604e-01
-1.239739772394869710e-01
1.211794315286957163e-01
-2.930994969296240194e-03
-1.635130104411453844e-01
-3.602771654312754857e-03
-4.167524352403640699e-03
-7.860089910209406769e-03
-1.491236064436884945e-01
4.232296687982147615e-02
-2.805180083871763319e-01
-2.386313572820807638e-01
-4.123075207149407354e-03
-2.226371142268251391e-01
-4.140141215263012237e-02
-1.998649652560869072e-01
-2.233631000474667894e-01
-1.484202203519165431e-01
8.534278548814008825e-02
-9.952819326008582879e-02
1.782530569714251278e-01
1.196037044884270539e-01
-6.431073861977683326e-02
-9.561373476839171714e-02
1.996961777744432620e-01
-6.678548284977298133e-02
4.485198185839073953e-02
-4.586099165020818269e-01
7.020032190870845179e-02
-4.243476032174592905e-01
-1.478045678328480383e-01
5.373551040377787941e-02
-8.731087840774395814e-02
8.262244549048518294e-02
-2.168828009073166599e-02
2.348555316055661590e-01
4.104123803896379125e-02
1.002159504661753742e-01
1.298260828048531934e-01
9.775433715413470170e-02
8.604565083393569958e-02
7.630285064508124382e-02
1.927875450382755262e-01
-3.135498285590840317e-01
7.633974600973324198e-02
-1.808641057379502814e-01
-2.563907373663568690e-01
-1.017971936093508695e-01
-8.841295725018792628e-02
-1.630828146243416543e-01
-2.654804689255144123e-01
-1.790532932329007565e-01
2.758048399476274726e-02
-2.131157925665282393e-01
4.595139535803764025e-02
-5.602960844962862064e-02
-1.049316867112869284e-01
2.195907069114738097e-01
1.562936475150053794e-01
-3.884688565063500881e-02
3.170886078558050603e-01
-3.930153461368333240e-02
-1.310089434158713019e-02
-1.581788168015344498e-01
-6.201610352120092567e-02
2.712618187820068916e-01
-8.308614943760755933e-02
-1.824322789976057513e-01
1.926456639428839601e-01
-2.547092573976459384e-01
-1.827650875919806794e-01
1.343808318006824154e-01
-1.733609643143111112e-01
4.960433859544636365e-02
2.654045924800286019e-02
1.915913435603526782e-01
-2.815650004054760704e-03
-6.409987673470995961e-02
5.433896715619805640e-02
-3.167630455558377855e-01
-2.393672094337279677e-01
-1.149368140798598531e-01
-2.468462336182768724e-01
1.530605577451160659e-01
-6.544761295774971510e-02
2.276939936190999422e-02
-5.133709959848840876e-02
-2.870277019209020453e-01
-2.236336697073355861e-01
2.073338460831366387e-02
2.926169764458128042e-01
-1.408006924710831498e-01
-2.993874802275379721e-01
-4.293169328340033092e-02
1.681620047198260082e-01
7.555857117446165838e-02
-5.733672558802713204e-02
-9.186729598211514081e-02
3.565570233058629190e-02
2.346019845372138146e-01
1.305377282620149015e-01
4.953008873310304344e-02
-8.590032089128464554e-02
6.342934268720611113e-02
2.682498100205837899e-01
1.286176855602710889e-01
-5.181684567963178861e-02
-1.551945088880664070e-01
-2.161559781941852221e-01
-1.165426946296004296e-01
3.627800281228720225e-01
-1.209232475384951211e-01
-1.266286457621141337e-01
1.053562600845382446e-01
7.974553124157594819e-02
3.163898806353185877e-01
-5.234720040229605409e-02
-9.379064799850649059e-02
-1.038738105623381036e-01
-1.497008908155929574e-01
2.052584892313374931e-02
-8.771664892075035913e-02
1.872830191428437596e-01
-3.564986243473609873e-02
-8.743328425008041471e-02
