-4.246450027931058524e-01
-5.948059094940944674e-02
-6.074897168612806986e-02
-3.631950668376998648e-02
2.082683944331356618e-01
2.330454274210294607e-01
2.561007075345626480e-02
2.247813400918445212e-02
1.993780234666178014e-02
-1.401691477798642782e-01
1.628841255422478762e-01
5.025059879808578822e-01
-3.593799151215734330e-03
1.074392547577113777e-01
-5.102599126693635467e-02
-6.578296786783571770e-02
1.528408652231861287e-01
4.147480051087149566e-01
4.078321298838885611e-02
2.186158756918851198e-01
-5.067918733753687399e-02
-1.964397142313259736e-01
1.134022274040294431e-01
-2.202446783941400810e-01
1.388779665520663009e-01
-4.300946506443475426e-01
-1.749761790720619770e-01
2.280583530679831661e-01
-6.833222270615288418e-02
-2.563703277554382209e-01
-1.930058533095443674e-01
-2.278626125633664012e-01
-1.652291704153668189e-02
-3.559379723868946743e-01
1.844808366879500949e-02
-2.000267645672295508e-02
-2.367558131620758621e-01
-8.598908294923306161e-02
3.976014736856038623e-02
1.478647561227472984e-01
-7.281515931279321230e-02
2.196188027916883556e-01
-1.052353724787798150e-01
-4.639663337436970014e-01
-4.059041198431309061e-01
3.551550176528151526e-01
1.342828305656879329e-01
-3.941796286569964058e-01
-1.430544913866242940e-01
-7.086770615895472691e-02
-5.900245408053659407e-02
1.719267647111676900e-01
2.016144623748500342e-02
3.022053440935053570e-01
-1.781744121089116895e-01
6.376605626709112851e-02
3.579410115231260181e-02
1.213363711007662549e-01
4.796011886784302125e-01
-5.610843279587744009e-02
-3.426561790221967496e-01
1.269265297526683267e-01
3.651324910500702847e-01
-3.997797292262355029e-01
5.379266702343438178e-02
9.803004319897327956e-03
1.420894707911710131e-01
-3.933021629516890716e-01
-6.836583668918571055e-01
1.144352487224337689e-01
-4.399851887620558413e-03
-3.570698065085130268e-02
-2.660892194273036249e-01
-5.678316637403396649e-02
2.717534958450158467e-01
1.896407987946631315e-03
-2.389646357992451509e-01
-8.010770609329445624e-02
-2.560031168393959167e-01
2.329250781091165290e-01
-4.540675254422023993e-02
2.081221642116590220e-02
-2.587989602214831875e-01
-1.239020363269581759e-01
7.940726332993320799e-03
-6.408911818378785208e-01
-2.962850465854435233e-01
-1.943405257450992185e-01
1.828591082956484634e-02
9.866503667036960815e-03
1.090526658136616589e-01
2.690447533641645433e-02
1.840013799241224657e-01
4.340260736870105857e-02
1.377819782260158443e-01
-2.238700331301195501e-01
2.336661171673481141e-01
-3.862806728864631167e-01
-9.443092080022243151e-02
-3.262256167093837145e-01
-2.175294028734201524e-01
1.100754813418668432e-01
-1.507522339548234003e-01
-1.796411769463344410e-01
-2.308484216473790651e-01
-8.509808594375986579e-04
-4.096391271050334182e-01
-3.635569161101525615e-01
2.596286570809456795e-01
1.138385499330684253e-01
-6.440849101304062241e-02
3.134902202156301110e-01
3.139448892795322354e-01
-3.663160388599945860e-01
-3.538074162551730906e-01
1.077738337888485276e-01
1.352130896446754604e-01
-2.680918193407182126e-02
9.857769027112806004e-02
-9.797213289202122422e-02
3.134927716631730199e-01
-2.804899503647819148e-01
-1.002538920166238245e-01
1.893773410129921397e-01
-2.129179394602280784e-01
1.533779171023399168e-01
1.036644752327604002e-01
-1.208017127260627710e-01
1.555775664720776275e-01
1.093693847119434209e-01
7.667937907007808807e-02
1.250540597568040313e-01
3.415111392358829434e-01
5.011962640262978413e-02
9.660117082770060259e-02
-3.161087032829595217e-02
-9.141097159277529471e-03
-1.529715124738151022e-01
-6.782326581140416151e-03
-3.860710979089993639e-02
1.255550984360619300e-02
1.202681802311527104e-01
-7.861108794143807643e-02
-2.073925489886314366e-01
-2.482097294412010657e-01
-1.523513458794927833e-01
-2.005487997270548051e-01
-2.156977146946358892e-01
-4.090442309871037546e-02
1.010769716499255594e-01
-1.973324564657264468e-01
2.172753500863057741e-01
6.340243850885646237e-02
-2.371663481552577502e-01
-2.194424428434511506e-02
1.436495882901670240e-01
3.885924524561304438e-01
6.020175558911606828e-01
2.621366115439281441e-01
1.179290479897529414e-01
-3.037191137206367020e-01
-1.179589429215449209e-01
-1.151304584670553438e-01
5.279535987814006071e-03
2.030248019014170915e-02
3.310690533585847195e-02
-3.817054176399312798e-02
-1.298583641846378089e-01
9.682659601726087070e-03
-1.900988063205255874e-01
4.047119081364911608e-01
-3.789911685492954874e-01
-1.194208687367439847e-01
-2.232144101429761329e-01
-2.685721595980761767e-01
9.583056070286426198e-02
5.169903935354345226e-01
4.616505940347485903e-02
-2.001461461994302471e-01
1.808437015814379767e-01
-3.066501057291781684e-01
-1.149590939853993299e-01
2.085563201022014868e-01
6.485901593106058183e-02
-2.462329461248977114e-01
6.474734739190184975e-03
2.127931821295709069e-01
2.576773928338680908e-01
1.842627723761754988e-01
-8.411530277651398102e-02
-8.437055981071361899e-02
-4.850093153976511862e-02
6.419601166162020034e-02
-1.070257189385404317e-01
-1.753821159471738722e-01
1.037037565000318989e-01
1.737755535603852652e-01
-3.014424483036365343e-01
4.117751552445964199e-03
4.317260797762458302e-01
3.729914689044483422e-02
1.987517438926303392e-01
-2.064276113541979041e-01
3.595201701763243163e-01
-1.794248698992503832e-02
-7.073967034817996158e-02
-1.287060031083659406e-01
-6.201375007755568353e-02
-1.225905402610205225e-01
3.152155805596538740e-01
6.627173234288998016e-02
1.488707670095869018e-01
6.234469892730987173e-02
-1.129147363558964390e-01
5.318935560164998744e-02
-6.094248460840292342e-02
8.387861453272256462e-02
4.914241354212099400e-01
-5.215383364053070153e-02
-1.503197317064930982e-01
3.890872388444756996e-02
9.280751702212096388e-02
-1.619118758053533780e-01
-2.157961335013614534e-01
-3.068257952685448653e-01
-1.357374304971734336e-01
-1.176381398696785541e-01
-2.225927062488704533e-01
3.086426471092126311e-01
-3.989052155881631090e-02
2.280839717008047163e-02
-6.842832637573377508e-02
-3.839340322368581943e-02
-5.733232521287373942e-03
2.777453076579942670e-01
2.741770621659360696e-01
-7.486636588512714241e-02
8.013773572582878757e-02
-4.021425518017516243e-01
1.389873965488162277e-01
-3.231487379447368635e-01
1.933556488774357818e-01
-2.551735687355564108e-01
-1.947449345079386163e-01
-2.483259945995294204e-01
-2.791080738527093597e-01
-1.883892594388026087e-01
4.033863593657815126e-03
-4.887030437540821337e-01
1.179027970205827613e-01
1.145268231800975200e-01
-1.805474312871435671e-01
3.721853717295132702e-01
6.549022203660250785e-01
6.225967580273332747e-01
1.000000000000000000e+00
7.014352755503714398e-01
7.960512884403776468e-01
7.589686150664364250e-01
-1.474259605134572437e-01
3.121586223796007364e-01
2.743216525264255967e-01
2.188252709825997955e-01
-6.934938921855374194e-02
1.708828194838586667e-01
2.009990883346627899e-01
4.308412327886277371e-01
2.751121602671334765e-01
-1.270647991897479456e-01
1.928492189626211106e-01
-1.810618794144143798e-02
4.404726663126471431e-01
1.660454291989318376e-01
-1.096537588405599589e-01
2.616707409170065946e-01
1.518944885308088147e-02
4.252517381959929760e-02
4.363676420017668645e-01
1.613931701874346814e-01
9.623144062030722368e-02
-5.334493905083890347e-02
-1.215460397255233443e-01
-6.446736927336049749e-02
1.230380365169319173e-01
1.356206097569875868e-01
1.368887358083274719e-01
3.577680632735842359e-01
4.585524916667985812e-02
-1.578899708034109117e-01
-2.130239942346293658e-01
2.419961541916800917e-03
-1.583229640475043998e-01
1.688445110564137930e-02
1.638723038587235614e-01
2.193684307171568371e-01
2.591426525277405468e-01
-1.142157443837785308e-01
2.973822713148123742e-01
1.210653419479548465e-01
1.505382402723555724e-01
2.729449018781610059e-01
-4.125739164255475266e-01
-1.225211647751617144e-01
9.255042313077678148e-03
3.717497729783697524e-02
-7.318538051596355787e-02
-9.365874121941088204e-02
1.072613097998556669e-01
2.264880940912129548e-01
6.490952632377409992e-02
8.991626159219782283e-03
-8.051465252245169901e-02
3.832481412605706628e-01
-1.186068794098402712e-01
-8.641999277286593895e-02
-3.533116601576122839e-01
-7.639254132236322770e-02
-1.093117939333979188e-01
-2.197534974459270929e-01
1.254146626341827164e-01
-6.186914593584110639e-02
-2.572431539989728511e-01
1.129720862302882600e-01
2.237873321089119127e-02
2.230991175150765227e-01
5.586332615329355628e-02
-1.065952541732676367e-01
1.049515031271928550e-01
2.263322618894081720e-02
-2.096051735315289100e-01
-1.158321978830486737e-01
1.424809411307566553e-01
7.410235893155711628e-02
2.083189369820685477e-01
-1.123348422078829095e-01
2.024470018601790822e-01
5.182345745672655157e-01
3.009859686059361827e-01
1.068321460239542720e-01
2.318048946719063474e-01
3.423202941343047034e-01
3.147236917457357785e-02
3.982496608002438626e-02
3.972615365431926837e-01
5.892616047206582913e-02
3.176766234468376970e-02
-8.137323935338870717e-02
-5.438508237241976989e-02
2.232587526879888651e-01
-1.348324071741483637e-02
-2.301624267875336249e-01
5.735381807479370680e-02
2.124318703209699954e-01
-2.874782486431453621e-01
-2.914680127559871603e-01
5.815197556441615429e-02
1.529232847883713053e-01
-1.075346773321895488e-01
2.513633244220247684e-02
3.462483508851414427e-01
-3.286340544650825229e-02
1.611866315608002087e-01
1.117320169144919717e-01
5.231625170401441038e-02
-3.982909787586975670e-01
3.068023180024764818e-01
9.132396239000594579e-03
6.172965819679557264e-02
1.123287759256359980e-03
1.131916505612685780e-01
2.442949068690026537e-01
1.926661435472019346e-01
1.114349409467167984e-01
3.079327439798055788e-01
4.896118962717401629e-02
1.419724737328844910e-01
1.476406625798498407e-01
1.285440995274908862e-02
1.070045338408669583e-01
-9.891483480468876710e-02
1.564254886732578953e-01
-1.765336762173622398e-01
-1.135537450746418320e-01
1.429845786938885033e-01
-1.000506137687819930e-01
-4.205860719423670790e-01
-7.572110946664700748e-02
-6.716145078257916567e-02
-1.655344106271585958e-01
-2.011306762331704912e-01
-1.461669939483376257e-01
2.831570497967612898e-02
-3.741792422086666625e-01
-1.908668374353413577e-01
2.362756017865426661e-01
-1.401813267406959440e-01
-1.716087486254773767e-02
1.510729953893314159e-01
-1.586804601691382821e-01
1.626073269722794548e-02
1.675377222930775067e-01
-3.953527626192969435e-02
7.915906345584097781e-02
3.847499414665422196e-02
3.119110380630378820e-01
3.947023443812939791e-01
4.392847146608799824e-02
6.834314634140201128e-02
2.601450840380113982e-01
8.787325441772156354e-02
1.515187412774527953e-01
8.808745657448188715e-02
-1.851639654392020773e-01
3.171862698017927640e-01
-1.153326352860042647e-01
4.383488708785819588e-02
-2.503149844391145962e-01
-1.011677731376115219e-01
4.690543551086339691e-01
8.691062273296311369e-02
-2.377660710129899657e-01
7.769611889912693414e-02
9.089248241149786023e-02
4.211081854569494881e-02
-5.296394296805621849e-02
3.367224995147268807e-01
2.996546162678297431e-01
-1.104794315387629261e-01
-2.319323846356181607e-01
7.927024868777818312e-02
-1.143881046382273087e-01
-1.501618517687818566e-01
1.692862773817127020e-01
-2.137448626166163490e-01
9.431486870992827898e-02
-3.183394972342010881e-02
2.279286217407043569e-01
-3.794252687801474844e-02
6.647934024222554306e-02
2.954456813871127532e-02
-8.745655671786423113e-02
-1.648127460328298044e-01
-2.853708964435186513e-01
-1.043139860444282363e-01
-1.349703492177197761e-01
-6.450661379068470258e-02
9.122220404543079919e-02
3.341092405522680386e-01
1.776554518056004672e-01
-6.960971699164734960e-02
7.836907427336016474e-02
-1.238231823570754009e-01
-9.471264214528200831e-02
2.605423845788993331e-01
-5.979340687960457701e-02
3.070053140024756599e-01
3.042653156248718016e-01
4.410775609716318102e-01
1.173622254835434697e-01
-2.985251817431798238e-01
-1.667119993373439857e-01
-1.928943490798034621e-01
2.521663290559886805e-01
2.617539015696195848e-01
-2.199421759397199583e-01
2.548540526181670152e-01
3.357152473571991536e-01
-1.047681411438449312e-01
-7.592382321881731289e-02
-9.108752831345622025e-02
-3.193084501161490285e-02
-5.244857609619444500e-02
2.651212069196890453e-01
3.559805275405006908e-01
7.210979430915862021e-02
2.648361149460225494e-01
2.404063952582719543e-01
-8.952079358829946598e-02
2.802731128352799889e-02
1.456049964094711657e-01
2.854935881813845389e-01
-1.554408991944900009e-01
-1.518581182607526836e-01
-1.017899680274941959e-01
1.352993386780527163e-01
-1.493700614136555527e-01
-2.808803009004941509e-01
1.079335240867024398e-01
-3.321431359206296619e-01
2.471823155212565237e-01
1.341079693948686036e-01
-1.731755349472409167e-01
1.851558382021075699e-01
5.667757475931770039e-02
-3.414320997604436969e-01
6.005686410349584531e-02
-2.212773623397739642e-01
6.206067163258898595e-02
3.563951650622477207e-01
-1.253896532093700389e-01
-3.147958450102183448e-01
2.616825069756837929e-01
4.594988903639946054e-02
-3.231589309177659852e-02
-6.260250308895252969e-02
-1.280797020602314831e-02
1.900052170749123026e-01
-3.709361349776964245e-02
-5.279715822950344084e-02
8.394113648202242151e-02
-2.541354123658469688e-01
-1.997855203533293322e-01
