7.440697682834366763e-03
9.691123222495741374e-02
-4.131849233310040392e-01
-9.328567512964085207e-02
-1.162029197195298263e-01
-2.383281399184869753e-01
-2.459197782631016016e-01
-7.226188716822404268e-02
-3.017044744828841774e-01
-9.105054812711507739e-02
-2.137802965041907255e-01
-7.700951667414733526e-02
-3.699003316920731477e-01
-9.895697351870259839e-02
1.976924477243736100e-01
-3.510336030333401913e-01
-1.737921124681745810e-01
-1.024029612715778026e-01
1.250797224748952663e-01
-5.105873432308533945e-03
-2.127527646644237699e-02
-1.268494954644795725e-01
-1.905369917786485234e-01
-7.216892108266299843e-02
-1.470864813903485779e-01
-1.021549688360911118e-01
-5.509399215891173929e-02
-9.417011156407639749e-02
-1.757864976292912995e-01
-2.785831547278651010e-01
-8.468718516552503628e-02
-7.644672068319842417e-02
-4.098070338649021510e-02
-2.187497469713635678e-01
-1.182669964278386943e-01
-1.736490380426319036e-01
8.329214043756152930e-02
-1.184946442779656883e-01
-5.607538415669473947e-02
1.186717468987566748e-01
-6.955944650742870716e-02
-1.933294190470147278e-01
-3.382469854209801396e-01
7.497289640271175004e-02
2.279866647180860476e-02
4.725246776727728276e-02
-1.486251901622989979e-01
2.850737640680919838e-02
-2.401260646891364980e-01
-1.241053061080253372e-01
2.842677595135967294e-02
-7.700584185180291141e-02
4.876361437644439328e-02
-1.336455914404736656e-01
-2.276059927346830644e-02
7.227050526722204882e-02
-1.609626371100728315e-01
-1.825183317492444779e-01
-2.305643422295726441e-01
1.718339405858178293e-01
-9.369516662265463258e-02
-1.493930878260142647e-01
-1.027024527354300082e-01
-2.428164708832646346e-01
-1.208157849186029392e-01
-1.695316779748463620e-01
-1.860986535945896581e-01
-1.328344553419420759e-01
-9.195491544101942749e-02
1.101920468226677136e-01
-1.170987918453410964e-02
-1.014628877552358199e-01
-1.339926749971891984e-01
-2.706707008686987104e-02
-3.304962817233478845e-01
-2.189032835821318190e-01
2.082207463382855506e-01
2.589867971821339585e-02
-4.772813123635445687e-02
-1.293118401025898090e-01
-1.149008312437745372e-01
-1.338874893750734846e-02
-1.088112515029960592e-01
-2.080678787298670951e-01
-4.478310146706400152e-01
-2.697725941352063228e-01
-5.751748503739367857e-02
-1.197562922039994010e-01
-4.009595624451298690e-01
7.996747532783383960e-02
4.411006000632728546e-02
2.851250795149472272e-02
-5.414954847587108433e-02
-3.159752398183923727e-01
-1.938819684570818880e-01
-1.268116537041605041e-01
-9.456576171346363704e-03
2.129303209623929077e-02
-1.684120691643555684e-03
5.500029103720596724e-02
-2.261267324065220075e-01
-9.435556399567499031e-02
1.514255314981851090e-03
-1.834219872106298832e-01
-3.164692692368141491e-02
4.805312517209400780e-02
-9.854731694112034424e-02
6.018254049425460911e-02
-2.900295274490334863e-01
-2.717081471315956898e-01
-2.513281032886732769e-01
-2.081774980701164013e-01
-1.314075014681223841e-01
1.082528850375665680e-01
-1.053303684509756810e-01
-1.429677456542912707e-02
-6.411824618165502809e-02
-5.022462630378771858e-02
-1.009991828855157509e-01
2.342506199142281587e-02
1.650592982454285595e-01
4.359851442225914919e-02
-1.486846516370987359e-01
7.578077287251776956e-03
-1.034641263130285510e-01
-2.546448224601314259e-01
1.895628121703937102e-02
-3.172024376791239553e-02
-2.114117958833609534e-01
-7.152034356643571789e-02
-3.012624718699290494e-01
-8.783642981466176225e-02
-2.271062869928893446e-01
-1.014566126555985562e-02
-2.247528003172038491e-01
-2.645532642958254854e-01
6.568287113138369937e-02
-1.883220772938926091e-01
-1.298567582296671075e-01
1.548089389012748465e-02
9.783869148986545916e-02
1.240025995232728051e-01
-1.789800237292075991e-01
3.694962301985824094e-01
-1.208520048723370349e-01
-1.275232354501044107e-01
-2.757411989047709455e-01
1.051609332885318632e-01
-2.951071570426038182e-01
-1.547201005436174837e-01
-3.937044299125800895e-01
-1.828381017646614204e-01
-2.032313546661689702e-02
-3.069233571053256449e-02
-4.093627335930685729e-02
-8.867729665051204968e-02
2.194908371754705212e-01
5.236366800524158011e-02
-2.215362482999164717e-01
2.279988938091459805e-01
-5.662458990786183033e-02
1.588219922742699630e-01
-2.602845031753154292e-01
-1.711407406212022697e-01
1.040724381976178559e-01
-3.009283997622113072e-01
-2.727167206029250668e-01
2.497430368665580214e-01
-6.810771184775572806e-02
7.785446585651704769e-03
1.974021933369752430e-02
-1.011269287109591158e-01
-2.475803234294959854e-01
2.474687104324702625e-01
-2.320034636321191002e-01
-3.892442404020942520e-02
1.666264131002710702e-01
3.528622283469665111e-02
-1.524983821874911494e-01
3.651234615151280338e-02
-3.687771403980307783e-01
-5.296254204865728787e-02
-3.383321551389827930e-01
5.878331386778669343e-02
-1.647610390603659047e-01
2.722750745012736950e-01
-1.056145808400341529e-01
1.795705898178397431e-01
5.705868943304116814e-02
-1.582564555929758254e-01
-7.581696499635713626e-02
-8.023346885589890953e-02
-2.955076930997371440e-02
-9.227973445867536373e-02
6.222387192934834138e-02
-9.894515465637922225e-02
-1.767056312611625934e-01
-1.450654455168449639e-02
-3.487067850743743591e-01
-1.673370750586337941e-01
-4.980771913229014441e-02
-1.652123287743442193e-01
-2.804942255865652476e-02
8.090761487813308284e-02
-2.692227600679496513e-01
-3.481106000320893235e-01
-2.676266268283826119e-02
1.464323014286330882e-01
-1.127955526077572268e-01
-2.779130740505650898e-01
-1.291007464565398499e-01
9.464039802568660620e-02
-3.047454079377088787e-01
6.401714489516045770e-02
5.109367694353674633e-02
-1.226704738262237096e-02
-3.883324584027150056e-02
-4.107911716753527738e-03
2.436999896941902943e-01
2.198555989996410151e-02
-6.067941817602886534e-01
4.792109172223621427e-02
1.630626604716487599e-02
-1.189334032771016819e-01
-5.603067398607993604e-03
-1.958309811215066393e-02
2.511967405038628004e-02
-8.762719008802984100e-02
1.671691611572941050e-02
-2.693062409507781529e-01
3.159666233817672726e-02
-6.034027235347558943e-02
-1.241203540642933367e-01
4.845374326981320701e-02
-9.142064208669517522e-02
1.642570180392325385e-01
-1.873002612552019386e-01
-1.816304030798296665e-01
4.750792540687799603e-02
-1.209971323133145898e-01
-2.351055464026103603e-01
-4.823517458597176288e-02
7.177764845064263377e-02
8.881372561460325332e-02
-1.137420177855845080e-02
2.240349357942256550e-02
1.782904347175374160e-01
-5.376632850233769439e-02
-2.598501648623288141e-01
-6.544769871848422904e-02
-2.560838297990961424e-02
-2.632529471975286750e-01
3.235624988319948242e-02
-3.664673743856997762e-02
2.745222524787936380e-01
1.000000000000000000e+00
7.138897037366465081e-01
-4.827291729551726196e-02
1.876078065469803657e-01
-3.326237268421209370e-01
2.230142798266045723e-01
-1.619282042594190618e-01
-2.838157471267431856e-02
-1.379084126036434974e-02
-2.177016438990106162e-01
1.829593011792645385e-01
1.205788928177842084e-01
5.651560871721725277e-02
-1.759931890864583071e-01
3.277370872611193864e-01
1.172853986592270331e-01
7.588406410417750797e-03
-2.177423000530759878e-01
1.768788094438170366e-01
-1.488634827850167097e-01
-2.002589061441095442e-01
-2.717998225740161367e-01
7.830224284931026901e-03
-1.630221455502982586e-01
-2.434675986578962170e-01
-3.546597160612453142e-02
3.112507756414435375e-02
1.335303366379197998e-01
1.040939908839962208e-01
1.643129862849079525e-01
1.090017452675520609e-01
7.519210107192436654e-02
-2.368421062532495291e-01
-2.361757359052610999e-02
9.275174177796868813e-02
2.007883714480733772e-01
3.616645418732662709e-02
-2.276362076836362380e-01
-6.566586136571633814e-02
1.058625656062392867e-01
-1.254644068402136214e-01
-2.719825961629426456e-02
3.605334071298067489e-01
2.551171279260527336e-01
1.298004346426141487e-01
1.907056512185251185e-01
-3.551278581251170879e-02
1.183683945405743058e-02
5.728029478978460820e-02
2.525868301010678607e-01
-1.635966316647842261e-03
-2.982955515979969219e-01
-2.719029031728690815e-01
-1.015563015581360806e-01
5.055642311659028915e-02
-2.039332370914659909e-01
1.576131010026014523e-01
-8.522169162715211022e-02
1.149809773069106755e-01
8.805532966210985468e-02
1.758647732641954453e-01
3.081105189515830067e-02
6.129379637240335577e-02
-2.827948760496596867e-02
-1.740956769462425058e-01
-4.217201494091514513e-02
1.408840062230710564e-03
-2.268845990938616608e-01
-1.658813509214990545e-01
1.262858478839779808e-01
-1.961996168629021875e-01
-1.335788473489250838e-01
1.612460969601898775e-01
8.384506954223357178e-02
7.849726551656345530e-02
-1.693861543306122985e-01
-4.763508708695019835e-03
-2.097689975077180191e-01
1.310491041364663378e-01
-4.809238179856779177e-02
-2.081285988254608366e-01
-1.216851953783328402e-02
1.729917455407043447e-01
2.019876774716037604e-01
-4.424554383497796700e-02
2.473661425902817790e-01
-2.276183628367432488e-01
5.283406019276180865e-02
7.445039139077323787e-02
-6.022287315383259565e-02
9.143781693709331082e-02
-2.446468087175516504e-01
-1.643531208431011637e-01
-3.643786189268564263e-02
9.446191455002689308e-02
1.160727995482354613e-01
1.639779371946972764e-01
-8.432484003697479635e-02
1.779427218504248676e-01
-7.504378721171486855e-02
-1.729192032166525228e-02
3.050472253913834031e-01
-9.337460320657960111e-02
7.131884301261266768e-02
1.299747790702632244e-01
-3.741087719034927317e-01
-3.115261257882980250e-01
1.871000963923579591e-02
2.466307020419496523e-02
-1.516736228326860669e-01
1.178898223138235592e-02
-9.092053567050785434e-02
8.404444337722064007e-02
1.203655140429793352e-01
5.213044089325214597e-02
-6.579575925753042287e-02
1.410294886366591782e-01
-7.254831865191788132e-02
-9.977895348584168989e-02
-8.650620038582611249e-02
2.733027999712883127e-01
2.081720607091966657e-01
3.811483604534861985e-02
4.857190384728074517e-02
5.968251562555719480e-02
3.075993410327206856e-01
-2.247554331177300802e-01
1.153873397512230892e-01
1.805242535739635390e-01
-7.081750314803424151e-02
4.375474892319475839e-01
-2.014493232584880500e-01
1.168650808005647496e-01
-2.277319551459650315e-01
-3.854263945636776482e-04
-3.561652873857795720e-02
-5.336057821329230899e-01
-3.454283223635958855e-01
-4.164246188132155191e-01
-1.103042561131118149e-01
-4.123518603237506797e-02
4.914486387666484879e-02
2.495980580016596284e-01
-2.389339331844552924e-02
2.632469630686584683e-01
-6.539815365494233701e-02
9.841300819618509221e-02
-2.556440768077664072e-01
2.128928564136695067e-01
2.980832182103333727e-02
-2.636341876501361106e-02
1.451432234075682171e-01
6.370111573604515798e-02
-4.075663230240380436e-02
1.083225590819620332e-01
9.685867267766962163e-02
-4.282509568590064930e-02
4.146065664389077254e-02
-2.887120342977881129e-02
3.599340040281817643e-02
-1.009454832599436247e-01
-9.013266406923630888e-03
-4.225105962325003545e-02
-2.062956797048926261e-01
2.139988156625642624e-01
5.300803397195822005e-03
-3.880760462565781277e-02
2.245546434221185605e-01
1.639878195951560425e-01
-1.005500792491941797e-01
-6.231194625266316817e-02
-6.402168881017887558e-02
2.788605225592930004e-01
1.150500890693360867e-01
1.999621543762951648e-01
2.825377999679856145e-01
3.641875915931882535e-01
-7.793454422332304898e-02
2.321264269631420282e-02
-3.800018417284984351e-01
6.585711551378949091e-02
-1.616956404691126392e-01
7.132582847687857219e-02
-5.383837121207969006e-02
-2.279421223296219656e-01
3.762487555816838580e-01
6.256089954536601938e-03
3.116192583348112791e-02
-1.551794362411086092e-01
1.770609007137188551e-01
-7.946563822044826197e-02
-2.755938213407942428e-01
-1.099963059543256350e-01
1.160975968425780602e-01
3.420345458741683858e-02
-1.763855715551128356e-02
-8.689206966821273748e-02
3.961262353325961660e-02
4.395905515653463630e-02
-9.596434599819957112e-02
2.258574107337388004e-01
-7.010506097300532591e-02
-1.390753710961198653e-01
6.182441141271018126e-02
1.236500357554683877e-01
-4.026387553090533811e-02
-1.532231414617956644e-01
1.900838734924622797e-01
-7.551603431328517135e-02
1.678107792652707569e-02
2.727626912724159802e-02
7.979978420653663362e-02
-2.399345237585281086e-03
3.726569210729750725e-02
-1.745203154462978412e-01
-2.244234800594044899e-01
7.875593474714977227e-02
-2.014724657291047660e-01
-1.227418371982400974e-01
-9.852643503778821948e-03
-1.446521055638620191e-02
3.300967730581124554e-02
-7.264078848946610434e-02
1.995041853970107651e-02
-9.542696010350094904e-02
1.177640099660241281e-02
-5.674187454271167191e-02
1.566297055146892159e-01
-4.662210694780986181e-02
4.376883536099810540e-02
-3.851198708032915752e-02
7.579566031939473023e-03
-1.887120030824925576e-01
-1.590298499762693163e-01
-5.461494317523505476e-02
2.571966983190294154e-01
-6.716225915987550366e-02
7.512552107047455741e-02
-1.225983985921121205e-01
6.821443260615713856e-04
-9.466955764198983769e-02
-2.308568657319556572e-01
-7.834112227181695698e-02
4.039184381112313760e-02
-5.777554345517402906e-02
1.637489977071222846e-01
-9.352367060003793919e-02
1.538703196258878192e-01
-2.692990408764758259e-01
-8.988451659012769435e-02
8.878932452319253377e-02
1.769418787130211945e-01
6.365039459431813540e-02
-1.275397825955078453e-02
3.345342087504423745e-01
1.135822469286178887e-01
5.119939114883079734e-01
