-2.377171565840795198e-02
-3.671086322671486268e-01
-1.258460929972388953e-01
9.687628097194460330e-02
-1.003464757669772778e-01
3.042850410790527982e-01
2.066832145588193836e-01
1.957255008776621896e-01
1.161574906058007589e-01
5.657728459191994907e-02
-1.667484149600702292e-01
-7.968863708825095482e-02
2.316707876567922486e-01
1.879665187725667458e-02
1.284603707774529258e-01
-1.907526228794871256e-02
-2.812442954109246190e-02
-1.412478020115985333e-01
-1.911164928679687236e-01
-2.179852517704217174e-01
9.753532352005216122e-02
2.549633770166741514e-03
-8.417867143400364904e-02
9.662059766405445282e-02
-8.719281040505601210e-03
3.532679400134764586e-02
3.667584145130931561e-01
1.706327473875531853e-01
1.232096782382010973e-02
-8.335283730484870091e-02
2.692758877446754795e-02
-5.652892255310836694e-02
-1.616872379135542127e-04
2.463655838453258362e-01
-2.580981594750898778e-02
4.598159050022686961e-02
-1.290981326810529406e-01
8.258193695464834116e-02
1.929532461972275070e-01
2.174464578336942899e-01
-5.470297534104812121e-02
8.120001111707454700e-02
1.807107823526248047e-01
2.186676854574585716e-01
-1.501944167123327734e-01
-3.914148374548725995e-02
-1.464093838416360982e-01
1.903063066909985168e-02
5.478686289265281145e-02
1.400354691542386176e-01
-3.135050260681411516e-02
-2.329161762176683304e-01
1.578621498889958008e-01
-2.290467518382258150e-01
-2.210098844024630527e-01
-8.876819109195803470e-02
-4.121952032968985713e-01
3.624199823020214650e-02
1.677372547721323395e-02
3.660592917043628547e-02
1.968266534494619857e-01
1.156746794754397456e-01
-1.924255364147638980e-01
8.226253196344945895e-02
1.508709016461715936e-02
-1.708401877146332737e-01
1.561771077255165174e-01
-2.077448453567978248e-01
2.292735358748074215e-01
2.560128599741985922e-01
-2.014862929714524575e-01
-1.519547698627140009e-01
-2.270000864864578707e-03
1.362296474001032931e-01
-2.719755592306717998e-02
2.994218627968106561e-02
5.100780433114410206e-02
-6.482258807297287817e-02
4.348921924843259235e-01
-1.578475990150567387e-01
1.752264100895030707e-01
2.409351362547606790e-01
1.951886460167188697e-01
-9.389102213849662149e-02
8.778462031936358489e-02
-9.707802621909022989e-02
1.774282758326456433e-01
-1.558855262017900811e-01
5.419304381583394878e-03
-1.748342674497872784e-01
-4.328068951806565007e-02
-5.813988756397143326e-02
1.299430179022438292e-01
-8.099660483123427568e-02
-1.097092841213670802e-02
-1.699383650820920910e-01
-1.754657615065592993e-02
-3.300546254579140859e-01
-1.436335835480642420e-01
-1.495083317423692992e-01
2.827231800528355252e-02
-5.807947123692197566e-02
-2.682141288102613541e-01
6.105577074730564324e-02
-3.439082647326633518e-02
-2.015312561801908542e-01
5.011143866248592149e-02
-2.860846579775211396e-01
-7.924087095702402050e-02
1.857032239910934579e-01
1.171061098530266492e-01
4.076662735254334979e-01
-4.557435405703109260e-02
-4.568451304016929448e-02
-2.334684041113209430e-01
1.362315197784735588e-01
-6.021873007294326063e-02
9.131616046226613548e-02
-1.466547116802187911e-01
-1.736672117494848094e-02
-4.128826892665962700e-02
-4.246689108706077666e-03
-3.391639298088537924e-01
4.309085391692032280e-02
-2.733835963002810843e-01
-1.791635234961286849e-01
-1.420310605149605887e-01
1.793648923790007801e-02
-9.598535673822763958e-02
-1.782538952891829231e-01
-7.619839548297226151e-02
7.853038907462699114e-02
2.095256847178579296e-01
6.113315325620534424e-02
-1.183998449237483319e-01
6.343987419561007181e-03
8.453974281254775930e-03
-1.636071295495955813e-01
8.342649058597388645e-02
-6.447916678692393322e-02
-3.542881367946208032e-02
3.693385836575021480e-02
3.162569680691391105e-01
-1.992451179863765076e-01
1.239161346706682404e-01
1.181127946760507641e-01
1.179507024567761353e-01
-6.968388056048330226e-02
-1.348542826270767055e-02
-3.908831453433542907e-02
1.475534436290941720e-01
-1.465377818133100640e-01
-6.408058699405685954e-02
-1.114094526386580006e-02
-2.167119697117172450e-01
-2.541361588588977316e-01
-2.819656826298502783e-01
3.207911300766478346e-01
7.329700075764682132e-02
9.734877988697820950e-02
-7.543174655929408591e-03
2.753792549787426741e-02
-7.757000967712946241e-03
-1.407967332367044203e-02
3.077785853279019559e-02
-1.315096844045273057e-02
-5.537898193025207055e-02
5.122067603791956303e-02
6.241248756894567096e-02
-2.951782619604779827e-03
4.574231705643391765e-02
-5.187898442735066479e-02
2.193360487842153927e-01
1.041418385227695503e-01
2.611232271977618757e-01
2.252765100982493662e-01
-7.925329580757536907e-02
-3.213074186412621658e-01
-2.798060721701177145e-01
-5.396121237820774436e-02
-5.646030022364547513e-02
9.680786206761694823e-02
-1.646692910810910737e-01
-2.864460390228523723e-01
1.371865505946147090e-01
8.248806877755741895e-02
-1.917322021881247562e-01
4.673004368927681507e-03
-1.869669294853290031e-01
-1.476910262236551426e-02
-1.696338136375194761e-01
-2.338750275946440416e-01
9.159733358421077304e-03
5.481573872047917906e-02
4.659750324554233492e-02
1.229395595097078492e-01
-1.254374348235881287e-01
-1.485280507971165620e-01
1.913492122413385232e-01
-2.497848374129319621e-02
2.264434948478037946e-01
4.779985333666215280e-02
-1.664260191046683379e-02
2.041192923945667759e-01
-5.594268006942378080e-02
-8.383712038557109003e-02
-1.601852700169744681e-01
2.869610895483826543e-02
4.151362369490076143e-03
-2.653819340348801403e-01
-1.047976771029237031e-01
2.704915613260530649e-01
2.944329823285703474e-01
5.644912687707551169e-02
1.557786918134015583e-02
-2.078818027953654654e-02
2.224519665763232193e-02
3.786431656931245338e-02
2.027330654825235945e-01
1.989745966608018612e-01
-1.120014221804560423e-01
-1.223229537189179095e-01
-1.123710482006488459e-01
1.221698443427540921e-02
-1.882515995631969252e-01
-2.620672036487944542e-02
1.065958478108949836e-02
-6.870718420074330146e-02
-5.149760893240948323e-02
1.891676981219314324e-01
-3.295088069923986507e-01
8.021865864951767400e-02
3.227149753021921197e-02
1.725238925147671021e-01
-2.399776553631310580e-02
2.514238598023029736e-01
1.155093288634586289e-02
3.979632083366901885e-02
4.416540346729707495e-02
7.228744997879624212e-02
7.963620203575141887e-02
1.355879714618548615e-01
-1.224627771133120213e-02
-2.872838938650012358e-02
1.627171931195483534e-01
2.500755870991520635e-01
1.206127202092247136e-01
3.868161961336261667e-01
1.333562363134780659e-01
2.068484562446575026e-01
8.781767816363360291e-02
-4.380041802597936518e-02
-3.305653065660570100e-02
3.288014745765651115e-01
6.419850542409001326e-01
1.000000000000000000e+00
7.715718599975823766e-01
3.940174324294576369e-01
5.719164530129645929e-02
-5.244888700063292560e-03
-8.473499911774427795e-02
-2.494670249988181210e-01
-3.727887867156379209e-01
-1.429450677412236193e-01
2.452625631766635061e-01
9.640912424430020389e-02
-1.487999426846983164e-01
1.138000839316150557e-03
-5.243096407319000618e-03
-9.752176622356932556e-02
2.883848809448609149e-02
-3.418344057096348292e-03
1.998160830518953823e-01
-1.171428024261031257e-02
-1.405107672512172397e-02
-8.212236684728309311e-02
1.314286233409060929e-02
-1.696860748239833495e-03
-9.821458096412548355e-02
-2.210364852831322446e-01
3.292373022213231082e-02
-8.432833452124337270e-02
1.342229283950842778e-03
1.230683290688010939e-02
1.506571731179557616e-01
8.029432895125067360e-02
-1.835717530597326952e-01
-1.976584442181092138e-01
-3.560058171075763944e-02
2.514202874893059145e-02
-8.198954660233596925e-02
-2.759080511921022660e-01
-2.503112582877123904e-01
-2.161974146569737298e-01
6.283357059314778614e-02
1.998531216282034839e-01
2.719431441837237839e-01
-1.303444870943953338e-01
-1.893664108197854468e-01
2.012950655055475435e-01
1.792106559821864675e-01
-2.351053213270310263e-02
7.013426550129681948e-03
-9.041312529814331256e-02
-9.602171565724922087e-02
-3.692682384453735422e-01
-2.418150888589282437e-03
-1.322006486131303837e-02
9.204880393083864076e-02
-2.056821948733732891e-02
2.549676010929508019e-02
6.051943537244528631e-02
3.036033767572449225e-03
-3.331703238427014685e-02
2.614023048104167565e-02
1.328048049943838238e-01
4.993254257331847246e-02
-7.377871841450030221e-02
2.445319688116640369e-02
1.432182154142945252e-01
-2.189681808330961460e-02
3.992099274347648587e-03
8.775411665150423257e-02
1.243932138894005140e-01
-5.087476727287381512e-02
-2.168337158576706114e-01
-1.292091640428435773e-01
-2.157621945750777259e-01
-2.858812074124982699e-02
1.625134040753706821e-01
-3.687107361772968411e-02
-2.812661583963239550e-02
6.954701716759198460e-02
-2.485438550243555256e-01
-7.997486303640023719e-02
-4.567605022690292976e-03
1.123927335546972134e-01
-7.692967963699588740e-02
-6.001222882190524605e-02
-1.517261246951961962e-01
-8.086951649791590535e-02
-1.590083894762646041e-02
2.163447921980972966e-01
-2.159362167180235020e-02
-1.680191818147880045e-01
-3.576450519524887461e-02
-1.189483670331085707e-01
1.485729147582545706e-01
-1.648369384867191118e-02
-1.727376189304993259e-01
2.817279586141178613e-02
5.167927601131076798e-02
1.557277137542565637e-01
-2.419768094347992393e-01
1.558968950589791347e-01
-4.103373722667538054e-02
-2.119912597896268236e-01
2.207426294607479356e-01
1.451864616804008079e-01
1.800857955077270200e-01
-4.882272692895254368e-02
1.571122284591572327e-01
7.676521964522531327e-02
9.605212435904013357e-02
-5.769277597301630638e-03
4.234057317222651717e-02
-2.353462413055859015e-01
6.627570166387847239e-02
-1.462024431901410848e-01
-6.826421565371114560e-03
1.496226514392228757e-01
-1.575167995824327816e-01
2.898863383611451419e-02
4.392613002350412299e-02
4.218007410204449581e-02
-1.587688923296655397e-01
-1.850598939800766896e-01
1.024816503418765345e-01
1.586865942941692031e-01
1.770971256481577438e-01
1.382188058891817006e-01
2.974203404090060010e-01
1.486478504342832706e-02
2.232016526028233749e-01
-3.723683582315625434e-02
-8.513206370634247844e-02
2.553683981657496327e-01
-1.313717205440285973e-01
-1.923468127281113826e-02
-2.119496179333350133e-02
-1.702301670521742805e-01
-2.650600570936504363e-01
-1.176199034912525816e-02
-1.764550663031209665e-01
-6.360394503502773966e-02
1.335218351734175357e-01
-4.954262306381271297e-02
6.032630400301683925e-03
-2.359890341607998598e-01
9.463112953633828761e-02
-7.887112159729775529e-02
1.068488216247103773e-01
5.357201214688760149e-02
-2.008859251445601138e-02
1.312940279292940104e-02
1.182165052586277992e-01
2.464788143501795981e-01
-1.539457120815212188e-01
-1.752835813354454708e-01
1.004561350745303977e-01
2.011029458505406708e-01
7.672953610198252061e-02
1.706493857938003178e-02
2.741800981799321080e-01
3.174945938423209824e-02
2.368469913396420989e-01
-5.941893836597473416e-02
-8.798851075187132109e-02
-1.363641210693194439e-01
-1.640248618228286603e-01
1.477565204657987907e-01
1.161228871478533903e-01
-3.070224300935555650e-01
1.361500396202396934e-01
9.140975583236521373e-02
-1.893346279229789764e-01
4.901315846877419419e-02
-6.555205053568139220e-03
-1.142320793842671184e-01
1.071140638273012369e-01
2.785848253843790090e-01
2.913735839266000660e-01
-1.444806122809396028e-02
-2.476475673005452682e-01
-5.959712010691525785e-02
1.270121797839290634e-01
-2.211390863817462929e-02
-3.981645136254943068e-02
8.897168174490782677e-02
-2.684572735019923745e-02
-8.736722326902848779e-02
-1.079845188715598814e-01
2.250765069239900051e-01
-5.029927854575171053e-02
-7.245509626880038134e-02
-5.762146655370779802e-02
1.534938291390099130e-01
6.141640061278821894e-02
1.141587565582786014e-03
1.611091373184434516e-01
7.360990880198326099e-03
-1.354842917557625218e-02
-2.892098474440683020e-01
2.273897265121083977e-01
-9.059727920756628639e-02
1.521064073651291482e-01
-3.569689407185044350e-01
-5.154937985656429800e-02
2.336162189121476773e-01
2.419564333568406667e-02
1.377413716371019281e-01
-1.234241820948117491e-01
-6.035755931801871366e-02
1.675191883377286917e-01
6.229615941445138666e-02
-2.910119385324820285e-01
-1.335306924596766920e-01
8.604282334840623533e-03
-2.622013783548960975e-01
2.788652414760516285e-01
-2.034969482699106880e-01
-3.542781367976843843e-02
1.394965080803813040e-01
-3.301225638486068870e-01
-7.083919163935922803e-02
7.736548012857803747e-02
4.622521255392863376e-02
6.423326132785991960e-02
2.144047389510118917e-02
-5.519980018959372986e-02
2.236624020430844073e-01
1.300854013233993800e-01
-2.417558582166869779e-02
1.190694618952645861e-01
1.849534627324584402e-01
-9.908218986300720843e-02
-8.061972527288223389e-02
1.226406684542018927e-01
-3.258740346398484311e-01
-2.251687989731847028e-01
-2.634758531346600985e-01
-2.549521116101425844e-01
1.874273362696169884e-02
-1.552001977041415903e-02
-1.363724081681723030e-02
8.280297783216716834e-02
-1.812124122327326003e-01
-2.373390580435172648e-01
-2.733156082333950132e-01
-4.739284858728041311e-02
1.378596955094757437e-01
2.876678059431491685e-01
-5.665584215220770270e-02
2.086769523408555510e-02
2.389939778051958508e-01
2.747567016832900277e-01
-4.567924235253735445e-04
1.293894803702114460e-01
7.520383926002549568e-02
-1.975103678577246891e-01
-1.218304603542743475e-01
-3.173134536826503482e-01
