8.398807089797809267e-02
1.231006289108995677e-01
-3.713936729370309608e-02
-3.899073276250704378e-02
-4.505653236320040882e-03
5.024661054823512801e-02
6.141206220107139208e-02
3.388502495987996688e-02
4.115844829332881288e-02
5.910240746224658392e-02
-1.012872821392789141e-01
-5.772297267075265914e-02
-7.501879165435393348e-02
1.663035119343348744e-01
-1.295489392475674961e-01
1.328410828524325127e-01
4.996979341442256417e-02
5.904279171495906142e-02
-8.490340365768507536e-02
-8.788397801178920998e-02
-2.756702490775533518e-02
-1.262765265784793756e-01
2.613115345671911463e-02
-4.235655306191731667e-02
4.881351082462677404e-02
1.003668918015569456e-01
5.204223500430363303e-02
6.823217806607152769e-02
-1.410714560742063195e-01
7.223865706876493598e-02
1.306356296473604461e-01
1.315587768724196110e-02
-6.842349265143547743e-02
-9.918846315161673755e-02
-9.946153954442474299e-02
-9.879740510447640456e-02
-4.653460759441816613e-02
-1.285657072977135391e-02
-3.383614895877782441e-02
1.294177939429950464e-01
-8.445799721122618231e-02
-1.474290214538559289e-02
-6.271610488035526954e-02
-4.773998001517806844e-02
-1.281087863615452127e-01
4.035188338887402137e-02
-8.933113462275943384e-02
1.017787969192715802e-01
4.519822386265758690e-02
-2.786163966993432384e-02
1.223043383138875013e-02
4.436597786712406788e-02
1.134172152597864858e-01
1.221173890596835218e-02
-8.920526072606392576e-02
-7.319104469542572766e-02
-5.344100215090798189e-02
-5.955537522704115044e-02
1.605364996362677876e-01
-1.147070758378118671e-01
3.998180139794981630e-02
-2.844407523935893814e-02
-3.372537201970868953e-02
5.960873771332830112e-02
-1.880652190971929816e-01
-5.365003452834816305e-02
-9.067159120067582595e-03
-1.375070710965624610e-01
2.768312335205076746e-02
-7.367855480722676487e-02
4.282874360655491291e-02
-2.360823200915400377e-01
1.219421804434785497e-02
5.526630240546006982e-03
-6.275280720414457003e-02
-4.479257701382478168e-02
5.995402713057687571e-02
-2.767816316967622314e-02
9.924444057137798980e-03
1.593523612981414053e-02
8.045987536841037180e-02
3.349873016465844400e-02
-1.758081581798755788e-01
-2.813807766779958808e-01
2.177844266032076537e-03
1.438789549285377119e-02
3.679662293448581617e-02
-6.586348273266078024e-02
7.131452127023490961e-02
-8.181829278598969080e-02
3.589306121155358409e-02
-7.697873748751285494e-02
1.418342350936094287e-01
1.536700528281846612e-01
-4.952218567347025507e-02
3.484008285846869335e-02
4.643183527201363153e-02
-2.975531857404651800e-02
-9.121719805126649039e-02
-1.005597417735604182e-01
8.421099983024361857e-02
-2.343780099877442250e-02
7.591984085729035214e-02
8.938276073207970795e-02
-7.480783946895765146e-02
5.920382376912920741e-02
1.569864351115420054e-02
2.252949506246810021e-02
-9.569546967785078073e-02
-3.478625139475913924e-02
6.455511943987936319e-02
5.776712607770257552e-02
5.197817342960980164e-02
-6.069837301260815055e-02
-2.182011770786364269e-02
-1.858516188639615027e-02
-2.491756664931638748e-02
-4.136729251998837870e-02
-2.933296832430850112e-02
8.340596153276534641e-02
9.303542876522669092e-02
-7.763754636235116469e-02
-1.779220829048149821e-01
7.059852055210320831e-02
-1.903825958486663264e-02
-2.824087252307894147e-02
9.699745597501450989e-02
5.457917994669444356e-02
-4.504475312682311439e-02
-1.286124422808516410e-01
3.322592175895761057e-02
1.105786342709063619e-01
3.993339031438633557e-02
3.870032365885914954e-02
1.885827411724520231e-01
7.040723748312713477e-03
4.732479530220386893e-02
-6.972214748862089195e-02
1.108799584319856285e-01
-2.643742282147557715e-02
1.261882889005221109e-01
1.984611885307723533e-01
-7.639839083824387367e-02
-3.577588203921494570e-02
-8.320563265933292318e-02
-6.678789529794887381e-02
5.774628513257335470e-03
4.416149897164872024e-02
-2.276418949236955203e-02
-9.282693088272150894e-02
1.421691995848377021e-01
-8.972837487426081615e-02
3.488583504669506667e-03
-4.261670597334828864e-02
-3.065397427183729623e-02
-1.052758558590110027e-01
-2.750009679060973211e-02
3.444721265791866188e-02
-9.320518188274269644e-02
-4.586414152011092545e-03
-3.339560787968168243e-02
6.773882951345942816e-02
-1.087270652150169707e-02
-8.392280744124028247e-02
2.871524208312893275e-02
-1.218304795701744964e-01
2.216833660444796072e-02
-1.506273780088390919e-02
2.434920700584685543e-02
1.978929438422571407e-01
-1.185618746388828887e-01
-7.921906542657480843e-03
1.015302769911962250e-01
-1.151074033043910337e-02
-3.270509604196435854e-02
-9.761643205641255816e-02
-1.929071246462301520e-02
2.383102522175617119e-02
6.391659031454267892e-02
1.479274047842101258e-01
-1.158255753757872764e-01
-5.162827849623296238e-03
1.826278153264198900e-01
2.282062829108670587e-02
-1.381515638766189769e-01
1.246630380434519091e-02
1.114724915981263331e-01
9.212652391787054529e-02
7.920760969141263375e-02
5.046675425364265111e-02
2.524369364298937810e-02
-4.394366679592178609e-02
1.089488896770447607e-01
-1.335359302663243625e-02
5.919265976318387190e-02
6.764085084185855745e-02
-7.550481027779408494e-02
8.941528521554562015e-02
-2.285773989590223973e-02
6.172906873138458289e-02
1.606929518695083547e-01
5.787989860118276236e-02
-1.201362416657607117e-02
1.314026894418540703e-01
8.820015018195663525e-02
-1.321092028346232683e-01
-1.049688623693080664e-01
4.431253896071288799e-03
8.845833938712861777e-02
2.656365074061492124e-02
-2.531785133511995495e-02
3.530174276699148822e-02
3.209056920405392154e-03
-1.521597094847182245e-02
-2.175989898961831759e-02
-1.578490316405066832e-02
-1.027272021568581273e-01
-1.269902725047800940e-01
-4.448290041265930139e-02
9.396098905531354017e-02
-1.128238909719316285e-01
-3.263676653172675052e-02
3.603372896010415688e-02
9.904190900404424847e-02
6.915231945530378455e-02
-6.568210393220919041e-02
3.749271954474522189e-02
8.031181623304683992e-02
6.783547378874811573e-02
-3.322030916815931628e-02
-5.254024321417187504e-02
1.395915084719059895e-01
-5.193115348022023237e-02
-6.170256122433406126e-03
-7.187887218559270430e-02
2.297495094636869961e-02
-9.078849972550419312e-02
8.501695774180746288e-04
6.183423455893476139e-02
4.690684161798758939e-03
-1.180348450983067232e-01
-1.109989786773273590e-01
-4.052239980987223933e-02
1.025229345105918427e-01
1.707431528251406386e-02
-1.194197522879928142e-01
4.995534886521994788e-02
2.925865371567421512e-03
5.148537841052592406e-02
3.863480247395649492e-02
-3.695610038780547564e-03
-1.003452004000088549e-01
-6.690797465211194284e-02
3.292721480281372570e-01
3.185563300995128411e-01
1.000000000000000000e+00
7.402496911049116779e-01
4.367954187239855290e-01
1.329213539908873642e-01
-7.073948992714573780e-02
1.373378627329116808e-01
-1.166427419730204362e-01
9.719780646763244436e-02
-3.636096884193791567e-02
-4.456454106609045174e-02
-1.418779891005454152e-01
-4.903526421386155548e-02
8.391552842881359886e-02
-5.609633396882211104e-02
5.389279327129824909e-02
-1.776077682656152235e-01
-1.546350902343587332e-02
-7.849066075954229393e-02
8.225754484631950247e-02
-5.682361512709643153e-02
-4.078661966651964121e-02
1.003127004942628575e-01
-1.192807275806402889e-01
1.464318370896764143e-01
1.493622729385794129e-02
-5.002392178482056861e-02
-6.885913077039356248e-03
-8.302425385888131948e-02
-9.277031891193321389e-02
6.248478986860662998e-02
2.035255343523418581e-01
-1.637053472062673792e-02
8.581501065508485848e-02
8.134075653628741742e-02
9.625179731584443399e-02
-6.706993034230081252e-02
4.288665485501550606e-02
-1.204350728031539780e-01
9.825098581103255957e-02
5.933423358845141965e-02
-9.892395220940945755e-02
2.596292222640036312e-02
1.755036482905750483e-01
3.742803743977971692e-02
1.075598190144800822e-03
-8.937798722121856332e-02
5.490394472582328655e-02
1.717172286128495692e-02
-1.304484691439352917e-01
5.387644647346553212e-02
-1.389316261694202581e-01
1.942799349462499825e-02
-9.501233166759616433e-02
-3.681061134582488958e-02
-4.836275977448888097e-02
-8.433771132759693145e-02
2.078638051331946346e-02
1.414200099546412681e-01
-6.072437476872356160e-02
-1.192965208449690423e-01
-2.638871187267709251e-02
3.080420512216894627e-02
-1.150001408945616199e-01
3.420214792442680812e-02
1.024300716341227796e-01
-8.417223344603259882e-02
1.840056223905918789e-02
-4.823875624830777781e-02
-9.135994040119511939e-02
-9.307462929019784392e-02
-5.129362376734510065e-02
1.067210502429894597e-01
-1.043366000044261416e-01
-1.254919052645623034e-01
2.242822706794695212e-02
-5.661286393203961848e-02
9.996019758207597139e-02
-7.207303493471074740e-02
1.026975369154118217e-01
2.931876136332819960e-02
6.350445409571803257e-02
9.903413319593896980e-02
-6.255961246751598091e-04
-4.293648341174190197e-02
-5.492469521400427518e-02
1.607219366022970553e-01
1.086126402269339125e-01
-3.152613613762544204e-02
4.083462700818359103e-02
-7.348529259563837956e-02
1.157337565230702123e-02
2.934160779005872896e-02
3.604229117018071388e-02
-1.035913089734171767e-02
5.399303551439309928e-02
1.309910397597778275e-01
1.940465175149519439e-02
-1.670372217712154383e-02
1.568693024978244921e-01
1.120787115490899100e-01
-8.202453439739666730e-02
-1.630116395570648247e-01
5.282048190319528491e-02
2.714508689756586074e-02
-5.600606410854670064e-02
3.194696927308599173e-03
-9.345814763822435367e-02
-8.020349683739298741e-02
-1.269140683115416723e-01
-5.916125842677256996e-02
2.262042611080601270e-02
4.820525693008810564e-02
-1.558656167272758908e-01
4.797476195969552215e-02
1.682579535442658633e-02
1.628912841493010064e-02
-1.168010414782863216e-01
-4.050919956174927478e-02
8.788570708833605416e-02
-2.418881156200717100e-02
-1.512232167004360674e-02
2.026417244181530006e-02
5.759993491763619466e-02
-2.068618068927240150e-02
-5.737705718408145361e-02
8.245963171591641494e-02
6.189333743050913494e-02
8.066386448664951414e-02
1.115009810145036473e-01
-7.779905941413088610e-02
-2.753577736976441353e-03
-1.443589433685659069e-02
-1.654957802664638600e-01
-5.687016461983275539e-02
-1.059693220358222249e-01
4.153101794453917250e-02
-3.870436602634354240e-02
-7.921893255062728567e-02
7.327010259159343064e-02
1.669929214779640458e-02
6.787518542817547185e-02
7.697747156722346829e-02
-1.729654966930992133e-02
2.338778901104668004e-02
3.810032332949903761e-02
7.058081301895718918e-02
-5.771591396919992234e-02
6.675442231873031373e-02
-6.889680634316405761e-02
7.159397761718290509e-02
1.540460282365489486e-01
5.228082874650132744e-02
-2.391934191668044010e-02
5.300381563025498982e-02
6.543817885697403823e-03
-5.092515293949111815e-02
1.746760897705417759e-01
-1.030406809566570270e-01
9.111518579185635958e-02
1.029325464178644945e-03
-2.057505998667751371e-02
-2.793811031804188834e-03
-6.000895392309695681e-02
7.180286722142467659e-02
-4.426591280292842441e-03
6.461813770380876731e-02
-6.764546430218504325e-02
-1.967589965647477956e-01
-8.963356909137082384e-02
1.661322322630919696e-02
4.102328630036544688e-02
-1.103750368744038229e-01
-2.927998943999048434e-02
-9.321506417031748259e-02
6.062771995253915525e-02
2.362769405109172230e-02
6.266790981882367460e-03
3.992378956650151876e-03
3.169244255819483880e-02
5.026120894893804786e-02
1.395758276349707075e-02
-3.344938842665807349e-02
-3.426266273001314644e-02
5.861952814113971684e-03
-7.647564712190971226e-02
5.099181130828471520e-02
8.511892836362727754e-02
-2.303824082633543768e-01
-3.294955780447415827e-02
4.185185855163786606e-02
-5.848474525930028728e-02
-3.001668944758026369e-02
2.621949148885124870e-02
6.103975405591986064e-02
2.918787932607154120e-02
3.062651438476815535e-02
4.559287663711627386e-02
6.703510540744408996e-02
2.427513792968159431e-02
-4.340227172313424614e-02
-1.210733427210464869e-01
3.420129128518790973e-02
1.470020510235773292e-01
-1.084592166299507277e-01
-6.420176164968630084e-02
4.610953181419406161e-02
1.209565070302438677e-01
1.020010438636365507e-01
4.071489141755839369e-02
3.254386123620990612e-02
-2.296607861217541888e-02
7.748172167782468867e-02
-8.963115396700331583e-02
-1.304385988765234261e-01
1.296144371050469979e-02
-7.826338811529015560e-02
-2.603313264806020322e-02
-6.504375994597815305e-03
-1.223475296564331335e-02
1.674421291812438345e-02
-7.022086550464590182e-02
1.510464749429262649e-02
7.958372787297532391e-02
-1.399088198692231833e-01
-9.720362033073570718e-02
3.055020807611003725e-02
1.611482110240288479e-01
2.369747017284923873e-01
4.437815236382073453e-02
2.054248259632377501e-03
-7.395717855529808371e-02
-3.213712258105624192e-02
5.752299051938040281e-02
1.428061988626858070e-01
2.822919712071191370e-02
9.125690239032230311e-02
-2.415642985173965460e-02
-1.703577887907037625e-01
-6.522718854120229670e-02
-2.727312725209252511e-02
-6.731257995143728745e-02
8.040579171568693062e-02
-5.339704891491372368e-02
1.002927876067518098e-01
-2.669249505641461268e-02
1.064795834773037686e-01
7.415259492254071272e-02
1.041013136818445539e-01
1.736728376298295184e-02
-3.916773043371750418e-02
9.544270639196368589e-02
-7.998466118930865065e-02
-6.260386450010339485e-03
1.245156492905852633e-02
3.097802666416861125e-02
2.671204161931703056e-02
-1.165800428418048255e-02
