-1.069690986636027963e-01
1.302267413374811889e-01
-4.890984431539030508e-02
-5.393945153838562712e-02
-1.885413354936738284e-01
-9.758430474434073854e-03
1.725413947050521701e-01
5.593700963607096954e-02
-6.693371107753218197e-02
-8.826550622561507575e-02
-4.646275534799906154e-02
5.699296607345693405e-02
-7.141544660516097043e-02
-8.553366932513253862e-02
-1.848449110647694127e-01
7.329700591275632726e-02
7.305215885251498120e-02
-7.969295272498355676e-02
1.717097220828354281e-02
6.348645627493351706e-02
1.652711548578236489e-01
3.666357957344644480e-02
-4.178902243130151739e-02
-5.782600684090540011e-02
6.622118496624114503e-02
8.757333656955733348e-02
4.190484252260286147e-02
-8.523573015350754956e-02
-4.661472334350966890e-02
-5.454433241134166305e-02
-3.533925085060136972e-02
1.788071607522504214e-01
-1.430124302413129100e-01
2.226238599763983583e-01
-2.758383894520651247e-01
-2.922396957014635754e-01
3.548811389110134544e-03
6.243097011671902563e-02
-1.905900846483320477e-01
4.150524959551054466e-02
-1.359068793489572047e-01
2.989797061786227395e-01
3.635998534087946099e-02
2.396136170478993868e-02
1.934370581231893704e-01
-1.597287839670668286e-01
-2.435393458292021418e-01
-7.304840588389240053e-02
-9.643011858392784574e-02
6.979582702342346234e-02
9.931364546287105299e-02
9.824520524330250873e-03
1.071256316653616814e-01
2.294532243886442668e-01
-9.804978730584619495e-02
2.892655209333036201e-02
-2.128150985114011795e-01
-1.061873482713975303e-01
2.302157575204817341e-01
-2.741679362109229467e-01
1.681702453467733560e-01
1.049464487059034896e-02
-1.161437020239784908e-02
8.058137755686148318e-02
1.137472720188758141e-01
-3.268169506280082515e-01
-5.163448679673535852e-02
-2.624670725125202164e-01
-2.322011798953425854e-01
-1.275116218430940862e-01
9.798220066350721291e-02
1.884953122445014520e-02
5.731979157814850491e-03
6.877990612273803765e-04
5.738888437454536806e-02
-5.484849624133235346e-02
8.828430234700128387e-02
-5.056918844387231667e-03
8.161085219891876796e-02
3.814029505808241242e-03
-8.986236777820863497e-02
-1.925593738157536372e-01
-1.417020108128763944e-01
1.114899867678510736e-01
-1.403652381098194069e-01
-1.028614849418859056e-01
-5.829960333081488782e-02
3.706331562247042188e-02
3.437508342327957878e-02
-6.066366561116147155e-04
-1.826286512802366702e-01
2.036465440009416900e-02
6.692301969328891265e-02
1.220502346586553460e-01
1.950340773989290011e-01
6.815581644748622270e-02
4.552972633133089107e-03
-2.105834684168650106e-01
3.183515856498821961e-01
2.467822376051479194e-01
-9.412781779411509564e-02
1.144857594682526514e-01
-1.457440101003790178e-01
1.066901980535659988e-01
2.540588452326738023e-01
-7.004382929031637006e-02
-4.491244580210414922e-02
2.965984015971321122e-02
2.149706511439785847e-02
4.256747449493259589e-02
1.609506760992748531e-01
-1.483896774748733605e-01
-2.561386130243706871e-01
-7.197346002509907859e-02
-6.911914263474444597e-02
1.604307963550036520e-01
-9.908976003214368944e-02
-2.637263364608408711e-01
3.489623140068995755e-03
7.994666741981271141e-02
3.523026778087830907e-02
-6.794764308521651641e-02
-1.267171504915175773e-01
8.738554249055778544e-02
-4.012420964987790939e-02
2.732537558664137056e-01
-1.228284075334893765e-03
-5.976462550416165170e-02
-5.089656894478222782e-02
-6.483505955710830437e-02
1.227061424910190768e-01
-6.789929467888788928e-02
2.195681015905715239e-01
-8.184946637398102243e-02
-4.775576562660017316e-02
-8.848405552582686018e-02
-4.384930954679512605e-02
1.223232021907092737e-01
1.921010127407202783e-01
1.615543038578806379e-01
-1.265242271453383971e-01
9.096423013463605933e-02
-1.134028573307675480e-01
3.801055410334864271e-01
1.089072552745100203e-01
7.502792644326388349e-04
3.021952145856404010e-02
2.955944413623330380e-01
6.335507598159362090e-03
1.963298100342886210e-01
1.074721762847407336e-01
3.643230931386339660e-02
-1.120672384237904884e-01
1.225734910741465983e-01
1.842891292643955223e-02
1.622029179528184928e-01
1.312481686093988076e-01
-1.786216660385973043e-01
-1.053609387000638553e-01
3.705293145771496044e-02
-1.770828389389649538e-01
-5.728606859618472907e-02
2.520900297523735040e-02
-3.025731975017771982e-02
1.308049709810148176e-01
1.177602832823402418e-01
-6.252270175977990563e-02
-1.896655825635397636e-03
-1.191762507043949842e-01
-7.482324694814469768e-02
-5.239756032354960652e-02
-1.934339122574171496e-02
-2.203781482630841060e-01
4.043541191738966867e-01
-1.394249095016132367e-01
4.028094417847134789e-02
1.286740311794269849e-02
-9.912223864685952568e-02
-2.729251525650153165e-01
1.737023114533020884e-01
-7.142996107385926607e-02
-1.665490728434893541e-01
3.596975760139653130e-03
2.481066247625643819e-04
2.794769716901298606e-01
1.404157884156546077e-01
6.760774611559712544e-02
-5.361138225757206693e-02
-1.734509452640183025e-01
-7.944816117933310717e-02
1.021667389413223603e-01
-1.522824574357497796e-01
-9.059259172938780025e-02
1.479390950176427133e-01
7.438783616438587876e-02
-2.913592534604214079e-01
5.333095978084810562e-02
1.151811270967236789e-01
-2.938836825840499510e-03
-5.646499523154200652e-03
-1.067550623391555070e-01
-1.179781408388211189e-01
1.053320791205222817e-02
-3.765639326634317996e-02
-9.007142761306827141e-04
-1.160429543613757941e-01
1.975147432625522503e-01
3.126239059331837322e-01
2.568418376132812764e-01
9.566874747499273801e-02
-2.257768064296964972e-01
4.900733219004875518e-02
1.476394324525050483e-01
3.274978884286615377e-02
-1.969994904896604088e-02
-2.643318862494728472e-01
6.292431255106162302e-02
-2.935107108483655525e-01
9.478154018060808150e-02
6.945677766828675659e-02
1.173947083281954434e-01
3.425935627582945425e-02
-1.921953499307338942e-01
-2.519946737375374224e-01
-9.028631894375982458e-02
-3.550541157023819235e-03
1.739842761023400325e-02
-5.018766831930518424e-02
1.001004112027712029e-01
-3.716345099534864443e-02
5.440807929835295327e-03
-9.635267994499678579e-02
-3.152877833780137751e-01
-5.464418976716091392e-02
-2.070006913822113326e-01
-2.243235554689037431e-02
-6.138719886255724571e-04
-1.965675537668313266e-01
-4.060091116835851804e-02
1.209422843913838114e-01
-5.100987458056967239e-02
-4.319418984883910961e-01
-1.327433389772556815e-01
6.194828638007469912e-02
1.238883508400870359e-02
1.287263170337455895e-02
-9.338987073971503905e-02
1.965451987913474363e-01
-1.812147962979263338e-01
1.147388700266826211e-01
5.738778898335929884e-02
8.924212482208065955e-02
9.066344297586539924e-02
1.290548127900059336e-02
8.102388635413360074e-01
1.000000000000000000e+00
8.102495047475168910e-01
1.295388981756903923e-01
1.365999184096439445e-01
3.796443383457083764e-01
-3.868167919955473738e-02
-4.722820658279655581e-02
2.203955339148940332e-02
6.556676097750914478e-02
6.273765766692757095e-02
-1.078446511873553254e-01
3.419032425703678185e-02
2.034765733187292869e-01
1.001335032185901724e-01
-1.836049779283903047e-02
1.087567127177282433e-01
2.889288983527523724e-01
-1.754668302418179726e-01
8.493873976702986939e-02
1.192753217409464467e-01
-1.267944723206428370e-01
5.337771331438130595e-02
-1.867997821914600953e-01
1.483792022186790627e-01
-2.398585483837612983e-02
1.711739810682601573e-02
-2.119409948482094408e-01
-2.164556938709580602e-01
4.043295597765233368e-02
-4.319787377683749485e-02
1.344492004211191721e-02
-4.853061955446084236e-02
-2.244281234986116383e-03
-1.382645915532339509e-01
1.216163550062967086e-01
4.487849446088197636e-02
1.758235131016434027e-01
-2.354346607514298806e-01
-1.247651824986162339e-02
1.367623143735713365e-01
2.627853621329066455e-02
1.789225636327546332e-01
-4.299512126212119006e-02
-3.577379941865405089e-02
-2.326252446123860604e-02
-6.706083306387697340e-02
2.063675437993149619e-02
-2.067117547402833599e-01
1.426447695275329976e-02
-2.033202068607340429e-01
9.305121517351634675e-02
2.835054821522169435e-02
2.322133686865504587e-01
1.191793376476445732e-01
1.014567575258826931e-01
1.308002860487556158e-02
1.242593730301679161e-01
-3.145860476012800333e-02
-8.768271691232551457e-02
6.113836000146597588e-02
4.705899827774012029e-02
1.000780041967854195e-01
-1.357373444804651497e-01
2.078792493903986599e-02
5.159301387911780640e-02
2.409606827507939364e-01
-5.342277288269664526e-03
-1.644945956217808702e-01
-2.538501976936847690e-03
1.432465596051579748e-01
-1.291758475355585523e-01
3.715696581146847588e-02
2.345299999097533727e-01
2.226441495740765289e-02
1.431537539144374545e-02
-2.128679744947268027e-01
-4.205157370585010934e-02
-5.513026477624873717e-02
6.488024104587389318e-02
8.100558865414107801e-02
7.675805898059082089e-02
1.562073999712547678e-01
1.404278696617787814e-01
-2.961676737435113838e-01
-1.854643765222290519e-01
-1.567432085058186875e-01
-5.744075605813279972e-02
-1.883945639908542469e-01
5.240077578749836179e-02
-2.184477610052665830e-01
-1.195824947653359865e-01
-6.708811229560787681e-02
-1.068303044150994696e-01
-6.101515567511311966e-02
-9.135784432766272389e-02
-1.791759464276286296e-01
-1.537822512147668519e-01
4.190590314891128043e-03
-1.166787890920575610e-01
2.789186635736761941e-02
-3.800377623548285844e-02
-1.312672754343889858e-01
-6.863503056906834765e-02
1.125475409683535100e-01
7.341255191521030288e-02
1.801180241477053634e-01
-8.493050895538623024e-02
1.816976780772980860e-01
-1.253013004730456348e-01
-5.356100961262589416e-02
-8.456433520136175108e-02
-3.525169679926081628e-02
-1.760761977783854848e-01
-6.722365550330546002e-02
1.297656262570620056e-01
1.762171238105720017e-01
-2.318690212239536141e-01
-1.429424547738652740e-01
-9.452040879000318807e-03
2.044952989836468921e-02
-1.502833653163794247e-01
5.616371140528957778e-02
-1.253478054178327680e-02
-4.424513409195348322e-03
-1.262848482204188827e-01
7.166138557249937535e-02
2.523824827794942660e-01
-1.211416637189871998e-01
-5.768362268343601995e-02
-9.537103962643529720e-02
9.146094924019869399e-02
-1.587023059964813923e-02
1.883277659642999535e-01
5.079187679246912474e-02
1.611842860437766589e-01
-3.742165872820837902e-02
-1.209111263423684815e-02
4.144549315741150597e-01
-2.956005847877589687e-01
6.782062864395545232e-02
-1.191318748788450232e-01
-7.800433381098931251e-02
-4.493073421505855425e-02
-1.656123104635983485e-03
9.326475201634523704e-02
9.363196564697394420e-02
1.479075367976880051e-02
-8.462735579954379361e-02
1.124153598306524976e-01
6.287533903270935143e-02
-8.553137900625156637e-03
2.020666382929277582e-01
1.591086987341030212e-01
9.645794932776093067e-02
5.326684379147094556e-02
-1.044816210526637312e-01
1.506971449611350933e-01
7.840284850341861910e-04
-4.416553713138356152e-02
3.944193045757218158e-02
1.673056994277535847e-02
-1.420865722981165535e-01
9.538129467668744754e-02
-1.734221821886556547e-01
-6.660012696741439420e-02
3.908646973789365320e-01
7.918296878097480507e-02
9.470597094742431998e-02
9.449512725889797071e-02
1.333978762916863681e-01
6.352869683271125667e-02
4.163827486359617663e-02
1.968714161579310784e-01
-6.581631142323318695e-02
-7.346417826828373354e-02
1.169770256246803336e-01
-8.928939303224178725e-02
1.486582632162808046e-02
-1.744523403476214152e-01
1.121503987553707921e-01
2.384855317164930044e-01
-3.356585079005144912e-01
2.519302215444278389e-02
2.704181126693946946e-02
1.130003691287611300e-01
-5.762565834630725692e-02
2.264754041233578152e-01
-8.987935927314240347e-02
6.510118554560437309e-02
-8.497709016453179609e-02
2.394831647849990364e-02
3.154038224876670182e-01
-6.962317889954686145e-02
-6.166349812741108577e-02
2.481635438569190222e-01
1.773276971163317006e-01
1.020908425509078205e-01
5.753960214601772788e-02
-1.519231334521056187e-01
-1.345445187149230948e-01
-2.467187528840202732e-02
2.261513368439993163e-02
2.980730978068278289e-02
-5.432385530047066646e-02
2.751267101712358536e-03
-2.203429908770868778e-02
-2.695176618877359598e-01
1.451223445958342295e-01
9.640326234358187474e-02
-2.129808098513427672e-01
-6.005989783362807033e-02
1.531927108555722061e-01
4.497258572660458448e-02
1.068130377934277675e-01
4.548360339107314701e-03
-6.805874022887594549e-03
1.574624488985856829e-01
3.482003653792612591e-02
2.688438477204533883e-01
-2.741978061701989128e-02
3.859337092168722144e-02
1.902707310595480039e-01
-1.753889213237063982e-01
1.037136455038532579e-01
6.110545491123999667e-02
-4.574967772459680171e-02
2.054701242966695540e-01
6.928465474436837357e-02
7.107029473796576402e-02
-6.219574247137588802e-02
-2.424508784660757768e-02
-1.240178039166623530e-01
-1.802079126971539158e-01
1.379353824837597775e-01
-3.231175027790381821e-02
1.017567209361161934e-01
-5.903261686424587928e-02
-2.070998360186752096e-01
1.630783331352542997e-01
-7.573416987744722995e-02
8.479378215537573815e-02
4.938459111728164819e-02
-7.881494370652457337e-02
2.106070843579468943e-02
2.527516069474942950e-02
-3.037337146042625724e-01
1.985497767558226656e-02
7.167415033553198311e-02
4.789411242397793173e-02
8.295933807750170697e-02
-7.993820876919054130e-02
5.643277647237918832e-02
-1.639839024425148173e-01
9.393456380660708538e-02
2.784154624003842282e-01
-2.906112880601620894e-03
-4.655869274732759439e-02
