-5.954063606833227135e-02
9.339724930454221252e-02
-7.712334991592219302e-02
-2.122798417269919080e-01
1.180135748938099388e-01
-1.772399315361782024e-01
1.001881321958030674e-01
-7.478579838214194364e-02
-2.524990974146885114e-01
-7.842398745631735946e-02
6.682087945363454629e-02
-6.034537489400412097e-02
3.505091198222239773e-02
1.347865962657197048e-01
-1.769972402420357804e-01
1.371522310016385915e-01
1.029957092102265354e-01
2.185830735203603825e-01
-2.207165984545920567e-03
-5.731267366114765893e-02
4.476608707630393841e-02
1.540870841259116830e-01
-8.219321895502373909e-02
-1.810345025550827158e-01
-4.639044666293782454e-02
-1.921675640918478478e-01
-1.010660917728449099e-01
-1.125256845599620012e-02
5.401561906960331005e-02
2.676943903980831888e-02
-1.329967860125911006e-01
1.286984852929717871e-01
9.229796004779028396e-02
7.340858758203289147e-02
-1.101401111603158428e-01
-1.796656940111308887e-01
-9.538044410357769676e-02
2.856135803523807692e-01
3.052426818985037524e-02
9.930840121230541037e-03
-2.459510560426219905e-01
-8.477525070591886147e-02
-1.656459507536742551e-02
-1.247187406910607171e-01
4.412531485852339008e-02
-7.986564983378148519e-02
-1.545083531431921675e-01
-1.169360228141155950e-01
4.432251055728899693e-03
-2.845118268353543159e-02
1.588154972469946191e-01
1.376573530774354015e-01
3.383269756900548347e-02
6.508417048747364153e-02
-6.577255311637342228e-02
3.533001789535488713e-01
1.121851134645013570e-01
3.282966697533128923e-03
8.856885390677640690e-02
1.822759461301562134e-01
-7.044056767838839661e-02
9.109685410893141044e-02
3.051578269344791816e-01
-1.285501972280912453e-01
2.017234047926681206e-01
-2.127297817875491992e-01
1.399293646208129294e-01
-8.722136149477759115e-02
7.859106024972327409e-02
1.824779032401935841e-01
2.834173244757221544e-01
-2.563209722744011834e-02
-1.167110112644692416e-01
-2.012857828405636151e-01
-5.498083482882178130e-02
-8.160039934200594494e-03
-1.090769028877553032e-01
-9.152722589230313788e-02
2.949603964228833530e-01
1.164693743390211866e-01
-9.578572620154796047e-02
-8.820279302283773326e-02
-1.099553751934046891e-01
3.747900502022512292e-02
1.149777544163785026e-01
-2.707421820627411296e-02
4.715512218438738107e-02
-1.606268323986678737e-01
3.694343954916994022e-02
1.295904506707782899e-01
-2.081356509305544722e-01
1.007679049542987010e-01
-2.490847318674039579e-01
2.950743961654200484e-02
3.846253384754794169e-02
2.860299953293792274e-01
4.784253699524943643e-02
-1.037848410934692905e-01
1.304588936874391189e-02
6.115958691553688431e-02
-1.477864754194738173e-01
-1.594781944231499771e-01
8.281362979981941874e-02
-6.372139608035451430e-02
-1.633404027317291174e-01
-1.516063108460366238e-01
-1.954521720537154006e-01
-1.368416901392993656e-01
-8.664745958901155787e-02
-9.223014942982998843e-03
4.215898676466509065e-01
6.460892846297430769e-02
-3.267206198784003979e-01
-2.277775195962160049e-01
3.712276326472135901e-02
-5.375800477196569782e-02
-3.585661862592273708e-02
-1.287238003159557609e-01
1.673547556973634665e-01
1.255894274931795007e-01
3.589830104219689753e-03
-4.050371360387515496e-02
6.302910811934791862e-04
-1.853556034652584228e-01
2.178357266779866186e-01
-1.919957044444671745e-01
-1.736083203515576684e-02
-2.771511580555736098e-01
-1.204138231263076619e-01
-6.288323691370562019e-02
1.159870062527294937e-01
-1.167563907222554653e-01
-2.710042496653944921e-01
-5.183606368126771058e-02
3.442569257960558654e-02
3.648035234902031326e-02
-9.758121812668310927e-03
7.708816514918687135e-02
-1.691043915983897195e-01
3.784809346520814216e-02
3.222657573589396418e-01
-2.377553883657997358e-01
1.663325524289422097e-01
-1.570180568482428818e-01
1.299804586998331013e-01
1.689843938813144486e-01
-4.096230575537709861e-02
-5.074216429120447826e-03
-3.136929565732702457e-02
-1.204023522409103375e-01
-2.128781955802767634e-01
-3.617269746747793502e-02
-1.143919360828964116e-01
-4.569582275152952316e-02
-1.498276045604845785e-01
-1.803739995864576083e-03
-1.945117376035989110e-01
-1.072394367410373500e-01
-1.600365435137522663e-01
-1.717926599675181354e-01
-1.646208797394985435e-01
9.397340666084615102e-02
-4.991718189420836678e-03
9.577927894582478896e-02
2.920616018914991008e-01
-2.371379334814667228e-01
1.071891736128994105e-01
6.901028801473987895e-02
-2.230827897099394441e-01
-1.066136756983244588e-01
-2.389267724046179042e-01
-1.582538831388423731e-02
5.536241097166813563e-02
4.459702451954801472e-02
-1.624976351667935248e-02
7.149808774669025313e-02
-1.123082007960911621e-01
7.150578507863912525e-02
-1.961275815844734302e-02
7.786406172126478231e-02
8.130574349300939696e-02
-7.206531939864756209e-02
-8.153284954856911126e-02
6.142343105752924581e-02
6.056039097205211108e-02
-4.775722509392500009e-02
1.692264012365229664e-01
3.311385497385650745e-02
1.012303912542498324e-01
1.555757805115014492e-01
2.045117839596849452e-01
6.323258073833963600e-02
-1.517024444567404151e-01
1.726317312040420160e-01
-3.097260896902401250e-01
-7.680657128302335879e-02
-3.245942033332793186e-01
-1.726590815106302662e-02
-1.092810620396463678e-01
-1.684782846231212827e-01
1.444525887185061086e-01
-5.880172975694372001e-02
-3.851995198676934698e-03
-1.488487875123716345e-02
-2.568494075340630248e-02
-2.866839573758545034e-01
6.630461932821603635e-03
-1.607792450824171715e-01
3.207515205749900122e-02
1.517146020744394586e-01
-2.689530760961319350e-02
1.100076126863168552e-01
-5.464786492429542925e-02
-6.524482727611417843e-02
2.982451869954469426e-02
1.165023815611169605e-01
1.570320409451704258e-01
-2.345947263967127772e-01
5.616856315767797259e-02
-1.493027923208196375e-03
-9.266409770302408422e-03
-1.569542641391562417e-03
-2.686764097240995630e-01
-1.317734894281603064e-01
-2.848572406193438655e-01
-5.740159817129599634e-02
-2.116179969444855272e-02
-1.673005335739660149e-01
-1.380057524087846821e-01
-1.138825818522812700e-01
-1.706459742368506005e-02
4.492427379641514285e-02
-2.643415955747869736e-02
-1.310959819173241059e-01
-1.938732556370563465e-02
-1.852713083763815327e-01
1.838884462096979644e-01
2.281036211999422914e-01
1.313280096533532004e-01
6.702357391129928899e-02
-4.564334686198370100e-02
-1.188940745190561754e-01
3.208155634855315852e-01
2.123752059826991556e-02
-1.003597688828085192e-02
2.058380318403124354e-01
1.771850152081450303e-01
1.924668700881607825e-02
1.889130484597907056e-01
3.266283673570853918e-01
-1.188495292252465807e-01
-3.326562365220903789e-03
2.722042534135826752e-01
-1.247321024864009135e-02
3.046335900500019567e-01
5.094064691099385866e-01
1.000000000000000000e+00
4.928640217640960497e-01
7.254075992400907391e-02
8.966442301874562315e-02
1.416320602720216038e-01
1.107895303361855349e-01
-2.894169588201097043e-01
-1.209592879711654106e-01
1.433762787888326062e-01
-2.001604542722699442e-01
-1.053734663470761584e-01
-1.464750054501358645e-01
1.311067823389622765e-02
2.286825143119819159e-01
-2.576233656389320670e-01
7.834693389138726316e-02
-1.571160169381659588e-01
1.073632056720733585e-01
-1.105390558779910104e-01
-1.013461864465672047e-01
2.840366323735648776e-02
-9.018286929587936152e-02
-6.075950788625721251e-03
1.021998261092262744e-01
-2.598536506829803305e-01
-1.199339575319735285e-01
-9.991736283237749594e-02
-9.488060575793504092e-02
8.537665941082074605e-02
-1.978691993989972198e-01
-1.247148010601413920e-01
-2.458282477597841312e-02
-1.129719068584799785e-01
7.788121567808373169e-02
-2.229259977422282449e-02
-9.529564493087001875e-02
9.495808595468684110e-02
6.489823272015628197e-02
1.925477348005518452e-01
-1.152335525004802158e-01
5.608237440325609946e-02
3.434960683272242354e-02
-9.799321177360249824e-02
2.086168041573980281e-01
6.780819768684322180e-02
2.572792518710853571e-01
2.743484248157211369e-01
3.862788418573524091e-02
-2.583940752972235244e-01
-7.594729682478984500e-02
-9.064219396459223185e-03
-2.690328768171766360e-01
1.882424041169175333e-01
5.773243601365293104e-02
7.826916396412268717e-02
-1.134332426919224812e-01
-4.576748856229558710e-02
1.562065782429488681e-01
9.935243211342824343e-02
-3.474893224586909912e-02
8.863547717736205978e-02
-1.813164643601056572e-02
1.143922472525636946e-01
-1.986696309573386110e-01
-1.578278916227609241e-01
-9.064759519394949283e-02
1.248400288340039826e-01
9.198136334478125564e-02
-1.215616861979513658e-01
8.185884640971359538e-02
-8.670212476382669481e-03
1.391604597379128283e-01
4.025477868773645607e-02
1.233511525933018299e-01
2.422723233590357295e-01
4.419952279228049619e-02
-3.861174938085158714e-02
2.180902427163236845e-01
-5.202844357145273990e-02
-2.473024318834973756e-01
-8.599287799656032960e-02
8.987545326483223351e-02
-1.716932331085728458e-01
-8.939439685435639216e-02
-6.452322514661495978e-02
-9.037247587406341265e-02
1.910036469145589555e-01
-2.630913028451519267e-02
2.025929779659624286e-01
-3.756107942146159201e-02
-1.158645300870215361e-01
-2.221362886995712771e-01
-2.230715234792984836e-02
1.364859473347800889e-01
-6.524264693811607230e-02
-2.909369999512602112e-01
-2.039470571391637232e-01
-8.685186095194273592e-03
-2.042167642076715972e-01
-1.952102863145093598e-02
-1.006561574960457457e-02
3.132332470594387797e-01
2.050840550937445550e-01
-1.045036175234234643e-02
1.587503565978593267e-01
3.425940643726487767e-01
1.142164173231553434e-02
-1.956321262995165122e-01
7.883860837750632233e-02
-4.071736795801406822e-03
4.426487500136601361e-02
-2.227330117811589238e-01
1.455549004034653038e-01
-1.444427833677034700e-01
1.658230262694471990e-01
1.224428081625505982e-01
9.299225387904351547e-02
9.431377344723596012e-02
2.070638298956436682e-02
-1.261654910911846061e-01
-3.832352047764768510e-02
-3.622923150815715587e-02
1.924558995099165393e-02
5.415285657560073990e-02
1.051297638272032792e-01
4.626443579428586583e-02
-3.494185377615019461e-02
-1.249797057247684605e-02
1.908631182350974953e-01
3.940983837082132242e-03
2.400308382496335602e-01
-6.485256379653069059e-02
1.077865954647643475e-02
1.693537986288202457e-01
4.436219663483452480e-02
-7.114316559321641475e-02
1.785890409422511704e-01
-4.783845227212447232e-02
1.147049429346482310e-02
-7.309436998261291396e-02
-2.530764407189705079e-01
1.019931473818698649e-03
-1.268546948250098838e-01
5.906974063982240244e-03
1.953831390284323580e-02
5.354908944990827147e-03
2.306310274070926675e-02
1.075762205486360118e-01
5.843986113207035038e-02
2.243562788756376172e-02
-9.891008770030690345e-02
-1.026214765405594198e-01
-9.505835796188245868e-02
1.276863633282520893e-01
2.166724086612671976e-02
-3.092574992737812667e-01
-3.030371133922785121e-02
-2.974947904720865455e-01
6.232201154080354959e-03
1.128435516491457097e-01
1.200648683772392727e-01
1.845206573014833706e-01
5.563053275094897304e-02
5.209747531097757428e-02
2.971082593934552124e-02
2.291783458403795215e-01
-1.539008281202141780e-03
3.686553524928160019e-02
-3.899081231216774968e-02
1.323498828416101725e-01
4.513976946108900351e-02
-3.865768873981271225e-01
2.365357940693287725e-02
-7.560381079382505476e-02
1.496524110505375038e-01
-3.766601534814353891e-02
1.962937695608206190e-01
3.292090016000614461e-01
5.916462006241907795e-02
-1.622051964934700108e-01
-4.100654161916690577e-03
6.226601121403400364e-03
3.967254099355777691e-02
-9.538123173132696461e-03
2.539999059355256272e-01
7.185309014552251905e-02
7.178263406137674885e-02
-2.010704670309836628e-01
-2.727771512308684379e-02
4.467789991376451553e-02
-1.301836671717989877e-02
4.434874904514755217e-02
1.962116923662163559e-01
-1.323468861963475462e-02
3.473039942689936516e-02
1.103071326198241803e-01
-1.176181586925213914e-02
3.884356763173554827e-02
-5.934383416723426619e-02
-8.822967234978351669e-02
2.273563573963039430e-01
-2.380005366694295799e-01
-1.661142727327039603e-01
-3.814109143783822042e-01
2.899413053153047093e-01
-3.941808142196456116e-02
-1.558943590516464195e-01
6.391780143355285659e-02
4.234355066328545497e-02
1.206078317838966789e-02
7.428015436570995118e-03
1.279541688050009063e-01
-3.330310489990313816e-02
6.198915532614863999e-02
8.751173702683932853e-03
-8.731111224270693416e-02
-1.172223559769786372e-01
1.923747109090394591e-01
-2.566103698791837862e-01
6.480610592669752701e-02
-1.184750957152018724e-01
-5.691497309777728865e-03
-1.957740604131019135e-01
2.537834338080188212e-01
-1.131890174424413226e-01
1.239064279217992892e-01
4.502835385526487988e-02
-1.601182589233635933e-01
-1.488329931341908843e-02
1.890226909950613321e-01
-1.304591176256250373e-01
2.627010712507699131e-01
3.238824975195045419e-01
-1.032768013320562173e-01
2.893996605601135627e-02
-7.252179839845866727e-02
-3.444914941852320750e-02
-1.407209080310637406e-01
-1.115598754161070544e-01
8.179979402465788196e-02
7.325364277627481602e-02
-1.251163767909704572e-01
1.015466816557368118e-01
-1.211457594523647624e-01
-1.451720669767418426e-01
-2.528988810940289642e-02
-9.803534346562663149e-02
-3.628920109593414961e-02
2.032533473724078277e-01
-9.460577896195719594e-02
-1.795768425387172518e-01
-1.672532663020437904e-01
4.987896952866303912e-02
-1.666560846190954792e-01
-1.070638004117104546e-02
1.010963956626055316e-01
