3.559215203206620992e-01
1.513191184098737208e-01
7.539703981711333436e-02
1.810277152114747046e-01
1.026396876629341115e-03
-2.428581426793447740e-01
-9.282061053022006014e-01
-6.506036851024425971e-01
-2.465319437035500272e-01
1.263204477769822032e-01
6.389523932121947691e-01
2.800220434045878615e-01
-2.880699838954324868e-02
5.413404821644640652e-01
-1.093831872769777808e-01
7.473806333715365957e-02
-1.897972360090288135e-01
-3.650670098095284422e-01
-6.395518186905804203e-01
8.224549565574362786e-01
-1.484660397381506181e-01
-1.396182970936164502e-01
1.581042423878494807e-01
5.069451508574696064e-01
1.269071008217553531e-01
-3.498696619214362591e-01
-2.795560603724275839e-01
-2.688363359338927783e-01
-4.245608510036170680e-01
3.468025623813210112e-01
1.429961212333243636e-01
1.217889750754343192e-01
4.230491179470584062e-01
-1.146628631920524194e-01
1.676858415562045568e-01
1.998080665053346971e-01
-2.345469355838540326e-01
-6.242986549284803566e-01
-3.928766989847424784e-01
-1.699744712057290885e-01
-3.703377697909057253e-03
-3.463803302826477110e-03
-4.564207032187684865e-01
4.782768066938630214e-01
2.488669610093982298e-01
1.023696947824354886e-01
-2.631052212970422244e-01
3.666213963533405673e-01
1.651733574654676573e-01
5.841325131314186736e-01
2.052294441833614758e-01
1.000000000000000000e+00
-1.389718973435278004e-01
2.170916180477212576e-01
5.697796702041956207e-01
3.137640990227101301e-01
-4.789315339816486300e-02
-3.458882848098526197e-01
-2.890617961858990559e-01
6.120889365392110509e-02
2.023630030913960431e-01
-2.384481251848813710e-01
4.910831281110847324e-01
2.012687045392285712e-01
-1.798158864994430506e-01
-5.998288548442544110e-01
-4.235198117168102461e-01
-2.013840646723095706e-01
-5.079578843051973935e-01
-3.900782571723184211e-01
-2.881151679464393975e-02
1.615742398229136623e-01
8.641864196469349613e-02
2.055364302841374002e-01
-1.960662604175831270e-01
2.366600684418126155e-01
2.910249747067346071e-01
5.510004277870549777e-02
4.316816578330309184e-01
1.367377093454056614e-01
4.324553391469610625e-02
-9.384760330002331341e-02
1.392694542681509884e-01
1.903889321331617493e-02
1.943603553943335227e-01
4.207412265070294421e-01
2.235235716732809075e-01
3.324560102318154797e-01
6.376402690219241942e-02
-2.893145372975099994e-01
-3.328380648418207688e-01
5.580226430607336807e-01
1.207933382170191250e-01
-2.610282535279411786e-01
1.700914137917453051e-01
1.153065154553437749e-01
-8.034188580056639273e-03
-1.214696031229099693e-01
6.287274770308060035e-02
-2.571587048266107400e-01
1.183763692247847971e-01
-2.427944627299397085e-01
2.010900568226664242e-01
2.154567892569256640e-02
-7.529247971154007235e-02
-1.007447499376802891e-01
8.511968931648768513e-03
-5.760879971415742151e-01
-1.072486336740065271e-01
-3.660205874970116624e-01
1.932635026463007666e-01
-4.600101892388998581e-01
-1.317758205171107311e-01
-7.362305856177228103e-01
-8.311156554976532884e-02
5.354683957937621946e-02
-3.052066300587489289e-01
1.092715613129670027e-01
-7.829138426842749410e-02
4.400744266617108713e-01
1.333237268593412683e-01
-3.589153107017865052e-01
-3.187745180682082236e-01
-2.062160360347334298e-01
1.378638478722894189e-01
-2.492199289155719311e-01
1.235735025084572225e-01
2.128153864466101122e-02
4.187792337434586565e-01
4.571659646960699042e-01
-2.471966161490607994e-01
1.981913848444016302e-01
-2.898762287191323228e-01
3.767151642598094430e-01
-6.089738095120263150e-02
9.664762419415962036e-02
-1.383192068157216847e-01
-2.535676430960726035e-01
1.544102020461773361e-01
6.395667611509485706e-01
-1.813893314290211667e-01
9.784923033869764863e-02
-5.917143763241292653e-01
1.685792864523256163e-01
1.623774746744727215e-01
3.565071948799767299e-01
-1.084480765343447117e-01
-3.268066975877249175e-02
-4.360963821979905730e-01
-1.690920321546361405e-01
-1.870858552331350622e-01
1.332331259031412640e-01
1.446161509773084275e-01
1.654033050637463975e-01
3.215774888953842892e-01
-2.042540408583807532e-01
-1.036349702667548195e-01
3.010558517254202093e-01
-3.187311316432271668e-02
1.667670513636679286e-01
-2.591067911934245155e-02
2.762486046139537854e-01
4.902626038751259352e-01
4.829110709954627656e-01
4.292538351020117743e-02
-2.548781277178240878e-01
2.282590494517162394e-01
-1.034856504720361482e-02
-4.103740742374938910e-01
-2.521377096194096085e-02
6.957093140845735935e-01
3.661115923872279021e-01
4.481877252086310937e-01
5.538773606594955545e-01
-3.774519576942643173e-01
7.460503931553693624e-01
1.076198954948499181e-01
3.200735719870331092e-02
-5.234810809760900296e-01
-3.300337677191465813e-02
1.813346639946298439e-02
-5.620002753936232942e-01
-4.040130698245152918e-01
2.104723732198179875e-01
9.338143517374543345e-02
-5.126947314807017708e-01
9.165155123374694179e-01
-4.443230776271974714e-01
-2.952683206183080999e-01
-3.205879307173163384e-01
2.908463294029818291e-01
-1.500384989439518812e-01
1.955448664038998419e-01
-4.787628256387791992e-01
-1.447954048891895952e-03
-5.556955174966109190e-02
5.541401267179216772e-01
-1.316795163569863258e-01
-8.752943988122521835e-02
-2.286318609381549627e-01
-6.172694682295414015e-02
4.923096982915829978e-01
-7.577282054896737895e-01
-6.670144243905674619e-01
2.128900939561082298e-02
-3.875215482136402656e-01
-6.587596580604435093e-02
-9.983322418275573928e-02
-1.097052994779261492e-01
-1.972867292442006537e-01
-4.145360632748750218e-01
2.341756925694762626e-01
-1.103389234231244298e-01
-1.408764985226564070e-01
3.373013881230897942e-03
9.090295192917016709e-02
5.659193321344023475e-02
-2.207178800671398544e-02
-8.894589250828969229e-01
2.746212779405203530e-02
3.436391649609586429e-01
-1.770480998628840563e-01
1.706136074766742283e-01
1.676840788347155609e-01
4.814584936991485598e-01
-3.616371000977600669e-01
-2.625804710034660983e-01
-1.156924960710653677e-01
-1.624440867089204932e-01
-6.949675828757865270e-01
-2.124224738870103633e-03
-1.056543497892038080e-01
-9.819216847249233326e-02
1.884311403722663536e-01
2.969066384929019420e-01
-1.704365152097672975e-01
6.257785619911969688e-01
1.607635186180960199e-02
-1.673151697219910639e-01
-8.033061219673286180e-02
3.459248504614758635e-01
-8.362394896539946873e-03
3.153290304786632130e-03
3.746643404998460380e-01
-3.217975927738427333e-01
-2.346066750508237209e-01
-1.099171613918100698e-01
6.848496374149388999e-02
3.327480416409178687e-02
-2.258656500120302113e-01
1.738725272338849936e-01
5.125428259567490485e-01
6.603594217790734744e-01
5.554732154291686097e-01
5.728701662666513261e-01
7.448898652835228562e-01
8.382273688969893444e-01
9.064036683977608755e-01
4.023136594795388987e-01
6.861658456686247076e-01
6.454576608223366874e-01
5.983080898030582739e-01
-6.361799037394383349e-02
3.953968547670989701e-03
-3.299551269654490276e-02
-3.116959656175954940e-01
-1.392045861487265779e-01
3.841424173726506611e-06
-3.672546163645225570e-01
8.314498943170277323e-02
-7.439254737549159946e-02
-3.961025713449310010e-03
3.297566282631274603e-01
1.695364088850423723e-01
-1.919292233521975866e-01
-3.784812152641951755e-02
1.868523879759657058e-01
1.460999830872728444e-01
4.544500727534213080e-01
-8.386624896487365755e-02
-4.083641356264385708e-02
4.571439578315500962e-01
2.112333414612156679e-02
7.849520329272875740e-02
-2.233028517634084997e-01
1.109012226793462397e-01
1.268094320901257954e-01
-6.844624712092108876e-01
2.385904275440322853e-01
2.713906931429754810e-01
-4.101248658072066955e-01
-3.980195800408766749e-01
-4.179001249274471030e-01
-1.986681606657512422e-01
5.346351512469800504e-02
5.107614475317577840e-01
1.593485049282951926e-01
2.175605548800439992e-01
2.404260509582159810e-01
3.262608873816638666e-01
-6.352031199121396798e-02
4.162414019435517476e-01
-2.634430393530380588e-04
-6.244782846689275052e-02
2.273003633725023953e-01
1.906014623684246512e-01
4.163042928313349655e-01
-8.996723817752891317e-02
-3.764798985852118585e-01
-4.047754241914021389e-02
6.241149034785479360e-02
1.817503788791852981e-01
-2.844872737640509741e-01
-4.299674790163628413e-01
-6.567830822146640823e-01
-1.010808155039420037e-01
5.668528985327938446e-02
1.782471403871660606e-03
-8.664464442231371508e-03
1.548207663958175162e-01
4.736362660912375455e-01
-1.618167487158757578e-01
-4.769397765417120461e-01
3.783237972471273913e-01
-5.106869405515649385e-01
-1.746256243289902033e-01
-9.885821755341800410e-02
5.356294246595620923e-01
6.374634660615469128e-02
-5.159599347773116129e-01
-1.553712350494227123e-01
-8.566197407957075460e-02
4.096946748002630589e-01
9.414418656477932523e-02
-2.516085906144138185e-01
2.360390308776405821e-01
1.568446691489310818e-01
-2.393189563403791409e-01
3.449494577460914813e-01
5.245235160334461855e-02
2.155985621164732413e-01
1.206176452590605741e-01
1.062940856979066317e-01
-1.296013662018983825e-01
3.908722667482530388e-01
-2.166189412622958332e-01
8.446432143984640428e-02
4.921031462571761050e-01
-1.277844136331206526e-01
1.095040679326474836e-01
3.821685834002714333e-01
3.672534651774700398e-02
-2.630091065607820244e-01
3.192757025091279288e-02
8.543755569653993520e-02
3.380261719248881525e-01
-1.133830265078476784e-01
-3.774319053878521513e-01
4.424998545414813300e-01
4.478542138382072268e-01
5.437564799095856438e-01
1.804778259348481795e-01
1.015045644180527229e-01
1.505778056118221020e-01
1.900552976097405478e-01
1.956749771607303734e-01
2.249965994259910396e-01
-6.503648852922352397e-01
-6.513837028758935610e-02
-1.571712843198199150e-01
2.376142481798354800e-01
-1.134085623537720022e-02
-1.325000381801631766e-01
-3.663466281164582394e-01
1.093321019054407789e-01
-3.654989789731213357e-01
4.781936837269586404e-01
-7.527537251263120843e-02
-3.690253798560688137e-01
3.532211341920502273e-03
-3.021572074433934163e-01
3.883719684757765966e-01
2.516768116424530910e-01
4.374047237962663259e-01
-3.094680577875944527e-01
-5.017273513201941232e-02
4.764573277568213971e-02
-1.684538801531819396e-01
-7.210385355452254563e-01
1.203252049230098403e-01
-2.354833878959272653e-02
1.936937235651512157e-01
-2.966585921878775456e-01
-3.176206416453612735e-02
-4.347503161940793337e-01
1.451845337394139512e-01
3.547834277038124096e-02
2.391448521152605700e-01
2.160362441351457441e-01
4.738473667711833731e-02
-3.765932954675260125e-01
-1.345880093815104428e-01
-2.826455332323771566e-02
-3.994965035587824675e-02
4.680097106014642350e-01
-4.452632641082585746e-02
3.881410423920668151e-01
-1.125735032913531275e-01
4.551688237663528702e-02
2.186568224670656369e-01
1.355563569950262170e-01
3.964288611620315761e-01
-1.911043677221928583e-01
-6.645498872729597162e-01
7.636065692813077954e-02
1.994729890756592461e-01
-2.888009846856080531e-01
-6.900204350200859205e-01
3.355787420061892568e-01
5.515679031602150895e-01
-2.043699871109963262e-01
-1.953011442545480869e-01
5.543944483654758004e-01
-5.755418203189529569e-01
-4.332969498361708416e-01
-4.215220082555397318e-02
1.645654914433604121e-01
-1.070007946408158966e-01
-2.768757232712550365e-01
-2.990999304038509110e-01
5.176037664319657061e-01
-2.771406199607156368e-02
-2.547655054203851743e-01
2.404731245624054474e-04
-5.276088350262057164e-02
5.574409464626659677e-02
4.821322174315798570e-01
-2.438244841077812364e-01
2.712100836299323747e-01
3.139156387213951627e-01
-3.101433451665228103e-01
-3.815991994791739228e-01
2.962093442494538320e-01
2.919532143362030263e-01
1.155765979068851430e-02
-3.716052732397171487e-01
4.094718094541054954e-01
1.184781847521600429e-01
4.221708583450686086e-02
-9.913591546258848641e-02
-5.623874018749063647e-02
8.441420876970801013e-02
-4.010569639572681561e-02
-5.343051558355824682e-01
9.531723638217703964e-01
1.616962994933471842e-01
1.116026939589508972e-02
2.434224061448019838e-01
-4.796747326541865308e-01
-1.250409986331100509e-01
-2.856739384067168430e-01
-3.092837068671353551e-01
-1.450614753227978393e-01
2.536891209766905519e-01
4.510911243181436880e-01
-2.425585705484790272e-02
1.087333077596743663e-02
-1.927267501742683797e-01
-4.148255488523221457e-01
-4.775124290912050734e-02
-3.406463294332907066e-01
-1.247013883216148145e-01
-1.352072842242209305e-01
-1.193281192128151785e-02
-3.097317600271036128e-02
9.853632227543114575e-02
-1.562853077618667208e-01
-7.104007190342231937e-02
-4.272582591119144513e-01
-1.763647445080576137e-01
-5.741055515088255845e-01
9.175281631218272504e-03
-4.132845290584714060e-01
-6.232228160827897323e-01
-1.337326928250137104e-01
1.113532562132884679e-01
-2.750524799247598406e-01
4.545819534700866749e-01
-1.582893596963694527e-01
7.551088298045197655e-01
1.110918667903047358e-01
7.872652993920431497e-02
-1.789988828808709020e-01
2.835262999547918938e-02
-9.018282943491914838e-02
-6.918664718799133473e-01
-9.474476547574098295e-02
2.026092736525531568e-01
-1.726972318487878799e-01
-3.267810349899748917e-02
-1.456565776039518423e-01
-2.481843816937604197e-01
-1.436002473023015036e-01
-2.647741692612132214e-01
-3.092410577096009749e-01
-1.376635591165025763e-01
5.297827546817065469e-01
-2.855573925163435445e-01
-3.026815547614218893e-01
-3.391593555536130400e-01
-8.665917941004691594e-02
2.002589297172272242e-01
