1.789427944227658940e-01
-4.779251636344234444e-01
-1.345249183067598886e-01
5.563450323851487633e-01
-2.202610819684807375e-01
-1.539788241732674423e-01
3.027695380664737618e-02
1.239987188226337883e-01
-2.904596573433836926e-01
1.888077376156125156e-02
-7.224017234296707668e-02
-4.472732051237918866e-02
1.024243537938009097e-01
1.906944449944056319e-01
-2.641684495473733268e-02
1.415365000724717881e-01
5.099987056123079371e-02
-1.071129729636901978e-01
-2.740548402131827710e-01
2.205431667935000284e-01
7.264910174367348976e-04
-8.427081718945123034e-02
3.015328472670536497e-02
2.458277659276909277e-01
1.227388590044126426e-01
1.958809936048191980e-01
5.551384501802361648e-02
8.310134064971190157e-03
1.039937092162724654e-02
-4.348307869269938536e-02
1.110602005185654662e-01
-1.054375570076257901e-01
7.537439757178223711e-03
2.150490181499397635e-01
-1.893298967818821399e-01
4.052010497225411179e-02
1.260439081844192677e-01
-1.915815221420106296e-01
1.167305117587486285e-01
2.178380385138760367e-01
-2.501086786016529784e-01
3.259080025136867342e-01
2.152066073680999059e-01
-6.672292227440683454e-02
-3.846214520440027762e-02
1.609566483713316953e-01
-2.317417778606546408e-01
8.787678212020359758e-02
-1.260675118933329009e-01
1.619570498884901899e-01
6.846377841521528174e-02
-6.275297232068981212e-02
-9.247393080258524412e-02
-1.290138639281438460e-01
4.339197353990386502e-02
1.010906205797262314e-01
-2.688077721821993116e-01
-1.320861490661980886e-01
2.235146267293049993e-01
5.456271039889308561e-02
2.974416813467836707e-02
-2.456410156630211283e-01
-1.951469922184315697e-01
-1.466187588781199232e-03
-8.629404398360496220e-02
4.887914016018481828e-02
-1.810520558456822082e-01
-2.376515776188058149e-01
-1.368250172576041240e-03
4.540951973869519764e-02
3.159747017130927760e-01
-1.144971788276566774e-02
-1.313950015341581179e-01
-1.383918877031092010e-01
-2.050825570423050470e-01
-4.302496644136508813e-02
-1.332694376559733218e-01
-5.558716312572416912e-02
-2.250474348922851531e-01
2.734550103087637907e-02
-2.004061940820288934e-01
-4.162077640349801794e-02
-2.381699654348815032e-01
3.030857215458057086e-01
1.834325961910569236e-01
1.361004813665778190e-02
3.251358233004973397e-01
-2.379729009427867040e-02
-5.265767309459306895e-04
-5.198411248314101923e-02
8.826678285631567311e-02
-3.340448083234726639e-01
-2.257162165302896081e-02
-1.381695898503636499e-01
-1.280050976744657731e-01
-1.409561699290256542e-01
2.098455735325682053e-02
-1.866023721253134982e-01
-1.628233033258207896e-01
-1.785849383940818491e-01
-4.796942367793326223e-02
1.971779864884653510e-01
1.876014134679867412e-02
3.503922504856553655e-01
8.286612486767049035e-02
-5.121377717534252721e-02
5.396643623500847753e-02
-2.117190921141213211e-01
-2.558901999480124867e-01
5.318728868994229697e-02
-2.461123908763485427e-02
-2.425171996036485922e-01
-1.451960443730122008e-01
-3.271840638996535988e-01
-1.071622672446102820e-01
1.655941019546039172e-01
-1.004712321801517483e-01
-1.119907287811576641e-01
3.645051501654945070e-01
1.559248824783465992e-01
9.182273564742450545e-02
-9.078465946810146403e-02
-1.823852779284797915e-02
7.675704739649392983e-02
-8.827994775888195478e-02
-2.061450643381823877e-01
-4.370766795160566098e-02
-1.620343946395921830e-01
-8.049563059364665818e-02
-1.340859219113296197e-01
-1.387630712049517656e-01
1.891177254050002421e-01
-1.292403960326240012e-02
1.493789639668582359e-01
2.174991711373736036e-02
-5.122215560329730633e-02
-1.220731590866880739e-01
-1.036055281201880979e-01
-1.477123611288176652e-01
2.551187249021004688e-01
1.755635418790090288e-02
2.914073568548699797e-02
5.363851389472313463e-02
1.245427159428283276e-01
3.506939936614557607e-01
-5.682270137630821699e-02
1.302611689151281782e-01
-3.047525611365294387e-02
5.217013079955744592e-01
2.006050371050178693e-01
1.456357586271767868e-01
3.585464223419024266e-01
-1.763746626962206798e-01
2.592599568818374500e-01
-5.833625761492807621e-02
9.081377944029470073e-02
-2.927517784386215460e-01
1.074849419181008597e-01
-1.617659526660989930e-02
9.789107352764142567e-02
-1.383871882213111651e-02
4.511620889325902023e-02
3.282367432517177466e-03
-9.365252877523100317e-02
1.139057949449935186e-01
2.402791711938651875e-01
-1.663318331242925607e-01
-2.240558641305852999e-02
1.967455785179866579e-01
-2.583812325408182953e-01
1.943271178931065546e-01
-1.954121496330257779e-02
4.196133309882032342e-02
1.129356531381199985e-01
2.317538158357973499e-01
-2.479259784729413163e-01
8.282544804386504644e-03
2.544130660193374624e-02
1.019666342774739748e-01
-9.975375660450241933e-02
1.672470941508424347e-01
-1.612816838063290681e-01
-1.885134536008204742e-01
2.693544123518314959e-01
2.252183635135266981e-01
1.293177076758971200e-01
1.421233108534537271e-01
-1.006745365366003564e-01
-1.534000392962180659e-01
-7.160417594922612039e-02
1.358072363883237009e-02
1.859164431156856145e-01
1.869994706734797243e-02
1.571862062950660499e-01
8.948313196700962216e-03
2.218356042477059586e-01
9.906807145073569243e-02
2.203987954995485776e-01
-6.812182531523927609e-02
1.746123573208717694e-01
4.570950029438452383e-02
-2.277123797498695479e-01
2.083575298946134871e-02
5.212329001269629114e-02
6.948656261788321853e-02
-2.336302866972221892e-01
-2.380328071919884103e-01
-1.751746446334389029e-01
1.398219710945274585e-01
-9.678796357261379435e-02
-1.614904708033075217e-02
6.188966057181277680e-02
-5.204187216740446646e-03
6.406977153609309805e-02
3.137047331389384297e-01
5.337154478433148858e-02
1.218742056340366420e-01
1.353108707323435744e-01
5.484902036303803685e-01
7.343819674046650481e-02
2.108902155980768856e-01
6.064811658472536726e-02
-1.015614157120241397e-02
-5.731895036272472571e-02
-9.321029206973439896e-02
1.166969843555051983e-01
-1.636724199829243664e-01
1.494017941531048943e-01
-1.148229427127956809e-01
-5.550573870956740374e-02
6.035578202607603387e-02
-2.322667412735889003e-01
-1.427169967336849032e-01
-7.360664662696093929e-02
1.620339325666418917e-01
-4.155627141383218953e-02
1.204837896893091315e-01
2.288277256522428665e-02
2.276889651310654850e-01
1.966964137346252639e-02
6.456591185435944791e-02
-4.484998678600615046e-02
1.476621846570695673e-01
1.881234921949156147e-01
1.959682474954627940e-01
5.274075321585346421e-01
-4.042712315461658920e-03
8.862728283259667383e-02
2.674080143334200965e-01
4.175985895633830408e-02
-2.209514979329480766e-01
-3.623400772959351618e-03
2.354588031551058669e-01
4.544054572785005131e-01
5.890060111608578231e-01
1.000000000000000000e+00
9.375748417918126076e-01
4.949231899996921480e-01
2.970709749652996612e-01
2.522921778743896781e-01
7.446449249194320164e-02
-1.108424452845702401e-01
1.627144376474475851e-01
-1.531697292309860403e-01
-1.651822410617930642e-02
2.125604797448176764e-01
1.366025492360956051e-01
5.945261287705651959e-02
1.060083424828894560e-01
2.454030649945697015e-02
1.809267792819598333e-02
-1.959251572020579563e-02
6.068412448423909922e-02
8.248820319842063709e-02
-1.633188746470632113e-01
-1.885873406881309611e-01
4.751484861417976102e-02
6.684726813875588314e-02
4.566901825072124804e-02
-1.512132312388142497e-01
7.536459759290205229e-02
1.469641363870300699e-01
5.646840903730828559e-02
1.812758168161807959e-01
2.458518701589950672e-01
-2.195121676142039457e-01
1.560021176805314047e-01
2.649102709560555713e-01
-2.470471719658862142e-01
-5.753254464637450744e-02
2.843543207046639876e-01
-1.310564915084009852e-01
-1.080779364417119026e-01
-3.752432434956822632e-02
-2.562717007599157326e-01
-1.394653973910578958e-02
-2.063704536218589625e-01
2.630960967075356982e-01
1.282565830932491657e-01
2.241578490021973180e-01
2.298698487372348442e-01
2.490970912750192501e-01
-1.906593942964882743e-02
1.555135557654386547e-01
3.480281737683980220e-02
-2.324580954762551013e-02
-6.051613841479328709e-02
-4.069289295185580385e-02
-6.599641798850988672e-02
-1.153562571707925782e-01
-2.750409123316673865e-01
1.136509248674978136e-02
-2.578789239154890001e-01
-1.483806108807445845e-01
-2.155146768909791191e-02
-5.345777022988797145e-02
-1.694297010469374420e-01
-1.237386048454794558e-02
4.434290248744185100e-04
1.350381397413097373e-01
2.239509791945414052e-01
-1.949131440848516916e-01
2.733438708964490704e-01
-2.201433245116910242e-01
-2.030254648756738833e-01
-1.656681333905494699e-02
-3.013141801655564583e-02
-1.584749385798207844e-02
-5.420465158867517064e-02
-3.326633406670551629e-01
7.221869660629064158e-02
-2.884147475005521127e-02
-1.131668188746518672e-01
2.128266351389820621e-01
8.929949077073827401e-02
-2.611294731028424576e-01
-4.348584498248945357e-02
-3.175538433658152415e-02
-1.027524669683050201e-01
1.974083504560959490e-01
-6.514524095300285034e-02
1.669736772145210060e-02
-1.166213309808385168e-02
4.028683866378027917e-02
-1.148518334013081954e-01
1.812432035171033032e-02
1.904132945011114686e-01
-1.638780020540985261e-01
1.315440077987312939e-01
3.305482945284969609e-02
-2.535023059353177718e-02
-8.314175821695066193e-02
2.633301130328028102e-03
1.643227722774969479e-01
4.398599650860200022e-02
-4.413156230642944350e-02
2.005425514193955594e-01
-3.860916042854558444e-02
-1.152565845173575826e-01
-1.766533455213593062e-01
-2.160330572902943447e-01
-6.105154063406400405e-02
2.534542491555409893e-01
-1.285278107555556937e-01
-6.534243090477616367e-02
5.280376771062074426e-02
6.415442257088102562e-02
1.710817425951611515e-01
2.685226132674717325e-02
1.727301254595608737e-01
-2.075223573354053053e-01
-2.844093512274650792e-01
-1.002236912387447498e-01
-2.612522745641695510e-01
-2.129494383444074657e-01
-4.182909738158100549e-02
-7.857938448073394089e-02
-1.234971517891651251e-02
1.739394845456382344e-01
-1.694017190513671667e-01
3.699455162703368504e-03
1.433724377916398285e-02
-9.572724627973966394e-02
-1.432114291975700171e-01
4.723229343604222127e-03
2.777190240148777814e-02
1.001135232690798099e-01
3.957570765721046130e-02
-1.950715963737343142e-02
-1.742960911257223841e-02
-1.490787541275099548e-01
-1.102184740552711734e-01
-4.290197588995019878e-02
7.497002472446948323e-04
5.910862503747086466e-02
2.377315910581066782e-01
-1.357545055865921890e-01
4.512976565005473450e-02
8.216113478530415182e-02
-1.627460955065280768e-01
-1.349586148770842708e-01
3.201162177596542646e-01
-1.655793350794264318e-02
-1.726198257904250910e-01
2.017866078335051744e-02
8.372047375604621533e-02
-8.118212858288446909e-02
2.413463280325555682e-01
-9.981537467148805798e-02
-8.283775101785988138e-02
7.663131707481718458e-02
2.535948239705169693e-01
-1.444559422559922313e-01
7.446149603773803693e-02
-8.255283229181366311e-02
3.887138241192518440e-02
-1.706786161077285952e-02
-1.710904889826825315e-01
-2.788879484712480580e-02
2.992966650168152887e-01
-8.998350914446194559e-02
-2.992415840798231530e-01
-1.161544392864721081e-01
-1.396465828839245915e-01
-2.222715657220550867e-01
-1.413697067628036375e-01
-1.304222303519007309e-01
2.096357240621483931e-01
4.073055305921037539e-02
-1.799450681089853066e-01
8.083865409378232503e-02
1.386483212863292847e-01
-1.697098478705743874e-01
2.881989202436077147e-01
-4.529567063952902317e-01
-1.283130237121500317e-01
1.249096417734795322e-01
1.405608667603454598e-01
-9.554655563656867800e-02
3.411067986658868068e-02
1.303742220633641036e-01
1.822372176642468242e-02
-1.052099319469040201e-01
-2.193120496654231422e-01
-1.625132501792632689e-01
2.691372965124445502e-02
1.743692485859339725e-01
2.143806323469378827e-01
-2.685708973903901814e-02
1.406582790750403496e-02
1.760825163469138532e-01
3.564525889814788018e-01
-1.595252196563849006e-02
3.453453406144051940e-01
-2.538447265194024860e-01
-6.750293830144098173e-02
-2.111081734172849667e-02
5.621502406661536833e-02
-2.926274887297259080e-03
5.687591188835950523e-02
-3.388668037946647171e-01
-2.289437935590854858e-02
-1.265595619724096911e-03
-2.605061119448837115e-01
-1.279681956368198259e-01
-3.014708709625478662e-03
-4.466012670510056126e-01
-1.041593009363332711e-01
1.227399020216801834e-01
-1.584508095557816271e-02
-3.452829899027588800e-02
7.248666852299734398e-02
-3.712789775907506667e-02
5.333922383229001973e-02
-2.845795217790089149e-01
-1.876323291680873084e-01
7.720070702616153857e-02
-2.994114833926245778e-01
4.241110713316322001e-02
2.366470125264365509e-01
-1.534797804197102558e-02
-2.922227051391401015e-02
2.072249533297457549e-02
5.734484285292286432e-02
-2.380298116011254073e-01
-2.702048997748276449e-01
1.318018825629401793e-02
-3.588749262934499973e-02
-8.565051026100682641e-02
-2.481749440652471772e-01
-3.496616665347036523e-01
-8.329901947277260771e-03
1.890832108447646626e-02
2.091591873115193068e-01
-9.065043008557979731e-02
-5.075590964323332954e-02
-1.523185932698062905e-01
8.778032153058977494e-02
4.213673588161452599e-02
-8.215002005790279782e-02
-2.229203470940557819e-01
-1.432338666488419676e-01
5.951229401978046056e-03
6.234100727282590459e-02
-2.020473382391951289e-01
2.325004524753594426e-01
-3.297282127112404707e-03
-6.748123328109470465e-02
7.875306397361338251e-02
-3.757719009941056232e-01
8.001579788643259361e-02
-1.175968473447120827e-01
