-1.194221876712650010e-01
1.229792228274356330e-01
2.218096594944426458e-01
2.532666018107113115e-01
4.546113899895690841e-02
8.471791400983476675e-03
-1.459935028091248199e-01
2.448402884439208338e-01
-3.631153050434754448e-02
1.530783154391745782e-01
-8.568358151480801044e-02
-4.859736969573955068e-01
-2.486366547042905550e-01
-2.985382083634618433e-01
-4.348554207575822117e-02
-7.669763731363642839e-03
-7.923111899219400373e-03
2.877411486018864872e-01
5.124269350659884648e-01
-5.150799551745125632e-02
2.073912710788666514e-01
-5.202851228944223028e-01
1.333739165833533746e-01
-2.085986454361473397e-01
8.859265739856134192e-02
-3.055736664121089241e-02
-7.450833035159962203e-03
3.700068405616926959e-01
-2.294463215149732949e-01
4.072213091022245518e-02
2.030601319695433116e-01
1.927843603844074105e-01
-2.655720230339681520e-01
-8.067632066713542605e-02
4.126626034340485916e-01
-6.753628424956298337e-02
2.077351957207588251e-01
-4.297242480477501264e-02
3.024656839112598306e-01
-2.449520609247343994e-01
-2.213332915992258509e-01
-1.830819773810125062e-01
1.470083894000416835e-01
-2.380789564809887848e-01
-3.976847715832463465e-02
4.512508889677758761e-01
5.199490978905374483e-02
3.974330185051245801e-01
3.458443471003447983e-02
4.658171940288580726e-01
-1.114551949112442125e-01
-2.565294220418835522e-02
-2.608098594719053254e-01
1.630099791515687846e-01
-4.742431603192651113e-02
1.969970428700603127e-01
-1.329718066284945044e-01
-2.063782144349600722e-01
6.985974802497234293e-02
3.426860272965792653e-01
9.336047673117063572e-02
-1.989928742717208265e-01
1.904975063208200758e-01
-4.728981372684845641e-01
-5.152417978589007852e-01
7.289939364818892598e-02
3.600669429917655734e-02
2.274841424202936058e-01
9.208754773016684936e-02
-2.240219428673536628e-01
-1.994173614024242758e-01
1.205506820093498361e-04
1.066828472659013261e-01
-3.558584053324882479e-01
3.209285601216516071e-01
5.103626217734693465e-02
4.510806315563997693e-01
-2.620405361233712482e-01
3.213358967099381736e-01
-1.518946522235808672e-01
5.177980491642222849e-02
4.745075183266363461e-01
-3.411381118510292687e-01
1.206644886141602369e-01
1.013037816266845054e-01
-1.071782189277613456e-01
2.173838680127020972e-01
-3.409261344812398176e-01
2.154757720670371912e-01
2.034699968254982672e-01
2.634864967097788058e-01
2.824564852602602372e-01
-4.271080268577616690e-01
-7.923438226785407823e-02
4.660819701245710878e-01
6.012826729284733579e-02
3.463306642206832597e-01
2.880013832521073347e-01
-3.456421037597610935e-02
-7.108505566713389963e-03
-8.499939212500826069e-02
-4.700384138815402180e-01
3.548716579303412555e-01
1.033908514131189199e-01
1.276185047070821643e-01
8.604803010835439248e-02
-2.310666022783431639e-01
2.236237342677864504e-02
-3.844514988206625405e-01
5.509371863786088896e-01
-2.240581902860520336e-01
2.769449399577622040e-01
1.295542975715676393e-01
5.828131928285812391e-01
1.980351213442441694e-01
-2.056183531622063076e-01
-2.828327019777377438e-01
-5.595300026221966538e-02
-3.447980198278245978e-01
1.879540601996805282e-01
-2.656955534943273300e-01
-8.385393579462814551e-02
-1.441451762171136186e-01
-1.225560201197873761e-01
-2.246379633930180586e-01
2.478056092827663481e-01
3.309790296181173153e-01
-1.708014120585174267e-01
1.443181409584502750e-01
8.876266473509282495e-02
2.175637234049251634e-01
-1.129463562877755789e-01
-4.054836903922016261e-03
4.524417746932871687e-01
1.927265373645823399e-01
3.821260481330005510e-01
5.725210358657176757e-01
5.658162571632340682e-02
3.374780337761790205e-01
-3.191135730862308395e-01
6.696056158897546462e-01
-2.748431356783363477e-01
2.326740865454534901e-01
-3.274915623285407640e-01
1.960402747480970154e-01
-3.737901990220214854e-01
1.715164885455075783e-01
3.783610082514334838e-01
-4.741752585546694654e-01
-3.199073862835792870e-01
-1.560423428906736742e-01
2.522074628251733674e-01
5.182490350197497264e-01
2.746257311430257420e-01
-1.432833600851813605e-01
-6.686565235222663439e-02
-1.106976959766432511e-01
-1.765365458894576911e-01
-3.202062306906513500e-01
-3.085331849367480839e-01
6.522286072493192755e-02
3.388513204629156617e-01
-2.517488620088810247e-01
-4.706926307973690465e-02
-3.132406034390766703e-01
-2.645802728077209509e-01
1.068175555792731379e-01
8.206387629978816045e-02
2.219408243005581982e-01
9.149067066307977614e-01
6.778274176655030292e-02
-3.607189975477891886e-01
-4.042610964253046668e-01
-3.183138713448072088e-01
-1.898664220807705014e-02
-6.289125015132498130e-03
9.018309437722460409e-02
1.567330158912189075e-01
-1.864089899406746464e-01
1.472670268768169199e-01
2.274336019484564722e-02
-4.329455315522586223e-01
2.863280041451820579e-01
7.492722647211214060e-02
2.504577135146179301e-01
-5.120700390340299224e-01
1.072727135046775554e-02
-5.198017529604427589e-02
-4.230631899025808496e-01
3.331009824232972205e-01
3.255990155833617949e-01
3.712052615475119333e-01
-3.289553759465806415e-01
-2.415004381822546398e-01
-2.088063982793023632e-01
7.070793982039207115e-02
1.638361297987324106e-01
1.514920856858298082e-01
2.597940507510568819e-01
1.564460154164002970e-01
-2.464632675730500100e-01
-8.473415048214784362e-02
-3.305610344351840313e-01
-3.472280708593024345e-02
2.236525085479408592e-02
1.620392375327459056e-01
9.026618513372225427e-02
-6.621038364491360628e-01
1.024107445869957556e-01
5.306474081879903881e-01
-3.617852557892389798e-01
-1.894731554371004989e-01
-1.869913581593762031e-01
3.765576900515932995e-02
1.931027499135564707e-01
2.542017101861648865e-01
6.160893508754085035e-01
-3.405854041862388382e-01
-2.007471154850532236e-01
1.606862784340913897e-01
2.976831086158217565e-01
1.202155311529627263e-01
-3.118718581978321969e-01
-2.692037190020983295e-01
-4.724341315866230351e-02
-6.394962806877292349e-01
1.544380273321498964e-01
4.262688296394578913e-01
3.771181162072531623e-02
-3.404458548097609727e-01
9.080623415880079152e-02
6.831412390502265841e-02
-6.153486129473914601e-02
5.133171959801865469e-01
2.364677989840891295e-02
-1.210763708164603325e-01
1.306032715825022339e-01
-3.668333052078832750e-04
-3.757893542901321604e-01
1.069526575970172061e-02
3.924634512602177550e-01
6.508477483383741380e-02
8.620805070246000471e-03
9.953575014734203363e-02
-1.697090045289414983e-01
2.074780539708201976e-01
1.099976593730223919e-02
4.590299909255584065e-01
-8.518869686987866341e-02
3.289663168575252539e-01
2.560528151207250858e-01
2.657445717709445709e-01
-2.324598846940948427e-01
-2.826417182752532509e-01
-3.369021079625324488e-01
-5.276798356248123961e-02
1.000000000000000000e+00
9.892989761194533882e-01
9.126645167976523698e-01
2.123782365799103955e-01
2.756539219602861801e-02
-7.175241115693370419e-02
1.419154749256252013e-01
-4.740838673731746500e-01
2.114936240762821384e-02
-1.331746589242549343e-02
-1.545032906953378860e-01
-5.868827939587999837e-02
2.355731774940877238e-02
-2.489734773915688870e-01
-4.798682068801030098e-01
1.157632239214510389e-01
7.071341236016104315e-02
-5.838171649770448196e-02
-1.228868205748922665e-01
-2.788365456672530635e-02
-6.364604113453155021e-01
3.323492383447271270e-01
-3.247352745874201307e-01
-2.529663476295104796e-01
4.525909146908153879e-02
-8.072396377223778341e-02
-1.214342689552121018e-01
-5.999031529823847242e-01
1.196409978121289741e-01
6.102177209670586744e-02
1.027234288028291281e-01
1.345186399904435282e-01
4.099973157516293570e-02
-3.142812943262759950e-01
-1.452165751392292259e-01
-2.080334697222910659e-02
5.462781910862272161e-01
2.851615541475689963e-01
1.857462631769666792e-02
3.883970140429237466e-02
3.035668574129622987e-01
-5.972630832734866085e-02
1.962638459752592823e-01
-4.866420926243905654e-02
4.858082095965549629e-01
2.304904675955784521e-01
1.656567594719050573e-01
-2.678610239634775514e-01
-8.574879116672343149e-02
-6.426594814325434224e-02
9.041751159836840246e-02
-3.002174437730270040e-01
1.021754780558156578e-01
-1.170054836586557623e-01
-2.731331277509303490e-01
-2.816595660298529813e-01
1.439772596740890864e-01
-6.880558795912403158e-02
5.568495880704494444e-02
-1.303069942141977799e-01
7.448858261373561551e-02
3.020448220719811339e-01
3.300707515501500877e-01
-8.087966575287855453e-02
1.327012369055973751e-01
3.538593622826565754e-01
2.751373007832965678e-01
1.403999349441255838e-02
-2.807859020057547426e-03
-1.741189430241149583e-01
1.431751955945126109e-01
-2.096123054837309152e-01
4.365275002248741321e-01
-2.573123417871470142e-01
3.972261967561743212e-01
3.153147430411352703e-01
1.392678948379858228e-01
-4.556427161563539503e-03
3.257852250668074046e-01
-3.609687623867206818e-02
1.171755190681371822e-01
-1.589215964595216690e-01
-1.378446760816890437e-01
-5.849852640519612179e-02
-1.124979658203164729e-01
-3.485440469784932271e-01
4.299652005072003846e-01
-1.274942973958841652e-01
-3.539528722570875474e-01
2.304480320151910677e-01
3.824736649103666064e-01
-1.842533450067558587e-02
9.767614425567321124e-02
2.168317076792275477e-01
-5.718747049575044483e-02
3.369323612219713437e-01
8.307400778030685218e-02
-1.380825969883670359e-02
4.097796231271668699e-01
-2.136519695167566069e-01
-4.436671999397631128e-01
-3.903677533582763926e-01
3.790756954230269093e-02
-6.451264260229171155e-02
2.012873089698460349e-01
-2.271640036778239252e-02
2.198686418039442481e-01
1.303123115960491962e-01
-9.421329828596895772e-02
2.249364867126930068e-01
8.980084229476111013e-02
1.467245982122876435e-01
1.090007239222101354e-01
-5.972487532564473289e-01
1.449394064695171472e-02
4.705652999487322519e-01
2.198971932521613312e-02
4.368518849638155371e-02
-2.277221020981968352e-02
2.568871002633703604e-01
5.441662079426654725e-02
-2.754942397548756361e-01
-6.402757885291869844e-01
-3.118381068053849292e-01
2.158496049765785407e-01
1.639570973888093419e-01
4.754233465950488680e-01
-1.481822128969685071e-01
4.004105151352366776e-01
-6.547476687720564514e-02
-2.517663294702276455e-01
-4.406480651354241496e-01
3.589691599233834074e-01
2.584335886335116794e-01
1.343061797722627515e-01
1.451673802349111309e-01
-8.931299929009640926e-02
2.132422813619692104e-01
1.331478147273621182e-01
5.481234622386436939e-02
5.920777883101769473e-02
-3.475964285915634222e-01
-8.874548611969002021e-02
6.175288600924878635e-01
-2.203072080466196292e-01
-1.762569988907425611e-01
-1.616361815435088667e-01
9.762068357400095764e-02
4.666313002116568298e-01
-6.026773241892301458e-01
-2.227647850687304865e-01
-3.776276962804058640e-02
-2.143605128502500956e-01
-1.932352683479369171e-01
5.645342012239177448e-02
2.026414987803551726e-01
-7.572685059787062634e-02
-4.173901382206779420e-01
-1.805363372123782728e-01
-1.851968455328764362e-01
-1.169459148371134599e-01
-4.186195293983938082e-02
3.865364054906438029e-02
1.952120763205137388e-01
1.819498738424810136e-01
1.821601255700688177e-02
-7.380484799941325336e-02
-7.472506908511834800e-02
1.655597447613350315e-01
1.327166070437911516e-01
6.803753611849146232e-02
-6.072651717428160234e-01
-1.825465044040039952e-01
2.566210761545227870e-01
-4.408430751935561998e-01
4.568214735587293462e-02
4.296442481078051046e-01
-1.567324058844292156e-01
-4.181293227450565420e-01
-1.000523333098803508e-01
5.137558138782542284e-03
-2.266753297148996760e-01
1.494292683964981161e-01
9.872553427098600121e-02
-1.335029410532468097e-01
-1.783111319921341364e-01
2.833561609244918400e-01
-2.254312788018018598e-01
-7.143864978412676203e-01
-1.663833241277249686e-01
1.697765526880659070e-01
3.319212572495006119e-01
5.808571074754865365e-02
-1.967004658841600140e-01
8.809086660882640973e-02
8.400058295719849133e-02
-2.160169741882691785e-01
-1.923885400378645416e-01
6.196825885730146422e-02
-2.064872707518933606e-02
2.548547086926390426e-01
7.244840570788770029e-02
2.592964027037159003e-01
7.202869279622313436e-02
-9.101896592166346112e-02
-1.619318489049696719e-01
-1.383013491759523851e-02
1.181824763609561936e-02
2.198515408042066022e-01
-2.156088724352933916e-01
-2.109234950812568787e-01
-5.936177378107643232e-02
8.137534363544705884e-02
-4.612293184023222858e-01
-2.139471713310880097e-01
6.031916685003876899e-02
-3.524675671832140922e-01
-1.729358426337202770e-01
1.599089992427061568e-01
1.864948698113553238e-01
-6.262513128974963594e-01
4.581399777250803051e-01
4.361357521051037467e-02
2.265376532985374225e-01
-4.137107346645748085e-01
5.270198727603931516e-02
-1.375328238745580356e-01
1.819443695582618342e-02
1.035231132429728362e-01
3.209989403345975822e-01
-1.701695236060945526e-01
2.193595162859947600e-01
3.770873958699089701e-01
5.417386854552968395e-02
-2.027385695633223406e-01
-2.714188779956280273e-01
-4.598367020657934123e-01
1.274249903757506963e-01
-1.774733033422866146e-01
-1.217673153616694731e-01
9.082686186137381087e-03
9.703053002012880512e-02
1.156332552245762507e-01
-1.841330164736286745e-01
-2.424021611298668097e-02
-1.968753811278106391e-01
-3.057516963030220136e-01
3.714025324972058395e-01
2.198076912812051142e-01
1.949283692780527377e-01
-1.630974668938443561e-01
-2.110757203986905195e-01
-1.475025649526609250e-01
1.412706753975212226e-01
-4.513686509425406113e-02
-1.326345875992605006e-01
