-1.620424282873345612e-01
-6.148052087121632509e-02
-3.952832529562413932e-01
-4.199648199520907288e-01
-2.812771201416846001e-01
3.841329390047995007e-01
2.308240487243258532e-01
6.149936887716173084e-02
3.698805190663660425e-01
4.859474251966381525e-02
1.121552902624641142e-02
1.804071480422809182e-01
-3.614447971275579485e-01
-3.422912506872854196e-03
-1.115820776421470092e-03
1.123983431252491144e-01
1.495295106316118505e-01
-2.642125444550512126e-01
-3.934484710328536861e-01
-2.792791160470007791e-02
4.729619539424452512e-02
-3.081073195423482125e-01
3.377634763326988754e-01
-1.523862148254674365e-01
-3.892400340664223246e-01
-6.041616580970779471e-02
-3.202387014902888240e-02
-1.412523796064893977e-01
-3.992664222641836846e-02
-4.293904029749696649e-01
1.775907705418673654e-01
-8.460084911623057258e-02
1.263221682529350187e-01
-2.845945372896752645e-01
-5.337663991047750939e-02
4.206842806966844955e-02
-1.535385731178367241e-01
-1.085227092093808549e-01
-4.445019460303697989e-01
1.491902287587421605e-01
2.318555179871927552e-01
1.748056296156061673e-01
3.268315235566335991e-02
-2.139444051337194841e-01
2.718095612009049922e-01
-1.139418216583274607e-01
1.810107049710925620e-01
-5.503000495339647330e-02
2.877481332899085587e-01
-8.524811049385450090e-02
4.374798332234271225e-02
2.030673053848925103e-01
2.237638088281423687e-01
2.009302175515336464e-01
-1.058920690325790004e-01
-2.425198984873743469e-01
-2.323773897073428962e-01
-3.616708088630466444e-01
-5.662422819389425349e-02
9.154153374986130631e-02
-8.157765624084074851e-02
4.612253738531257308e-01
-3.077879599512145514e-01
-2.747223390271810728e-01
1.681175244939677460e-01
2.785944940410321410e-02
2.103343446879671341e-02
-7.622019232801544031e-02
-9.969441518735543128e-02
2.650541010514571583e-01
1.139956345357475836e-01
-3.138156756934004643e-01
6.671044657495606156e-02
2.153115094659411033e-01
-1.607646938498895617e-01
2.656172689092855393e-02
1.781359773835362037e-01
-2.188264581724530256e-01
-4.394307394118811966e-02
-3.529172255850386852e-01
-1.112274657968415348e-01
2.935440979079513291e-01
-1.350815898788899037e-02
-3.103595899135519476e-01
2.197622201337147141e-01
-1.366515215293961916e-01
-8.138555229821924086e-02
-1.360618185237284505e-01
2.618270622801012193e-01
2.084649121216075318e-01
-2.155550357089723937e-02
-5.695591545794524979e-01
-2.535971973286217929e-01
3.713344607210082929e-04
-2.940161288392572625e-01
1.226235455957696008e-01
-3.054095217196566847e-01
-1.402752360605938053e-01
2.747957123194332274e-01
-1.807598733745800212e-01
-2.563223718401865803e-01
-3.029825300569011226e-01
-2.934806528595397812e-01
-3.152465248316984048e-01
-3.891992311152721595e-01
3.579329357072210532e-02
-3.712878357012560637e-01
1.673018097528418680e-01
-2.305887202754464682e-01
3.866462401837064689e-02
1.112769253341218956e-01
-4.308620597495602458e-03
5.053847413728954768e-02
2.876302419475685376e-03
-3.141221704585883678e-01
-2.376742928721743975e-01
1.067218507786740767e-01
2.647681229013025828e-01
-2.328145372609814467e-01
-2.868501719037899744e-01
1.004025819826022126e-01
-9.439130988843710823e-02
2.093797683076806943e-02
-5.294902364939372413e-02
-3.512714910274031960e-02
-1.296704115113635480e-01
1.047752834574105091e-01
-6.337490515488909681e-02
2.125147252773564033e-01
-5.192731814550560765e-02
1.355715803291389077e-01
2.626539926227141608e-01
4.611969306795619256e-02
1.971600839083081924e-01
1.360200092781969905e-01
-9.197995296124082676e-02
-2.756449243897424184e-01
-4.494325024171665073e-03
-5.258979600338468605e-03
-3.336820490360493663e-01
5.835080204411182553e-02
-2.078735112946399899e-01
7.221824587330486281e-03
-3.603805830598137694e-02
5.773151168875038236e-02
2.592668124041432320e-01
-1.598220524301280643e-01
1.692482125891212885e-01
-6.238199528544689787e-02
-5.393141094166734734e-02
8.100284485232565890e-02
2.093993732129164342e-01
-4.178208369604489159e-01
1.073730378355401416e-01
-3.114383346559001370e-02
-4.770653057432956978e-01
-2.943629309132884675e-01
9.558376091051616619e-02
-2.114931356615807057e-01
4.834184033186223785e-03
-1.282701717169237587e-01
-1.071301541010255542e-01
2.281575225603215684e-01
-1.741052885003000622e-02
-2.944105939383090953e-01
-2.941321688862823525e-01
5.420632296561269520e-02
9.546052963220602594e-02
2.310436302342879500e-01
-3.420330927959047695e-02
-4.366439661899200742e-01
-3.512436728969934308e-01
-1.432609902277444391e-01
1.218168943710955937e-02
1.022470947679107178e-01
-7.054669572100060737e-01
-1.319136111478763917e-01
-1.514619122569769161e-01
3.282142672677007544e-01
1.505860165220517244e-01
-2.002427318562126357e-01
-3.284109391295955693e-01
-4.476802390195845638e-02
-3.496684157380609004e-01
1.102221037526449343e-01
-1.217284199132582928e-01
1.342852050053774393e-01
-2.038212571991540600e-01
1.040670994649806058e-01
-3.074081054061112983e-01
4.660782996155314085e-03
1.507650253597802581e-01
1.526450293684822046e-01
-2.510641975844955798e-02
-4.886283389492832030e-03
1.580057917302248316e-01
2.894658531720761263e-01
1.050041988779463614e-01
-3.276364878974837302e-01
-1.703129796116831240e-01
-1.515712238181188831e-01
4.826393923560326482e-02
-3.260874867423001477e-01
-3.820778690347942930e-01
-1.252429215742738577e-01
5.910209833950281350e-02
1.580788532497835741e-01
2.537703179925561714e-01
-2.881309065297957828e-01
8.630921570316446578e-02
-5.336572038199251938e-02
-1.974757981932963036e-01
-3.796459625955677653e-01
-5.405810515387895338e-02
1.530786152971981839e-01
3.370951061942515370e-01
-5.789615526121439509e-02
-4.125769063609485698e-01
-1.665752032278873807e-01
-9.282947680427404424e-02
-7.049032827725477957e-02
-1.833408701444574074e-01
1.448095136279422546e-01
-3.289876457213607996e-01
-4.595250917471840890e-02
6.893326337186903019e-02
-7.361630160985381532e-02
4.270939482124910813e-01
1.874798222601047407e-02
-3.192845609497514392e-01
1.963244797824431620e-01
5.515473667102541860e-02
-2.305102812341373042e-01
3.687668868397906419e-01
4.277452339603170506e-01
-7.465037629738074942e-02
7.145386606624419545e-02
1.665293389025420401e-01
-2.263182707185436293e-01
-9.628731049960230493e-02
-1.020291796796209960e-01
3.161627943595679002e-01
4.381447936680697985e-01
2.556871663761386970e-01
1.517315476375167560e-01
-3.649222219472688655e-01
4.078429066489646093e-01
1.228020938756342884e-01
7.995287225326477842e-02
-9.963833936745811193e-02
-3.000747171012453363e-01
7.156469526388808955e-02
-2.555031919776824534e-01
-1.861351147023145580e-01
-1.703336936086975173e-01
8.266853418237348761e-01
1.000000000000000000e+00
2.963721537551620711e-01
1.152779218827289648e-01
-5.207222262633532939e-01
-4.546312259301359404e-01
-1.037055680712734712e-01
2.579712018608291135e-01
8.977173389601643405e-02
2.367630046048462555e-01
9.722769335187086970e-02
7.880460412512178825e-02
-3.226504657349461569e-01
-3.036705264042353636e-01
1.280568431252440686e-01
-7.559090574731235079e-02
-8.755839979484766888e-02
-1.262996891088977343e-02
4.476322570373795356e-02
7.645723798282395844e-02
2.914540151597376783e-01
-3.061575173786229564e-01
2.143712453793997774e-01
2.667954386156556335e-01
4.746042919307085634e-02
-7.964827200121959994e-02
-1.363532049051840445e-01
-5.559020103629719323e-01
1.457283728806275103e-01
-3.207343761695840012e-01
-2.165011569912411449e-01
-2.562457794053170645e-01
-1.081210835886557559e-01
4.182694827102019508e-02
2.706219441515969049e-01
8.533075409016359358e-02
3.610150538869379422e-01
1.034721198159379851e-01
2.988079545079349794e-02
2.647782178175735468e-01
3.379572316872864191e-01
9.813022484470891593e-02
5.628419076562473089e-01
5.836013814216241269e-02
-5.300380992419832099e-02
-1.623226648613273204e-01
3.513644811227958353e-01
-3.791616783687966619e-01
3.530149133026629082e-02
1.408406133502058399e-01
-1.046617322567949676e-01
-2.659584926292930113e-02
1.249827911859906215e-02
6.975184890110638913e-02
-6.076534084203617792e-02
-2.868680480097203223e-01
-2.846759414351022199e-01
-1.035587191109324234e-01
-2.437583746007295979e-02
-5.897076753653181930e-02
5.147165005848998443e-02
1.228848204631201591e-01
1.772144819965485452e-01
4.653302774505963663e-02
1.706422524370122817e-01
1.884723402090845157e-01
8.211845964815928101e-02
-3.031320772265155838e-02
8.450685902058510668e-02
4.682607788785485003e-01
7.748290206298165395e-02
1.476312357531399944e-01
2.866885307073941958e-01
-1.074403420790928099e-01
1.370665540277382355e-01
-1.624295354827322568e-01
-1.385545138023885903e-01
-2.688011239457033588e-02
-1.488062683495989247e-01
2.656815410257205579e-01
2.703047623242562092e-01
1.938880884150589734e-01
1.832429236599885936e-01
1.165960682264154460e-02
3.580022848977567618e-01
-5.072970268340964983e-02
8.079606456173124562e-02
-1.188436303063972188e-01
2.085675631782756279e-01
1.558460446024519941e-01
2.231608155231081247e-01
1.273280767237565114e-01
3.608538904455890761e-01
-1.952890669530741585e-01
3.889743250552626375e-01
-2.481700938394414482e-02
5.474368063618227642e-02
1.744670429544706025e-01
-3.869816580647066351e-01
-7.350009489039832644e-02
2.864847506054217785e-01
-1.969958015127019069e-01
1.631204555898503328e-01
2.467138392906306488e-01
-1.996182942580174147e-01
8.073933080208088586e-02
1.140759881649668905e-01
5.884122261097608081e-02
2.017669467374766379e-01
-8.215686737889051072e-02
3.406766091099959481e-02
-1.239063414073485470e-01
-1.636427505959750506e-01
-3.782962215297558384e-01
-7.466231563264512372e-02
1.842916439859072497e-01
-1.020632848544386212e-01
-3.263771500113882285e-02
1.613660580052019289e-01
3.400110994782987728e-01
2.040813941841360113e-01
-8.074587472827371437e-02
-2.354181604282759577e-01
8.971796961537625847e-02
1.029815040545695726e-01
-1.584052195124507623e-01
-1.837274180910007382e-01
-1.133491140891452892e-01
-1.516974881820172261e-01
-3.067311558003569250e-01
1.937737633864861642e-01
3.474095334591938422e-01
-6.859711001269636066e-01
-7.243577272588662408e-02
-1.485367392659481429e-02
1.881846470404776595e-01
1.625914120231363169e-01
-5.504345973774715101e-02
-4.273005132338139611e-01
2.224222853626723617e-01
-4.150644565841905553e-01
2.256484337278205632e-01
3.525337286113435220e-01
2.578426281451810520e-01
1.818119758307001621e-01
-1.743471558444264768e-01
-6.768282194210491209e-02
-1.072878195240298538e-01
4.131324336695518795e-02
9.592942187123381162e-03
1.431638025615571963e-01
6.515376292110360013e-02
-2.739629260098849217e-01
-2.191240445004880022e-01
1.582265721880513065e-02
1.982047162574773480e-01
1.058954511628417000e-01
-5.354871850551065626e-02
-3.411849105111966485e-01
2.835532563611876111e-01
1.704481045060007305e-01
1.713096685627350513e-01
-7.545751375876819100e-02
4.015102262470838373e-02
1.275799825960596545e-01
-3.302225185631953858e-02
8.423714283631468513e-02
-2.798148984662933714e-01
2.851697237039787364e-02
-5.991565032657258233e-02
-2.387430319834039083e-01
1.681557571049315525e-01
-2.194764543752474595e-01
-3.564985186501168357e-01
5.152548232053944660e-02
-5.680778556626673442e-02
5.566329870717968281e-02
-1.671048389404525825e-01
3.542288199085865674e-01
2.998071636710922250e-01
3.207161685527254447e-02
2.584929905898024627e-01
-3.939330673860460402e-02
2.353875382621271606e-01
-8.175055944805732777e-02
-2.374987776779285131e-01
-2.423536185126811404e-01
-1.875229502287030781e-01
7.010868009744550267e-02
-4.278600016594937272e-01
-7.442243531766688271e-03
1.798759639836325919e-01
3.184817764747759072e-02
8.709772042781684098e-02
-4.307469668427015841e-01
8.616797673102846722e-02
1.296267396060038317e-02
-2.279977579897780049e-01
-2.565806070595796906e-01
2.372715995379973686e-01
-8.234689224867890178e-02
1.148025460930802572e-01
-2.444529715649211288e-01
4.315192954702002370e-01
-1.103475438577817581e-02
2.755977748942886052e-01
5.526075197069628409e-02
-2.615777621860941593e-02
7.684345914690639268e-02
-1.058605649075595179e-01
1.891166013980864480e-01
-1.751571969908610471e-01
1.909465014419694795e-01
1.656247473682619098e-02
-2.434280005090513344e-01
-7.264301576179110764e-02
8.382631708041878016e-02
5.514490930559096810e-02
4.988471614957187272e-01
-2.949290469464146969e-01
1.975186981045395085e-01
1.862417564551859797e-03
2.191506846333239056e-01
-1.032520905703415148e-01
3.353661750855199131e-01
-1.164195401412119329e-01
-2.390191805805859937e-01
1.132041668943930962e-01
-3.411687143393061783e-01
2.426347370455445851e-01
2.191440877353974803e-01
1.480642792765792665e-02
-2.001098662195259781e-01
1.760221804497473508e-01
2.444628073265044110e-02
2.968535035873048344e-01
2.379145733694446041e-01
-2.232917114127354052e-01
-4.341468612681152056e-02
-2.165338761175135684e-01
2.160148159538505253e-01
2.447192141804456211e-01
6.251619687649878632e-02
2.772090847129151658e-01
-1.188006166944266112e-01
1.007216476882718259e-01
-2.143302907655255107e-01
-2.266755931823278003e-01
-6.660065438118288605e-02
-3.754844605454566997e-01
-1.474615078542516056e-01
1.423495396629395893e-01
2.195530339878875026e-01
7.732378479746909727e-02
-1.377813616062664032e-02
-2.687749703518451660e-01
-3.136774983288958540e-01
