-1.222986086878509876e-01
-1.994705587740708552e-01
-1.598096658285393934e-01
1.499097587081651139e-01
7.780489507889522260e-02
-2.681588149842601965e-01
-3.550569945831849039e-01
-2.221380930539151588e-01
1.138936808598749323e-01
-1.332296372347868130e-01
-5.631707054854257627e-02
1.279597581206608492e-01
-5.493291411815776071e-01
3.380488748000875510e-01
1.020903234749965943e-01
-2.283930080480701119e-01
-1.379861030643976527e-01
1.133641733398133705e-02
7.032094507296610120e-02
3.952201582751944664e-01
-1.141976503942432677e-02
3.608330887594277114e-01
-2.313674053356380433e-01
6.978520777596881886e-02
2.021673416720870808e-01
8.659503511021027222e-02
-2.490305303384476310e-01
-2.266213491224047805e-01
2.979232175541853822e-01
-8.410054210410650155e-02
-3.406387644842251983e-01
2.971530374346644243e-01
2.031802604308031723e-01
3.780665286513197609e-02
-1.300253504603730015e-01
7.040818396668999113e-02
2.043147379409584463e-01
1.283022059423457872e-01
-1.729809663372803841e-01
-1.870075720595600344e-01
-1.178459299960431805e-01
-2.856623704196883939e-02
-4.149783679263947117e-02
2.939220220193579647e-01
1.872575671089374977e-02
3.466416040114334574e-01
4.046311091746579436e-02
1.335011029895303257e-02
3.226830621397884791e-01
-2.179662684674090745e-01
-1.210537397699406603e-01
-1.240229322493198033e-01
-4.911996991746217511e-01
-1.224465703439173853e-01
-6.814265636601352094e-02
3.603741807397767283e-01
2.785323522451390033e-01
7.321249742033456021e-02
9.293784047062002285e-02
8.637616216148487000e-03
2.499621089366912963e-01
-1.444614870499252640e-03
1.988600953245873992e-01
-1.779677536447581698e-01
-1.389509818590284884e-01
-2.723439738415344702e-01
1.336608287298826636e-01
3.751034103297188338e-01
9.826463606381109772e-02
-7.457004160266568482e-02
-1.041107388010064673e-02
-8.175372747029543974e-02
1.195708412277990268e-01
-2.013472910725283005e-01
4.053656648868905754e-01
2.467231234409389407e-01
2.216820458863908994e-01
2.024702648278679240e-01
1.507303652003652294e-01
7.734799460419480854e-02
9.848597267364625832e-03
9.417929264376231902e-02
4.218804328910414347e-01
-8.392194297196195474e-02
-2.967565446609071178e-01
-9.220063481124071703e-02
-3.510576933665738308e-01
-3.205969976532587751e-01
-6.249314872040064722e-02
-3.881241008397779968e-01
1.756474444675224234e-01
-5.991389880903642134e-02
1.622587247606615546e-01
1.512058117260411116e-01
-5.293315430583005188e-02
1.566898420007662995e-01
-1.488660006387456380e-01
-5.251171027975477107e-02
-1.808966943378176664e-02
5.113927879325286946e-03
-8.513368175046465147e-02
-4.553807595373930983e-01
-9.236473358908189879e-03
-1.428441723946747566e-01
-1.615835979360244201e-01
-7.228243427664400589e-02
2.323806391557535489e-01
2.582358685766289463e-01
-9.180727549847776670e-02
-8.560847680360962608e-02
-5.214188234464625649e-02
9.548445233297406243e-02
1.401587549721403370e-01
1.951712022258041690e-01
-1.025907743803482902e-01
1.430600654633954749e-01
-2.796033760302931576e-02
4.498854449893620600e-01
8.560722328307808493e-02
2.162931714584376552e-01
2.796791937892645907e-01
-8.249199777552744875e-03
2.551042366075268464e-01
1.847277647570047254e-01
5.232716111939437198e-01
6.943907757266673531e-02
5.407199145995120193e-03
8.379050914707440734e-02
2.247179837629442456e-01
-8.492317280411110225e-03
1.621076720960925865e-01
1.260950641199282685e-01
-1.043347805837024078e-01
2.010368261244750987e-01
2.515833666703186089e-01
1.251898246241079371e-01
-2.765762485814754479e-01
-2.561209015501239583e-01
-2.799274135484036141e-01
-1.591824019390294664e-01
-1.877124691090621411e-01
-9.801704569035266448e-03
-2.643431513538304634e-01
-2.331202456014402902e-01
1.665614342514523949e-01
1.804896868637018703e-01
2.242514845265106416e-01
4.514804592004955652e-01
4.094453183803716256e-01
3.514896495609747817e-01
3.058225261331048994e-02
2.011715066371511651e-01
-2.336487174179004145e-01
-3.870202007063044958e-01
-3.535775331514327824e-02
7.604750147741511090e-02
5.899533336649429582e-01
2.933507751463976798e-01
3.171340815033083516e-01
1.359795055229636174e-01
3.788435309649901273e-02
4.213771211335430311e-01
1.593101921319640957e-01
-5.065027636045362804e-03
9.953401356815225198e-02
2.682797018975269926e-02
1.142771475422876305e-03
-2.543346150993840496e-02
2.119082153726204176e-01
7.206327643963364449e-02
-2.851618185670398709e-01
4.163755205654478403e-02
1.445833489506158365e-01
-2.133824853898066976e-01
2.878878367133352878e-01
-5.746395824802746910e-02
-1.385972534669052680e-01
-1.646152481137889978e-01
2.968107164403367432e-03
2.626929943493789277e-01
-2.799101704424900028e-01
-3.367962155496262433e-02
1.317029864273086825e-01
1.297214463929482475e-01
5.491127389259490427e-02
-2.746380819487882485e-01
1.323006963043124873e-01
-6.532191066109968580e-02
1.812199634536755255e-01
1.327221403304077452e-01
8.286092741893523461e-02
2.395801058021416463e-01
-3.394266398700807041e-01
1.512586245073340441e-01
7.666315906022129478e-02
2.858996826709686023e-01
2.932471641007808882e-01
-3.230864054995523371e-02
-1.746788296134825155e-02
-1.503563133686918463e-01
-4.534932876329909879e-02
1.351164497105288298e-01
-6.617911291151168038e-03
3.304229857729437114e-01
-1.345099025019059202e-01
-7.623390803868111687e-02
1.474631356091670731e-01
-2.189514212770597712e-01
1.262161377529685269e-01
1.066530189641778058e-02
-8.388718415124703232e-02
1.387900009936133272e-01
-1.751501520757247354e-01
2.373173327988362391e-01
-6.819556843004359603e-02
2.653778097239127276e-01
2.136486454490730547e-01
5.860244714523633880e-02
3.872482984268620365e-01
-1.854567952321419244e-01
9.203510061014769095e-02
8.249587230101440571e-02
2.173149312516403919e-01
-2.496039972658697370e-01
-1.185437698211577913e-02
-6.364111563027590249e-03
2.050024100817256223e-02
-4.694547956534247252e-02
-3.496564537491515523e-01
1.850866979573167481e-01
1.222357083235783848e-01
3.739871643595536754e-02
2.412890344205139148e-01
-1.204556440572950582e-01
2.140839158363339323e-01
3.455857508140837697e-01
-2.168026689357687442e-01
1.529703183979234382e-01
1.670703366527813705e-01
1.308108155653673887e-01
1.739499627737204346e-01
-2.106932229343307095e-01
-7.939535965717843535e-02
3.287887195048337374e-01
-9.974058788968248601e-02
5.061350105620200379e-01
-5.672576470498573442e-02
1.945933413448176497e-01
1.114095937673012099e-01
1.203888488018940162e-01
5.036024976696993338e-01
7.276645433080904946e-01
5.713945148006683850e-01
5.418982658909630157e-01
6.391757965789744977e-01
9.413804742515582413e-01
1.000000000000000000e+00
9.977608115017269075e-01
2.710141424808908961e-01
6.640291683300422187e-01
5.581401498702180941e-01
9.056636484026318878e-02
3.073283706677942262e-01
-1.026609826776698209e-01
-1.394787421035613428e-01
3.482435649388372356e-01
5.335866284637673373e-02
2.236151209376434912e-01
3.265287117737654676e-01
-2.913614812439501711e-01
2.365110447581791897e-01
9.659095835655119588e-02
1.526984115818440235e-01
1.219998031738793731e-01
-1.344898716030883427e-03
1.469899692373493882e-01
8.469721794208856513e-02
-6.655940087169869013e-02
3.601538969867025819e-01
6.094264777104115016e-02
-2.617146116606969830e-01
3.271132467621145623e-01
-1.650230251608521548e-01
2.143366321009254893e-01
-7.461989061629379152e-03
-1.359596602297938606e-01
-4.033513241522355131e-01
2.686169867431342784e-02
-7.793231381388164569e-02
-2.598813058912906038e-01
2.716412400162888652e-01
-1.267539324531232192e-01
-2.393310756220147772e-01
-2.305987336986716485e-01
-1.056884052560219944e-01
7.340324807693814069e-02
2.840890442971944485e-01
2.556770660064550671e-01
-1.799053680876716022e-01
-6.389464700267349917e-02
-1.587091433264197285e-02
2.534728488384081491e-01
2.322550513002896722e-02
-7.022218466088443224e-03
2.347961004769537341e-01
-3.049299898012232668e-01
3.757602813591326973e-01
-3.133052676731335612e-02
1.714409071456541797e-02
2.570407815309252997e-01
3.277161083199492952e-01
-4.663187418427641728e-02
-3.021301975420408181e-02
2.130008950350319452e-01
2.583729955972951520e-01
-2.466886409319591911e-01
-8.783312736880989624e-02
6.488176447108645606e-02
-6.404532080359919000e-02
8.140173728342611770e-02
-8.721394678648003440e-02
-2.292488976627248543e-01
-4.765590715929882148e-02
-1.595781938157455615e-01
2.886702214846931236e-01
1.351055018483545145e-01
5.620515998338686259e-02
-6.934028920244446337e-02
6.220448718595749521e-02
-3.320682707474969381e-02
3.786809487560076626e-01
2.760340068004185077e-01
-1.364424925047261379e-02
8.793815785539367547e-02
1.031009760238915524e-01
3.592939321827303689e-01
6.303446164272021868e-01
-2.274480444170053767e-03
-1.376535126693365085e-01
1.222860815688996683e-01
-2.320941449820709823e-01
-2.912199672417380425e-01
-4.199430808158261530e-01
-3.311894201422602713e-01
3.387547630023830525e-01
-6.779532954251177648e-03
4.710570226979451935e-02
2.601747467812433601e-01
2.291721778392586534e-02
3.802801374391558409e-01
1.730064484296800209e-01
-2.428873488804503267e-01
-1.430571977092367705e-02
-1.740110611305152322e-01
2.225788371554249245e-01
-2.173192087092596370e-01
-2.387438886582892231e-02
7.893184844364274644e-02
-1.202581200105717618e-01
2.648771569839158402e-01
1.269538461776113514e-01
1.781767139412256951e-01
-3.652583911106659781e-02
1.170586162945351505e-01
1.747978431246084985e-01
2.730522909049555857e-01
-4.801613633265414821e-02
2.282734000113761375e-01
-8.973393633278356485e-03
9.485270217918112534e-02
-7.434269093452862409e-02
-1.263295036732810239e-01
1.638837850746986957e-01
2.667974289681719277e-02
-1.311469117467441992e-01
-1.414161440369634815e-01
7.578601124975178904e-02
-6.698967896026207514e-02
-1.769151900213853101e-01
-1.229870133866874798e-01
1.656267078145007843e-01
4.025302427127794291e-02
-2.076002978044498015e-01
2.927789900276607238e-01
-3.328137619823780952e-02
4.875058170462919782e-01
2.413057392806708112e-01
6.476736494544879652e-02
-2.805672932348824561e-02
1.946244177138089365e-02
3.404754573095925552e-01
6.297109117857700722e-02
1.500285661313842112e-01
-5.476525641293174262e-02
2.741597140379327668e-01
2.239442344885802516e-01
2.011146395826163003e-01
-2.039686575958432335e-01
5.176877193266337107e-01
2.604624343760611471e-01
-2.682169780118583424e-01
3.786569322599543375e-01
5.483014752494483890e-01
1.844204615916965051e-01
-1.285903917752781239e-03
-1.190482224228876368e-01
-6.626872852313397955e-02
-1.623456346489490221e-01
-1.043165532969738823e-01
-1.302486651225533698e-01
6.030401790224632595e-03
-4.022373262646993658e-02
2.493239642564019087e-01
-2.900156533259060088e-01
2.495262010209365611e-01
4.644954029537416429e-01
-5.475836979603784793e-02
1.476827425804200233e-02
1.328938598176569452e-01
-3.952702556424571578e-01
2.071842490559753017e-02
-6.102152215976990313e-01
-1.657134443766577203e-01
3.479523751904648604e-02
-4.335362965950907699e-02
3.840058107776150864e-02
1.386625398060951642e-01
3.448072818498899017e-01
-2.575488558644018489e-01
6.176797395305112098e-02
-3.152745820695950218e-01
-3.279485333563329497e-01
-3.672612145802849060e-02
-2.987501090489553257e-01
3.969865551453859512e-03
-2.202665839010382529e-02
-1.435094545494136229e-04
-2.901008846746793157e-01
1.995323151417385255e-01
2.248185708714733333e-01
-2.322453039013755993e-01
1.898791932712355982e-02
-3.230109548851190643e-02
-1.304391893256486024e-01
-8.695789918592702547e-03
4.202075198830665936e-01
9.255832146303971664e-02
2.846504868709286984e-01
6.481643524570825099e-02
-2.757259217226172288e-01
-2.648787153246572323e-01
1.312173567387835693e-01
4.013662713595408937e-01
-1.978658787298092636e-01
-2.235618127968020952e-01
-4.308529897031115885e-02
-1.624686557275634990e-01
-1.915676965887367356e-01
-1.945402248674585333e-02
-1.560626602508119985e-02
2.234745379888884165e-01
1.363401806313770670e-01
1.329952508088118879e-01
-1.560710901403065676e-01
9.118281494050200706e-03
2.311406101264457669e-01
2.079567485826018525e-01
-1.904276885341271985e-01
4.563022092779787237e-03
1.198544745493548974e-01
1.840456483299090229e-01
-2.339844841601642078e-01
3.008874917782604630e-01
5.052209717938376671e-02
-1.296126202979731579e-01
2.327207676402394954e-01
-2.190935196803879548e-01
-1.289764692186172734e-01
-3.842586553371615254e-01
-8.985857905060029571e-02
-5.017266191120944852e-01
2.210941428873568898e-02
-1.267317501758699061e-01
1.472496853456090049e-01
-1.182310858028133849e-01
1.685039486823247112e-01
7.660309474242822658e-02
5.689855258754619033e-03
3.918865577570707776e-02
-2.405486637092186519e-01
1.290740286871911446e-01
-2.863366777531028973e-01
4.359701864713137580e-03
1.061568160238600123e-01
-2.210414975843196239e-01
-9.214835330368599531e-02
-1.854662737951223994e-01
1.890302687103028179e-01
-2.180283333581541638e-01
3.822903491666284487e-02
1.700529304743035597e-01
-2.619331604777082045e-01
1.581306197316852298e-03
-2.748173186094066689e-01
1.777681791668959954e-01
7.742933803385822211e-02
-1.226838707493768249e-01
-1.812729253759124137e-01
-3.406884122136021875e-01
6.797875781824630481e-02
1.234957666470724996e-01
-8.062172867947259292e-02
