-1.161640107805775035e-01
-5.758951722918808080e-01
-1.215574258439163363e-01
-2.839621445625790108e-01
-1.555655583426988897e-01
-3.393816165073351709e-01
3.011330471002939824e-01
-1.177399931525539983e-01
-2.485746367621394920e-02
6.611694517739762356e-01
-1.649049332018062974e-01
-3.342206850240027616e-01
2.461761762396884323e-01
5.531370187894523172e-01
2.714321990179098809e-01
-2.296599169556592657e-01
4.119773510139652095e-01
-3.943345196725243640e-01
-2.442693305070467169e-01
3.816163950083306666e-01
-4.390203750890369627e-01
1.062483246805500797e-01
-2.764791938751354761e-01
8.920788936150958470e-02
-8.025988180137375028e-02
4.813567439897704081e-01
1.078205486479217323e-01
-1.255304269897589142e-01
-7.600849099548884213e-02
1.853582431436517630e-01
4.527005067513300562e-01
3.398891744828990147e-01
-3.639616605806408889e-01
-4.872740211519033249e-01
2.485684628618300418e-01
3.294882396056572627e-01
5.075483750483936740e-01
-4.508296115067145782e-01
-6.969505770706574919e-03
-3.115240018270291067e-01
3.434209814313569920e-02
-2.486139577402139977e-01
1.790853227012360882e-01
-4.234621624876618862e-01
5.464966474720631649e-03
2.764907756451743803e-01
-2.906712845499737075e-01
-9.498518210424709007e-01
-1.101450459532936632e-01
3.779643817180306509e-01
4.628028024682073749e-02
-4.434454665615455982e-01
3.264844311523588116e-01
-3.112964596895804181e-01
4.010648830857504454e-01
1.276392704839236780e-01
-2.732370185906864979e-01
-1.104094165900386670e+00
-2.585287992970463078e-01
-7.227131325265637174e-02
-1.202054684341067464e-01
-2.275324106423730619e-01
5.121456382748443836e-01
-9.029660275511648682e-02
2.341581577690747262e-01
-1.777219928121772929e-01
-2.255041286529407829e-01
1.018156117534260302e-01
5.676015839346555403e-01
1.627292276179492791e-02
3.211756573145673199e-01
7.417802240138081371e-02
1.555421633718311880e-01
5.146972567431166816e-03
1.178855666965637899e-01
-4.767647679021076723e-02
-3.560197625682675615e-01
-6.710244637849134552e-02
4.068691826089541608e-01
-3.095057073680962945e-01
3.458834640359710888e-01
5.038185775308535730e-01
2.765600693160851775e-01
-3.850293890365051874e-01
-2.750739182214860246e-01
8.241581441350555315e-02
2.089881685451432380e-01
3.337713719748508501e-01
3.558999443193935214e-02
-6.043893299522407059e-01
3.368663647157649210e-01
-6.125307869433807006e-01
-2.182523738621668097e-01
-5.171704605176377090e-01
2.462109117512938095e-01
8.207551130788834359e-02
4.892989559383609244e-01
-2.880590772449988513e-01
1.012845541616105155e-01
1.445152282105316710e-01
-4.563886708122506103e-02
1.198621320617102998e-01
-1.027773269552865881e-01
2.552970954515775825e-01
-9.734297478219708921e-01
-1.027928838007346052e-01
6.785338533465760935e-02
1.960745646229759553e-01
1.853734541143710335e-01
2.572656207804857043e-01
2.716552027441657829e-02
7.128673115645291171e-04
2.662542864218753191e-01
-3.655372353547184415e-04
8.537208322870248889e-02
-1.572573532085932025e-03
-8.464739691621653295e-01
1.621029058392483568e-01
5.129622564612049684e-01
8.002307474943005650e-01
-2.479088128386850998e-01
1.921040341984013855e-01
8.298794128820499716e-02
-2.263376233065977627e-01
-2.682143924514482913e-01
4.036513367239882299e-01
2.312133415199922049e-01
6.483273235259605360e-02
-6.821331264888274015e-01
-7.644258569392868574e-02
1.100232890399643199e-02
5.834824906565330149e-01
3.134129973452547957e-01
1.813419839913412157e-01
-2.673385408315705480e-01
3.387495890082015126e-01
8.950221502844303290e-01
-1.062954531169996580e-01
3.239881561161272461e-01
3.733580727697103918e-01
-2.988727394309607654e-01
-2.262789450385990220e-01
-4.578650014487266329e-02
-3.664316587231284394e-01
2.307808803796179697e-01
1.031301217010610477e-01
4.643033998988498334e-01
-5.629744293737224403e-01
2.169068882574531343e-01
3.524016083078662653e-01
3.829562081025900677e-01
3.141369342698513978e-01
-3.043959692820427110e-01
2.733580942127844526e-01
2.256695087355205798e-01
6.573095982393700742e-01
-4.614955679221129925e-01
-5.894891566925482447e-03
3.183259930485167200e-01
-3.176657470914924231e-01
-9.488853789594162147e-02
-5.094933428141198428e-01
9.871136399983095056e-02
-3.549741052703099808e-01
-2.480356336781533166e-01
-5.814738044649809812e-01
4.446203761017349931e-01
-6.634130322104317412e-02
3.815531619408856212e-01
-3.007343143359938464e-01
2.604145596376522542e-01
-4.610449405216213159e-02
2.206530797836435964e-01
-1.155214391355476738e-01
4.813052047177628356e-01
1.845738578090952986e-01
5.417244703764008129e-01
-2.503677450581478503e-01
-8.471180322363892554e-03
-5.352779524628887842e-01
-1.456068947840308270e-01
1.696916239126358972e-01
1.712923862042299017e-01
-4.251825725746936208e-02
-3.484877025617235113e-01
-2.712865527670058619e-01
-2.220803492495470322e-01
1.736364006704733398e-01
3.611217352357956600e-01
-3.061041325176462879e-01
6.422956660344429809e-03
-5.991723253965453022e-02
1.244107772575558934e-01
2.735287689925999799e-01
-6.886684909931546639e-02
-5.698724061820164416e-02
-1.457912108535448503e-01
-4.439024256238316424e-01
2.260455210998628117e-01
-2.154316257335788243e-01
5.869953295010031935e-01
1.245278198573361444e-01
8.556280577641105223e-02
4.448299953178952437e-01
1.580674062533940494e-02
3.945324057747428004e-01
-2.867494040945158251e-01
5.424563426918299625e-01
-4.374850026499387812e-01
-3.673352115040043331e-01
-2.276541126869835729e-01
-1.882473097461090372e-01
-3.559376240025215465e-01
-1.024642017836606550e-01
4.439037147570468189e-01
1.544809899968082323e-01
-5.700258817285996926e-02
4.562134183026726464e-01
5.590707552871587716e-01
5.522987600455375734e-01
-6.085222131227303599e-01
2.482415388174102899e-02
9.924218036234523643e-02
-2.395985239165849823e-01
1.429159309545527112e-01
-3.761612424018168088e-01
1.735707397596271753e-02
-3.165137672420506032e-01
-2.904028097135583630e-01
-3.626834469957826990e-01
4.621488202969562531e-01
-1.541037931446347931e-01
-1.096803519610935751e-01
5.155505210097864888e-01
-5.179367136400724325e-01
-3.268263024891402413e-01
8.605693913305889620e-02
-1.641447957299893012e-01
3.722366195071346584e-01
-1.130922602167499513e-01
1.075917595954970496e-01
-4.751815175086704923e-01
7.338275943552014305e-03
6.454790990773785486e-01
-1.071582505512088945e-01
4.712857468744279243e-01
-1.687303134531992557e-02
5.125373318993539651e-02
6.805540469730485542e-01
-1.210218365612731467e-01
2.555860156384397869e-02
1.432436711630185600e-01
1.000000000000000000e+00
6.825121661898561065e-01
3.676437425577014362e-01
8.801230399206745325e-01
5.400310995299369976e-01
4.164497816636132388e-01
6.468279578935074436e-01
5.870362941384813515e-01
4.697579320129438019e-01
5.609682487417283481e-01
4.048197105821021990e-01
-7.902393270646323672e-03
-1.015475948170944248e-01
2.393018669104037266e-01
-2.361925308505841981e-01
-6.226030519728989465e-02
1.365680109423821065e-01
-1.882518326070655723e-01
-1.989295555247738434e-01
-5.568428401622091961e-01
1.742285753130440318e-01
2.310357458648463480e-01
4.299822754729010210e-02
2.790245069734734185e-01
2.689329586324573640e-02
3.312698096213327892e-01
2.068231508926375584e-01
1.457100882531794095e-01
2.201281147337836031e-01
-1.573956648522360224e-01
2.027857534106452392e-02
4.297494460182094134e-02
-5.703659137758447795e-01
-2.041526097445143795e-01
-1.958980778490105046e-01
4.398715407153178797e-02
-4.739440273319674435e-01
1.103146316211987658e-02
-2.758537079882135146e-01
3.521836758876549234e-01
-4.302965706389550761e-03
7.955195369223796997e-02
-3.039356615668818984e-01
-4.737893279792011469e-01
3.608774212764345179e-01
2.658874332546795061e-01
6.107829482035358470e-01
-2.603944057744969620e-01
7.199887284272212806e-01
1.009179102852043736e-01
-4.322035113915442817e-01
2.556593299423257637e-01
-1.303029550733316583e-02
8.585115102841947565e-02
5.396392890908238149e-01
1.695059882212734681e-01
4.042459501493371188e-01
1.361293206761133023e-01
2.819847434841084577e-01
-4.664545335824338834e-01
-1.940605503457765446e-01
-4.897394556650734310e-01
3.050865325351651003e-01
-1.427052638345003288e-01
5.000719729136279823e-02
4.296917536666372550e-01
-1.908875640868109014e-01
-4.545605512938031278e-01
-2.027710356179352746e-01
-2.410282281245135910e-02
3.127122794891260549e-01
1.280191866666809120e-01
-8.574767115078990587e-01
-1.491380343630297478e-01
-2.189629746034110203e-01
7.859186610397680406e-01
8.008035749483068955e-01
-4.376992813109510383e-01
-2.887333089165938227e-01
6.891590468569472883e-01
6.304899874639163793e-01
-4.001088797128920516e-01
-6.619383867980260794e-02
8.482245954592519954e-01
4.743492800497171591e-01
4.965662036975380667e-01
-7.157016249457645064e-03
5.009838830062209869e-01
-4.990041394001642344e-02
2.951705079404016718e-01
-4.907941586849223214e-01
-1.972227119110404325e-01
-1.129351220812271905e-01
2.013226488215063559e-01
3.086820970494112970e-01
2.458383526852103151e-01
-3.684847845092012464e-01
-2.279149572389341794e-01
5.219483875043035015e-01
1.633451689360803372e-01
4.428934990405021532e-02
-8.636671420193174631e-02
4.066073323713723653e-01
3.474588273654060644e-01
2.490425572804777499e-01
2.778664753504587193e-01
-8.528562964293305571e-02
1.225001338018049946e-01
1.698587176401465393e-01
-3.786751264231631442e-01
-1.289788001305991194e-01
8.558936466786078168e-02
-5.238106846473837841e-01
2.136446475870367248e-02
-8.944722848992317510e-02
3.979131100145345129e-02
-3.528759336760657894e-01
3.878194754442099157e-01
-1.342980847258969379e-01
3.108834198945431004e-01
3.402920277363966628e-01
2.887444897647737929e-01
-2.565735605532367680e-01
-2.880545455541929645e-01
-1.992879765220538849e-02
-3.589211610766348398e-02
-2.727980055583293373e-01
-2.433309287392885489e-01
5.291832977662925819e-01
-1.622721141335705664e-01
-1.946535213831887268e-01
-4.502227083520489170e-01
8.893013640375102558e-02
-1.896875213723042131e-01
5.382278713384804070e-02
-4.713103656100722794e-02
4.341842959611578179e-01
2.343126566609006756e-01
3.955220328782695915e-01
-2.418126685063744924e-02
4.911608514404914097e-03
9.757195587743339171e-02
5.884081770525730753e-02
2.259789482094141100e-01
-1.286834612963879410e-01
-2.384894881373939568e-01
1.040087987467848557e-01
5.213383450291333987e-02
-3.397616196757341500e-01
1.637953117684635695e-01
-2.799855127661560195e-01
-4.037071561777292317e-01
3.321821030177539713e-01
-1.606892747632868157e-01
-6.325785886177816286e-02
6.108998542193988524e-01
2.089594297599805528e-01
4.652159752929548864e-01
-2.352085777074117701e-01
1.872986575598098724e-01
3.084918657902199213e-01
1.230269824689029651e-01
-2.173806903986457428e-01
1.422139254150870946e-01
2.377509464557286123e-01
-2.171227439378111551e-02
-3.469414007835178171e-01
5.180707476323043181e-01
-9.081477468369233974e-02
7.062847744242559123e-02
2.943501767119718285e-03
-3.466503204306101843e-02
-7.602727418866367382e-02
-6.586665363685521857e-02
3.037261572758986339e-01
6.514805507767718051e-02
-1.018172438615915498e-01
-4.072487745757229494e-01
-1.012935984335799483e-01
5.253699286275707869e-02
-7.986144676340514725e-02
-5.881390265932939093e-02
3.354240602232534674e-02
-4.304803784145226908e-01
3.051113763732992215e-02
3.340573919193797203e-01
-2.249774804467831735e-01
-1.879328241842738167e-01
-1.093401127324994532e-01
-2.463108263747051940e-01
-3.460368015486280924e-01
-3.122430204177302215e-01
1.623717673187751176e-01
1.602305150703846603e-01
1.663801637871472616e-01
-3.686824279322183928e-01
-6.437607694675601122e-02
-2.389540367158056455e-01
-1.253267141334267198e-01
3.741140013167880696e-01
-4.175373350863487154e-02
-8.196998370136727996e-02
4.128399887556167269e-01
2.135881206135445132e-01
-2.824288881401706974e-01
-4.398871313887913748e-01
1.513966534271671271e-01
-3.501281329775877138e-01
-1.094711105581736565e-01
6.057877500990854758e-02
4.370943128216336349e-01
2.731904541912289625e-02
3.947952793576979813e-01
-6.081966615962243472e-02
-1.709785270232829987e-02
-4.523071251812959548e-01
4.552353572405371529e-01
-7.601254778480043273e-01
3.115729033468642509e-02
2.710425222552287350e-01
-1.906064217078166922e-01
4.900062664548334723e-01
-1.232878167410823705e-01
-3.473890001877388833e-01
-3.102634610626410147e-02
-3.276524488559945381e-01
-3.670618271635427976e-01
-1.050870156616547368e-01
-7.010742816101424024e-01
4.013565450938116896e-02
-8.343396956150521404e-02
-3.184337703558665078e-01
-2.109573841735870314e-01
-1.566059106636495390e-01
1.547751865614709621e-01
3.336891464651308564e-02
2.693951940726964089e-01
5.888220092435844655e-02
2.118942265400738656e-01
6.098094100023133679e-01
-4.181583532010467730e-01
-2.352335988563523106e-01
3.794143892436560028e-01
-4.363333598038392908e-02
1.889549675871886603e-01
-2.800844550923260456e-01
-3.411390487545969408e-01
6.278674556251433170e-02
2.386601412584473669e-01
-1.298243344544222910e-01
2.010970949466795721e-01
-8.700423092914877365e-02
1.293764721621160907e-01
-1.264499783063462446e-01
1.963091818794145127e-01
-1.606312474347822844e-02
-1.744451778316575830e-01
-3.796817896449851404e-02
-7.924856454203900447e-02
4.622457281847824201e-02
