1.580404312125082422e-01
-1.671929033989453806e-01
-1.109686567868576751e-01
1.609360587870189985e-01
2.175840673515109236e-01
-9.918839302380420830e-02
-1.768585585595176257e-01
-2.074911473783626059e-01
1.783265269265602859e-01
-2.024411706677650968e-01
-6.083966425518638754e-02
3.657525287581766538e-01
-9.074645741496398244e-02
8.669525480263626238e-02
-6.650509194463637141e-02
2.679473429982077645e-02
5.467002453666344047e-02
1.354940116061014166e-01
-4.636413497326662830e-02
3.734717929731179442e-02
3.183146416588308880e-02
-9.094421087997449360e-02
-1.823112246060956954e-01
-2.554047677865386307e-02
9.433425156572898540e-02
-4.433259221017659124e-01
-1.768223758195498485e-01
9.608787659054021657e-02
6.977909616742626608e-02
3.004783486744722065e-01
7.385226566568879603e-02
1.632520454668459076e-01
1.413963567469493643e-01
-2.924636857994437622e-01
-2.806458446728949188e-02
-5.160095618485699420e-02
1.818347929978839927e-01
1.000419264337089748e-01
2.899810250442472759e-01
4.839399039380298112e-02
2.425204316865861853e-01
-2.206294624175088592e-01
2.511975234135114809e-01
-3.996247726224024660e-02
1.074855076123087394e-01
-4.990218181720881829e-02
-2.742087846605377813e-02
-9.385776106006889219e-02
-4.318551426508713403e-02
3.925451414827862279e-02
-9.665778142210978974e-02
3.837952739824269655e-01
-3.473804638143376255e-01
-1.586408270012825139e-01
3.411616300943893232e-01
1.321252593133809550e-01
4.710031006136374682e-02
-1.549188500840830707e-01
8.121748374450159236e-02
5.954135517392888238e-02
-1.929126597135931154e-01
-1.200539608681465142e-01
7.151554389825207081e-02
-4.611034606499828103e-02
1.827573929189580393e-01
-2.121596444420845162e-01
-5.570492247745261610e-02
-2.328298635206313416e-01
-3.543342527092762650e-01
-3.218191282139060139e-01
-3.794791107089727222e-01
1.176299441468418028e-01
-2.827026273178072646e-01
1.796762417775912141e-02
1.793208480369347380e-02
-2.369998601444839037e-01
-2.334729261559649049e-01
-8.060222477183649759e-02
-3.993713940076191737e-01
-4.068550883756369418e-01
-1.490709829445856505e-01
-1.289742383764509726e-01
-2.006111828948839992e-01
-1.900023966170334422e-01
-1.639658023092667449e-01
-4.997346445673230692e-02
-1.740204253598025552e-01
1.633591030635260233e-01
2.374675405482530588e-01
-1.549284723162830391e-01
2.794313881688297724e-02
2.980450704915484361e-01
-3.705503640628909912e-01
-7.861391823043537008e-02
-4.663493677113299783e-03
1.839253126105098446e-01
-1.094037746690736806e-01
6.922303453406379592e-02
6.589795322438572744e-02
1.173961767062704498e-01
-1.102929023865099889e-01
1.861900064268114663e-01
6.239508407281296742e-01
8.756913532380693199e-02
-7.668493421585358127e-02
-4.555061997914953698e-01
1.050450470234120387e-01
-1.524581992630958394e-01
7.849961985898977479e-02
1.858195025626509789e-01
1.379406976025542367e-02
5.393690939890161823e-02
-3.702627971138698904e-01
1.776689624065592721e-01
-7.519444962140765798e-02
1.562589555127983365e-01
3.380029289081973864e-01
2.982415020977426390e-01
-4.667162487960189315e-02
-1.756959931219284898e-01
-5.041291307989873710e-02
8.102548888093825952e-02
-2.055665015960288222e-01
-9.390126327871775591e-02
-2.124824132363708484e-01
9.923437864558368182e-02
1.197620675720955374e-01
-1.387179859267339554e-01
-7.645886670517544441e-03
2.614792377918397359e-01
8.040397346352354258e-02
-1.885408455378982939e-01
1.763903921976775757e-01
-1.520032010418753410e-01
9.659460714978257423e-02
2.842676471628581558e-02
3.892496662353192582e-01
-3.246236555726152440e-01
5.734424913080487379e-02
-4.118029539607058198e-01
-6.255210448081351300e-03
2.407840156474324034e-01
-6.035234692476428714e-02
1.892079036672693060e-01
-3.371112509689463965e-01
-4.676798364954578568e-01
2.332946294966648793e-01
2.927653236085139277e-01
-2.228304989100831079e-01
1.890664914826317156e-01
-3.378521500868899088e-03
1.182343490889685433e-01
-5.141370733636621559e-02
-1.057410534599827617e-01
6.330442617523557303e-02
2.746973714269975164e-01
-1.566991058706727891e-01
8.285605320102405746e-02
-2.621288978360366562e-01
-3.744850153432522505e-02
1.958292347170108028e-01
2.365825788633579840e-01
2.751668364058600380e-01
2.184980259350608467e-01
3.171846566592460559e-01
3.399712661345861975e-02
1.483414023586677455e-01
1.055992770694375860e-01
1.487084503748999365e-01
-4.115188428596263104e-01
2.560933473881302214e-01
-9.994532644131837174e-02
-1.347006162886382752e-01
3.548310002657243389e-01
-5.109717550880826797e-01
-3.083269803113907193e-01
-2.676911110985199030e-02
-1.564829903255820498e-01
1.900900177431128490e-01
-6.585432358443642394e-03
-4.396948279186431441e-02
2.013603306820866412e-01
-4.095819311274466190e-01
-9.509273053993225200e-02
-4.213647864555148531e-02
6.108114930585567363e-03
1.898344323745196072e-01
-2.440974342316030721e-01
-1.294802270594083704e-01
-1.611973591801691974e-01
6.486205906834915935e-02
6.456795307927058747e-02
-2.509978630925884802e-01
-7.136551705322419226e-02
-9.064990443480358540e-02
-3.268142225756684449e-01
1.793877582419044492e-01
-1.058683047240800285e-01
-1.210162209138093692e-02
1.453442718975184733e-01
-2.295349220490114361e-02
-2.114338170913317438e-01
-3.070671799654003942e-01
-1.332795023373354454e-02
2.882903788502492182e-01
1.578510766312642977e-01
1.830760590640739538e-01
-1.009589948865219078e-01
-3.411454603722403611e-01
1.852965404771271252e-01
-1.981823664266238808e-02
4.418455563813331044e-02
4.946399668405279670e-02
-1.164204790114680282e-01
9.449124504010607273e-02
2.167638594210879316e-02
-1.292255908938323150e-01
3.937185782467071404e-01
-2.379430830524522505e-02
-3.045541851321745819e-01
9.809904877334987838e-02
2.554084770487631828e-01
4.414403468100150940e-01
3.465755013750658198e-01
-3.396886518728377546e-01
1.692641904323760604e-01
7.604411596523300010e-02
-1.791176659740922328e-01
-1.805968689487214007e-01
-9.262638793618192812e-02
-2.301906368803495195e-01
-6.649604969498108809e-02
-2.993004823086542823e-02
5.166963868365146567e-02
-1.129076391247919309e-01
-2.193433405821683113e-01
-8.781156734368292249e-02
-2.277029158230872430e-01
2.811637376104645369e-01
-1.114549298392331078e-01
-1.447771173662407498e-02
-1.813389946444531053e-01
1.916796322166543221e-01
-1.718933854784218396e-01
-1.504894430232097124e-01
-5.640673452770070956e-02
2.053620069130847456e-04
6.210226056114195002e-03
-2.918377019477127465e-01
-1.606363193839832060e-01
-1.286512624063795331e-02
4.442594745637478137e-01
-2.139707922490775502e-02
1.192060727574305035e-01
-2.113494246799812182e-01
6.979507265576266883e-01
1.000000000000000000e+00
1.322005357857121421e-01
4.465604530657132920e-01
-7.075196448040606267e-02
1.711733885623652474e-01
-7.036095782742747377e-03
4.027478501691043183e-02
-1.578658759031418279e-01
1.374750303604934942e-01
1.921406948764370626e-01
2.035754578411771709e-01
8.959104770621392766e-02
2.129420605415193457e-01
1.871863253783093983e-01
8.517498600027201272e-02
-1.320636924018619707e-01
2.410195761130020375e-01
-3.900051289869977539e-02
1.311582396623262592e-01
-2.927685354234730308e-01
-1.423542168820811360e-01
4.016545635839682132e-02
2.091698100668219068e-02
4.805248342831069941e-02
1.785571726126638226e-01
-5.563431848184386200e-03
2.531410408535257964e-02
-1.817499142507805060e-02
2.285122967777610259e-01
-7.193455482101882015e-02
2.241676864757361221e-01
-1.967783901312877282e-01
-2.817821966637908820e-02
-2.821979990560048446e-01
8.012602531137576201e-02
3.053188472394855954e-02
1.179924149123950106e-01
-4.335996261419253900e-02
-3.935234283577522807e-01
6.673270145084096716e-02
-6.383818698020335414e-03
-2.592400483200142935e-01
2.439596868008642450e-01
1.547617596785614280e-01
5.278633233038879102e-02
-8.952548696190064381e-02
1.859129723506688370e-01
-1.451237462869173489e-01
2.979233388104807756e-01
4.950583607975828082e-02
1.868338109384300172e-01
3.238372555185019958e-02
-1.615336806561057381e-01
-9.676955334217704485e-02
2.165632798836918671e-01
-2.627182980356553288e-01
3.432042073104088487e-01
-2.919427626279890164e-01
-2.087342167755306954e-01
5.580853267608263529e-02
-2.745386749881134625e-01
-7.947133851288680495e-02
6.312133992395940751e-02
-2.576056133553348768e-02
2.544901099789144139e-01
8.762882707108539393e-02
-2.835862705792126515e-01
3.855937477546948072e-02
2.114115295763662195e-01
-8.628287155219391269e-03
2.278599845660265744e-01
-1.378821197328679860e-01
2.232900055561828911e-02
1.780367522990764784e-01
-1.704173008229338537e-01
1.310142857057521315e-01
6.931412772817138052e-03
-2.657985341763374754e-01
-5.894486949949515747e-02
-7.924197612324752893e-02
3.922500065043654782e-02
-1.402198575220193200e-01
-4.328573385524801115e-02
-1.512314737948723849e-02
-7.078480033980885655e-03
1.964541741779296611e-03
5.358486612519083175e-02
2.378139519872315699e-01
-1.420128504246236101e-01
-1.689249529494789570e-01
1.583776598937833291e-01
-1.321287418384297085e-01
-7.278733103409380789e-02
1.476985401794131125e-01
-6.177705062515633644e-04
5.809877097843742233e-02
4.716752174340224646e-02
-1.580406266540222704e-01
3.553509425424764556e-01
3.215293654716404048e-01
2.118687637324081774e-01
2.134863554965894458e-02
3.238719477862337937e-01
2.184417831650707909e-01
-1.481406626326726150e-01
-4.873579131120551328e-02
9.995474979667770543e-02
-4.388692196785069777e-02
1.238872718101549641e-01
-3.019500232644364290e-01
-6.200701427020011147e-02
1.296917738037116352e-01
3.090727356340225440e-01
8.799865244233170958e-02
-1.897661610938762844e-01
-8.195787478404090165e-02
-6.890707047538638386e-02
7.319002194931269190e-02
5.574497525195278858e-01
5.025734498928573213e-02
2.307013029035802909e-01
1.830679591467692380e-01
2.861765941180339449e-03
7.667168192884938303e-03
-2.062819682736232452e-01
6.121275003286034272e-02
-1.439606498861561133e-02
2.241894692767459618e-01
-3.002766246184478405e-01
9.163172995152567279e-02
-1.021420281369578437e-01
1.221289710242952492e-01
-1.350321071314799885e-02
-3.253700878089229032e-01
4.967397753655723031e-02
-2.337290246884187739e-01
3.638331601051282282e-01
7.916605442891251621e-02
-2.377181531964917688e-02
1.961747181877172147e-02
-8.321266184019568413e-02
-1.410091100487484705e-01
4.313571945916798156e-01
8.744799798930891210e-03
2.184355148351030118e-01
-2.270672077934467736e-01
3.441786415151874556e-01
-2.846478111670118771e-01
3.383480714147767132e-02
-1.926907221836844097e-01
-2.443390308793761401e-01
1.048268257455547553e-01
2.453150592323123935e-01
6.220319454496148377e-03
2.460915043890029297e-01
-1.483586765837976995e-01
-1.923505405123216716e-01
1.355122999968309538e-01
7.887221914992358085e-02
1.259512862007154850e-03
4.951642187904056053e-03
-1.063321833012288997e-01
-1.107920847546201432e-01
-3.113963109233952586e-01
-3.471499552009555956e-01
5.681765899761920952e-02
-1.343345209107498772e-01
4.028308120562228978e-01
4.750430943641037462e-01
-3.516730076848935682e-01
-1.870878021588790185e-01
1.335782675653881812e-01
1.173607675342596829e-01
1.144938171289549243e-02
9.332918246037093246e-02
-1.296266910962335650e-01
-3.840702324382634925e-01
-2.339288453238438092e-01
2.088884027824198242e-01
-2.320965864891425812e-01
6.098186189301256499e-02
-1.743205675310979252e-01
8.676026224153872424e-02
2.827972235231273612e-01
2.382810439585645035e-01
1.111456484871245071e-01
-6.840398559394904017e-04
-2.233526171736258670e-01
-1.374506690813101784e-01
2.686878742371852022e-02
2.832718849202707501e-02
3.999452461884087096e-01
-1.890691301856993745e-01
1.374802233434343525e-02
5.895690642477486865e-01
1.355551905412631097e-01
1.030336289515315362e-01
-7.733063307548815497e-03
-3.109810532357802915e-01
1.071574479474172170e-01
7.726464694378640252e-02
2.094059195970233989e-02
-1.159772404468994850e-01
1.451825957914396614e-01
-5.927139997882480138e-02
2.177543710537672705e-01
-1.263184144247417873e-01
2.183512560611339803e-01
-2.730973175763954375e-01
-5.030910291019231265e-04
1.366453236802326332e-01
-4.265926447331005317e-03
2.091524572887902833e-01
1.781353482513778688e-02
6.482993697988652382e-02
-4.512514340423677550e-02
2.842172727353441397e-01
5.261713554020072126e-01
9.353950427700244430e-02
-8.453351435461943508e-02
2.407920142417327783e-02
-1.524783295471421607e-01
8.802969231314091911e-03
3.861846577721620051e-03
2.370720693680294922e-02
6.283062702218354494e-03
-9.125363775468277316e-02
1.961435349963052896e-02
3.671138919388363675e-01
1.920215717859899140e-01
2.770286059258620856e-02
-8.579314593621623075e-02
1.035332526610362007e-03
-4.697566415326931422e-01
-4.676949183626565865e-01
2.419989884806175717e-01
1.418407098436020308e-01
-1.477894383599241135e-01
-2.202236299413549148e-01
1.261051763242729828e-01
-9.089648268075356530e-02
-2.081704347513292364e-01
-4.010894473439206853e-02
1.973345869812566378e-01
-9.178561039818987355e-02
1.780218426315979263e-01
-1.007413253348505150e-01
1.435542216789952308e-01
-3.053673261926667104e-01
1.389797743858358636e-01
-7.682242282170755054e-02
-1.101125018505317021e-01
-1.077132055997663262e-01
-8.085063460512340039e-02
4.965124615530221858e-03
1.737089431998845301e-01
