1.750783813459311777e-01
1.027126273312113230e-01
-3.773996777082976040e-02
-1.177266158521386302e-01
-1.919414170917257967e-02
-1.402725844947171063e-02
-1.008894180411096242e-01
-1.917869245752464591e-01
5.263490782053316386e-02
-2.039045947073303833e-01
-3.815275055543714683e-02
-2.173909414297642839e-01
9.293299007809180390e-02
4.932229588460786823e-02
9.910289542115670314e-02
-3.057378117358624386e-02
1.626158519027041949e-01
8.483322293172770867e-02
-5.116635396785317730e-02
-2.178872584663663348e-01
7.777921500767999256e-03
-8.072922028399537320e-02
9.912479901310061389e-03
1.062859149157989597e-01
4.955391744746278498e-02
1.672221610088960309e-01
-6.752775317173520531e-02
8.565539891079690382e-02
-1.877258939615029099e-01
-1.142665468403162160e-01
-2.103174741513778034e-01
-5.586203115383826107e-02
-1.577007721282085986e-03
-1.561918713922625934e-01
1.509893623803326874e-02
5.139694175010251290e-03
-6.555537479980461102e-02
-1.711484839733082575e-01
6.660988539795094365e-02
-2.527152460714073845e-01
1.096119701589774037e-01
-1.171128123630035996e-02
6.008380655667323184e-02
1.689038451183652589e-01
7.564810239329052000e-02
-6.400770445895541394e-02
-1.664971948852731476e-01
-1.427985591061553261e-01
9.049394063925988996e-02
-1.446800705130245335e-01
-8.330106137261483745e-02
6.763309161775356293e-02
-2.534462591434924472e-01
-1.233571148816356572e-01
-4.181422245204340776e-02
1.827964434998701967e-02
1.468651720759401036e-01
1.911068081340743241e-01
6.366627920812324704e-02
-1.230771429223627006e-01
-7.141380986008824538e-02
1.350258120774955328e-02
-2.076248241860615129e-01
5.994884743560849327e-02
1.520722798436277903e-02
5.189222709281499091e-02
2.835204675100290728e-01
1.047063736073431672e-01
1.670235366547816735e-01
-1.262324824805533818e-01
2.051163776831873842e-01
5.990233021745115793e-02
5.828366193050953797e-02
5.136378149775346763e-02
1.371476436439972579e-01
-1.802625694417822957e-02
-1.073109098436730163e-01
-1.413408679045276006e-01
-1.365723787697123437e-01
3.338188082866910822e-02
-2.856779453348685938e-02
3.388430845948148251e-02
-1.102502194420281467e-01
-2.080232374864940115e-01
-3.959187155909198869e-02
-1.519641065675582103e-01
-1.557675168297326107e-01
4.672012106473177190e-02
3.121411792696045517e-01
2.523633944593214884e-01
5.609064188977727627e-02
7.506637957536328731e-02
6.793803908381367690e-03
-1.622981882044415014e-01
-5.337533825569110851e-02
6.864953783284781508e-02
4.714651634338591912e-01
-3.787329908849075832e-01
-2.584559083765644583e-01
5.717566098879797026e-02
-1.417509105094994226e-01
-6.655019551982079007e-02
6.192609510737004386e-02
-1.978906941904697014e-02
-7.433632491212643911e-02
-9.268112073308608367e-02
-4.200092155967177082e-02
9.975088942298879213e-02
-1.945139664479859642e-01
-3.401192874838396274e-02
-2.489642252062707339e-01
-3.572637165127581782e-02
6.946956551618670150e-02
3.932716302891740845e-02
2.278324522818034603e-01
-1.907056677104337072e-01
-4.285585633216357215e-02
-5.065634812717164683e-03
-5.077875176672743199e-03
5.229577436557134203e-03
-1.948309867105978491e-02
-1.427123542951564024e-02
-1.708716440132921066e-01
9.971568639187726457e-02
-5.656343660730440287e-02
1.677523439045316977e-01
-2.334427802313013278e-01
1.674258547270774666e-01
-1.262606870916146429e-01
-6.816521662576395524e-02
5.033194374391193604e-02
-1.838400602981083570e-02
1.370995508384321160e-01
1.573475794390255533e-01
1.501192648450465073e-01
-6.913183273471888712e-02
-4.899946694457956581e-02
2.657393932322904551e-02
-1.044649881501959199e-01
4.844828404128850852e-02
-8.591916208853873915e-02
-5.924866176693511371e-03
3.498182551333457041e-02
5.828849287925869094e-02
-1.325609590223250644e-01
2.343285125093061139e-01
-4.772106543538573442e-02
-8.524661065663190207e-02
-7.327489871520088960e-02
-2.146463705891951124e-01
8.105906681959690330e-02
1.187914569338401755e-01
1.318748169979572782e-01
1.497888095840804214e-02
-2.375124232035369098e-01
8.629265143390565940e-02
6.333419461818839968e-02
-5.363242424997171492e-02
-4.894746936716306424e-02
-3.382323986769181778e-01
1.697785530321395120e-01
1.090047829096005561e-01
-9.377721560383461830e-02
2.227174861122877686e-02
-5.482975492041866628e-02
1.444002817765164745e-02
-6.704381072786906592e-02
1.479466443953843593e-02
3.160647681735245795e-01
1.904684185031358112e-01
-4.526462956634359075e-02
-2.339089590771234808e-02
-1.744650153329202480e-02
1.597623865652522956e-01
-5.596099529566200825e-02
-4.275554670941084101e-02
1.039247851409341866e-01
1.429101890350972515e-01
3.124478231273960724e-02
-9.885599125365653050e-02
7.938101071557923660e-02
-8.702034097518972916e-03
1.527767117792632190e-01
7.504832908299919995e-03
2.974483213335728585e-02
-3.619338129867533671e-01
-1.511570070097427720e-01
1.204391601310543236e-01
-8.706573647593660037e-02
1.568934446780264891e-01
2.494206614435223388e-02
9.735402225975983703e-02
-5.690100155648646074e-02
-9.675908012190295726e-02
3.657504854437345493e-02
-1.322920436592450177e-01
-1.579364479621868933e-01
1.651360955424034105e-01
3.391082242991343837e-02
6.987614182888524095e-02
-5.395956283792398278e-02
-2.858693124507370453e-01
2.827039719544432450e-01
6.967296329243347075e-02
-1.648236801310781763e-02
1.811795604007424287e-01
1.188764708955441368e-01
-2.901067263403292462e-02
-1.033362687147691972e-01
-9.370351582920040390e-02
-5.140244470203082089e-02
1.206915768897640628e-01
-1.172005103081924932e-01
7.302044396641790835e-02
-4.942104931931661296e-03
-1.244597313417745987e-01
8.456928105502824200e-02
2.402713121207837033e-01
2.377041914514992083e-02
7.804259115432229943e-02
1.867605189232061577e-02
-7.393711966356449061e-02
1.693537874744294180e-01
-2.330771512426909470e-02
5.246488820600027358e-02
1.443788793062892040e-01
-1.146473736463142767e-01
-1.249150498705363377e-01
-6.099788461182761162e-02
-3.514020970422066653e-02
2.339370784533530701e-01
1.758235529712711687e-01
-4.714803167810217160e-02
3.349446737165436838e-01
-4.733315519833466989e-02
-7.583057549246653706e-02
2.837400104220828001e-01
-1.420677824833658023e-02
-9.630748547627933365e-02
1.821215935611273859e-02
-1.378292123104687683e-01
3.048006509479920037e-02
-2.134971710754070828e-01
-3.961037592157313353e-02
-8.062508259151898726e-02
1.164264032115891467e-01
-6.919251937280299081e-02
7.833600642087235055e-02
2.279207599559425201e-01
4.605445299962980521e-02
-1.843195515188200406e-01
-4.767618133122901447e-02
8.514044254000474859e-04
9.299029543492928762e-02
3.551856463704701206e-01
1.000000000000000000e+00
8.405979811185567696e-01
4.520101033222362341e-01
2.262690369336436136e-01
3.855630408351810590e-01
2.167280771900220726e-01
9.927310423327784239e-02
2.664964363626033395e-01
1.530061275197471815e-01
4.759144135435891543e-03
1.150185421161007276e-01
1.345982967007369469e-01
2.160255263198631037e-01
2.492791953848426945e-01
-1.217343609341294819e-01
5.427291907803025173e-02
-4.243985653729666352e-02
-1.000007708138754836e-01
7.303783039662814502e-02
-4.301633741129465283e-02
2.233557261239907388e-01
3.729342943286974299e-02
-5.616862186197490829e-03
2.423760539378092688e-02
-2.926868480522330437e-02
-1.803622584690566244e-01
-2.023291204757264941e-02
-5.046527449851651720e-02
-1.742302963367268476e-01
2.379540169110813397e-01
3.546117542378148663e-02
2.188130438997667182e-01
-9.102131140066078985e-02
8.235142681780947826e-02
-1.307620645912619881e-02
9.110446826101670226e-02
-4.934408475368172496e-04
-1.055981959324802932e-01
-6.338065905729339811e-02
-1.578765641389041074e-01
-1.010533845880369347e-01
3.480604877314275036e-02
7.832157941008072166e-02
-9.794793266259031739e-02
6.075490576329267700e-02
-8.745352335089116858e-02
-8.329547682680604748e-02
1.102815615796792596e-02
-6.239784028591482956e-02
1.565010652696407212e-01
-6.601429384960798286e-02
3.321215715607089836e-02
-6.276808732635590082e-02
-9.985668415256508668e-02
-1.179508772175288239e-01
-1.556297605942498323e-02
-2.179530061596544888e-01
4.759014056737630172e-02
-1.070825545088432557e-01
-5.909112860507822335e-03
2.235820393156023878e-02
-2.553283157743100884e-01
9.533705513379689411e-03
5.020907158249950097e-02
3.183867601032197570e-01
6.207858319628839494e-02
-1.119676326310104636e-01
1.285987727496313571e-01
1.635616811246673463e-01
-1.673811370836514600e-01
2.461973932962617170e-02
-2.696526307348909648e-02
7.173427957345429595e-02
-1.564292801229712482e-01
9.562629776275721749e-02
-3.231543667516176277e-02
-3.215418282343614209e-02
6.555580022295522113e-02
-9.817072262714622577e-02
1.440599420816967569e-01
2.461908147721127704e-01
3.033674084660342718e-01
-3.785654844931864160e-02
-1.507235632580608831e-01
-5.480635377369661582e-02
2.896381068181407836e-01
-6.158425748980275727e-02
-1.179307122566251448e-01
-9.005536387775078810e-02
2.021866149291091097e-01
1.965203395683916970e-02
-1.427315151496559298e-01
1.210381351504114661e-01
-2.313344315503695348e-01
-4.510384423640280416e-02
-1.661162753513033968e-02
-1.579495109083129539e-02
-2.017929906650333394e-01
1.381920260126160704e-01
6.770257981192991104e-02
1.507619402008096854e-01
7.899703214295521539e-03
1.732210246828317091e-01
1.522545384915903188e-01
1.226004900929051622e-01
2.338494476741339867e-01
-7.932627770609156082e-02
1.223517205151819082e-01
8.130488528677656812e-02
-1.185341372717820668e-01
1.729174789969865622e-01
1.972522602336260478e-01
7.672579708813145882e-02
1.185513655501126695e-01
1.734059175048229332e-02
-1.052742276948666345e-01
1.369843534000958311e-02
1.055738721701710708e-01
1.741496784055046043e-01
1.745930985804159188e-02
-1.274398777348036971e-01
1.081658782196822377e-01
-1.506676033821643668e-01
5.918390011121317518e-02
1.273741636450209658e-01
6.210239533816658969e-02
-6.313411447746405947e-02
-2.284799166739233667e-01
-1.044566442492166625e-01
-1.905155898793555735e-01
4.872069318105176627e-02
1.448949311330918754e-01
1.911542406624695822e-01
-8.274110914519390569e-02
1.993932251703250946e-01
-6.876396409646302887e-02
2.487854344894601180e-02
-3.499775884617801203e-01
6.741096244171150120e-04
-2.492531469666952465e-02
5.607781795080343107e-02
9.228731439404334880e-02
2.661034267192664560e-01
5.248125258160220991e-02
2.086973405827093619e-01
-7.880124087669856947e-02
7.839798101328068758e-02
4.254954654360747907e-02
-1.263368227950747158e-01
-7.907510224176120261e-02
7.414017839923038589e-02
4.359295607538360429e-02
2.800479057027139423e-02
-1.989443096164096869e-01
1.338109287834791071e-02
1.401738470422738969e-01
-2.298822782346177096e-01
-1.038991637438826249e-01
-8.152422457327149208e-02
9.618586903722878279e-02
1.416483903168233027e-01
-5.468861936965185161e-02
-2.010849977867089633e-01
3.341709714959890110e-01
3.719162130336161054e-01
-1.889496100810054632e-02
-1.606712527186842376e-01
1.535852143446243545e-01
-3.566423534568918113e-02
-7.793838150724671787e-02
8.625201470349178057e-02
-8.224238622198473680e-02
2.825476309129221902e-02
2.257303458660655238e-01
3.018369871769360085e-02
8.209763453595200766e-02
2.783973120711082938e-01
-1.589360146199255697e-01
4.271247701964749066e-03
-3.570249367390587736e-02
-8.668913526669935407e-03
1.312965496056434644e-01
-3.683801146511081481e-02
-1.985018808621015762e-01
-5.306171136829253981e-02
-3.306428552369501672e-02
2.798701232042796055e-02
-1.126776312674456909e-01
1.078855336163109940e-01
-1.250202013087340358e-01
1.362948271250289944e-01
9.218935313126903897e-02
1.093683984666856540e-02
-8.312211683988124378e-02
8.818154221379842506e-02
-9.038864625176321055e-03
2.183419803636943157e-01
1.708930123291848777e-02
-1.349488520496116284e-01
1.434071637910603880e-01
7.276992622146062628e-02
-1.265807422485019373e-01
-6.907001154661381037e-02
5.274281605608056173e-02
-2.669122081971326416e-02
1.540422753331563248e-02
1.664668947575339286e-01
-1.945289770337838842e-01
-1.099852772440880339e-01
9.949996068285141271e-02
-6.186190026462021901e-02
5.589406424619500040e-03
-1.011346280066579145e-01
7.444212932214476497e-02
-2.437456511777598978e-01
-3.432407599556659417e-01
1.866111857941472607e-01
1.711772373696285876e-01
1.428211827327184325e-01
1.457776211704189528e-01
5.950020134273163036e-02
1.097563035444807933e-01
-1.776073379693853538e-01
1.044755906525865058e-01
-2.032704083479866808e-01
-1.352921932999875121e-01
-1.328498117976506798e-01
6.113660952843488761e-02
-9.804050944380397759e-02
-1.210503719530683781e-01
-6.579506605502388750e-02
-2.959199532345192785e-02
2.671479816677234109e-01
4.100949750250766912e-01
-3.386968613199415473e-02
1.261761260374831828e-01
-1.550377999772204439e-02
-1.589122024780473819e-01
-7.848095817115320616e-02
1.118556589139352714e-01
-2.319064541197286278e-01
-1.142682348795462551e-02
1.298751876762731794e-01
-6.908351238049564857e-02
4.550681528050728314e-02
7.238617834713771682e-02
-1.569018808953816513e-01
8.044524292762013362e-02
1.430600354235974682e-02
1.100432930993269776e-01
1.700602457178868390e-02
-4.880550351718498936e-02
-9.830214962044593607e-02
2.775164769890000119e-02
4.505027463291304962e-02
7.633125020848047226e-02
4.110610977293318452e-02
