4.906423033589172311e-01
-2.388269672188208237e-01
-2.024263332567469709e-01
4.229519874681473834e-01
-1.673785151628423840e-01
3.682406967834421507e-02
1.011121307543513537e-01
-1.948886578939177661e-01
9.101692756793688943e-02
4.201559815262799757e-01
2.330792662556805672e-01
-1.534263678761516037e-01
1.417286138823824482e-01
8.292013951315317655e-02
-2.164223665067453728e-01
-9.177453540441739277e-02
3.613760480413401588e-01
-1.465751540247081930e-01
2.056575539130119645e-01
-9.090018763046696371e-02
-1.846375650039307204e-01
-1.941755993152904647e-01
-3.374221108445284445e-01
1.971927791238442251e-01
1.438941601830335537e-01
3.604399426657188543e-02
1.163146143197443944e-01
2.728281075022452873e-01
3.035299198750006089e-01
3.056779507772615090e-01
-2.028799321212237938e-01
-8.657644886073886936e-02
-9.422482156309959500e-02
3.870021551573429863e-01
4.205913083607341202e-02
-8.810208899648117598e-01
1.031743335466745598e-01
4.557451914566054696e-01
-1.829507027773433492e-01
-7.360913070783331458e-02
6.263665848633717843e-03
2.425606612805562556e-01
1.019696215914067672e-01
4.648639992388476916e-01
-1.984372782616773967e-01
-3.378945209855016008e-01
7.793990432632514655e-03
3.726254996597880287e-02
6.430878458313671331e-01
-6.507797650176096182e-02
-2.580623706973362852e-01
-1.876776645355274498e-01
-2.602508318881280869e-01
2.524698448967938047e-02
3.924875838378180659e-01
-2.589287167008447743e-01
5.755955006454658435e-02
-1.805280830615364207e-01
2.953282764543825878e-01
-7.604017363069993929e-02
-4.192825025038703912e-01
-3.867705932213681974e-01
2.741134745778761039e-01
2.695880163239234295e-01
-3.079126785407045874e-01
3.774599611525628062e-02
8.441047629041953382e-02
-3.652794746938903270e-01
3.443976449671176665e-01
1.970734425974081105e-01
-1.133981757407530599e-01
1.701403599161449287e-01
1.634467636056994855e-01
-3.808356692902089558e-01
-2.192797632879054381e-01
-1.559962065408925236e-01
-1.263287352593046309e-01
3.741330075233388897e-01
-2.262652723424100898e-02
-2.620715468362005626e-02
-3.924436816620838209e-01
-2.599686732635336228e-01
5.380444813734866494e-02
-1.257261825521836796e-02
-1.365047990230032482e-01
-2.142496718318117610e-01
-3.831094855759958288e-03
2.216451014677892628e-01
-1.111344694439760916e-01
7.331462303022566740e-01
3.176329858669346695e-02
-4.160867187257703548e-01
4.937254565030651521e-01
-3.095102359375450640e-01
5.309613038284423103e-01
1.988480872735344518e-01
1.805877727984577796e-01
-3.710941771348682527e-01
-2.679487060253918917e-01
1.307597319062883401e-01
-2.397136153112995327e-01
-1.520434782208575919e-01
1.279345371411896026e-01
-2.261584276026015194e-01
-3.309490066709333544e-02
-2.121355813057390349e-01
1.838378200866745693e-01
-1.004669577606321917e-01
-1.916383735807495048e-01
2.231222424400065851e-01
-1.175839616422129780e-01
2.920248400972409453e-01
-3.570443018113709233e-01
-3.176997739741508342e-01
3.316474124227096199e-01
-4.791620169297922116e-02
-2.677934642607611715e-01
-2.716326769829506271e-01
-1.678109059292008931e-01
2.273270661202127507e-01
1.427247651958473557e-02
-9.915716393705782672e-02
7.558773054611035713e-03
3.055283560518861630e-01
2.600270776449762344e-01
-3.587425512913500897e-02
2.489870436541364029e-01
-4.759058906424821350e-02
-6.170055213598435451e-01
6.284226007736061319e-03
3.006733975351806309e-01
-3.554670570259056972e-01
9.266100477473263042e-02
-3.385301536162925173e-01
1.535872413245079893e-01
4.020732880487023347e-02
4.267125309774572051e-01
-4.555390344075710418e-02
-1.777210305888113906e-01
-2.203380886450697351e-01
-9.575987665465225673e-02
1.111379623762859953e-01
6.141975490508356367e-02
3.779875863698012317e-01
-2.902864848386160213e-01
-1.943615101930731281e-01
-1.669119049051310533e-01
2.807586598744553075e-01
-1.220776287941688076e-01
-3.147039818427017632e-01
-3.158678315500452194e-01
-9.996923590789628944e-02
1.964189986902691032e-01
1.356910259497934590e-01
1.127363942145406944e-01
2.427647881088079718e-01
-5.130304523585852428e-01
-2.359466029344571558e-01
-3.514150888114095928e-01
4.278811427601625916e-01
-5.231192482843179115e-02
-1.579044424015104420e-01
-1.847378532289190856e-01
9.407652840548136330e-02
1.246490481419797181e-01
2.233985696135312449e-01
-2.449791401251113776e-01
1.814377043470179751e-01
3.820300409562749078e-01
1.971612460920536825e-01
-4.575569894687236405e-01
-2.482025903461607952e-01
-5.650294390430081748e-01
3.155824915330846525e-01
-1.023412532452842028e-01
-5.530878633566283648e-02
5.620092379041406738e-02
-6.138597220602633880e-02
1.322941811492604758e-01
1.968209363231723241e-01
7.344990672156807010e-01
-8.512695328621615320e-02
2.596565096771556447e-01
5.238222014280717945e-03
5.720768152097945869e-01
1.700162823596757522e-01
3.130535045937888894e-01
-1.748076108923010963e-01
2.966229622235939112e-01
3.318897992202683445e-01
-6.915628371344044456e-02
1.232110521029628342e-01
-4.167848326166684880e-01
-4.753522461054136838e-02
2.269130441483297733e-01
-3.391601707754879902e-01
5.948859363169752001e-02
4.182501440164199807e-02
-2.442202412434270331e-01
-6.517004697683302650e-02
-2.748331912685303968e-01
-4.292684886405998546e-01
9.451047464780606977e-03
-1.291409291537962412e-01
2.665341046160697447e-01
2.299628958613693375e-02
1.505780689761212765e-01
3.360531127133860041e-01
9.554870184526742527e-02
6.826265654319023657e-01
-4.272216414499221404e-01
-1.508140919701415339e-01
3.976303811142058164e-02
2.174904692518634663e-01
-1.056617730414967787e-01
6.635689092228591601e-02
-7.887873809010895187e-02
-4.657523589563992150e-01
1.106837260954205565e-01
-2.806057355834779554e-01
2.901013027768057154e-02
-3.495015837292497762e-02
-6.973009354561937601e-02
-1.076727255164590946e-01
1.109708522524463226e-01
1.528413974548884467e-02
2.992204988990923020e-01
-7.050692926238584513e-02
-3.919982584572360151e-01
4.093175036528085564e-01
3.684110866319910138e-01
2.681692950886784277e-01
-2.366291557665663459e-01
3.475048139450704898e-01
-3.134271787675594473e-02
-1.534051282103733871e-01
-2.207668077571030563e-01
-3.216451168950999473e-01
-3.088950898076870399e-01
2.124523865480293650e-01
-2.129703311418408573e-01
-3.432676878556535915e-01
-2.056508107631428994e-01
6.741057992952665945e-01
-5.642764913603453419e-02
-2.236422821666999433e-02
3.804119549681401202e-01
2.787081620746331145e-01
4.090150324165423568e-01
1.092050837881019532e-01
5.359501326448781189e-01
-1.159535016771581634e-01
1.033564304486047913e-01
-1.251436564087362591e-01
7.419024929323008166e-01
8.951637790298402342e-01
1.000000000000000000e+00
7.216029010776691122e-01
-1.729531750147466906e-01
3.513779775657791538e-01
-1.099980386321513515e-01
4.928137442463284001e-01
2.074646797203642812e-01
-2.997207121146687192e-01
2.096721681673491267e-01
-1.671166270593358871e-01
-1.263001522845797198e-01
-6.959062881947430945e-02
6.609680431430013658e-02
2.857747231745211836e-01
2.604430960468218648e-01
-2.334152086510601354e-01
1.754377284447941610e-01
-5.803575120225989981e-01
4.781511406597017122e-01
-1.915650407240783726e-01
-4.539397983195807562e-01
1.926108935639797223e-02
-1.933061664608566321e-01
-8.759473379810786553e-02
-9.517348738863221080e-02
-4.513351343149805683e-01
5.419304649197751456e-01
-2.915000309152303570e-01
-2.376647822132124943e-01
1.388848869561002675e-01
4.828036961860858456e-02
-4.397199840913023627e-01
-4.684132197655367924e-01
-5.366254933212240980e-02
7.903894019035473395e-01
-3.611507074253190730e-01
-1.867649936565797253e-01
-1.150711695493980991e-03
-1.853133698531945206e-01
-2.243897987895077384e-01
-3.557513333568835256e-01
-4.736465425632132020e-01
2.650518011770533477e-01
3.124522548209846540e-01
2.147764248309444179e-01
-8.915099698777886883e-02
9.901930093931163301e-02
2.027986938877651343e-02
-7.951437072089988234e-02
3.733611984752729929e-02
4.331404462537984945e-01
4.883236150503822946e-03
-2.456363812453836726e-01
-5.879879203215646055e-02
1.617082992840301187e-02
1.571592611548645879e-01
-8.826821548406724172e-02
-3.458293087703300239e-01
-2.769066039586415284e-01
-2.339120455398285559e-01
4.957258680646585147e-01
1.330598069684613416e-01
-1.988047699011259717e-01
5.188957604329164086e-03
5.616401883585291771e-03
-1.328164453364131248e-01
3.309759166441595957e-01
2.105545282342206337e-01
6.428293236941728939e-01
-1.632607523347674450e-01
-1.364476646415096750e-01
5.844381320370872768e-01
1.761218247024400885e-01
-4.028442785730724368e-02
-1.045430841303122138e-01
-2.738569802763208827e-01
-2.313795924032028273e-01
-2.617138500009675295e-01
-3.597676123128816794e-01
-9.200277829734350432e-02
-4.450286877932847079e-02
4.648900115026152191e-01
1.161975007255949960e-01
8.357280396549102500e-03
8.154664220968318999e-02
-1.111661172287585660e-02
-3.149445776673672204e-01
-1.616832915697536954e-01
1.464208450041314946e-01
2.373929171166138108e-01
-8.584883546341438854e-02
3.988392056777211314e-01
1.773402551265982133e-02
4.943784116264509851e-03
7.151933029782793494e-02
-3.461756659699037897e-01
-3.491893949365831307e-01
-4.089924280473167806e-01
6.969842388210081841e-02
3.371449991002598012e-01
-3.461132889396424661e-02
5.230972150538596432e-01
-3.211541841192167707e-02
-4.557678215417823031e-01
2.343662188472095398e-01
4.504180082071694569e-02
3.314745024156081632e-01
1.768104565331238831e-01
-1.070964978175515253e-01
-2.912293192130788189e-01
-2.257776244094248930e-01
2.921784066375091027e-01
3.925092765081703572e-01
-2.183405680036798469e-02
-3.207986304986149007e-01
4.437383493480074881e-01
2.705954020468477883e-01
8.088310611106550030e-02
-4.106479311314488734e-01
2.305836559341315206e-01
-1.249713101597798859e-01
-4.839050303793745317e-02
7.070769028638286546e-02
9.979717545981321714e-03
-1.821095737821734062e-01
-2.729030572804909127e-01
7.209920860595407655e-02
3.649070317343630632e-01
1.636379632215134994e-01
3.980055146947739098e-01
4.634572094984277801e-01
-2.394321036605633057e-03
1.533533619148798599e-01
-8.609681668716562264e-02
1.443820101065231010e-01
6.535415652107844087e-02
-1.748937752914941652e-03
-4.301553316675204575e-01
-1.112204503977720499e-01
-1.508936145790323313e-01
2.055759135978119378e-01
-3.696734269054244293e-02
9.411528346979795845e-02
-2.328162820414862166e-01
6.146271145029659211e-01
2.318311844771472063e-01
-1.734218819334383543e-01
-1.278016884369324591e-01
-1.968640634317612714e-01
2.556301112444063772e-01
-1.220736780245307990e-01
4.405380405193488058e-01
5.071533690505753977e-01
-1.884014484393382038e-01
-9.057686659738051205e-02
-3.941462472690614449e-01
-7.306311911750364152e-02
-6.415208877265761445e-02
-6.121342801871637596e-01
-3.364030306516563873e-01
-2.011134210144392420e-01
1.471410519570413022e-01
-2.149654424469402136e-02
2.297990669899668131e-02
-4.385950212471754206e-01
-4.650604453402741312e-01
-1.152246239696838870e-01
-4.101214524148009133e-01
4.129859882053607545e-02
7.178160827029236857e-02
1.113648302054171951e-01
9.210995698883618632e-02
2.836617546371451581e-01
-9.821918134642140807e-02
8.382463473247186991e-02
4.735394969909413609e-02
-2.060797248095440626e-01
2.097251778898693575e-01
-5.074612922294491346e-01
-2.879126660056333109e-01
-1.672629610444506254e-01
-5.270990116906962286e-02
1.229090654391528925e-01
-5.938895267710241344e-01
-1.294407560209356045e-01
4.561054871036684943e-01
2.393909213340318642e-01
1.543459873620376954e-01
5.706083870825772175e-01
-3.288110812560830487e-01
-5.836093863835718071e-02
3.061147874081934783e-01
-4.492488199895188633e-02
-1.962173737475594038e-01
-1.657542554726346706e-01
-5.590228890472742629e-01
3.786866588828362024e-01
4.647398645377056464e-02
5.243117733612866899e-02
-2.350860252464023470e-01
1.172759753277230199e-01
-3.787902497764631393e-01
2.397355612189558394e-01
5.989923358704738604e-02
1.546705200924334001e-01
-2.613834542517680104e-01
3.389120950104442254e-01
-4.961295859858442237e-01
-9.239862640919292713e-02
-2.877691969011744039e-02
-1.010318282454129996e-01
-3.626905035469789040e-01
2.082556172513279624e-01
2.519463667891717051e-01
2.657904084922467214e-01
3.641510994239077759e-02
1.786964675328302221e-01
-7.385204969572907452e-02
4.050476595693458526e-01
-1.231229217129920089e-01
1.290671224094279423e-01
7.150609169677423216e-01
-3.788743500488272464e-01
-2.315008517014321421e-01
-3.636182509124075146e-01
1.162262891573151297e-01
1.380566375552649827e-01
-3.478750339721628504e-01
2.553544635777057481e-01
-1.736370493021231406e-02
-1.370093375217200649e-01
1.350718814321943961e-01
3.382500707695552111e-01
-1.302867683676658672e-01
2.152525592392314502e-01
-1.873151985690923726e-01
7.135936854834486198e-02
3.271795520774519739e-01
-3.958409103404832152e-02
2.693654204701785293e-01
2.702107593013985606e-02
-3.543924174448848663e-01
-5.298924689635113872e-01
1.139591016092672202e-02
-9.061619594246957121e-02
9.247190681508106469e-02
1.456010188105041070e-01
2.017933717299887075e-01
2.883893853796000717e-01
-3.507838970503064369e-01
-2.665947155553148873e-01
-9.381024136066501429e-02
6.882409179250053022e-01
8.967027034730675611e-03
-7.375091980240726652e-01
-9.510403164335556880e-02
