2.617821482069961903e-01
-3.263415568659262522e-01
-1.677536637099746042e-01
9.724440994494214230e-02
5.279610705322959618e-02
-3.335239197310962411e-01
-1.644342999158258656e-01
7.947661858539968247e-03
-3.576390524858447106e-01
-2.405768775269901960e-01
-1.786994189443145420e-01
-4.809643244082360131e-02
1.357411909707730013e-01
-1.578614211035065662e-01
-1.569935915939145166e-01
-1.224256874669430867e-01
1.366039611492772254e-01
3.257177735979109867e-01
2.271568759423612249e-01
-1.841596240238475291e-01
1.475041533518252068e-01
-5.012246966313393948e-02
-2.489130965610345317e-02
5.059675981482704143e-01
2.248127405786857005e-02
5.280229163869234466e-01
-1.597496453146573028e-02
1.044892971184546299e-01
-4.119430006468124961e-02
-1.507887642344830637e-01
2.563202954196068806e-01
1.016460721173596954e-01
1.976541423428212207e-01
2.036968580599393119e-01
-9.417735665872553619e-02
4.591707792970997626e-01
-1.013310209291258812e-01
-7.270621613347309775e-02
4.881328332387041558e-02
-3.259666627986477772e-01
9.020055819421178567e-02
-2.641415420744393505e-01
-3.266626308525753114e-02
-3.775841671188691351e-02
4.822911529443367484e-02
-2.015431392113709586e-01
3.535355867486182357e-01
6.315778141377577370e-02
-4.684189407408623218e-02
1.002734536397161397e-01
-2.147715906810823694e-01
2.422713220195270856e-01
-2.948801760043869846e-01
5.820070791044264918e-02
-9.163630528264886388e-02
-2.712310246446456019e-01
-4.480483580975459512e-01
8.141922454678287430e-03
-8.588567358024914999e-02
2.182406179733350216e-01
1.002717865639478484e-01
-1.001913156773224511e-01
1.478723016443041494e-01
2.924381948154258781e-01
4.499455244565766510e-01
1.814896912422024264e-02
-1.006218430187965779e-01
-6.562340186640293338e-02
1.141367826573713717e-01
-3.657364071804831696e-01
2.397235926563662523e-01
-2.563242822934293508e-01
-1.466234462790490523e-01
-3.932637549724684045e-01
-1.191062171492551919e-01
3.628656335135473365e-01
-3.391308938323412403e-01
-3.081001468357995599e-01
2.728650952440657765e-02
-3.174824733554443834e-01
-1.160870799279348740e-02
2.314150935606709703e-01
4.067095116834970048e-01
-2.031183246121814334e-01
3.593217402922662673e-01
5.982005677382186137e-01
-1.106339005996544167e-01
-2.614058532862274450e-02
-3.707453545705964582e-02
-1.442377317185947472e-01
8.782003854027597978e-02
-2.592282580035750184e-01
1.864602958893147866e-01
3.383959699073700311e-01
-6.499358364957841250e-02
-1.953551278691584292e-01
1.518501919340266015e-01
1.931462923210120752e-01
-6.237192017880038852e-01
1.333489243146856462e-01
1.425320277466482488e-01
-1.132002098953935332e-01
-2.115078504771654988e-01
1.383016542415045104e-02
1.335684234625744982e-01
-1.065885041421336249e-01
-4.626435561196170360e-02
-3.187706534405677083e-01
-1.216792431679337705e-01
2.553513180238148328e-01
3.738908259130397371e-01
8.435721082412324379e-02
-1.296017971234574538e-03
1.725886024408794517e-01
-1.419499277323635067e-01
-2.703529505813953571e-01
-7.451094187273181457e-02
2.294802792415042147e-01
2.793280268197351757e-01
1.074745320128793619e-01
3.368308934847870639e-01
1.732335792831027066e-01
1.095377387842943750e-01
3.179835078646321977e-01
-6.406491627530837285e-02
3.509710897880261582e-01
-1.061596148245834842e-01
4.778241851559099640e-01
7.884130468267924741e-02
2.774269316906020633e-01
9.333267831783580160e-02
-4.368108503964063943e-02
2.514292546874544731e-01
-6.410541997599680797e-02
-6.484999383610758061e-02
8.255195017367397345e-03
-2.032245899332364714e-01
5.537928847546974565e-01
-5.393291782862536660e-02
2.198194086765433986e-01
1.113561594362666024e-01
-1.151417699893597657e-01
3.466654460894635914e-02
-2.667363853376888971e-01
1.229213020451699542e-02
4.452418532864000356e-01
-2.707935578492212669e-01
-9.196198259596549685e-02
2.528627207136926458e-01
9.081027466203703269e-02
-9.135094996831271894e-03
-1.505555314380411513e-01
7.187002811483031439e-02
-2.032448175736711049e-01
3.326032545841250965e-01
5.070197148511724761e-01
-2.863857323235772245e-01
2.014279148410328402e-01
-2.369955339218421941e-01
-2.175403336180052258e-02
8.249333366389820232e-02
-2.898300188429755453e-01
2.307585126822274402e-02
-3.543042008117474051e-01
2.000806778810396494e-02
-2.194735076198634227e-01
2.729156506776652669e-01
2.374748577099982383e-01
-2.693364428753374229e-01
-1.712432227424545428e-01
2.370139356460946867e-01
1.365282842298180532e-01
2.139388433375310761e-01
-5.238175828257647382e-01
5.502861901344124895e-01
6.771159150961070239e-02
1.442104251517236924e-01
1.158101788350633099e-01
-4.547405409279971916e-02
3.986865154549798507e-01
8.466329734476134294e-03
3.515857687473796234e-01
-2.598375871130988446e-01
-4.602276806868776243e-02
-1.049573755804737579e-01
-1.135524755591689992e-02
-3.962654766295464204e-01
1.700156538938800144e-01
-2.427022018805500836e-01
1.134768602368277368e-01
1.805207631245544508e-01
-2.785093695413728421e-01
2.020189158008963148e-01
-1.319866414434145707e-01
8.222494701659743832e-02
-3.241783657183066047e-01
-8.701324447156817687e-02
1.084404367239536759e-01
-2.645835936870385985e-01
-3.753936918109737619e-01
4.025013122941172722e-02
-3.533299316698772508e-01
-3.495370876506313090e-02
1.036437593673621982e-01
-5.402133857416067109e-01
-2.277549364607334981e-01
-9.533694092850177049e-02
-6.761330746667870706e-01
4.883893828579809887e-02
-3.180815966471495781e-01
-3.378711024553496256e-01
-2.168159076332653867e-01
-2.047034640479397649e-01
2.270221831773349408e-01
5.233220914418366260e-02
6.683371112549542359e-02
1.307878777131488979e-01
-2.212495831841244376e-01
1.270700677436828741e-01
3.209704388867009595e-01
2.234563371360836770e-01
-1.140751762666879741e-02
1.358597843314159614e-01
-2.549260088538581326e-01
3.814482377887993270e-01
1.255556040000316564e-01
2.178154695335662583e-01
2.529574230277673030e-01
2.085091201360547708e-01
-1.609777531445077958e-01
-1.406501108971192418e-02
-4.836764764594477916e-04
-3.978372697750373610e-01
-4.084778502158637609e-02
4.285456309769196115e-01
1.372476582740021489e-01
-2.231979374726935639e-01
-1.483283910052176358e-01
-3.142303445782798632e-01
4.371732649742465782e-01
2.466716076349023956e-01
-1.870581433606401389e-01
-9.070395513436468882e-02
1.076706243120766487e-01
1.054824851314325185e-01
6.254677181601268031e-03
-3.900404834618446254e-02
-2.862219476499130999e-02
6.933411949697730614e-03
5.318661042276557893e-01
2.499571032510529769e-02
2.373416383416210029e-01
1.264302373881746877e-01
2.191797332643620755e-01
7.926449227806182662e-01
8.492208666188633126e-01
1.000000000000000000e+00
2.176956545591764713e-01
2.753690457171409367e-01
1.275158796019753848e-01
2.385336524000001568e-01
1.619639106508212190e-01
-3.817839929701295765e-02
1.802625822950880419e-01
1.810713184874652715e-01
2.999569443775198518e-01
-1.396736964370292877e-01
-1.726832214964295897e-01
3.222539045346282938e-02
2.331072149303199392e-01
-3.147064058996544844e-01
-6.469270910993894785e-02
1.393295030817469360e-01
-2.827757482273796086e-01
3.590097578916631171e-01
2.095779560166160793e-01
1.935788644126077984e-01
-9.158184520241234583e-02
3.788245990911890404e-01
-1.729060644798660062e-01
-1.708563686259619296e-01
-2.038236841730659277e-01
1.222853213844298098e-01
-4.939933537324082274e-02
3.728376134878420012e-01
3.535799475345753340e-01
1.524246092916300144e-01
-1.262189516248418408e-01
8.691207332038497491e-02
3.563483896420703827e-03
-2.245806165087769757e-01
5.804414948107344124e-02
1.596914105493202618e-01
1.752565922404829835e-01
2.443434355233661814e-01
2.041076419588398194e-01
-4.382890540246615063e-01
3.147580568203618007e-02
-2.098123368522127052e-01
4.095430344325620142e-01
-2.356394893624949027e-01
-3.366021756594979319e-02
-2.557767996152205403e-01
2.498661455433454359e-01
1.678176090981071400e-01
-2.920651557162211032e-01
4.125196627972368413e-01
2.741045436315233119e-01
-4.381074752542341022e-02
3.747539737658815984e-01
1.043354479038578753e-02
-9.849400908513454567e-02
6.167011161052168150e-03
2.755548740947680875e-01
3.815497149295334900e-01
-3.865891181846369817e-01
-1.484025267403281667e-01
3.981644404762407080e-02
-2.107730008754188280e-03
3.774589561637966672e-03
5.323795094093896063e-01
1.685065012642188165e-01
1.333020815654110680e-01
2.880826767122367515e-01
2.575213033660216366e-01
-1.163806849007335831e-01
3.819730458705412890e-02
-3.385580467109308156e-01
-2.528917479398437584e-02
1.627018646275678604e-01
1.841962325266905537e-02
4.596339688421670622e-01
4.001253119631514310e-01
5.693496484318199408e-02
-1.229298953975110215e-01
1.622696508423978057e-01
8.719412582850777360e-02
2.393324055055852384e-01
-1.985001100851416511e-01
-9.097728490525026912e-02
3.067612630190617029e-01
-9.246158182108103751e-03
-2.343005222872168447e-01
3.603538424017805331e-01
-5.092044805211618647e-02
1.276831958347395823e-01
-5.581168246341927652e-02
2.869109871338990092e-01
8.118857966049436437e-02
2.577070736399130202e-01
7.588369202867183139e-02
2.495319391719423019e-01
-1.397427534731243426e-01
-6.258629511308151372e-01
-1.832134821232430100e-01
1.174431875195698083e-01
-4.238903818528486772e-02
-5.271679515632828571e-03
-3.194725335905053698e-01
-3.253395544397340300e-02
1.766835203754646769e-02
-2.692567151914745938e-01
-3.161194021865196269e-01
-3.076369766586598553e-01
-4.748727508203007819e-01
5.385035566188047657e-02
6.272955060532545146e-02
-3.045202185235333370e-01
5.433492667342969262e-02
-3.995436833775051211e-02
-1.546392996904857875e-01
4.595158596793851302e-01
2.021290091553285262e-01
5.174492633698907218e-01
-4.463728687499132763e-01
-2.711459858467613060e-01
3.380031253647687861e-01
3.555099446215768677e-01
-2.776428681690510936e-01
-2.177576985667606380e-01
-1.633559233252665499e-02
1.365286909560471107e-01
7.936688296070558424e-02
1.970790844089073679e-01
1.084205383380689308e-01
-4.171317857068226331e-01
-3.245342440749176549e-01
8.206830143161671087e-02
-7.954516569214170607e-02
-2.015829940868919257e-01
2.530793021201906412e-01
-9.542944354911224447e-02
5.237655315889365726e-01
1.686805439038705778e-01
3.053556561685337803e-02
2.324641859986429360e-01
4.891865628572852898e-02
-8.795159472994050487e-02
2.992176913153629658e-01
-8.272942999508225981e-02
-9.015999060292649581e-02
-2.280770375235436909e-01
-7.344839662098470723e-02
-5.416211096502899780e-01
1.155793103593605042e-01
3.342530719794747484e-03
1.968799000570647106e-01
-1.563900785992604903e-01
-1.891969979996385720e-01
1.692724790440293392e-02
1.371763852618840783e-02
-3.446090397032331998e-01
2.064766663935105606e-01
-2.220359888821939187e-01
3.208863975364459886e-01
-5.433252751395373226e-02
2.357126707375857277e-01
-1.226562170041321648e-01
9.483927151253178367e-02
8.414732061755608727e-01
-3.368829931414029644e-01
1.940350079801700378e-01
-2.002795004330744921e-01
2.927102479541190960e-02
-1.464910708500653247e-01
1.895164710280500264e-02
8.666246028481319752e-02
4.244208875951638316e-02
1.003265274789466033e-01
-3.594633764083140504e-01
-6.649727990587081528e-02
1.031917149840069908e-01
-1.727842047553388993e-01
2.669626391326543335e-02
2.268352009736762653e-01
4.772878766912733162e-01
-1.488516502970652078e-02
3.323539223833155698e-01
5.945085513914011299e-02
4.196917099591217747e-03
-3.766780825985123204e-01
-4.016171489068763312e-01
2.162693313499872705e-01
4.069295755861376124e-02
4.817923859628093358e-02
5.145926630266683954e-01
-2.700922989076506298e-01
-3.469237396330666079e-01
-5.574732645200210918e-02
-4.180079312274386227e-01
-2.103725847832053908e-01
-1.658601195592263600e-01
5.891228887731920355e-02
-1.692486953327812793e-01
-1.572594365240100392e-02
-4.050428458097639628e-01
4.152044782980230941e-01
1.579442563108396369e-01
1.384839846985507217e-01
-4.305779046213639716e-01
-2.995021715801387541e-01
3.675837162093044674e-01
3.824482199963487039e-01
-9.172668568149003332e-02
-9.500383027939436620e-02
-3.748551138495893713e-03
5.881973123823170876e-03
3.780246727916605765e-01
-3.513827118394276527e-01
-8.971074775347487318e-02
2.261413463160206472e-01
9.288422955289893368e-02
-7.416582275462256513e-02
2.016547698530647692e-01
-4.118537359148508048e-01
-3.135494682204706951e-01
6.954237893701044337e-02
-4.742360125174222563e-01
2.774314697382512795e-02
-3.535708316521756212e-01
-2.782791900617367364e-01
1.928616997458359739e-01
9.814186770924926417e-02
-7.889495520759186309e-02
-4.512605172267618592e-01
2.630156053099258484e-01
-5.898556663730241539e-02
2.428360855449039346e-01
-1.296645469136142315e-01
9.688066103937582885e-02
2.211748641646266861e-02
-1.965885670392672480e-01
3.449067191632465643e-03
2.161664389163555633e-01
2.951556337839500999e-01
-2.409321845300972653e-01
-3.031169244886981473e-01
3.807261396823750643e-01
7.338011040440543808e-02
1.943762119092591611e-01
-1.500128853599251300e-01
3.501090555902851564e-01
2.663890224581135224e-01
3.127587062231295678e-01
-2.264694998057622810e-01
-8.842075533320452319e-02
6.302535983847573631e-01
-5.401081193032878369e-01
-3.604380990460332584e-02
-1.192066774744638818e-01
1.596530000185568399e-01
-8.567881379367732475e-02
