1.509666433893749882e-02
-9.767500826717298926e-03
3.093183712670083754e-02
-1.166164958667748469e-01
-2.882118121396871901e-02
6.721640240236302632e-02
1.337286497223050541e-01
-9.983759945533157015e-04
-1.953475080110156359e-01
-9.602891099184233947e-02
5.890040339153272686e-02
-8.007642399936377997e-02
-1.921039582248232694e-02
-5.375109071254285942e-02
-6.765962288947062475e-02
-1.400019820021269068e-01
1.509474762547666216e-01
1.817091657700439511e-01
-1.356836453467677173e-01
-4.905919817988818946e-03
8.258286417087697118e-02
-2.236650974979825512e-01
7.492113705293870773e-02
-7.028848050459442220e-02
-4.417773155689051073e-02
9.148556294889226281e-02
3.383396972992797069e-02
1.617923700163644840e-01
-4.732321447749117393e-02
-9.820085845644807576e-02
-2.026797410026965895e-01
-4.012878764201711912e-02
1.085185402953105227e-01
-1.793792091585792725e-01
6.744497080864310379e-02
6.757629990571122069e-02
-1.029769701994990433e-01
1.189425394054391960e-01
-1.787263480024724183e-01
5.996990049382051186e-03
-2.598171398287268258e-02
3.796049944477681518e-03
-4.996069175193116642e-03
1.433144534647333990e-01
3.163777680982899493e-02
1.424380285743556129e-01
6.540310127309086063e-02
-2.288642102245138504e-02
3.668915090255570055e-02
-2.595871033655178794e-01
1.512271974768470972e-01
-6.241066039232075896e-02
1.602808523662343221e-01
-8.806687278189874457e-02
-1.358861252886836395e-02
6.158217996490019525e-02
-1.363052998389543968e-01
2.637160941695970151e-01
2.820102928564845526e-02
-8.174620893200970628e-02
9.567715812320405633e-02
1.716994246834540050e-01
-1.137385108006007117e-01
-1.116917501205368438e-02
-1.154853314033816858e-01
-1.227372285450172851e-01
-2.636283963126325250e-02
-2.634436711194795746e-04
-3.817219153526894837e-02
6.788629576125954079e-02
-1.401149454190289169e-02
1.283689842661218383e-01
-1.326865182830906653e-01
1.479902059464500465e-02
-6.799268484905674446e-03
7.012745275040670190e-02
-2.131912583904125302e-01
-5.834898357827073001e-02
-5.090633049702997931e-02
1.221681593153343785e-03
1.801919641814318795e-02
1.371714626925630565e-01
9.972818731809006410e-02
1.539337961304949876e-01
1.034118790948680838e-01
-9.936873834435908104e-02
2.815067975668442135e-02
9.812937260950173324e-02
-7.550434145177893630e-02
2.466951396307421121e-02
5.558636097491038985e-02
-9.014927833925606704e-02
-8.659313133034769738e-02
3.375498296633045597e-02
9.446585364665308071e-02
-1.131662738069327961e-01
-4.978366672245082558e-02
1.024549896108430946e-01
8.613205541429257150e-02
9.607236575721203597e-02
4.250784805737244793e-02
-4.195950176197861536e-02
9.839257660322825449e-02
1.161475267118615984e-01
-1.667057119392740816e-01
4.773217886818818811e-02
2.870723363400344563e-02
5.199108868098213654e-02
-4.894566174869680042e-02
-1.010040164331745399e-01
-7.288378868858162718e-02
5.164600935681615268e-02
1.145858499267278091e-01
2.010528650358089087e-01
-4.264391954473661928e-02
-3.506881494204321104e-02
2.343200749461221005e-02
-7.666462185614549008e-02
1.520263099901970373e-02
-1.005573368458179823e-01
4.566045175516356830e-02
1.297963200866778799e-01
2.603091425725514441e-01
6.311358464466179912e-04
-6.109996423325954329e-02
-5.950031541266615626e-02
-8.188952929174841966e-02
-6.531907421782028045e-02
7.252020956897749226e-02
-1.905258501312162844e-01
1.480720968859609021e-01
-2.127080483295432090e-01
-1.318986053510828038e-01
-3.227347766797619699e-02
3.149513099331065907e-02
-1.704945616463849345e-01
1.735225447628052087e-01
-2.831199038033860305e-02
-8.349998530028343580e-02
-8.587766645244711283e-02
-1.276554903497835111e-02
1.644004836356988131e-01
4.511453172026781179e-03
1.034198202073651450e-02
-1.868605342007486070e-01
6.098163031707410503e-02
-4.495955655143058123e-03
8.589132239987990608e-03
1.015159972667744465e-01
-1.311343304246264108e-01
-2.850822969830690834e-02
2.850156703970296510e-02
-2.944898818482589303e-02
9.766172236430654963e-02
7.623839985582170874e-03
8.077001636571019827e-02
3.865687877774195980e-02
-1.654246912975596007e-02
-8.205411406463238022e-02
-2.468859038328546224e-02
3.624638149709888488e-03
5.986621606329434186e-02
1.164138684258906979e-02
-1.585667143538144891e-02
2.247367644862628341e-02
1.098333062050561512e-02
4.957479721823430246e-02
6.460881464331161284e-02
-4.221256766806381899e-02
-5.228000572285744496e-02
-2.827712813084298782e-02
2.461855409328190039e-03
1.105411744902987659e-01
-7.015788215817103657e-02
1.070459938043497455e-01
1.556695365869631333e-03
8.773988578613065026e-02
9.098571780192135638e-02
-1.492521899041175937e-01
-3.290032722613241839e-02
-1.789280010535269222e-02
5.506794414475570110e-02
-2.119876433208361943e-02
1.680582000826290612e-01
2.526676887390304910e-02
-2.151818491188824643e-03
-1.109561892951697604e-01
-2.854164239085973855e-03
1.351591986901853892e-01
-3.876969304746138989e-02
2.904057918271668245e-02
-1.995794379273390096e-01
1.037296394456797138e-01
-4.347431959201906310e-02
-1.774634011179268833e-01
1.186932940966412275e-01
4.719105606292028909e-02
8.356854592755807477e-04
-5.497293944689752437e-02
1.522709415810861722e-01
1.312365175500124215e-01
-6.085336994339302780e-02
3.779161648096390769e-02
1.274412524340931552e-01
1.221042258597586638e-01
-8.012009518937439345e-02
9.485481088356441381e-02
1.137412754183148578e-01
-8.218592186803334865e-02
1.695881606723411428e-01
1.445981632258903742e-02
-3.843487511163263398e-02
3.605095379977351494e-02
2.688797042003527801e-02
1.159131920577448488e-01
1.742642470346118582e-03
1.169516377346611208e-01
-1.171594410219033433e-01
-2.628368241303386324e-02
-9.122767797025603531e-02
-1.077095539925426865e-01
7.951144132098343642e-02
2.027318614685850451e-01
-1.010562862304323489e-01
-6.750176177709608927e-02
5.633061615478841475e-03
2.616455928423384036e-01
-4.719841864699322181e-02
5.405018625620453682e-02
6.597360189101995377e-03
9.397639863161424967e-02
-8.397145069982461796e-02
6.625394250738184110e-02
4.048153833748024261e-02
4.068476968903712854e-02
1.041960439657944465e-01
6.473572113605668976e-02
-5.365435549190530201e-02
9.705164752171509257e-02
-1.106902254782102246e-01
1.252237334505044986e-01
9.493662456365944968e-02
-6.531948583089566829e-02
-5.195057324693749812e-02
1.468958813209476633e-01
1.567113088007831834e-01
-4.270125566435506448e-02
9.350698224397578640e-02
1.244086919390815643e-01
7.418195257983487001e-02
7.799911932555267900e-03
3.066370644007686622e-02
1.919961058033848311e-01
1.789768909847820333e-01
5.904042531550135475e-01
1.000000000000000000e+00
6.760073187856615595e-01
1.645060013561244414e-02
1.458470455120993436e-01
-3.781892521692410691e-02
-9.596520584346387994e-03
-6.837205957106608223e-02
-6.057367954648123359e-02
1.011522900520003265e-01
-8.935574784234900925e-02
-7.029520416510383340e-02
-6.817988851019874015e-03
4.832838283231054820e-03
3.282439883556271393e-02
8.961092015170230018e-02
3.486034149600825485e-03
5.541347679302002782e-02
-1.845396698093399943e-02
3.490016776499659662e-02
5.589828798462084802e-02
2.053554623674018753e-01
-9.324058569068538471e-02
-9.637513267972139253e-02
5.505455197264764663e-03
6.853233533841673886e-02
-1.031902924847612896e-01
-1.842933736592077820e-01
-1.690474337998062182e-01
1.844603321499395029e-02
-7.797601249775561183e-02
8.340179881577877707e-02
-1.324953035764529774e-01
-4.586934664162870684e-02
1.767220226859645207e-02
2.663544878653474335e-01
5.007138389631785730e-02
1.140329933460001166e-01
2.330636305572190634e-02
-1.576765182815820787e-01
2.670338393257448151e-01
7.873963400424707770e-02
-5.055309500385382626e-02
8.954164897681644864e-02
-1.017610980462488324e-01
8.835112476413664595e-02
5.024948103426807512e-05
-3.268532038809279783e-02
8.163435751789721584e-02
-7.065573994358365084e-02
-4.237278604404909332e-02
9.949302399490243809e-02
3.590552559966861956e-01
1.215224590022928423e-02
-3.034310893535947448e-02
8.242499400503520979e-02
1.411294547373115327e-02
1.065819066692098444e-01
1.077085143417580299e-01
1.617203760602642371e-02
-4.798052828920218622e-03
-1.529026822124829876e-01
-1.712464481934826144e-01
1.586551103580314259e-01
4.782990776960136664e-02
9.579137342781658682e-02
1.008082715018815134e-01
-7.380936814732612372e-02
4.301848122684399575e-03
2.103990774078135506e-01
-7.372948017845200319e-02
-1.529677566712215123e-02
-1.503946656440479646e-01
6.154935223092703606e-02
-3.954255569532482556e-02
1.934953130532680032e-01
-1.499298985227605352e-01
1.120807944613122498e-01
1.427592287345406941e-01
1.981796072151186805e-01
5.989152773577598177e-02
-4.986649402265000419e-02
4.187966029861561051e-02
2.131070875721130520e-02
9.114559710103696533e-02
-3.433480298928465787e-03
4.614767825017945108e-02
-1.925500074778243031e-01
4.610759010955264164e-02
4.853600702151419227e-02
-5.400908331152550618e-02
-2.708091926000652516e-02
-6.201140005604925676e-02
-1.361096879102493551e-01
6.827087287876539359e-03
2.689047819897050218e-02
-8.777203418239525046e-02
-6.047679019999319117e-02
-5.890363168369033148e-02
6.747670333285325783e-02
4.246116499983104697e-02
4.355371370971997114e-02
1.796143627798607034e-01
1.455731993421288673e-01
-1.502073078027792163e-01
1.850490765446065888e-01
-1.457402598848453745e-01
7.496069572274249859e-02
3.034612820366006363e-03
-1.677368855497455430e-02
8.092016091067313899e-03
5.740827159727696777e-02
4.975268323554470247e-03
1.924800883259077111e-01
5.814284851503860596e-02
-2.815547988143866642e-01
8.380213986541187876e-02
1.071995247879214269e-01
-1.374168517844239767e-01
-7.253186601375043174e-02
-7.848952257432728619e-02
-1.089507106036529949e-01
-1.453722170983483275e-01
6.619715218737486084e-02
-1.477623736624637252e-01
1.117809366933982113e-01
4.544430799633095153e-02
2.139106715288794335e-03
-6.577937158084869174e-02
-3.754939828990225270e-02
-1.576802663426776496e-01
-1.043299159259384740e-01
-9.086639511237125377e-02
-9.969257319470130330e-02
-9.463934876350624248e-03
5.225356736700516314e-02
8.642115314820801586e-02
6.360431007129992154e-02
1.784840686965754597e-01
-1.348178825719412444e-01
1.335807580753340384e-01
5.257228513048954610e-02
-7.005624018395752162e-02
-8.393449772740334269e-02
-1.380250371838833146e-01
-3.327592778515099659e-02
-7.124144058705178528e-02
-1.184104419653342621e-01
1.103776251092204175e-01
1.023120971929541018e-01
-7.406147119779735166e-02
-9.060011215784943839e-02
-6.996150321073954514e-02
-1.066597164537522874e-02
-7.242276157912466705e-03
3.311268783972171059e-02
3.565841895639846465e-02
1.954733023167914974e-01
-1.354068580130851629e-01
1.107096523966615703e-01
1.871148750043784628e-02
1.274719858346005652e-01
1.100818708080671116e-01
-4.268126780145895666e-02
1.427554832796985342e-02
8.286917669932489239e-02
1.040950338195339823e-02
-1.790218567065487987e-02
1.327697583803132964e-01
1.452348626135705617e-02
1.958579628563432082e-02
-5.604892921740955297e-02
3.556098925321903720e-02
1.221982991756034587e-01
3.766283143094093649e-02
-6.806487974615396674e-02
-7.432528264148681452e-02
-7.751281023910387702e-02
1.674992298976224134e-02
3.368745799457346923e-02
8.447581755349981014e-02
1.021777870535450494e-01
4.245793996242221841e-03
2.665168467244900807e-02
1.621560373524956189e-01
7.111909206909976244e-02
1.042005753743908136e-01
-1.379593101840461203e-02
5.862536669969702768e-03
4.694787620018568003e-02
-1.071057186612077161e-01
9.695175719355050847e-02
-3.057832585966866953e-03
1.019448268681247133e-01
7.258109430226389325e-02
-1.134992784463822874e-01
8.508605740779601190e-02
6.584918973928700903e-02
-5.865636285061048144e-02
1.881151745806561304e-02
6.354116599282892686e-02
-4.847610028867507109e-02
-1.282054699691982658e-01
-4.934117219149977002e-02
1.518364291539662791e-01
5.209931107571588726e-02
-5.117615478991265759e-02
1.393485599015752974e-01
4.186311768802010447e-02
3.400572787688663223e-02
-2.188718866739945961e-03
-1.463462929110205257e-01
9.056062620392688750e-03
-3.136169549298151171e-02
-8.693947631891560390e-02
-1.340479284302412422e-01
-1.980015277875409735e-02
-7.499950068625202415e-02
-6.928628604226454157e-02
4.457170370324038677e-02
-2.360410897743369166e-02
1.543717701387039287e-01
3.958059056506282869e-02
-1.431694810300763489e-02
4.041089813683920035e-02
-1.131961458807995147e-01
-5.454395027677668567e-02
-2.917492984920061136e-02
-1.702747659125240232e-01
-1.010718605425008632e-01
1.381571707517217640e-01
-6.211065210909632456e-02
-1.924100126802515409e-01
1.576052554861518407e-01
-1.137373367835692491e-02
-1.949753708112391681e-01
-1.022377222436707950e-01
-4.312762280834019774e-02
-8.003352343861971918e-02
-1.717667852919451954e-01
1.387992908088648072e-02
1.825236524283882222e-01
-6.766325670333755982e-02
1.268690625943753036e-01
6.439232536042371544e-03
-1.096840309104940292e-01
-2.293459741070235855e-03
9.964389307368839988e-02
5.522231468325250470e-02
1.309456192379308270e-01
1.033075407801530149e-01
5.341382238913015140e-02
-1.047812965483947180e-02
-7.267470222421507087e-02
-4.274934945868164721e-02
-2.536700589734707800e-01
-5.350287352024338944e-02
6.043837146731045190e-02
