4.376766225630629448e-03
1.153493579752605108e-01
-6.308664853433107456e-02
1.620116389951601066e-01
-8.260232726456441521e-02
-1.005352161370954567e-01
4.913331866452146784e-02
1.175526280464748996e-02
-5.717486969762158172e-02
-4.374399813413863691e-02
-8.091551363863874746e-02
4.268945072898847753e-02
-1.762977136885490390e-02
6.790798308742022893e-02
2.957923412116131648e-02
1.936730971002926377e-02
-3.916594578542036825e-02
4.317043316247781010e-02
2.805317531107643855e-02
4.037776612057932630e-04
6.531179544486742650e-02
-6.989804623149964424e-03
4.561691258276068250e-02
1.146453109660241533e-02
-2.580721722742011087e-02
8.165307621828959972e-03
-2.440764761730942686e-02
-2.334186115309172874e-02
1.186998672903195884e-01
3.869178163124601961e-03
-7.398167527663944421e-02
9.706986102309277109e-02
-6.067262429237105237e-02
9.063912127778567251e-02
-4.656171075191768011e-02
1.152927050170910739e-01
1.560689121611893437e-01
-6.177681656970990948e-02
1.541881349505664356e-01
2.350243618982009522e-02
-1.312421766144732937e-01
1.084536542672767390e-01
6.678077395876996780e-02
1.864341353506744903e-01
4.159131017193445912e-02
-3.338923979968768524e-02
-1.982452179430756467e-01
1.268379373574681640e-02
-3.833503765368335287e-02
4.506137929461290215e-02
1.205788891568138343e-01
1.801305230936168372e-02
8.139024157668096893e-02
-3.090729083895317128e-02
-2.323221300259074862e-02
6.020368960188665630e-02
-1.072887154307575752e-01
-9.903350218443207620e-02
1.983014608396250350e-02
-1.308603062808031368e-02
-8.498669941801369199e-02
1.220539832636773590e-02
1.132458288687764464e-01
-1.423330003750611916e-01
-2.605414390707799788e-02
-1.714286129661144256e-02
2.496978344112469814e-02
5.855960116128252485e-02
4.567196126020701616e-03
9.060003996357321454e-02
-2.114773062376565718e-02
9.852992963347763367e-02
-9.936339329613193272e-02
-1.985243516379949502e-01
-2.665272863307369122e-02
4.100196558783046272e-03
2.767888175936871614e-02
-8.084017709608143365e-02
-3.948079718385274356e-02
-7.700768359393232732e-02
-1.907344016249693658e-02
3.986920618050295712e-02
3.146147252076872403e-02
-6.889924229719594784e-02
9.676887239522332859e-03
4.285058689075942756e-02
-1.381469333176680962e-02
1.593286630669842746e-02
9.950848738686808581e-02
1.061842743861736993e-01
5.955746290672574161e-02
4.213788756447615913e-02
2.463174679261418104e-04
1.180043673634068035e-01
4.220676804476861110e-02
-1.474706120365549059e-02
8.332283305109457194e-02
-1.330193122103461544e-02
-3.682963383781684419e-02
-1.154732377592581766e-01
1.150436967407781480e-01
8.743985946341768789e-02
-6.196204032451422400e-02
-1.003606485286220873e-01
-1.021833896815447090e-01
1.240478324443608643e-01
3.291257532668330574e-03
-6.112232337475169419e-02
-1.138390379797282331e-01
4.280630853228226812e-02
-1.144730930537130736e-02
1.387178212510923291e-02
-3.298890593322436476e-02
-7.619868947441382767e-02
-3.521290461676302580e-02
-5.675417499210102384e-02
-2.201927324285378115e-02
-4.698060891462328692e-02
5.522838113603253073e-03
-2.340224996655268161e-02
2.122532733374022859e-02
9.488093663935810718e-02
-2.485508592810053638e-02
-7.917552564543571536e-02
1.065130396627364806e-01
-2.913570234345310220e-02
1.494818784489054461e-02
4.183151873154857675e-02
-1.174173087661951193e-02
-2.336298947740573020e-02
1.834872398224075135e-02
1.113770944044081314e-02
-8.024717679167265401e-04
-8.799320157226947492e-02
1.749050083498417119e-01
-3.377397343201320873e-02
1.869098409270459563e-03
2.704847136404742863e-02
-1.168952957971638729e-01
5.865456794840764876e-02
-6.319523725324592773e-04
-7.765360703261106612e-02
1.318569583820552171e-01
1.170069880493802700e-01
3.507392523270896900e-02
2.050957971137109259e-01
1.115266151579317327e-01
-7.568735645528956724e-02
-1.046762290569541176e-01
2.719946160035039556e-02
-1.573568216164432099e-01
-3.431984322611534438e-02
1.077309972918036596e-01
-9.693595710310394867e-03
-1.956409889677484526e-01
-5.531840524705492618e-02
-1.801571895356547104e-01
-8.108192972751881999e-02
-2.392221262875663876e-02
-8.848766144454961458e-02
2.485710703378308378e-02
-1.625299939949825800e-01
-5.206464105929948377e-02
-3.986389955358598386e-02
-2.718325545743747670e-02
-1.321698667642699776e-01
2.672312479158215834e-02
9.284304848401481181e-02
-1.453013448792629114e-01
1.333486044986985919e-01
-6.822295917156123712e-02
-4.621155078532605820e-02
1.098232867350479036e-01
1.048872534605900658e-01
7.667166987666740492e-03
1.474995998139670868e-02
-1.933256226691260071e-02
5.934894074717402858e-03
2.063234399398925639e-02
4.217903658062050615e-02
-2.827584972165621963e-02
1.022755527746854742e-01
-3.375285900241670189e-02
3.160468779001212453e-02
-7.396205892678345273e-02
2.565688799330736666e-02
-5.574463714408405685e-02
3.653605244369902139e-02
7.276533441128045510e-02
1.100640454212076236e-02
3.514396364549807888e-02
-1.697742875867865736e-02
-1.121898214829919888e-01
-1.747317064499182351e-02
-3.299743449081755237e-02
9.879624749596861710e-02
5.261289030895881236e-02
7.598503515416496490e-02
1.101063905536083243e-01
-2.943624462311873052e-02
9.913176298995172997e-02
1.603372411676186882e-01
-2.060154847186594987e-02
1.987396021366508170e-02
-1.299379829268528797e-01
-9.720773756805393961e-02
-1.398748739346375621e-02
-2.310900022252428132e-02
9.205127067353918030e-03
8.219251757615569920e-02
9.502135662706719457e-03
-4.902200775822956186e-02
8.217635202775680492e-02
1.439893018388929413e-01
1.908673302877322148e-02
-5.939589090979311564e-02
4.828721286215682459e-03
3.688467313186381824e-02
7.659780491739102970e-02
-5.815795378759320428e-02
-2.547934351763914834e-02
-3.695736993954919919e-03
6.362090581641202669e-02
-1.096607038831878822e-01
-1.381818233270868113e-01
-5.267444245248513457e-02
-9.554404187892052980e-02
-5.054590688221142353e-02
-1.251012267104051334e-01
-1.762767156955776654e-02
5.200951288066711642e-02
1.340512680863270856e-01
-4.254409937385286722e-02
2.597229991261571294e-02
1.584542153016368915e-02
1.619742882505509698e-02
-7.459560776576991403e-02
-7.465364382346455219e-02
1.369062957943820678e-02
9.046560572292035307e-02
2.000768206247628342e-02
7.057633193810347594e-02
-3.735651679105458228e-02
-5.774729951835333355e-04
2.298298805639806264e-02
-4.125138871914855315e-02
-5.881675725343073896e-02
8.955489282038089568e-03
-2.081094701047266418e-02
-5.479019908108655190e-02
-5.403081532562586595e-03
-2.624225061961788993e-03
-5.329376026214717454e-02
6.691847503255465845e-02
3.585865415157607483e-01
9.936735091899334682e-01
1.000000000000000000e+00
5.821503106657007764e-01
2.987128323109550787e-01
1.144936958507424968e-01
-4.087053801968946326e-02
1.073036165635932598e-01
2.758478785091148314e-02
1.357174497140785918e-01
2.424000400362784011e-02
-5.177136099638134266e-03
3.979366267356486409e-02
3.091817585606501662e-02
-1.448479928244295056e-01
-6.566439165424203805e-02
-1.320887036684507410e-01
-7.742265762507388738e-02
6.012985544700014812e-02
-4.022512658033787838e-03
-6.309338054909799376e-02
2.494108232074113835e-02
-1.110053207858483493e-01
-4.967531092332021919e-02
-5.926153955198466827e-02
-1.502064440511713117e-01
-1.805739115880567597e-02
-7.945183804788950865e-02
-8.380469855421693315e-02
-2.542396347218169733e-02
2.558958237348768483e-01
6.613958333559268044e-02
-6.982504392000088433e-02
2.663808786421752173e-02
-7.508640077088546416e-02
3.634179470385195954e-02
1.291432490659214123e-02
1.088641431605290866e-01
3.028736111876937157e-02
-3.737923038587813440e-02
2.800868998822414815e-02
6.354545429365071607e-02
-8.837441541501098174e-02
1.136906318994668381e-02
-4.558172870031006879e-02
1.784990438431145743e-01
6.560011451034596097e-02
-4.399720649451200477e-02
-2.378695150151296026e-02
-1.209827391091031767e-01
-3.075530364244594486e-02
-4.643143539663330960e-02
2.550806654442846697e-02
1.303269706470155109e-01
1.421571544563128009e-01
1.702523912517418525e-01
2.913944190249696461e-02
-2.113523673593345129e-02
4.876012315851583484e-02
1.126664768827705630e-02
9.041683791862370478e-02
1.551525925935821719e-02
7.676022309320065795e-02
-1.052811275610305297e-01
-9.926444728403897855e-02
4.188733521634563362e-02
4.376409631124469207e-02
-1.203629158719802528e-01
-5.894324871735226803e-03
-7.996502976053667527e-03
9.694520814307729193e-04
-1.514819553065164526e-01
-2.565364476039767166e-02
3.519038779536076689e-02
7.083042227847709260e-02
1.647421732021249197e-01
1.066584467154481491e-01
2.533777067365721725e-01
1.555896342863495041e-01
-8.257940945479620015e-03
-4.374068530892974427e-02
-8.158360630992988680e-03
1.880698375178695703e-01
3.088926346336473908e-02
7.783130768718089787e-02
1.613036585896608088e-01
-1.202536950594921827e-01
-9.287223743338941795e-02
-2.980182134096641053e-02
-1.381841990788916508e-01
9.839226496499411945e-02
1.518555171741019783e-01
3.061089019639237629e-03
6.140233844549897874e-02
2.029307533586288403e-01
8.208913241825627205e-02
4.487813125758065985e-02
4.793946203774462900e-02
-1.359759386057390051e-01
-2.991612217347568159e-03
-8.304455032844305917e-02
-1.016517327141248928e-01
-1.135858392061420835e-01
-3.928934732721421630e-02
8.479248227268065818e-02
1.035235438381822415e-01
-3.587026078833921439e-02
7.765674918002858640e-02
-1.325170702115557354e-02
3.088953666644763882e-03
-4.924809116740788001e-02
1.274711554725918294e-01
1.061151639454619294e-01
-7.452596459362280379e-02
3.062401154921060367e-02
3.677737294373271959e-02
1.619894510744337990e-02
6.844117933327251158e-02
4.946343925118013019e-02
-4.322490883606874140e-02
-2.176933699445786699e-02
-6.189923935395291038e-02
3.764984832829461336e-02
2.864679246776058105e-02
1.896640573590840928e-02
-7.630065943541715356e-02
1.157602833078467952e-01
4.402666921711744646e-02
1.423897141744093035e-02
1.459097871233233645e-02
-3.434726233246587768e-02
1.182523231006398640e-01
1.289617217461865029e-01
9.056918825841334120e-02
8.829388073855053143e-02
1.137435785702212848e-01
-2.577172038299400253e-02
-2.283795864585856303e-02
4.141095241548899825e-02
-9.346022589986002771e-02
-4.634201490233780946e-02
6.784410178834404670e-02
5.711278913059018858e-02
1.469180318119863438e-01
5.094022482950749664e-02
-6.026385864588211516e-02
4.104082205708569492e-02
-8.476080477056840978e-02
5.667096335139304268e-03
-2.751940525380861327e-02
1.670116605206559829e-02
-1.407367315200400322e-02
1.074962612434957887e-01
5.845475002100782025e-02
4.257511526960827686e-02
-1.277802622462451999e-02
1.700598171184886792e-02
-1.595438253758209024e-01
2.438159436222043803e-03
-6.722701374254473616e-02
2.428218687073247298e-02
5.522039091079730677e-02
4.617677590299190324e-03
2.319383388926612652e-02
-1.560961427123855631e-03
-9.095681326096974328e-02
-1.070338762932467741e-01
-6.403489103429759605e-03
-5.328847602710212739e-02
9.803238161755097047e-02
-3.710000950018414734e-02
-4.474232890174720950e-02
-8.246664359270428069e-02
-1.423271861579886687e-02
-1.162822045748078681e-01
-3.190775829662622493e-02
-9.266739732873476021e-02
1.229998930911473387e-01
5.311603012433165766e-02
5.246874658216625631e-02
4.014282088655578284e-02
1.445251925462891392e-02
-1.314220594822950589e-02
2.530970979579565405e-01
-1.048133653019325540e-01
2.165582781749621558e-02
-4.678225266166281121e-02
4.107300607629725542e-02
1.485116676508484689e-02
-1.206578567654068290e-01
-5.336855017854599814e-02
1.471635844934457149e-01
-1.473400679494165678e-02
-4.056706426073944383e-02
-3.223071845742054176e-03
3.264398947188113919e-03
2.991081589679882302e-02
1.105523489873066617e-01
-4.136144600502032753e-02
2.527786593403412788e-02
8.875805577845431726e-03
3.933106966930226961e-02
-2.338773281037152905e-03
5.712022395041154582e-02
2.253350024632281776e-02
-7.439196248437361658e-02
6.282644118929237020e-02
6.942325687625265640e-02
8.613447526046918989e-02
6.471773656999238455e-02
6.653071314337717646e-02
-3.407602768613685745e-02
5.450515965381888539e-02
3.896874637532377061e-02
1.159927858885339419e-01
9.411561543844825656e-03
-1.128879913168594346e-01
2.435471122214532061e-02
-1.078177431022736728e-02
-2.336891280822958605e-02
7.171397311912935078e-03
-6.749141421554145058e-03
-3.898494990411713323e-02
-1.331656228439746965e-02
-2.492801324835208221e-01
-3.757355711385778479e-02
2.109268963590797338e-02
-2.965885423479575414e-02
-7.585132349631325266e-02
2.584065792094230041e-01
-1.911716279349456177e-02
-2.261225602251418776e-01
-6.573526067397347794e-03
1.285551751871402970e-01
-2.965202592792744521e-02
-2.824909270713435103e-02
-5.486578858010738441e-02
-3.904147878075019118e-02
-3.526940618942728256e-02
9.224463813956848557e-02
-7.118378166516689531e-02
3.896348620941877342e-03
7.686247762257222838e-02
-1.589127763701756735e-01
-3.324240844875320927e-02
-6.246212027114735749e-02
8.126837931330828380e-02
-6.001321803389802166e-03
1.078433832172820623e-03
-3.808862598827356116e-02
-1.532048267832047117e-01
-8.522603989235071065e-02
-1.738018050210131948e-01
-5.271276000178101544e-03
-2.425509079861083370e-02
5.761049763334873119e-02
-4.475487357506423985e-02
3.900602635331352347e-02
