-4.307283381170084503e-03
2.895457678328489659e-01
-5.196552514180446600e-03
6.529941236201169952e-02
5.594857079236242869e-01
-2.425781585290725517e-01
-1.508769096355646322e-01
7.702535089468166840e-02
-5.547241153708946937e-02
8.821489891498482394e-02
-4.413346875992207319e-01
-1.807215298057729402e-02
1.045558071186729610e-01
2.700321362459880414e-01
-2.297918853779069293e-01
3.208033843429998200e-01
-5.861413840869633685e-02
4.264681416219336940e-01
-2.588263419044204428e-01
-1.064054629158424775e-01
-2.257242928773626200e-01
-1.102341615036603849e-02
2.020516731107870056e-02
1.543169842391762803e-01
2.596125152633906863e-01
-2.324770221424438121e-01
9.809518419100927977e-02
-1.706484925435186040e-01
-1.832673624286028091e-01
2.058952046003097169e-02
1.342257216932922492e-01
-1.735271461265186221e-01
-6.841122576629403429e-02
4.780687876182051349e-02
5.069065431237616826e-02
-6.638304234927155933e-02
-1.077283928062022361e-01
2.540848433949544072e-01
-1.936184086724026809e-01
3.645040549224140558e-02
4.462533659781497963e-01
1.521845856210820858e-01
5.562018165376876599e-02
4.467393607713132653e-02
-7.209666758903363060e-02
-5.823419020212283054e-02
-3.097352431936097328e-01
2.537021890025880078e-01
2.282860593082311484e-01
-1.156275185693892218e-02
-1.608791619596219510e-02
3.519892419118385019e-01
2.073902109937550975e-01
1.331087550276962572e-01
4.127950151195204365e-01
-1.942804284521643804e-02
3.619739813973269493e-01
-2.147121787476996835e-01
-2.765106935664679577e-01
-3.150047247325815647e-01
-4.538788749068514011e-02
-2.215871696044516836e-01
1.794036426794574923e-01
2.027518082583500969e-01
-1.750492185174588322e-01
1.120684327969220934e-01
-1.388825625361169991e-01
-1.351119593321117585e-01
-1.522306185870582647e-02
-4.007024445200992879e-01
-2.747741384700574940e-01
2.633269644371011298e-01
-1.079380655062117667e-02
-1.249488299224138649e-01
2.914467337452719339e-02
1.493029868439177954e-01
2.004346770087104823e-01
1.171614621766626924e-01
-5.174379114385516676e-01
1.474907715783571605e-01
3.748542001166341175e-01
1.439185681519992988e-01
-6.236550018007835233e-02
-4.998870727325140928e-01
3.138882494301150489e-02
1.837872525985698169e-01
-1.874467592751332401e-01
-8.178078125643990781e-02
-3.660992000276664521e-02
-1.950614233810627485e-01
-1.267656891387455576e-01
-5.075792201134574078e-02
-3.702303856564696516e-01
1.115515484233479404e-01
-3.174721945890707775e-01
1.032645650672370935e-01
-7.627996566333931916e-02
1.334142638049417851e-01
1.202790132609078549e-01
1.072896963813656235e-01
-1.219059572759098875e-01
1.053452145973943210e-01
-6.503917226970269694e-02
1.292422170949543703e-01
2.259276619141581122e-01
8.199094531955798681e-02
-8.731577756360027476e-02
-1.378774002165280843e-01
7.319758623119548835e-02
-6.127589350444245797e-02
-1.942563595956861566e-01
-2.104554625033158016e-02
7.427036725597088718e-02
1.925090917539706015e-01
4.399664633261055058e-01
-2.608418913023669017e-01
-1.992478799601269945e-01
-1.906726914944157081e-01
-3.616408130194795345e-01
8.020019965560799824e-02
6.735681644055747930e-02
-8.158654741277901468e-02
-3.131957193673964301e-01
1.861880597834416895e-01
-1.128424651663649109e-01
3.743431152081398011e-02
8.373896509090190954e-02
2.288743865213520856e-01
-1.749653687994731296e-02
-1.573134338692815659e-01
2.756705279378302564e-01
1.120664436363269928e-01
3.196277964697293306e-01
1.289137275723086229e-01
3.173240933577993750e-01
4.828902278171093299e-01
-4.136825248937372468e-01
-1.857396185547286263e-02
3.305093685353863719e-01
-1.144548209061054950e-01
7.103610300612374084e-01
3.487810913769856525e-01
-1.397611354150504193e-01
-2.286135064972602271e-01
-1.520444560449132343e-01
3.311519120138239902e-01
-2.134849702755031997e-01
4.890609211807886436e-01
-1.908676937588704159e-01
2.342133988326696448e-01
-4.537427174020013110e-02
-2.387825005975095505e-01
4.794225238939370248e-02
1.511675008252033473e-03
-9.161767501023561355e-02
1.376092141669354174e-01
-1.242303933681827843e-02
2.653997601160908992e-01
1.500660417618651932e-01
-1.304196821309953624e-01
-5.084788992362687665e-01
4.811087639529733340e-02
-1.903010494579543965e-01
-1.065026697799973526e-01
4.920732949287275754e-02
-4.042771408216557782e-01
2.209490341731091406e-02
-1.154768602721509413e-01
2.302419225719719645e-02
3.229952317133476525e-01
-1.078695206049455485e-01
6.516168207644014443e-02
2.481541593793177430e-02
2.475314185454728366e-01
2.097333787023405449e-01
2.456478905558375642e-02
-1.695282054581867537e-01
2.767132684846507207e-01
8.258659697142395339e-02
3.374250129289853989e-02
3.521786336835618265e-03
2.730039155807397200e-01
1.366108468736899617e-01
-3.707792739707749252e-01
3.496603298854999431e-01
2.924194356654726823e-01
2.114025797997757250e-01
-2.027394615385879478e-02
1.846460819568004202e-02
-1.275264053683242416e-01
-2.967320972530091416e-01
2.127547817472547897e-01
7.987534665452626637e-02
-1.170465158170834602e-01
1.300853114265699828e-01
-2.735684252972487851e-01
-9.209552140836375911e-02
1.095487631599914580e-02
1.768905547581506310e-02
5.184311402730760188e-01
2.804570154132993709e-01
2.340825663646545485e-01
5.335259994953349683e-01
-1.741412373642267364e-01
-1.524993730932580616e-01
9.002993088569874458e-02
-3.671590093736192828e-01
-3.939222190478995911e-01
-3.370317619689132682e-01
-1.172119813181867198e-01
2.751575190942124327e-01
-1.367470825066792184e-01
1.241810888647319616e-01
-4.797695330928516966e-02
-5.171212283904237372e-01
-1.015819523233204569e-01
3.559447155910296784e-02
1.401154315948613671e-01
-1.746647034535292187e-01
4.148499520206656022e-01
-8.272893630333599813e-02
1.659632585837287622e-01
-1.288688670952746473e-01
3.525313943235646730e-01
-1.705971109530058094e-01
-1.085709740686475328e-02
-8.687853168032469431e-02
6.824773293455768663e-02
2.532567217707417107e-01
4.423359081284066602e-02
-1.222891667784758163e-01
-2.204027127227011218e-01
5.900290570663901946e-02
-2.956732480804841745e-01
6.651043511513053674e-02
-2.333058864896105089e-01
3.022663950961083576e-02
-2.450840521270229166e-01
1.723299102454528831e-01
-1.191345154837628040e-01
9.890038419356519950e-02
2.575402824227479015e-01
2.682146705238607765e-01
2.328301489780913169e-01
-5.145983986222315565e-01
2.372955227652348287e-01
9.669282912094522009e-02
3.272555726115612407e-01
1.967447531501771707e-01
-5.716981813869349144e-02
-1.162966243305926933e-01
-1.810694020047444799e-02
1.276907955534380967e-01
3.022711402117357338e-01
6.354140241735217742e-01
1.000000000000000000e+00
8.713863181770080679e-01
3.578220807579359231e-01
-1.073258570494297626e-01
1.251452497460568691e-01
-5.407373665601714063e-02
4.196032662112610945e-01
1.326066557487705633e-01
1.365905466162636861e-01
1.765751499472107966e-01
1.831858467755337339e-01
1.610251603659918485e-01
-3.112579384334721727e-02
-3.331601955052410080e-02
-3.393465194779030081e-02
-9.851713205840034737e-02
4.524598103235056290e-01
3.096681117118195159e-01
-1.897068832521009440e-01
-3.074765712366882009e-01
6.203747218303080208e-02
2.058482649665562547e-01
1.856857471939216964e-01
-2.310571166681740507e-01
1.466027659655976152e-02
1.642148549717921749e-02
2.882385533729296956e-01
1.869818208089039646e-01
-2.044808420966494344e-01
1.302785378410656891e-01
1.513565581730822243e-02
5.178623619792390581e-02
7.317909893234968433e-01
-5.501719635656705104e-02
-2.434636806211584736e-01
3.261478681496675081e-01
-5.995442634605031573e-01
3.906705577084396142e-01
1.715892295670892742e-01
2.073750240888215871e-02
6.284375670820868676e-02
-3.514968145230444874e-01
-8.626921288239861041e-02
-4.146660813945362567e-01
-9.664417020739077269e-02
-1.710715598379622115e-01
-1.055373395544671605e-01
4.048475927657457230e-01
2.147509355257481156e-01
2.134699888050404781e-01
-1.329665257715509918e-01
1.512998062519919640e-01
1.094493008025690939e-01
1.231097161925122779e-01
2.023648765257841237e-02
-3.529395645255142822e-01
4.351908083218926637e-01
4.030431713407563871e-02
-3.489917921371009091e-01
1.203184264619464039e-01
-1.234930449774984534e-01
8.282225887449559676e-02
1.963176140978553641e-02
2.049887459074707097e-01
2.886804345919971246e-02
-2.969020190920871882e-01
5.121590397982690029e-02
2.814306518089835785e-01
2.393038894540740202e-03
3.542715602437411238e-01
-1.755923449324256480e-01
6.999034033433673696e-02
-1.109012703761840385e-01
3.555576289320043770e-01
-1.926859622145269194e-02
-2.608573856940238911e-01
3.214503918875805666e-01
2.045001775574467051e-01
1.249515701257846237e-02
-1.517038876133909864e-01
4.414927864725946005e-01
-1.549393210447889413e-01
-6.805388307950732685e-02
-3.605072862962752089e-02
-3.333637266050108461e-01
5.192237824631181636e-02
1.119223449456004937e-01
-4.726666844149560731e-01
-3.991846160433086543e-02
1.017257775448177221e-01
1.655424708538894840e-01
7.780144075509559665e-02
3.155486108053032757e-01
-3.594856135406339082e-01
2.290860859476354094e-01
-3.827588616733721416e-01
2.697879111947403818e-01
3.552948194625260570e-02
-6.983584455653962797e-02
2.935292389204273433e-02
2.681889835926676291e-01
2.961621237692764752e-01
2.597785179050847160e-01
2.061971909638285472e-01
-1.160441119657361353e-02
3.066981416530349946e-01
1.188690690459293930e-01
-2.840549993554726260e-01
-8.105126712079037399e-02
-1.415476046256326503e-01
2.905885409186994423e-02
1.651014856578577883e-01
4.289765940602253969e-02
-6.498221639264770144e-02
-1.887688616209139136e-01
-4.301602853297790963e-02
-3.446284567776168872e-01
3.164610482965101723e-01
-7.303712297165489142e-02
-4.681518676890470548e-02
3.242030959617079322e-01
8.940257253844743901e-03
9.933932883340575171e-02
-4.607917573911015502e-02
-4.350971885055754385e-02
2.114889944598727020e-02
9.866090588430158348e-02
-6.962610947996883404e-03
-1.425586573335919371e-01
7.244531238892923386e-02
-4.224730929747445018e-01
6.641468799916924737e-02
-2.125555709162565143e-01
1.187912064056316497e-01
-3.265548107706256475e-02
-8.925651230664713442e-02
-4.938756563494109963e-01
-2.909954064462426104e-01
-5.644755134837401572e-02
1.409770246361253254e-01
-5.039935858477865432e-02
8.609229964116277278e-02
-4.561422900173009443e-01
-2.072235857984845719e-02
6.660088037890826707e-02
5.195889798878623456e-01
-1.932757405608831192e-01
1.612969407481641415e-01
5.403447660695882837e-02
-7.882250715277097641e-02
1.956887206828473169e-01
-3.355183564042565209e-02
3.299789275351124873e-01
1.824387719942171804e-01
-4.059894353091212382e-01
-7.789810127206894808e-02
-5.722164432002450202e-02
-4.810762386232293047e-02
4.417680157635346938e-01
-4.321737932845980956e-01
9.661000642806917560e-02
2.088429993489102077e-01
1.153993306684195225e-01
-2.248967443330418536e-01
-3.772414851356432064e-01
-1.472512506365155627e-01
8.456876750202899085e-02
-2.211073520153790106e-01
-1.225472208907818217e-01
4.962102958142510789e-01
5.333130390368561423e-03
1.465058915465648481e-01
-1.028398334770654760e-01
2.145085377200973420e-01
3.385266600610500193e-02
-1.714675764029791397e-02
4.897806693980905623e-01
2.181856733727456643e-01
-3.779208898161563468e-01
-1.655549517210270771e-01
9.244332069400879037e-02
-1.568238246640842048e-01
1.066525730026403329e-01
1.712213859671902483e-01
1.007903336103916914e-01
2.770433025770942526e-01
-2.115438268809392841e-01
-2.703001860783804111e-01
-2.359059646641365193e-01
-2.027914692307989653e-01
-5.270797438041701088e-01
-5.693658314561496521e-03
-1.085781125210156378e-01
-6.239609079130262748e-01
-3.067442849502493782e-02
-3.209152565758101594e-01
-2.064259046886182947e-01
3.936184259619781023e-01
-2.663509539417734939e-01
-5.112247088930688826e-02
3.519675410299830109e-01
-1.976647628515602884e-01
6.470029383174830118e-02
-7.637387780553540895e-02
-9.099679214639239816e-03
-2.166297965281460680e-01
-1.438101186865650694e-01
-1.621765298193226235e-01
7.100179396566565215e-02
-3.964427656875163172e-03
1.482611732325555577e-02
-1.558725882058235868e-01
-2.183558686810529448e-01
4.509807765267285357e-02
-1.006571969148448153e-01
1.066459655890931030e-01
1.791400991021925848e-01
-3.503421334130167875e-01
-1.088904934180196099e-01
-1.122257371081105126e-01
4.039067364597548337e-01
-4.113603264723254826e-02
-6.844929997998161486e-02
3.183522698487548652e-01
1.863933394089531403e-01
-1.659029730803052993e-01
-3.789791872786065635e-02
4.376986731108084561e-01
-2.323963975927553771e-02
-5.874764363653797034e-02
1.071555992171287913e-02
1.883717372008148205e-01
9.165017390253132890e-02
1.184569001878638984e-02
3.798904655599922436e-02
-4.713543402593546872e-01
-3.161158189794368578e-01
6.314210296170744141e-02
-1.929053449620420080e-01
-3.811722185626227333e-01
-2.167286507532489581e-01
-5.222895461139930723e-02
4.493117470075652480e-03
6.607590314581618385e-02
-1.501204287051981223e-01
1.124691413080768088e-01
2.046235793954627111e-02
6.949484846895825907e-02
2.400722707374208786e-02
5.553890353066959912e-02
-2.407974614592691964e-01
1.171146003757862764e-02
-5.022232243760142989e-01
3.848501729968111795e-01
4.048643156253723396e-01
5.475413160924622602e-01
1.740509452524083289e-01
