-8.526711527076070996e-02
-9.483074451726643261e-03
-1.825627658749942317e-01
-1.157335885474073400e-01
-3.150210267895348776e-02
1.449366048709235799e-01
-6.474175055064243511e-03
6.210595323454005945e-02
-1.432698500146865339e-01
-7.792719432015934866e-02
2.224574011246892857e-01
-2.303599333813902417e-01
-2.187035782039031262e-01
-2.018515440493142687e-01
1.479813359106169346e-01
-9.268329468289130194e-03
-6.518438794743328102e-02
-4.801568855518670645e-03
-6.446251837179393929e-02
1.833961977256405584e-02
6.452901596420689001e-02
1.182224877073529135e-01
1.151136808949299178e-01
8.448631471762640954e-03
1.898471756242523234e-01
-1.003818552659243718e-01
-1.416542463117065609e-01
-8.946873641748163963e-02
1.052227415691127377e-01
1.222105637574640580e-01
2.455040499611394963e-02
-1.615434974550596647e-01
-3.280553360861201417e-01
-7.808383487013209612e-02
1.479460919672504482e-01
-1.900884445827972363e-02
1.587377162591450397e-01
2.947467931802240718e-02
5.359494664962532323e-02
-2.782066627958791338e-01
2.646810675190712225e-01
9.292387403744190033e-03
4.839430573703454308e-01
1.547142738282268060e-01
-8.188461799504959809e-03
-1.126880494206537048e-01
-3.988419860635947917e-02
-1.208567226888905555e-01
3.533527434916881871e-02
3.310387559976035177e-01
4.500486067764816744e-02
9.441028924850665416e-02
-1.339780123586631344e-01
-9.131610910025721520e-03
3.242669865554655834e-02
4.289063415913590971e-01
-1.186873833919956447e-02
3.623598380271839114e-02
-8.317884731937054410e-02
5.701874868605627533e-02
-2.400282708480576122e-01
5.002881138576319442e-01
3.308914108712990472e-04
-1.674316264787730490e-01
1.347396536211953877e-01
3.098705080035247805e-01
-5.323381659967878210e-02
-1.639868005137601892e-01
-2.333029939063029079e-01
-2.265635948997055116e-01
5.623287680014367462e-02
1.162940926541367187e-01
-3.256030252398505187e-01
6.572381915060981905e-02
-6.694821211248142001e-02
2.321285301648194910e-01
2.184282567168462641e-01
-4.827371063471275897e-02
-2.168938371588146063e-01
-9.600672890592271136e-02
3.970825267015282711e-01
-1.412383886599649085e-01
-1.078273611217389766e-01
4.123219077308210023e-02
-8.507924311778261584e-02
-1.028460108408085494e-01
1.078970420873822111e-01
-2.127342148943265066e-01
-1.366214240987237705e-01
1.735399097789271650e-01
7.254937082043372287e-02
-5.628486180346016499e-02
1.104986018701494405e-01
-5.435519340095983781e-02
1.143721831774201225e-01
-2.132271439592425266e-01
-3.099153462682207594e-01
-5.295433468140404304e-02
-4.114789799288686573e-02
-1.080699339475557491e-01
1.884053954718774293e-01
3.049108340126679279e-02
5.456847030113352176e-02
-1.395226326663430438e-01
2.533057604755033177e-04
-2.677993951903540615e-01
1.418516870230017157e-01
1.205687238986999921e-01
-3.565260817011475236e-01
7.551573261016976402e-02
-9.740673056346059455e-02
-8.970252184309850108e-02
-1.310375282131648333e-02
-7.603076188715077177e-02
-2.692356692657012496e-01
-6.569652886696684957e-02
1.440414207886330303e-02
-3.075607477645958196e-02
-5.142139073176501748e-03
-3.505511441601289174e-03
4.890869408847896282e-02
-1.623274348295406233e-01
-2.222313734589121959e-01
-2.226172728569326131e-01
-2.488958062769493218e-01
1.266010120691361540e-01
-3.594558037607923362e-01
-8.533547274620492673e-02
1.823813804644330572e-01
3.113497552671626659e-02
-2.185363136922406913e-01
4.597165387781541879e-02
-2.663203928016107808e-02
-7.770260897460698479e-02
1.415736498664226795e-01
3.703407775954488113e-01
1.951454994222858244e-02
-8.008237498528471277e-02
1.954244233216756443e-01
1.142875242508602507e-01
1.567892033143357955e-01
8.317782001088502852e-02
2.481757692355028577e-02
-1.621482276393350908e-01
2.695862769113148705e-01
3.392598562098392279e-01
-1.306024499060700061e-01
4.611475323570836671e-01
1.846427321485702780e-02
2.837440885559115999e-01
3.869858991548402183e-01
6.326725108909780904e-02
3.029937032031251865e-02
-1.237414094180116636e-01
-4.315476024600223282e-02
-1.159085349149954897e-01
-3.552199442435947235e-02
-5.384173174313027464e-03
-5.563286792741713865e-02
-1.120563448486019964e-01
-2.829848679471186346e-01
7.324434307815480549e-02
1.275381408654210902e-01
-1.675006451163381371e-01
-9.015146853940578242e-02
-1.658925799517593502e-01
6.555457475994645733e-02
1.929166282029925461e-01
-6.916139926111637692e-02
1.515870877357320123e-01
1.757931159307806745e-01
-1.861105565841823517e-01
3.349581807224448760e-01
3.805409596074058043e-02
-5.161600902291373083e-02
3.218368420777013572e-01
1.234172050501216884e-03
-5.356699520384817365e-02
2.485756979416383350e-01
1.957398838079207615e-01
-1.570231100114493350e-01
7.925524000770046984e-02
-2.221727303007672016e-01
6.033072511564235157e-02
3.969096846718375704e-02
-1.329313316843731552e-01
2.814866251888289983e-01
-9.235210082232106488e-02
3.901099544564639587e-01
1.165828517223605892e-01
-9.105846766957124971e-02
-3.087623950391112371e-01
2.300588410007864404e-01
-2.960197111038258000e-01
-3.929454189148489512e-02
3.640959972903310971e-01
2.857248860656411704e-01
-1.530348135739556803e-01
-5.101509527912900105e-02
-1.237903101639836884e-01
-2.494513908403847846e-01
2.338468328570096344e-01
-1.504618652331425332e-01
8.481594137912686071e-02
2.937937498680592285e-01
7.161596412208594276e-02
-1.176501087555994855e-02
-2.612576316290049494e-01
-1.068451725074448938e-01
1.265816288021336666e-01
1.934965669931663079e-01
-3.375540317334726342e-02
9.234167753387401145e-02
2.668507656562216779e-01
1.916599531176449989e-01
-9.025742075691431388e-02
1.297009636477337163e-02
-6.943892218047402476e-02
2.617409699800063438e-01
1.180272275482879829e-01
-3.056671470793386192e-01
-8.684399217838104090e-03
3.116324502395271256e-01
3.954708654838546278e-01
1.723425635013575707e-01
-4.227397278414869730e-02
1.135517831141302607e-02
4.788933062678839281e-02
1.605433959888881990e-01
-7.935830153587364322e-02
-2.668886984497635950e-01
1.372451015485822712e-01
-3.767844843876896888e-02
3.636180963272332978e-01
1.000106667983551023e-01
1.272183252140050569e-01
-2.069055278794794395e-02
7.353940837342972736e-04
1.299198658750025936e-01
5.435027618954052508e-02
-4.622374070270752755e-01
-1.464158561619915144e-01
1.955055841450824838e-01
-6.682773679410367734e-03
6.573515324939128990e-02
1.519105520226288197e-01
6.637840870020535189e-02
-2.637908736749599442e-02
2.666157803437637641e-01
1.168916307322223624e-01
-2.087602516727057878e-02
5.315954816377425063e-01
5.750691171536032043e-01
1.906246310296486057e-01
4.585201527057986004e-01
8.420713454771642237e-01
1.000000000000000000e+00
7.121794200249248474e-01
3.058301800292013706e-01
9.581614341528371659e-02
-1.753596823126819804e-01
-6.988808926417712508e-02
-8.561088974173268473e-02
-2.505004187059443610e-01
-7.399739050848298805e-02
8.352389991298551919e-02
1.001186514772237912e-01
5.635346483324449318e-01
2.833324917268006393e-01
5.165877713094877421e-01
4.147539171937644209e-01
-2.058045194735834416e-01
-2.944442604853164669e-02
-1.702994730320716299e-01
3.982736358848811276e-01
-1.319357311423681178e-01
-4.318128591701917984e-01
-1.915037485690783692e-01
3.184303699668422083e-01
-2.329547835928870714e-01
5.674843432400396466e-03
4.105376107700350885e-01
-8.318421811527034263e-03
3.289147579605125604e-01
-1.461360803938778763e-01
-2.773716171942527953e-01
4.698313958368322690e-02
-4.627462818746497925e-02
-1.187735071959959525e-02
-1.035507090596536270e-02
8.354595231601021077e-02
-4.401788660135221021e-03
-8.482551924930093953e-03
-4.198643809026464391e-02
-1.191640439653212369e-01
-6.787902313727670056e-02
-4.542531286887606656e-01
2.637225510893107527e-01
-4.228647867488413009e-02
-2.004008994268814958e-01
-1.520960686035768006e-01
-7.961382102719083420e-02
1.556211051533689937e-01
-1.665895810634390184e-01
-5.816524569665752070e-03
-1.470146150069754354e-01
3.965091750451976149e-01
-9.412870024045807971e-02
1.646475829559603810e-01
9.713951443439888811e-02
8.742712113665306040e-02
1.499611085533319177e-01
-1.076216203184955644e-01
-1.095512152585395027e-01
3.186132631236879287e-02
-9.064089589378047929e-02
6.723773145871199397e-02
-3.068439836655476594e-01
-1.530961712356922189e-01
1.779836665841147691e-01
9.474562635889177686e-02
1.427717343759977719e-01
7.874412756260967816e-02
1.290929256313714246e-01
-3.613877214046337105e-01
7.291960904937548615e-02
-1.428189651995460108e-01
4.386101879347780591e-02
-2.728545785940927979e-03
1.491182341708670589e-01
-1.725635933880387829e-01
1.900333617480949866e-01
8.961456187921326699e-02
6.082037646480115828e-02
1.543068888467623301e-01
2.784314696947446377e-01
-3.306350112708859590e-01
-7.200880958548423749e-02
1.206672881101216871e-01
-1.201992191284048522e-01
4.727033145277076409e-02
1.407211101416428467e-01
6.622353124925266232e-02
-1.316767834029526629e-01
4.083665449410469606e-01
-1.991776806984081882e-01
-9.814421233319432780e-02
-6.185304913092857376e-02
3.901604424601427118e-02
-3.997722423480644660e-01
2.442418394466672193e-01
2.656963732728313543e-01
-6.185292669348793626e-02
-9.382741079402660833e-02
8.035079251149535723e-03
4.789246502504775072e-02
2.175203306696081029e-01
-3.283832743682135735e-01
-1.284169960013539519e-03
1.253489161437436605e-01
-2.178874750945275773e-01
1.558083651191971564e-01
2.920323744516374886e-01
-6.285320073800160223e-02
3.022594754260555724e-02
1.023508581879675611e-01
1.075608551297824039e-01
2.633240478506130300e-01
1.592175308535773159e-01
3.760150423636746120e-02
-1.377079696365029471e-01
2.477514023465305915e-01
8.487725367329407300e-02
-8.552035824745641071e-03
-8.261366366128659877e-02
-1.354923582267270610e-01
-3.581677019940425477e-02
-1.986980656112745935e-01
-8.522212530780634565e-02
-9.712856736205260910e-02
4.195413741859275319e-02
-1.661445732450364532e-01
-1.102927864385056800e-01
-6.058719484558706264e-02
-2.188758072820648493e-02
-9.437937563846173286e-03
3.019740755724019121e-01
-2.046653474845067933e-01
3.623855061062838945e-01
3.250724082562605477e-01
8.090410777505929740e-02
4.537054784153526227e-02
-2.769187525001246541e-01
2.906037858396310347e-01
-4.089051384519283572e-02
2.713862546641332418e-01
-1.793656723806277553e-01
2.668767115695817593e-01
1.178743825586954647e-01
-1.106497070822634182e-01
6.082201712638057867e-02
2.907969436822676612e-01
-1.274158824234513376e-01
7.965374685379977837e-02
4.679074263752125255e-04
-3.856040769257648021e-02
-1.764638516258452139e-01
-3.374345688738922960e-02
-4.862749218486495661e-01
-5.318968369874232244e-02
1.760920092109583002e-01
-1.049320223360411253e-01
1.640569503490421632e-01
-1.039457234314440648e-01
2.837148440466971122e-01
-3.975265502471400647e-01
-1.284518166986109988e-01
5.070725435288206406e-03
-4.456168809618885063e-01
-1.906355159729445081e-01
9.068872757108596694e-02
1.201761956066821069e-01
1.488489354395169939e-01
-1.529863989703046656e-01
2.466663959130006578e-01
8.898792621685254478e-02
-2.770179742662655653e-01
-1.935011622598596659e-01
-1.604832053457600771e-01
-3.759501027913399185e-02
-1.875764424810259789e-01
-6.266572038480425211e-02
-1.015868344244354460e-01
1.268944237597581792e-01
-2.801337564048975159e-01
-6.406496014449774949e-03
-4.878751056500172933e-01
2.641619303932449259e-01
-2.349427459354594405e-02
1.659895355482808935e-02
2.531846133346584704e-01
-2.578429072352244611e-01
-3.474314323223841317e-02
4.926861914466153514e-01
1.556279889228592318e-02
-2.784897371598471505e-01
1.161889276436046253e-01
2.549786161407970320e-01
-1.501342380735835036e-01
2.164505972127776789e-01
6.722671930465648482e-02
3.403822406054791694e-01
-4.285139028685359119e-01
2.230256946935604279e-01
-4.864325599923165211e-02
1.592125145262721919e-01
7.891893061267332699e-02
1.568255528020030543e-01
-1.390351081211112783e-01
2.356684222381009997e-01
-3.625066430640784543e-02
-1.298300353154776265e-01
-7.786607431848756311e-02
-5.671170351438353102e-02
-6.031363529160629205e-02
-1.403642300921221775e-01
-1.300586085138923098e-01
8.357887355557921949e-02
-5.165883687226406618e-02
1.462129398004302638e-01
6.661258953301789354e-02
2.504124378619885793e-01
-1.363404448363807753e-01
2.533926768416993602e-01
1.880143364290406960e-01
6.592662506287921831e-02
1.481999045493217482e-01
-2.684406390598785275e-01
-1.645715131295656490e-03
-4.482119280952853930e-05
2.123104416782933823e-02
8.292886316592544549e-02
1.947396133708086952e-01
-2.178916098723160111e-01
1.906231409003835697e-01
-3.966619317983367116e-02
1.202206677250134692e-01
1.415822939491113985e-01
-6.056318344365858863e-02
-5.342356707431435842e-02
1.565619315600922934e-01
2.376840574045289978e-02
1.736355390994014369e-01
-9.868376480786755778e-02
-1.894757753168184108e-02
-2.478643849712791961e-02
-9.246602874558090823e-02
-2.535106123319747495e-01
1.818973158695882386e-01
1.760441614269012134e-01
1.982348093309747317e-01
2.473972487887369232e-01
3.123968610294811099e-01
3.058668823422899460e-02
3.568233735811616320e-02
-6.176086254545312682e-03
8.206471997999739698e-02
1.164548507092423024e-01
-4.314609167582805077e-02
1.350149798815978297e-01
1.129887559407662667e-01
-2.044479088775749132e-01
