-4.906696447654566862e-02
-4.631815057878588826e-01
4.194397226496764386e-01
3.896638820012592874e-01
-3.195494732475410160e-01
-1.231803741478471881e-01
1.466102562617992849e-02
1.439516622215998853e-01
1.761068821581911192e-02
-1.809800567529041559e-01
-4.716980797051442131e-01
-1.153712186004491741e-01
4.476222965311159041e-01
-4.840687330414095713e-01
-7.713360908414741701e-02
4.958529960640274681e-02
-1.308548025671847637e-01
4.240150233338972896e-01
-2.509172907480115844e-02
2.045984221948357329e-01
1.213525995992854704e-02
3.731692187101138813e-01
-8.910255236018466141e-02
4.471878177171781377e-02
7.367907556157976545e-01
7.755138625599801161e-01
-2.987177393070943321e-01
1.107705441226488063e-01
5.995666942112645725e-02
6.206282742179945744e-02
-2.132155438839898332e-01
-1.393609625984686406e-01
-5.025794303527675311e-01
-3.234511208546565486e-01
3.269811430473238412e-01
2.274622698269890553e-01
-3.917591771790532862e-01
-7.554941454923258526e-02
-3.060221581670460322e-01
-5.605317376912352101e-01
3.566453436791593434e-01
-1.480552957156418270e-01
-6.035998623009422581e-03
-1.579921252998340853e-01
1.988175150504281341e-01
1.159266731582807158e-01
-2.863319239844570596e-01
-1.897310128530576012e-01
-3.553082402262487671e-02
3.202111314574654366e-01
-1.953334725333207011e-01
-1.789296214867540369e-01
-2.578783331022964018e-02
3.088046775213159623e-01
-1.535785041441453669e-01
-1.387158329973308679e-01
2.758230640799312350e-01
5.801399144548527453e-02
1.495085836319227091e-01
-6.914535268250787681e-02
7.356097641376686813e-02
2.850633480230753691e-01
-1.802629301979367937e-01
2.308222384291399309e-01
5.382658048947422391e-02
1.145439957620476706e-01
-1.539661818876010280e-01
4.561075939165138982e-01
-8.277752976088044445e-02
-2.721285451444851664e-02
3.939921098399165600e-01
1.105993335197694577e-01
-8.409204061839388455e-02
2.143941531642768183e-01
5.306096806111081782e-02
1.119215400811091471e-01
2.364400895169171679e-01
1.794986320814404013e-01
2.320366528258110406e-01
-1.379187347553224082e-03
-1.040175572324466557e-01
1.447052373775032375e-01
2.932791911522141803e-01
4.953001827736113610e-02
-7.806432492372454568e-02
-1.501576233014815243e-01
9.343099971471564846e-02
6.014898072147529806e-01
8.001258903168564918e-02
-2.123116033341515552e-01
-1.276873311827539381e-01
-2.084592951277807610e-02
-2.449589849900478955e-01
-4.112685100104859770e-01
9.522126494114681317e-02
1.784157677878167314e-01
2.305917040980465793e-01
5.323180893565638838e-01
-3.279401802842130120e-01
-2.766183918702312949e-01
-3.946128554550650813e-01
4.166963078620097294e-01
2.793442533676381290e-01
-1.562168275123772820e-01
-6.990282800114873407e-02
2.310509143625016915e-02
9.722891499341480837e-02
-1.622198675829921999e-01
-1.052904125458158646e-01
1.219115687651849828e-01
-5.176330276418061871e-01
5.758780030901541891e-02
1.147957818339604141e-01
-3.814840734097851849e-01
6.439833777314181440e-02
-2.851945768379663543e-02
6.564236485205802822e-03
-1.447234266207803599e-01
3.677082467395355048e-01
2.733792504105348464e-01
5.363811696338511847e-01
1.111162845899936608e-01
-2.341650773430931642e-01
-3.110146282850219206e-03
8.112535241849382350e-01
1.920042245301052108e-01
-1.052777393203385981e-01
1.229455057795163231e-01
1.473059301640985141e-01
-2.699095393792462216e-01
-3.982016681041426059e-02
2.733121033308802753e-02
1.152235266091229948e-01
1.449770527466277825e-02
3.928374431401375766e-01
-2.269410568415804186e-01
1.591138647389188088e-01
1.544611132998531533e-01
-3.408067623713019745e-01
-1.256835464192021801e-01
6.024297549599075818e-01
-8.271891173358787708e-02
2.530248419146400862e-01
-2.901867265414382890e-01
-5.423938204324011414e-01
1.880312507963368962e-01
3.716137742234960906e-02
-3.034551812120511033e-02
9.129610340464670154e-03
-5.365144227768067209e-01
-4.341201606969412596e-01
-4.611942944126602995e-01
9.114889759850659107e-03
1.138023532566789092e-01
-1.193256762123764275e-01
1.151922675141771185e-01
-3.416111001768802891e-01
-4.572566570470315006e-01
-6.512985803002090124e-02
-1.944696338889339293e-01
1.294738808884383363e-01
-1.456559429572722164e-01
-4.888762088799854522e-01
1.009335089815781468e-02
3.807921787787167389e-01
1.418497208821577898e-02
4.019296210286842919e-01
2.070804152141786370e-01
3.734057904848302467e-01
-1.658042807616506020e-01
3.384015769890062475e-01
-1.104452173641739393e-01
-1.545047564650996880e-02
-1.043203528123947260e-01
4.295300074678325974e-01
1.619575356608041750e-01
-3.333103400103509806e-01
5.604976256025494263e-02
-4.496164353260955759e-01
1.323752318663249522e-02
1.480986895401928405e-01
1.199011656565821399e-01
-2.316470422544126273e-01
-5.224671915855518822e-01
4.661426497168678629e-01
1.009373596820272445e-01
-1.167695865733811289e-01
-1.646867858008088104e-01
3.381171552941877323e-01
1.458303931682883303e-01
-1.890062254682852716e-01
-1.466251373162572591e-01
-2.339538345825282195e-01
4.395404225181533953e-01
-5.836094214669119706e-01
-1.067548648285861074e-01
2.730517792065323412e-01
4.713758577413046380e-02
-8.816753367568275213e-01
-3.195266853051086930e-01
-7.076675383010451459e-02
6.825346262722017388e-01
-1.416360545330982296e-02
6.923515015129691474e-02
-1.973439105156681306e-01
-2.551580842799202609e-01
-2.162771456592571251e-01
2.267178742658388091e-01
-2.163819902203315826e-01
3.894488987513330946e-01
1.929285340093853385e-01
7.627099756650528029e-02
2.427802739950988067e-02
1.155869352605376210e-01
2.042962625679048683e-01
-6.223637701774235170e-02
7.761969768561721716e-02
1.648806872557296299e-01
3.829284313308530807e-01
1.159501493645546527e-01
-2.839038357657808209e-01
-2.388953144111632954e-01
2.074605918012056571e-01
-6.028828011483053362e-02
-2.111117324074999746e-01
1.179566697473614367e-01
-3.727248030895914388e-01
-2.161942759768649691e-01
4.737398043839071565e-02
-7.488193841128210071e-02
-1.075730229664594029e-01
7.684564119239432056e-01
3.576656200349870307e-01
-1.014588017219621996e-01
4.909656789651112851e-01
3.348873602672627348e-01
3.103663860240246652e-01
-1.668197469227590329e-03
-1.160418167112701043e-01
-2.483618259907882375e-01
-6.793372621563950609e-02
6.331588001125482146e-02
-1.206429401260863676e-01
3.275605251227324821e-01
1.082009883724091154e-01
-2.499018762208025102e-01
4.029721365584961190e-01
2.258836364561947196e-01
5.836402668654790959e-01
4.240989355011816619e-01
2.861155543010258095e-01
3.155358765491138029e-01
4.059256470001867401e-01
1.582213979970540363e-01
7.285958650582935459e-01
1.000000000000000000e+00
9.480534509141841371e-01
9.392506548053038973e-01
6.051846261184680165e-01
6.281988391448328768e-01
5.767072166559318314e-01
5.664119934492674313e-02
-1.358033944574533192e-01
-2.217523069867139915e-02
1.147656000977896884e-01
2.251999934619044463e-01
6.219967532593511095e-01
3.310930459819780292e-01
1.750797167978360713e-01
2.174793733823912334e-01
4.466124716763524294e-01
3.408553134610919910e-02
4.033731583547442434e-01
7.431925614637560715e-04
9.014883608859854125e-02
1.432624782413103592e-01
3.485351407377652033e-01
9.894619583312835864e-02
1.113392654539722831e-01
1.664304456708239344e-01
-1.970015590575369957e-01
1.185026031361142429e-01
1.620720709700172180e-01
1.522226323801622282e-02
-1.214056223876587987e-01
-2.487492917499048439e-01
1.761972117586778630e-01
-5.502755337648451706e-02
3.876024022691570287e-02
-8.186165656036926974e-02
5.568817790656415134e-01
8.430452794278328610e-02
3.418696946089014310e-02
4.298881917395125374e-01
-8.566569646753718903e-02
-2.021333090040606378e-02
1.831096461805613307e-01
-4.759520284384129163e-02
6.723990902906602785e-02
4.805254369107465617e-01
-6.927792509260297105e-02
2.347973668807352421e-01
-8.370831534836180310e-02
1.825987848646462297e-01
-1.021123501649274373e-01
1.521159846891795286e-01
5.294158903332731869e-01
1.196927833146272380e-01
3.647575967167316358e-01
-8.948332728571954664e-02
-1.848828460923874345e-02
-2.670931025899374589e-01
-1.088357112521874948e-01
-3.518538272446478099e-02
1.732346290853394033e-01
3.052919621271640849e-01
-1.039297972129724773e-01
1.477639466011806124e-01
-2.730723672849553751e-01
3.405572633482442102e-01
6.588745430697563465e-01
-2.224867501379707291e-01
-1.506932648629614735e-01
-1.897161849097533382e-01
-2.253666174285351084e-02
6.542064404716478598e-02
-3.774378308161528417e-01
-1.208884418960157192e-01
-2.504139020802000903e-01
3.511152579853062811e-02
-3.751872026284564510e-01
1.803882237086567308e-01
5.750756699798774581e-03
-4.958453132221919690e-02
-1.266820222659006123e-01
-7.381905395230510536e-02
-3.427470213338143501e-01
8.436383960726068568e-03
-1.496120011448199942e-02
8.455495492353924669e-02
6.009897019442285437e-02
4.788886671667505479e-02
1.969363155209662708e-01
-3.730416484231150465e-01
-1.192125348682031155e-01
2.815578694900503498e-01
-4.386455385526601830e-02
-6.794037405998521427e-03
2.567185137118140892e-01
-1.107614093076005196e-01
1.225031652233714435e-01
1.778357350632142064e-01
-3.538693473702950870e-02
-9.671982646517361670e-02
1.372385111506635967e-02
-3.465755892540135080e-02
-4.264806969878894849e-01
-3.029369902596176778e-01
-2.801413735401915919e-02
1.279407683503661353e-01
1.086560920797800395e-01
-7.446668680119737926e-01
1.357447169546942278e-01
3.648870994649190402e-01
-9.387523785788942643e-02
-4.994390159904571469e-01
4.712143635473213521e-02
-2.160169151934990261e-02
3.937635008053697039e-01
2.345006959289792081e-01
-3.676099405031701961e-01
-3.301959080521507106e-01
2.724690631737758939e-01
2.945334338374465746e-02
-1.790436603382049296e-01
4.710729402106758612e-01
1.737909763602320246e-01
-1.352912263613441912e-01
4.327807550665305758e-01
3.097913831318975797e-01
2.692829884827966369e-01
4.851396575197182148e-01
9.273161383262536195e-02
-1.845985692674123047e-01
-2.591243323062238924e-01
-1.765704403816018009e-01
3.371703074718770399e-01
-3.818564643673755254e-01
8.340210615761646518e-02
1.844837008668109499e-02
1.805308585248824593e-01
-4.051931362020706473e-01
-3.466667959676990596e-01
-8.944894347658509381e-02
-6.184832761615625951e-02
-3.200530252132452458e-01
1.885628352626060877e-01
5.738478458350674410e-02
-1.350156567984813274e-02
-1.123798279779968101e-01
1.132531207844611754e-01
2.780001792903063484e-01
1.504196296627091298e-02
-8.080964482995481313e-02
3.985595485661112131e-02
-9.443230827078329115e-02
-2.650311412048511062e-01
-1.519600304220215803e-01
-2.033309580993579724e-01
-3.218453377948131688e-01
-8.954632175511384462e-02
1.282228958319642786e-01
-2.706191097257807376e-01
2.465196612801637543e-01
-2.042582500559767811e-01
-3.678567839273148565e-01
-1.643388383048125789e-01
-4.238061893137466951e-01
-2.306030079600677185e-01
-1.758274910960389847e-01
-1.770936300238086167e-02
-1.532231426764278093e-01
-2.355383631603723826e-01
-7.890832643178011807e-01
-3.390786611138503215e-01
-3.050812202476852475e-01
2.940464645816838751e-01
4.640720509239612546e-02
2.348382992867398822e-01
3.669791902749366952e-01
-2.685453404897915064e-01
1.580908903787604514e-01
5.421404212466058858e-01
1.511807152966294920e-01
1.886070601724971346e-02
-1.455177020203663463e-01
3.984246013384969420e-01
-4.618243840860163929e-01
1.623521162225956549e-01
9.653252244547277580e-03
-6.691450105246681268e-01
-4.844080709876862761e-02
-1.861920828923352977e-01
-4.883346236401367446e-02
-1.586656950324292700e-02
-4.834860491413562333e-01
-3.396748983098553665e-01
5.898780433400128143e-01
-1.448112013360162154e-01
-4.808031117692682099e-02
2.912935710303559689e-01
5.567737160252625439e-02
-4.354440669737440900e-02
5.147818766921860578e-02
-9.898318018931005768e-02
2.214663031043424130e-02
4.555510548352651456e-01
8.790401592324464941e-02
-3.531626052012045158e-01
-1.799576256792494722e-01
5.002033629455800157e-02
-5.170818039650583453e-02
-1.658868310968751036e-01
-3.701398423345399896e-02
-3.471174507438842816e-01
-3.741592371496261366e-02
-1.925751050027179889e-01
-1.720397777188638899e-01
-3.268275903560765583e-01
-6.981399062289941893e-02
-8.235832588599729942e-02
-2.625570384367320598e-01
6.522085765749349728e-02
-2.807196836304449716e-01
3.802130288654917423e-01
4.029765680527403471e-01
-9.918948030224528090e-02
2.716114739573511905e-01
1.843882157497736193e-02
2.720358297234384271e-01
1.578943158879851094e-01
1.826632457881642579e-01
4.168748103780200998e-01
4.485047760969754771e-01
-2.339472723878070412e-02
4.047548308808711082e-01
4.094217328556555568e-02
1.003690824976414958e-01
1.594524757078270849e-01
6.245890931118258660e-02
1.628106438130632327e-01
1.208817640756364720e-01
1.291433574591929478e-01
2.071944044958465569e-01
-6.762904021302793001e-02
-2.322766905222874434e-01
-2.965062577246645459e-01
2.459134341668353652e-01
-6.459483076349863406e-01
-1.835492757191730662e-01
1.384108716951315196e-02
-2.034109324891187620e-01
-1.798792436403247666e-02
1.260739003065847463e-01
-2.096064302980456609e-03
-3.080422008108737314e-02
2.687725647329956141e-02
-2.167140847249344748e-01
3.635573568731294003e-01
1.089177983212502449e-01
3.094759104865516669e-02
-4.099704826154385584e-01
