-2.409503235427415124e-01
-8.637838975789871587e-02
9.227529008589827053e-02
1.134590447830448739e-01
7.691286134553307341e-02
-6.176241104729335296e-02
9.492759210761954336e-02
2.508545575427063249e-03
2.191017665737956532e-01
2.726588564273104143e-01
-1.245212615304130688e-01
-1.432345054622596037e-01
-8.457798793155021921e-02
-3.663227617165634026e-02
-9.659768159995552050e-02
3.629666543459435235e-02
-2.523499642407562304e-01
-1.869126132531138129e-01
1.002946313599747535e-01
-3.871594100275840833e-01
-7.944403402706599893e-02
1.685287360253457933e-01
6.363215287319497204e-02
-9.921520976971970329e-02
-9.354556033883187904e-02
1.925875922239578264e-01
-1.569861561277010598e-01
-1.550055611684194590e-01
5.003866073012923354e-02
1.705859683095425905e-01
-2.650976313787898643e-03
-5.035968647808462123e-02
3.826600690063083204e-02
9.903055555795098330e-02
-9.548244607729887423e-02
9.285311958288094969e-02
-1.380033424969056288e-01
9.602128826860507893e-02
2.738367747835472321e-01
-6.394705662511800115e-02
-1.286404747227658241e-01
-4.866774720585098635e-02
-1.489467383668554579e-01
-4.864656784477920659e-02
1.652865186368645545e-01
-1.599846422998842388e-01
4.668075591719810652e-02
-6.342065646847037941e-02
-1.159014449011148799e-02
8.323772409578321027e-03
2.225178532210153326e-01
-3.082110557196042211e-01
7.296920503808608516e-02
1.294273472513498280e-01
9.500927142736746711e-02
1.720909848276935272e-01
-8.637064676527521356e-02
-4.606092791017940384e-03
-1.215335107291865002e-01
1.663412770739481072e-01
-5.314687428828668986e-02
2.253952327134083403e-02
5.083537345957867687e-02
-1.212020010705103928e-01
1.395444337839102378e-01
1.428852107319322495e-01
-1.002881760724632504e-01
-2.505224858087184980e-01
-2.847799497375010369e-01
-7.680456074882534290e-02
3.040243614877881084e-01
-8.100948188413525930e-02
2.362773592548625123e-01
-8.703634420731520827e-02
-3.335377631055869846e-02
-1.328447653597059075e-01
8.266432534490451844e-02
1.228253793020810114e-01
-1.781532324632170705e-01
-8.776582735723806317e-02
-2.474769304329630867e-02
1.830821414150693716e-01
1.106693140973394468e-01
-1.758341505994422682e-01
2.204888004168104321e-01
1.304437984627516145e-01
-5.788062607996534437e-02
1.494523153271630489e-01
2.390706537915198923e-02
-1.698681253619860332e-01
-9.758971145665450153e-02
9.471216034987376894e-03
3.959402653282491358e-02
-1.774397743037510744e-01
-8.876388970758934682e-02
3.628055094160787669e-02
-1.174269910315786647e-01
2.538756381621221081e-01
3.300220920264810426e-02
-8.907984675189101198e-02
-6.121062191082465853e-02
9.286943794451052447e-02
5.024509809236898938e-02
-3.131758813839881361e-02
9.934826884787864576e-02
-7.106792936322801901e-02
4.100932362493288075e-01
-2.209378013370056903e-01
-2.201690794880333674e-02
1.904656523529659473e-01
1.042652976438339651e-01
-5.997236171819914780e-02
-4.326064448218804731e-02
-1.403575124662829188e-01
-3.332669970486945576e-02
-2.241708718835628417e-02
5.831854683131874190e-02
1.275754494552396590e-01
-5.353147804006300886e-02
-1.636730433998680179e-01
8.497228896431949230e-02
-5.254858543068297028e-02
-6.664423737138315540e-02
-3.175326123050919297e-02
9.266378920247934914e-02
3.768237165189153998e-02
-6.818792111566557290e-02
-2.184975176780154515e-01
2.229288917923930718e-02
2.560464873713478862e-01
9.741016785962590407e-02
1.257461710217011031e-01
2.493515295735166531e-02
9.714329915846782459e-02
2.832202600402963788e-01
-5.622991978261914631e-02
2.261991209438240502e-01
-2.467647160101789638e-01
8.590071410852610778e-02
-3.997077875191348134e-02
-2.605882325033239133e-01
-1.736355160717944351e-02
8.366941068712939467e-02
-5.657856859437104986e-03
4.739732082111072081e-02
-3.606761254535140182e-02
-1.171936351856379538e-01
-8.573573830800750029e-02
-2.850620776820104174e-01
-1.802346593599218338e-01
-7.453391385687081760e-02
-2.059754204231757386e-03
-1.245834928709817907e-01
1.569320677006615650e-01
4.471258594507256101e-02
1.145165728373778724e-01
2.650029415344192785e-01
-6.136740706127672557e-02
4.409242059889974946e-02
-8.566387248030400692e-02
4.877134492510481339e-02
7.595796921108570465e-02
-4.552179213604266167e-02
-1.839539731081780635e-02
-1.337166962954921268e-01
1.046996659834793786e-01
-1.304586879662531645e-02
1.967113084060830297e-01
4.421839389132692366e-02
6.350492057480804087e-02
1.947780912903755157e-01
-5.574328972625610529e-02
-1.136809699756192310e-01
1.409571937336440428e-01
2.816010647186540372e-01
3.424173039156459819e-02
-1.585045403948416032e-01
2.167732332087573821e-01
1.725728891334996351e-01
1.837635724668743031e-01
1.979908244466989931e-01
4.089035618425589103e-02
3.442190197931924156e-01
4.288906950681744407e-02
1.433297754373244470e-01
1.910455450406687086e-02
1.750918806168260400e-01
4.171178164880090522e-02
1.286761457349957505e-01
-4.804908849045502750e-02
1.575974280156540175e-01
8.992265161073208224e-02
2.460404748883130710e-01
2.656432062406137717e-01
1.410064173256729003e-01
7.876233063240294097e-02
-7.641079488599666902e-02
9.569293110073121000e-02
-1.496888692650180097e-01
-8.491906146727203064e-02
-1.448266523687879136e-02
6.733709907640483827e-02
1.484541863475347390e-01
-3.647731190592564537e-02
-8.495896681659147187e-02
8.723510336127046627e-02
9.810456290394628520e-02
2.396619140437561135e-01
2.413112469690290862e-01
1.161922113037623661e-02
2.952227363417117001e-01
-2.061543487240998784e-01
7.661599228011044260e-02
-3.359584078390993184e-02
2.738453010793559170e-02
-1.109903431722862079e-02
2.804296741051053865e-01
-7.393819606579437979e-03
1.891982012992058371e-01
-1.277763514185489002e-01
1.109075047430767118e-02
-9.028240922361516207e-02
8.811027629023900076e-02
6.478947861055588120e-02
6.115869547606697654e-02
8.395729730142666158e-03
1.614619269959350345e-01
-9.165935907666537819e-02
-1.097050598186154469e-01
1.983265208508717958e-01
2.572791665637812475e-01
1.544086613932826348e-02
1.640601215527830448e-01
1.625825416406215251e-01
2.894890764513765591e-01
5.450187718807197185e-02
4.404065080452576435e-03
-3.216219484397789263e-02
-5.074996073258269264e-02
-1.187409418066233679e-01
3.120884711011070456e-01
-7.295039139254599903e-02
-7.416697697491428376e-02
-6.943590330762425267e-02
-6.625071913307241378e-02
-2.253856081845112980e-03
1.528450854847625551e-01
6.413516991064624473e-02
8.432513850546786982e-02
1.276733347608349223e-01
2.169414757209480737e-01
1.861394157099982224e-02
7.726042085839944507e-02
2.616409185958988859e-01
4.198517156346024959e-01
1.000000000000000000e+00
8.473263971031254060e-01
5.431807195265554444e-01
4.181624773601596567e-01
2.539850474588825624e-01
6.433557477953286141e-02
1.694089300665247988e-01
1.699038649938242052e-01
-2.542223436163210462e-02
-2.242275769107803657e-02
5.991397616036155116e-02
-2.004047304727344658e-01
-4.615903960032020220e-02
-1.510857374826994615e-01
1.228961213727100127e-01
-4.586376666775530270e-02
-5.258130966584135396e-02
1.308656314297899914e-01
2.117217243709770824e-01
-7.872677000517529222e-02
-1.304658349185461863e-01
-2.096561426598576861e-02
-3.017773949214718754e-01
7.032327462739589030e-02
2.759246190377883101e-01
1.791439557225130708e-01
-1.607479068127629640e-01
1.023474770109934068e-01
-5.653979858706245643e-02
3.180654127047607971e-01
2.116028635729531315e-01
5.164149592459840732e-02
-6.785069321728168235e-02
1.557017092761693589e-02
1.698108426784511182e-01
-1.210918253735716009e-02
5.366946872805238716e-02
5.016918275868447602e-02
2.502545123881701472e-01
2.197312750262617187e-01
8.703879573520131863e-02
8.606312799585714990e-02
1.039894726905978423e-01
1.827095366751413028e-02
2.224468675066804402e-01
9.729511357769775326e-03
8.897446622373296476e-02
-1.146181266204889804e-01
-1.802551396033146847e-01
2.351003210118446929e-01
-1.931087934557992880e-02
3.373927921338780445e-02
2.846432163557769957e-01
-3.616594536329564846e-02
1.622731123388584107e-01
-1.555998631683575828e-01
5.140181620461264228e-02
1.679890367394663575e-01
-1.107096936676793125e-01
-1.184360801334289337e-01
4.112987977258458078e-02
-4.751478721904602714e-02
-3.433653168057266419e-02
9.925144729444645639e-03
1.388945385713929725e-01
6.206990325328359120e-02
2.148834594511753876e-02
-4.612620099904835708e-02
7.615270357710098026e-02
6.936991199652922657e-02
1.021277614024432429e-01
1.673794048859383321e-01
9.042929152473677679e-02
1.166171105863638702e-01
1.047800634240149409e-01
-1.176590126254916172e-02
-1.518666042267513006e-01
2.372039224036718782e-02
1.477057982044545636e-01
3.677121161166094915e-02
-6.123411740565366107e-02
-7.081757891138099059e-02
1.536004528635423194e-01
8.069575161645438366e-02
-7.739348362688319716e-02
-1.693510139492329647e-02
9.413610435887408145e-02
1.064560900814243843e-01
2.963526025996809921e-01
7.200594140312614744e-02
3.220767043385397987e-01
1.606146192928643024e-01
1.622639522182868776e-01
1.026298088242954543e-01
3.991392468828698636e-02
-3.396448617450642526e-02
3.861792165706080526e-01
3.151617050937262632e-01
8.580094128938119125e-02
2.218974879871610240e-01
-1.431200979266908369e-01
-4.298168129550882822e-03
3.244988305130078882e-02
-5.255592068616986301e-02
1.368336605373901282e-01
9.407882352042677698e-02
-3.054792715105477188e-02
-1.025190717565737791e-01
1.098580869888724498e-01
1.469273619604229697e-01
1.764328204853615745e-01
9.262658684143151855e-02
-3.287349101116210370e-02
1.326752619966174440e-01
-8.176867202744909913e-02
-1.217529538496349012e-01
2.136780123421180566e-01
-2.931970520188860105e-02
1.783800444629757981e-02
-1.124603537797104896e-01
4.540914298167474106e-02
7.499490745428806504e-02
3.142195359523899251e-02
2.465044189529770613e-01
-1.214995443901777245e-01
8.673683892829119058e-02
1.619564581672090220e-01
4.914472004721986281e-02
3.555601435199031157e-01
1.589943210970688470e-01
1.032750926522196383e-01
-2.993557915039249395e-01
2.934955157007092946e-02
-3.928387708521786925e-02
-1.455255848607705238e-01
-1.936689918758667181e-02
1.726677591875091511e-01
-1.451098530068431203e-01
1.695720639544561759e-01
4.309325736487616687e-02
5.401290812469909663e-02
-2.264776487397890115e-01
4.463829160782960964e-02
-1.282573527377337819e-01
-1.519355565725761734e-02
9.139557439194491428e-02
1.376787959708840499e-02
1.197747915256492796e-01
-1.272194201795402366e-02
-2.406974282249103314e-01
-2.451312708359967563e-01
2.418280481082009034e-02
7.360915748081688081e-02
-1.990214547551583946e-01
9.557895616588289733e-02
1.762543607246523092e-01
-8.978112555838768660e-02
5.229319511957809113e-02
-2.003562935105829834e-01
-1.344722406889999611e-01
-2.350975512492020358e-01
1.185979989168181731e-01
1.923750703264237930e-02
-6.874965501225194231e-02
6.195133582628278845e-02
-1.151048793294805368e-02
-1.359866649525395266e-01
8.654417705217765100e-02
-1.473940257699251632e-01
1.947976973918421617e-01
-1.758864769551057028e-01
1.569345459373686913e-01
-1.835144391099006456e-01
-1.924303574255819271e-01
-2.386511225842060518e-02
-1.165652296074745770e-01
1.835963681898909183e-01
-1.942049207694291346e-01
1.679403972323183225e-03
-1.521987881396721087e-01
3.370250348176759281e-02
1.533564073932997818e-01
1.596183131882885908e-01
-4.433638669896321736e-03
1.531966633444406360e-02
1.343712756384159157e-01
2.440572037948245399e-01
3.939553802203339672e-02
-1.415005863607727288e-01
-1.892394112554474650e-01
1.628951920527950958e-01
-3.338994348738282270e-01
-2.193098247873829509e-01
2.646456994728402928e-02
-8.228669869325294650e-02
3.104311183889570461e-02
6.713867719489034769e-02
-2.308736336278739143e-01
-1.021301002640598726e-01
7.847099881099843521e-02
-2.054978094123001975e-01
-1.445693713967893812e-02
-2.115397291006691494e-01
-6.965111592655155726e-02
-5.761220102101233254e-02
1.625345581621118474e-01
-4.212208848909920755e-02
2.962429851288735788e-02
1.646467531606675139e-01
-8.598504853416641391e-02
-1.030921735126682920e-01
-3.282140829935414200e-02
-8.874642073497022998e-02
2.537113158783200206e-01
-2.661963666132817208e-01
3.499540779188854422e-01
7.019631282677950279e-02
-2.004443487473641511e-02
-5.289654471906188316e-02
-2.626202382364380139e-02
4.174009836800932766e-02
3.845061551113795190e-02
-2.167038269048182295e-02
-5.098903083726955693e-02
-4.092764989307052376e-02
1.770157148505791533e-01
-9.854104535364384410e-02
-4.243424166145697007e-02
2.817280470774503887e-02
1.158699605664716414e-01
-1.906606613775103237e-02
8.948713233625320979e-03
1.492914369147055609e-01
-7.950216613418688294e-02
-1.751685844256250790e-01
-1.404281819364916195e-01
5.016598850218904199e-02
8.783253895957023050e-02
-6.834943002634336073e-02
-2.146387100830783878e-01
1.644837107655969799e-01
1.618467137337322170e-01
8.658804439527970076e-02
-1.623564148251760778e-02
-1.278444385629328751e-02
-6.420228497881576291e-02
9.467103612850336081e-02
-7.557953106582336600e-02
-1.499749114666231453e-01
8.602223413864766577e-02
1.628881253047475275e-01
-4.389662895969380363e-02
2.175725594236496419e-01
8.130646546106455597e-02
-6.722134288695348625e-02
-6.958228822368642263e-02
1.824536480001157437e-02
