-1.188645314330597641e-01
-1.997291501559429402e-02
3.391537327292692416e-01
5.264641645741457987e-02
-4.511271487753797105e-02
-2.065025699214907140e-01
3.781632636068649189e-02
-1.978003429842951633e-01
-1.865722196609799211e-01
1.886923746758640552e-01
-3.037459761416814730e-01
-5.376138350201178917e-02
-3.878543571589265215e-01
2.155164357457614033e-01
-4.126145469395018500e-02
2.118423669512212448e-01
3.684555262252860175e-02
-1.504424171920904219e-01
3.767046356462228074e-01
-2.111836707459096574e-01
-1.424084812778446396e-01
-9.785847475140687507e-03
-3.426244723537073128e-02
3.087726940515325147e-01
1.037291129744407764e-01
1.750662498391314936e-01
-2.979369048668516484e-01
3.068631481118103480e-02
1.117371797204798067e-01
4.694280355842425645e-02
-3.998061953489627229e-01
2.737046800579647221e-01
5.787150783012903754e-02
-2.353928479500466131e-01
-2.967274341233054891e-01
1.055885383139189559e-01
2.386678334349970343e-01
-4.600509754078424551e-02
-1.600569759147585924e-01
1.018704712052539429e-01
1.114809298581345698e-01
1.522217583878964775e-01
-8.991200977261316896e-02
6.082227632043570031e-02
-1.214556343931396699e-02
-6.375094152332987096e-02
2.467451458197229552e-01
-1.425496672110698748e-01
-2.236135703450506662e-01
-1.550938016144712550e-01
2.940725260849146316e-01
7.282907823707206185e-02
-3.780945028212576164e-02
-1.572716042761646560e-01
-1.080709313218955053e-01
2.686255671490141994e-01
3.444080193815592106e-02
-2.578328309817508601e-01
7.295759495330385314e-02
-2.000201622572162496e-01
3.168255276716148289e-03
4.373106329245544932e-02
3.580918281023054428e-03
1.674732423627263711e-01
-1.278963994956432149e-01
-4.423714705564093380e-02
1.999464929514523787e-02
-2.073401961392364323e-01
-2.288601073631793825e-01
2.053060570290747011e-01
-5.095108758201095656e-01
2.737999565914473465e-01
-1.871361702119475959e-02
2.164488328253080796e-01
4.258980178152169810e-02
-1.814013539992578306e-01
5.968995296445408355e-02
1.108720716393763600e-01
-6.978269902452016726e-02
-7.750215040495035679e-02
1.065405501819528637e-02
9.982420336876406119e-02
3.169446611260386959e-01
-1.266851087757312200e-01
3.936197643084517472e-01
1.323371699830930281e-02
-3.880503906469041642e-01
-2.063637551909966172e-01
1.451002704309710123e-01
-9.606599493625096742e-02
-9.045712783635041776e-02
1.440706401777556989e-01
-1.282182550439435742e-01
2.502379828924922514e-02
-2.862593295131157234e-01
1.373571844210721149e-01
-1.035536602087219343e-01
1.727317953821892738e-02
1.453911203353755732e-01
2.305741805085889662e-02
-6.718615158583514380e-02
-5.097345387155955559e-02
-5.343743007885119745e-02
-8.922220248702736334e-02
1.286103373261069938e-01
4.416404442679257303e-02
-1.210726017232142127e-01
-3.676318740618028658e-02
2.305679620721417730e-02
1.149823925130085273e-01
-2.441031902269840542e-02
1.333673874054269182e-01
-5.598716837565453908e-02
2.678198149452310980e-02
-2.448180517383553578e-01
-2.860982400123477376e-01
-1.012536754392069638e-01
1.036917271673358093e-01
-1.696033709594403083e-01
-9.729873130146192428e-02
-1.076265702126533025e-01
-1.651608054138782866e-01
2.234475874480466862e-01
-4.569111867870799537e-02
9.066220589485549097e-02
4.663430968792617315e-02
7.383009911160323679e-02
3.738742480404912832e-02
-1.896842598705582861e-01
-9.023536184410145544e-02
1.923656849628240240e-01
-1.120133429066402231e-01
-1.012031807900828917e-01
-1.125903020488399492e-02
3.823624246831614035e-03
6.256000473174390397e-02
4.065316887225495779e-01
5.142455439542702178e-02
-6.423724862652030465e-02
1.870167076778851412e-01
1.467040221971804281e-01
-7.494964683507379655e-02
-1.581852521050014504e-02
-9.969717417921918762e-03
1.256250849657617186e-01
-2.651867724448485064e-01
2.093977886397906663e-01
-7.782147476301420723e-03
-2.948622254017823630e-01
-1.355132944373579063e-01
1.929473847714601176e-01
-2.708296632977895690e-01
-2.384045930613846662e-02
-2.381565871540414492e-01
-2.451484764339192934e-01
-1.055598225196019008e-01
-1.515127059362492146e-02
1.842987161469863133e-01
-4.333025013655480984e-02
-3.375001885312476912e-01
7.062854068804901020e-02
4.795312721419758284e-01
-4.041110281247310976e-01
2.970704271702232502e-01
-4.354324567402593216e-01
2.069657283250626000e-03
-5.275557009682659698e-02
6.666258558308743587e-02
1.038739639229359774e-01
-2.651032904487584663e-01
-3.313760108790151926e-01
3.286679163675346182e-02
-1.396299954741415661e-01
-2.338364565521418303e-01
-1.856032863912180086e-01
3.144614282574448860e-01
-2.305471543361787279e-01
-8.358225912577856020e-02
3.639586638808264274e-01
-2.925372005889202986e-01
-5.741061670299526382e-03
1.203335132274335750e-01
8.636192110483747802e-04
9.363287795264722824e-02
4.135950126252264658e-01
-2.340617463250442010e-01
2.374800890673606571e-02
-1.891749149188903523e-01
3.119037426571379945e-01
2.510722579363309781e-01
2.039328727461885982e-01
-6.381262935823187044e-02
-1.428022065034038890e-01
2.424083165484371694e-01
1.891252219782091695e-02
-1.429572142316024863e-01
-1.168218078693110396e-01
-1.328308231826875185e-01
1.787179071994622614e-01
-2.928236241385889088e-02
-2.076538264855388727e-01
1.037865435837050238e-01
1.180920894143950434e-02
1.808486478834331335e-01
6.929679672737178164e-02
2.246905762728363121e-01
1.742075014290917767e-01
-1.189871941499671681e-01
-1.891454057980094805e-01
5.019665611543834560e-02
3.557933093132824576e-01
1.303470293313983286e-01
2.090820427581953356e-02
-3.044230640850821845e-01
2.653328117696194255e-01
-9.827631742557609018e-03
2.754282427292068514e-01
5.517289113463007544e-01
-4.256063594223826740e-01
7.792588523742313700e-02
3.172304275112550198e-02
-2.146986977892350323e-01
3.334083355629196554e-01
1.192385830812968048e-02
1.418994044683409561e-01
3.463552569213047133e-02
-1.628924936867027773e-01
2.329141199572823673e-01
1.563471698064449467e-01
-5.335590472306248749e-02
-2.070444375323878261e-01
-1.210688381961255028e-02
4.585549443061194552e-02
5.100684255712074622e-01
5.585804512204375905e-02
5.943128634480941697e-02
-5.381562970509191912e-02
-3.637984337533359258e-01
6.261996827027062340e-02
-1.425087530525727675e-01
1.355721207041704623e-01
8.340946101122086176e-02
-2.330285216737807141e-01
-9.700027803876187793e-02
-1.850302012844137756e-01
-2.831221535803149503e-01
-2.662283338995071746e-01
1.032080236106296262e-01
-1.998319803929244909e-01
1.382094735314950973e-02
-2.959915762034182052e-01
4.030381528792067458e-01
-8.401314238531311374e-02
6.356282662055697807e-01
3.864975178440037684e-01
1.000000000000000000e+00
9.653917109885192804e-01
2.779512371782025815e-01
2.941484548478432437e-01
2.761347737468323738e-01
4.764129428784978360e-01
1.737754200369513724e-01
2.629300883428275504e-01
1.911696920691008661e-01
6.921525087955297806e-02
-9.760809985144557055e-02
-2.135795037673026142e-01
-7.154500279149633712e-02
2.106400754680778399e-03
5.551764586533781271e-02
1.556631459029617637e-01
7.079115177460076902e-02
-9.859414635308115515e-02
1.714061440741235787e-01
2.390590303019172191e-01
1.303998866640677587e-02
1.021714369051863747e-01
-3.020770992986028247e-01
7.416273785393279194e-02
5.566917536745127210e-02
3.100655807444550049e-01
2.433052389064389587e-01
3.351534349888279363e-01
2.100178446149502387e-01
3.351016966523567842e-01
-4.614349313822509180e-02
-1.653347463501434467e-01
-2.591309862437897737e-01
-3.297613392549564315e-01
3.923568764866851022e-01
1.093366618213830778e-02
3.118166457710273010e-01
-3.084453262324286099e-02
-1.564135642484557887e-01
5.375232301303606297e-01
-7.876321825040875912e-02
-2.194098134062165140e-01
-9.958143654200617145e-02
-1.529524229195347584e-02
-1.040217675488301352e-01
-9.102891913055820294e-02
-1.360165781084288761e-01
4.703960435784130811e-01
-6.057213847907771259e-02
-1.125258175686195128e-01
-8.988890130691389035e-02
-1.071285801732946019e-01
3.813351012091928394e-02
1.915226238786918167e-01
-6.955871898556327537e-02
1.447979454940778211e-02
3.452392603950772410e-01
-2.849482681196491840e-01
-8.805248875325968894e-02
-1.921119982781591129e-01
5.207531762413095122e-02
7.923240693613417540e-02
1.905235391523742439e-01
-2.977197195534760366e-01
-1.647952248792663443e-01
4.653560453436238475e-01
-8.131664205445447713e-02
2.063928195010298061e-01
-1.930336827810136824e-01
-7.747936934076072105e-03
-1.002283730288511671e-01
1.725477706442988396e-02
-7.416527596890194751e-02
-1.118308738072293085e-01
-1.355334713327715768e-01
-9.675617060734893748e-03
-2.413758350984881174e-01
-1.402163921334987351e-01
-2.980690569651341382e-01
1.125364794049789896e-01
1.022241205384802204e-01
-2.824731192185520046e-01
-2.114301032030784233e-01
4.615519138065909965e-02
5.628423153074191276e-02
-1.341694074235143253e-01
1.845311036066178134e-01
3.153917280845960208e-02
-1.665383881569610369e-01
1.567519561245277471e-01
-7.446676792354571224e-04
-1.067701428800377356e-01
6.034977052013086596e-02
-1.527821339088456798e-01
-3.718754926800446614e-02
-1.786236267031349190e-01
-3.317703579482768617e-01
8.881980724856487763e-02
-2.824020536036145890e-01
-2.005694464373393715e-01
-2.081186173261509176e-01
1.992301196175475311e-02
-4.007421116385393445e-01
-1.597901250770608628e-01
7.493114349570277610e-02
-2.313287098039703282e-01
3.221653791012100143e-01
-1.129735862867250751e-01
1.194643756938797152e-01
3.427226711717712426e-01
1.597304137593493767e-01
1.281949136192926109e-01
-3.173002016679358772e-01
3.926449868024426554e-02
1.327071393659713383e-01
-1.709288463583056583e-01
-2.827128981847560341e-01
-3.673763712047039415e-02
-2.540181935270067193e-01
1.598845923625730192e-01
-2.973443968016481476e-01
-5.596670901112309887e-02
1.562775346679817490e-01
-6.315474795082634540e-02
-1.273608824146206797e-01
-3.681091865751424108e-01
-1.854782683929860898e-01
-1.661463416730934450e-01
-2.692146880905219378e-02
-2.606960128355564899e-01
-2.015261910993089989e-01
1.667027229248048137e-01
2.594776745614884444e-02
-1.289431377875863843e-02
-2.779772481961091390e-01
-3.056659572299965100e-01
-7.301901464609926451e-02
-3.167859275216784454e-01
3.037677149917981656e-01
-8.351469222889866539e-02
-3.051141811046710894e-01
3.381332069282184660e-01
-1.957916636655593901e-01
1.087833065825729723e-01
-2.080339371974550267e-01
-4.632429941735100032e-02
2.348031302271439899e-02
1.558397860656441092e-01
-5.489271143592137914e-02
2.638000595718644758e-01
3.055780510960307006e-01
-7.515629721975294886e-02
1.443790475095676762e-01
2.891457763735605924e-01
3.678743869358703372e-02
-1.448270947412508558e-01
-2.534145173386788685e-01
3.835071592632497556e-02
1.313753954053517858e-01
-1.009285443754129596e-01
2.362164399059550612e-01
2.662992576648024468e-01
-5.311089360117877967e-02
-4.415233440844356094e-01
4.237373782577738730e-03
-1.549543149150254540e-01
-2.228447000156014990e-01
1.574586488686845753e-01
4.214139818434280427e-01
2.869033891322373200e-02
-1.608833946129680642e-02
-1.773775742146899703e-01
-8.993345084734635786e-02
1.234485761166647655e-01
1.149396424568541880e-01
1.967279831741064119e-02
-1.459818090393540935e-01
-6.522825398791251006e-01
-2.259570181237318953e-01
2.839607449717724830e-01
3.070465825296212481e-01
4.900706844746254010e-02
1.406695039934826585e-01
1.147997002109760467e-01
7.272660674933663014e-03
2.528878359595511036e-02
-2.614971734804240611e-01
1.293790459289671790e-01
-1.816177010465846176e-01
8.517048010690507487e-02
3.432433960984019317e-01
-1.546288441101111846e-03
3.718987430091109936e-02
1.167701349644126307e-01
-8.644680083889436095e-02
-3.401596424294706655e-01
7.836853181411697691e-03
-1.520010242240631658e-02
2.757601685185821494e-01
2.795036902329664508e-01
-1.240327639149629985e-01
1.553097334841696542e-01
-2.559435229430221392e-01
2.274724036387467396e-01
2.371525224928017483e-01
-1.515308287726332970e-01
2.144302587040142483e-01
2.085739074414094327e-02
3.210099411214880488e-02
-1.008752388985320741e-01
1.386990236853624658e-01
1.545973878638622415e-02
1.455668653265422829e-01
2.197153939957851090e-02
5.040573239872143257e-02
3.184400571499079735e-01
3.569439173835570883e-02
3.577688288293950913e-02
5.233014158051001868e-02
-2.559188974621048329e-01
1.540209969862263717e-01
-2.220848179664114963e-01
1.505636488173826559e-01
1.607391291016009305e-01
1.452873953971581256e-01
-9.407340317186353718e-03
-3.715037148230189712e-01
-7.784991610551764141e-02
2.245036677291686045e-01
-1.658747484300487351e-01
3.100555089159047137e-02
-1.529791188515141308e-02
-1.445047540131835784e-01
1.991108889496922552e-01
2.872051741941251679e-01
-1.721523211153288546e-01
8.559551393762332427e-02
-6.393662687173823356e-02
8.332238918776370407e-02
-2.855078047593510027e-01
-8.859654534832657469e-02
9.783472380586362427e-02
-9.900443358409113936e-02
1.084409962403069388e-01
1.568521869152533776e-01
-3.382022914553996507e-01
1.240369339868890308e-01
1.335196533355574589e-02
-2.696259007483855497e-01
-3.468043126645807828e-01
2.703901601506588093e-01
1.999778814664576049e-02
7.279757149194499011e-02
-1.392894299202808717e-01
-2.015141186633644110e-01
-5.735885156472928653e-02
6.173422317664009618e-02
