6.729183448383034560e-02
4.228251215658138107e-01
2.070675937892852148e-01
-3.405092001911275840e-02
3.907734607216587497e-01
-1.195797207109141891e-01
6.355282089910607723e-02
2.168785792034001181e-01
1.992464233409886598e-01
-2.431998440589793198e-01
-2.917179741221120337e-01
4.817877531857546469e-02
-9.696213085210032834e-02
-8.966732310779464143e-02
-8.878900905427516976e-02
-1.089666477885473522e-01
-5.728424932058461677e-02
8.069822973780843567e-02
2.315606175209680706e-01
-2.120234924530258469e-01
1.708883984209942086e-01
-6.031798162376968142e-02
3.598611861342693730e-01
-2.450033109591600033e-01
2.788976030667180903e-02
9.436480937215555725e-03
4.740611683753013367e-02
-1.475417952033202251e-01
2.145135585917619103e-01
-4.434424383999994168e-01
2.816316178595887898e-01
-5.022143430979770784e-01
-1.946556410312431581e-02
-1.498027864753420091e-01
7.635196989421739744e-01
-1.615125838838377959e-01
-4.242501065991438614e-01
-1.759790102088192587e-01
1.698767498258504927e-01
2.006791505432454492e-01
-1.327453757928029332e-01
-2.329708261281281945e-01
-6.566250753242085236e-02
1.837215711310699259e-02
1.741143645952757113e-01
-8.528425175695726265e-03
-3.166154261514827484e-01
1.905089906667856992e-01
-1.086277640822348456e-01
-1.468818503073075488e-01
1.551611054586365113e-01
-1.119987538588965437e-01
-3.861381629863103737e-01
-4.624923799382618106e-01
1.475540033201866719e-01
-6.259642393680742156e-02
3.630373499751721189e-01
1.922070083698090015e-01
-1.782032667906783274e-01
2.909500529946755787e-01
-5.245698911987460578e-02
8.634661344554139806e-02
-2.805093699630234472e-01
-1.802281902138234970e-01
-7.993130575869205820e-03
-5.139683422369429461e-02
-2.012885263994149965e-01
-1.812193829526552169e-01
2.235226628729416187e-01
2.551461870973813495e-01
-2.902924287576343354e-01
-2.967338442526066822e-01
-3.518400771978617836e-02
-4.387207512216455552e-01
-1.586706689780344182e-02
-2.394721893344954888e-01
5.270555401107421267e-02
2.506652400911605905e-01
3.321854395728269377e-02
-4.659612206004996177e-02
6.614267432460110840e-02
-2.005597018961498557e-01
-1.492878651817095281e-01
1.753125263563366787e-01
2.898589415958614367e-03
3.750161893738950675e-02
2.114493076043229558e-01
1.766204794372303877e-01
-2.948700994404936382e-01
2.435743140036264465e-01
2.205931250095870266e-01
1.268319189324374277e-02
2.836290274138197343e-01
-5.506456472121118439e-01
2.309534669911975785e-02
1.331244355105229704e-01
8.335661978765149943e-03
-1.850051940554403862e-01
6.423952020750117731e-02
-5.512409307984140749e-01
1.121315590746866514e-01
-2.690957247222777043e-02
-1.046127780428956489e-01
-1.247904167771678313e-01
2.651714059216444541e-01
2.995867500700365449e-01
3.119959842296279873e-01
9.124000314481857110e-01
-3.464424176631452634e-01
-7.696287411945680612e-02
-2.014466589200484270e-01
-2.091666810188694825e-01
3.841232555837448270e-02
4.737001658460378573e-01
2.592447053449660199e-01
3.593851210643868588e-01
3.118875302171745800e-01
-1.720137439527408829e-01
-1.008941790394462384e-01
1.419223111969160622e-01
-3.368058848786171233e-01
-2.739679370506382106e-01
-2.891132617203072686e-01
-1.717175220171306971e-01
-8.170038610599072992e-02
-1.998028682232409203e-01
6.476166461401550167e-02
5.909445128280642334e-02
2.160096923464677188e-01
8.516806553420822046e-02
-9.065159853922114541e-01
1.511600125637803660e-01
-1.643275635666324036e-02
-1.843070533366432118e-01
2.357649684287030367e-02
8.417395053017658058e-02
-1.961752189288608339e-02
-2.013922668135530170e-01
-2.599726890606935542e-03
-5.654900243605024551e-02
1.652819170274099358e-01
-2.605190038511566164e-01
8.951275573362671434e-02
-5.451937156729737000e-01
3.485156482619864993e-01
-1.286054918069018393e-01
4.813401678400575090e-02
-6.190629507515180499e-03
-1.372903237077248983e-01
-1.092914732500971792e-01
1.605399803680608861e-01
-9.135871205425383224e-02
5.845967584139926537e-02
-5.563103142716816635e-02
4.920803473107651094e-01
-2.728445819773256398e-01
-6.114867265796126994e-02
-4.800873470848180946e-01
-1.385483506300191903e-01
2.784636264579899434e-01
-3.004416374770088605e-01
3.688616842020990549e-02
5.768555255202921783e-01
-4.142654692870110789e-01
2.954887683982841406e-01
-1.141946710705963181e-01
4.700214256553471304e-02
1.661222416335053631e-01
1.195513473156503276e-01
7.671069978694167180e-02
2.650632408346257352e-01
2.150788187946273133e-01
2.680546783246967601e-02
-9.799503603512493832e-02
-8.193766743709159084e-02
2.613843400615760704e-01
-9.425744230794164125e-02
4.152834236882014807e-01
-3.923868493094566645e-01
1.045488211414401757e-02
-1.404573492774752186e-01
2.296567452224608785e-01
4.848024742833331041e-02
2.870738167713441924e-01
2.696528069535795713e-01
4.244800482421840493e-01
5.277641939600050680e-01
-3.285987030054097757e-01
-6.461681988519837536e-03
6.816525333343759208e-02
-1.339264332187025397e-01
-4.487118484436463522e-02
3.659237142617338678e-01
1.439491085032946482e-01
-3.850599589465984046e-02
1.825976427482967901e-01
-9.630428271997688860e-02
3.549630936392846048e-02
-4.814244612909182597e-02
1.502160713687020199e-01
1.380737126676757909e-01
1.585182268604913569e-01
-1.311169558784393563e-01
1.701752583953275999e-01
2.199690727971091442e-01
-3.564813607851515659e-02
-9.703444453062136377e-02
-1.621392694360590248e-01
-3.333449817874779009e-01
-1.325934757834392186e-01
-4.100447487309921007e-02
-2.132243250825382325e-02
-5.515702634829189321e-01
2.012965199651558026e-02
-3.729905533016897867e-01
-9.675433632860412636e-02
2.646089276534192569e-01
2.887484976279364179e-01
1.576957247709863952e-01
2.149617630868537743e-01
-2.174081458480711659e-01
6.448209298780867293e-02
-2.319684148595938800e-01
1.253830742737030712e-01
2.989905832020254839e-01
-1.031637269853563806e-02
-7.169095081482691756e-02
1.721226179658040534e-01
-7.579949061525083354e-02
-3.068533762944206655e-01
-4.555603045528339168e-01
-1.054347022815311924e-01
-2.196544432440409589e-01
3.007252530451153816e-01
-3.408345291709426184e-02
2.735314123609176584e-01
3.766161423698848876e-01
2.269942479179292982e-01
3.197328217381320559e-01
-6.035633713872707862e-01
1.056630011863527868e-01
-3.872716349214590931e-02
7.585329561544849886e-02
-3.715033349792566837e-03
2.770490932478544277e-01
2.817632271128764354e-01
4.209539307601850022e-01
1.740640917308435565e-01
-3.144706650859675490e-01
4.806921476678235883e-01
-3.691252219128844936e-01
1.692605398521609683e-01
-9.924830808408854899e-02
1.000000000000000000e+00
9.092292003315267657e-01
2.828981886967832926e-01
5.219621309203935355e-02
-1.648751122957609061e-01
-1.152455225953883250e-01
3.919140852303467648e-01
3.684284917962655226e-01
7.465661359936107688e-01
3.813054782558758515e-01
1.294537071768208647e-01
-4.051108873777586883e-01
2.419564357125734699e-01
1.328745818370011544e-01
2.591591874390856629e-02
3.187974822383737861e-01
1.111925378532185871e-01
-3.397347623409188166e-01
-1.911949810491145041e-01
1.234111643745931519e-01
3.517993415585968231e-01
-6.258889988773727944e-03
2.499419134124188091e-01
-8.321281519988631137e-02
-5.844515257042619538e-01
2.485181593810347755e-01
9.350031045419152087e-02
8.448995141572862577e-02
1.375213385024078028e-01
8.922608481975870254e-02
-6.462557015728466192e-01
3.012255217377330374e-01
1.506534700847684816e-01
-5.478425674833978798e-01
-2.701711843327441603e-02
6.365956163404206704e-03
6.481798388953507843e-03
5.899705069977596861e-02
-1.132409312033563764e-01
-9.467327074092893313e-02
3.208327694255836554e-02
3.589476232928633936e-01
-3.213898544337762120e-01
6.199124987284091587e-02
4.135010317703048388e-01
6.398481305225114379e-01
-1.669540976248422293e-01
-2.396836408099816129e-01
-2.188989468785332015e-01
-2.057389712267864990e-01
-1.380563947072432629e-01
-2.290969920994816722e-01
-2.294503633065293757e-01
-1.564304839912167844e-01
-5.812000065892434369e-02
1.750424232017759318e-01
1.782081527392059273e-01
-3.911955391857030451e-01
3.752748721647798380e-01
-1.534245544823150675e-01
3.849963982901751791e-01
1.184582467708331921e-01
2.353026606907082374e-01
6.932867811274624759e-02
-1.978814420584435255e-02
4.704984813500240337e-02
1.078115265237176296e-01
2.989324268237241733e-01
-3.200436642550608668e-01
-1.597148954692561851e-01
1.316534547050836335e-01
1.650717203092288698e-01
-2.807059624621779936e-01
-7.085610375820781612e-03
-1.067831955994743703e-01
-1.922943020944695505e-02
-2.638318537548778875e-01
-2.338036552012680014e-01
2.732388924219332840e-02
-4.321313650893950919e-01
2.625142000662757935e-01
8.125558992144372994e-02
2.047159132409369087e-01
2.507208291744755790e-01
3.095235414821200792e-01
4.185438214134615253e-01
-1.295693110073572463e-01
-5.423855553650427930e-02
-3.467711312216997799e-01
-1.983486532880447129e-01
-1.828660711449427434e-01
2.153356929753785093e-02
-5.911198707769803606e-01
2.326532310293927541e-01
7.587583173031066386e-02
2.059872554568666914e-01
-1.306649668363415485e-02
-4.481024653142309105e-02
5.746509030631424125e-02
-1.193303750738622902e-02
-1.086745781056566856e-01
1.275846544101621183e-01
8.802850090963267038e-02
4.422010690370847263e-01
8.532760140702169704e-02
1.358369662934918731e-01
-5.036320214539683482e-01
-2.456656790500224077e-02
-2.963951008768757056e-01
3.338626509906897355e-01
-9.876532533218539134e-02
-2.015010675319047484e-01
-2.660311059823891600e-01
-5.510210757385874958e-01
-4.463567007665935477e-02
-6.374584825177329050e-02
2.046310437253121284e-01
-1.675153211357842120e-01
3.385885564665856995e-01
-4.102935163254019940e-03
-2.208340808124214238e-01
-4.466935867644519775e-02
-2.908319168852612213e-01
-4.446884625664268009e-01
-6.467396463869340417e-02
1.923245015979359318e-01
-4.816983240305554477e-03
-1.137698034219355309e-01
-4.228659809837818917e-02
5.246959348201360451e-02
-1.769772361905332936e-01
-1.809592598847575753e-03
-1.975846752828386982e-02
1.132034278012991196e-01
-1.342142763396921012e-01
-1.040922350995628354e-01
2.292589869563960991e-01
-1.591338930083942005e-01
3.603191067513830115e-01
1.113647286186365271e-01
-2.873273861916585403e-01
1.491921393565720233e-01
1.148325246220765206e-01
3.831408296871614133e-02
1.581145415139524890e-01
9.502733436868204819e-02
-2.122385431000601563e-01
-2.024540420629469264e-04
-3.679083258141620238e-02
-2.599619325929778402e-01
4.114259630777217236e-02
1.819638166333553964e-01
-9.089623916939640336e-03
-1.520134966185944791e-01
-2.057985474626069788e-01
1.075172610214588514e-01
-2.869519328954629467e-01
3.240446075639726864e-01
-1.379561296394546388e-01
5.833784875491229011e-02
2.322738070860307924e-01
6.980719491670972499e-02
-1.296803570845168896e-01
2.033424155686459622e-01
2.578400946321908749e-01
-1.768349412136236212e-02
6.605747919008573277e-01
-1.101683839514147473e-01
-2.099128905183280380e-01
4.816124053105725888e-01
-1.257271926398061124e-01
-2.506098088580833161e-01
1.431995639880027094e-01
-4.035819197655479001e-02
-3.595186299616535130e-01
-4.216758595723140574e-02
5.601386368109684960e-02
5.829977390340345123e-01
1.036009138170505550e-01
-5.512372122728737001e-02
5.028361527303512601e-02
2.938860380089974300e-01
9.975924947519186625e-02
3.236898990495455930e-01
-1.585808584420951572e-01
-9.929720236606055794e-02
-2.530950963681515287e-01
-2.885456323334569806e-01
-3.035150019658803267e-01
-4.233887647912061292e-01
-2.364086730338902098e-01
2.226682882864643442e-01
-3.149461935799740542e-01
8.097463971279861283e-02
-3.256002607651265479e-01
-9.711824089460346920e-02
5.258284364290036900e-02
-2.548400233803019971e-02
-1.436685968060067153e-01
-2.620056856395772682e-01
2.263619242106468255e-01
3.356285411940798658e-01
2.985241637381138083e-02
4.318612939545304896e-01
-1.116300861551857010e-01
2.592816711801653740e-01
-2.397517361910042333e-01
1.898281974621224277e-02
3.671729166080740514e-01
2.900933460279566528e-02
-3.137525390419336202e-01
3.119773032010487168e-01
1.093577515372587822e-01
-2.496858282185873690e-01
2.887937762329774727e-01
3.403002196637163190e-01
-1.920708020934721594e-01
-4.024323753951130622e-01
5.258588973325536986e-02
2.139586584066102970e-01
3.265312691851852273e-02
1.210045551439608846e-01
-2.562914271399097110e-01
3.463117027346294952e-02
3.738633805737053700e-02
3.522740115406582384e-01
-2.547254066710876175e-01
1.382159213246939300e-01
-1.001576939030114216e-01
1.319724604059754058e-01
2.115613277776464130e-01
-1.350011746711188010e-01
-3.098784821326312500e-01
9.563776585677249975e-02
3.202135839009253027e-01
-2.873019690866773224e-01
-1.111137862790930464e-01
1.912928098971136970e-01
-5.646507398253221982e-02
-1.997173960870049780e-01
-9.486138536998399429e-02
3.608841605789098184e-01
2.229574109344351907e-01
-4.404995401750382011e-02
2.611015407393736942e-01
1.051664592835253181e-02
-1.628239875413828308e-01
1.471486752354291550e-01
3.458239118002259804e-01
2.123194987579564985e-01
-8.822253157601123510e-03
3.790994359646295692e-02
1.215992034775375446e-03
-1.303294549264015223e-01
-3.238228053261792416e-01
-2.940878651679424971e-01
1.743968254759606096e-01
-2.794278676644852966e-01
-7.999015927169643436e-02
