-2.749451449281677951e-01
3.719769833431742223e-02
-3.114512318533274593e-02
1.143919345410432248e-01
5.967789530602071041e-02
-2.202518903568553565e-01
-1.874442637136814194e-01
-1.404072159024020439e-01
-1.796571873755035686e-01
-7.302341479248060374e-02
-2.840132041628470327e-01
-1.004547517172719867e-01
3.206039424158577122e-01
-9.491768770450309534e-02
-1.631937715704334935e-01
-1.090920664153911951e-01
-1.110547573602109900e-01
1.510110107361275211e-01
-6.125632800544569823e-02
-8.509466844454890988e-02
-2.965344323984574898e-02
1.878268051964289698e-01
-9.260827984461098006e-02
-1.765105086314960881e-01
2.783841759375418889e-01
-5.320055370441774401e-02
-1.103791191518144754e-01
-1.363816663615352309e-01
-1.299674269485310250e-02
-1.954561851000320150e-01
-7.164700063469396640e-02
-5.274464084156699900e-02
-8.332348430635685976e-02
-2.112745515016995965e-02
-2.492163847985914282e-01
6.408483345345815374e-02
4.787365343947010132e-02
-1.634641251252922090e-01
9.687123094959830538e-02
-2.000718894365502709e-01
-8.188773578474352333e-02
-1.526950835167590337e-01
1.061325800013526721e-02
1.457392417462290424e-01
-4.777481630009226821e-02
-1.082139928292168568e-01
7.562571115703431435e-02
-9.048777306206079452e-02
-1.425180052224959137e-01
-1.129233199084017508e-01
1.598538416099578585e-01
2.978755455783484770e-03
1.064567904129150588e-01
1.629552310216983782e-02
3.113058572597401374e-01
8.890392910329515674e-02
-9.193950868680360322e-02
1.052620269691961763e-01
-4.375231697184388951e-02
-2.118892017465275751e-02
1.057044972875823552e-01
2.051163023430744026e-01
2.382476887800013057e-02
3.162007630206203207e-02
8.890135395932423357e-02
-2.012392927226747674e-01
-1.591694331382516037e-01
1.226125446570095895e-01
-3.649026340858816525e-03
1.011542277401365209e-01
9.991895623594929804e-03
-1.085567093943757694e-01
4.688612293411852094e-02
8.335478658134772012e-02
-2.512119970020527254e-02
2.756948077619073706e-02
4.955130659096683432e-02
3.324955404693053646e-02
6.840253252082736934e-02
-1.153010904286895788e-01
1.286740065343289219e-01
1.685160361625665307e-02
-2.964374749559668398e-01
2.188336825086166504e-02
3.054149819801472293e-02
3.421123044286162873e-01
1.252970439824055773e-02
3.505019841804041941e-02
1.729451841796653816e-02
5.401106477901198438e-02
-9.206205542309305045e-02
-7.665865547497877075e-02
-5.301315529247442593e-02
5.407429453289346218e-03
-1.298702523238792587e-02
-6.166607378103807630e-02
-7.159175728411519730e-03
-1.080937591728805061e-02
5.410859611562069543e-02
1.630268280210058537e-03
3.086962828847280016e-01
1.820288003306744576e-02
2.619872979854580564e-01
9.847181528616780199e-02
4.897761396708347204e-02
-4.282825981032720858e-02
1.468223870248085705e-01
-2.899189185997988472e-02
-2.389615485234871661e-01
1.677056472825033673e-01
4.795099752231133522e-02
1.731092359878327602e-01
2.207326217567928683e-01
-1.376520428289328690e-01
-6.387226377708457581e-02
2.626716117630623071e-01
1.837747070051679310e-01
-8.957567097579076376e-03
3.253183423235282978e-01
-1.283009541202738135e-01
-2.536635434344058221e-02
6.431128721950712945e-02
1.821117228959016204e-02
-1.635761266031166006e-01
-8.213581829930213796e-02
-3.392609457266129031e-02
-2.743614901592379418e-01
1.174422767683094421e-01
3.569948777678507573e-02
-9.740269272735849193e-02
1.497528505082933517e-02
-1.725895878639021608e-01
-7.105171183990925676e-02
-6.158319609758771546e-02
1.226378659099192081e-01
6.854106546052752061e-03
9.121657068773945942e-02
1.304834488159327954e-01
1.351230186141033074e-01
1.241698123181790014e-01
7.738801992527624685e-02
4.192005172414594583e-01
3.335488085320635343e-01
9.511077558181395275e-02
2.026216716137251572e-01
-3.592699340398612384e-01
-8.112039139706113400e-02
7.191511842225618845e-02
8.632222053983978904e-02
-7.248349059694185470e-02
-1.692309101059626814e-02
-4.226302865839403483e-02
1.570979467929664863e-01
1.491050321370400167e-01
1.449972023226565598e-01
-1.123609554571443347e-01
1.460437756351389005e-01
-3.632919277141383740e-01
-1.268248167945925930e-01
5.409749832905202255e-02
1.050004541363484985e-02
-6.468338561229047823e-02
-2.696143494199560453e-01
-1.362170781211548276e-02
1.651602354172311826e-01
5.465828464775698142e-02
-1.010930542262045498e-02
6.374674523347012567e-02
1.870649312464325031e-01
1.201336840415556141e-02
-1.991337311499788709e-01
-2.324057493164455659e-02
2.031157814493579350e-01
5.867773376338695362e-02
1.979795878422312971e-01
1.079327279378627935e-01
2.346688352163299185e-01
1.932117541952106665e-01
-8.231334632216139036e-02
9.751256449037291885e-02
-2.153617872337349470e-01
6.934234639939849953e-02
-4.098799326051061342e-02
1.447585008320193267e-01
1.923723526504480807e-01
-1.212170453635143391e-01
1.915261117483724185e-02
1.829471841688415090e-01
-1.585099512483942874e-01
1.813480862088620305e-01
1.529620513662750259e-01
7.489570047647806789e-03
-4.183778713713712932e-02
-4.656532373606117603e-02
9.831389140364861501e-02
3.305530288090439278e-02
-1.566451749528593451e-01
-5.065971100597117110e-02
-7.709605296487924420e-02
3.266008841717524952e-02
1.728789604994986073e-02
-7.324042835625402259e-02
1.207529329459316875e-01
-1.028598069280003274e-01
-1.667884093516150967e-01
-1.492303365834057871e-01
1.890402981103645741e-01
-4.931192928510250151e-02
-8.895279272999118136e-02
-2.299085311389480191e-02
-1.307424169659774336e-02
-1.510292030212208314e-01
-1.764263443722069447e-01
8.046725556085033981e-02
2.659610999642983420e-01
1.437574923125649502e-02
-1.118667538655491178e-01
-7.537902231725712721e-02
-2.702152235737967020e-02
2.418662881138457926e-02
3.043266927409496447e-02
-6.821858098485657218e-02
2.082625203149496007e-01
-2.002707240658994359e-01
-3.640102546026774410e-01
-1.841277892553086840e-02
-1.073187890784569123e-02
1.824309962170787142e-02
-3.163448244376497187e-01
1.733044609998875274e-02
3.256072724219937209e-01
-1.529051688592868996e-01
-2.199132373045419031e-01
-2.983954152143295513e-01
1.732170516115165704e-01
-2.599566879177201417e-01
-1.781922252958382802e-01
1.254606350184406527e-01
1.551554268131144498e-01
4.529845232268803375e-03
-5.428855970651880886e-02
-1.716930906607222473e-01
-1.213048592376578666e-01
1.712457156828127991e-01
1.307610976158957439e-01
1.758800520401819002e-04
5.029239388495982538e-02
8.750470567363775876e-02
1.837226373011128511e-01
1.455452352627931156e-01
1.356693653769163455e-01
-3.904850919676181031e-02
1.501874107902583244e-01
1.984257363684933662e-01
2.910970383982898757e-01
1.000000000000000000e+00
7.810779637875138182e-01
3.648841901546897026e-01
8.808630724137656021e-02
1.348230356109170469e-01
-1.616027579214393810e-03
-2.512544672498451953e-02
7.438169783582147809e-02
-6.715802888860573916e-02
4.957219730716342504e-02
-4.603295575700774162e-02
2.228591209198088341e-01
5.176498276403862335e-03
8.319411833944789780e-02
-1.551152062786279040e-01
-1.513336920282828402e-01
-1.515469030505918469e-01
-6.912936481730951044e-02
8.093155243621288908e-02
-1.630218708964481233e-01
1.225403182845019034e-01
-9.660903894416048368e-03
2.057838461033971722e-01
1.124965535022558367e-02
-1.334219741237734069e-01
9.778239610244288116e-02
2.233791962924084329e-01
-8.150570488639130584e-02
9.465916892208772748e-02
-1.475257065869997053e-01
-6.636188284859566300e-02
1.230933180006465316e-01
-3.031349385664696694e-01
-4.325244514182037536e-02
-1.883531023897232204e-01
1.586601649413353632e-01
5.476524189011716670e-02
-1.592372758481697403e-01
-1.469038079711643130e-01
1.041883830635397523e-01
7.862439757825423481e-02
7.376815264715637366e-02
-4.823665693742296666e-03
-1.472357488917920565e-01
-6.428430942875165699e-02
-7.518507899675327955e-02
1.514334610238625423e-01
1.244870527115248954e-01
-4.065431550719392773e-01
2.661069596341453236e-01
3.824516404879434259e-03
-1.070868831558328960e-02
1.808037817860809124e-02
-8.671550319782683758e-02
2.817872886309937264e-01
1.254508706818431019e-01
-8.256432612272841809e-02
-8.817852012107210702e-02
7.410170771330978033e-03
4.026070019189618293e-02
2.629512525935777112e-01
-1.138434704682609044e-01
-2.219905354564808142e-01
-2.177180227537689750e-01
-3.929836964461526361e-02
2.542415640239991184e-02
6.810418882083227321e-02
1.096639820518258424e-01
-1.785269717465030881e-01
-1.613788588511437250e-01
1.201933720324268179e-01
-2.610489389523070192e-01
9.649821350208691306e-03
2.470523210392708627e-02
-2.160829196523111340e-01
-1.885380337024666619e-01
1.205253435383783212e-01
-7.305068518639705466e-02
-5.074947202881925634e-02
7.416565069815160560e-02
-4.687608238377861253e-02
-2.727245336573225210e-01
2.135225472342133224e-01
-4.542301330906467483e-02
1.538187877606534137e-01
-3.934728109127202944e-02
2.538516024653245662e-01
2.147589411759998901e-01
-1.033829182167119998e-01
3.229051477828961403e-01
1.150329602362866604e-01
1.317854141845931915e-01
-1.058851357478792082e-01
-5.545400154742356758e-02
-1.570560094958415309e-01
4.389236871899608594e-02
-7.098089836912224726e-02
-4.854144292883923878e-02
8.813857475387175400e-02
7.924946874799425334e-02
1.299380196127975229e-01
9.390575644404144939e-02
3.114241406824417302e-01
-5.731916115563465836e-02
-2.835442034751686213e-01
-1.493048771284944676e-01
-4.929720016479029188e-02
-2.692727379109955410e-01
4.425729515380753126e-02
-5.275888258900993805e-02
-5.592005649807151382e-04
-6.440199743381294639e-02
1.320225212538782278e-01
-6.068115099727459938e-02
1.599977378422828000e-01
1.069283050739257279e-01
-1.275007308201516268e-02
-1.210830501055972508e-01
1.350239989086200465e-01
4.085829443705539799e-01
-2.236978180563139740e-01
3.318624792621194253e-02
-1.391862748167432828e-01
-1.130905493476707102e-01
-1.716706055231734807e-01
-1.888113457139724283e-01
3.800740726780264811e-02
-2.009595138113042315e-02
-8.605528526793210231e-02
1.666243085302490656e-01
5.617479448869752701e-02
2.048151531130422420e-01
1.020643041255912958e-01
1.723594242582062452e-01
-1.069554215953949228e-01
1.729722028215101570e-01
-1.198188821082163541e-01
1.911846540657672899e-01
-1.139862656289742510e-01
-1.273563283846069205e-01
-2.128505888293618503e-02
-9.361783869997472585e-02
-3.750206197199511537e-01
-3.642030499774373542e-01
1.481336865432579808e-01
-1.381695450498549305e-01
4.711455244190241448e-02
-2.341976560480257818e-01
2.894272779018400299e-01
-1.113786995733142271e-01
-1.368777258873878425e-02
1.182586386551351260e-01
1.349395879744561821e-01
1.292491223718613413e-01
8.059390869953968195e-02
-1.756916796454793817e-01
-1.486282581974703310e-01
1.017202846957850348e-01
-1.492153021590688147e-02
2.107520288001832331e-02
-1.537475451495051715e-01
-2.410390933503007982e-01
-6.902148802297813912e-02
-1.319871614429221074e-01
1.617217884671129091e-01
3.264770206248329004e-02
1.538588850080076231e-01
1.288192668019487452e-01
9.998036930912941600e-02
-1.527681233887425161e-01
1.573821242126813846e-01
-1.325964453102839169e-01
-1.503676541828347438e-02
1.467509109888534835e-01
1.331663343462644589e-01
3.733236646933096176e-02
-4.248655908687511140e-03
2.831605225510968032e-03
1.145279055407130014e-01
1.395079727441101564e-02
6.577388825245017445e-02
-4.467085881383567325e-02
-1.796019353548817393e-02
9.259679969120340748e-02
6.654181575355110068e-02
-2.062102411507072547e-02
1.424155998116788391e-01
5.059065813320538091e-02
1.583594433565609083e-02
2.257462360500040177e-01
-1.068824611751521131e-01
1.229799030718529453e-02
-4.419743817480262238e-01
1.320660826118507936e-01
8.752953556909130739e-02
1.196840866008647419e-01
4.709865709474427009e-02
-8.536951569906159332e-02
5.557073383489839757e-03
9.442909612652587714e-02
2.682343171784848934e-01
-5.557070882986610283e-02
3.275905319409726513e-01
2.569452425376492211e-02
-2.593120900670784490e-01
-4.269943112916056716e-02
-2.481261603644586144e-01
-2.013894319949181277e-01
1.978555833223822058e-01
9.187272510478873555e-02
-1.002541431392147686e-01
1.441785834493106433e-01
-2.547063029937677303e-01
5.225483815490488543e-02
-9.205450119889226068e-02
2.446121110992053108e-02
3.821047064083795547e-02
1.686266828244231408e-01
-4.321639511850305232e-02
-1.182663508369888594e-01
-1.617350954202322333e-01
-1.328363884949298190e-01
1.151369239028761718e-02
5.301628191809282936e-02
-1.742717958856915550e-01
-2.235181144909596518e-01
1.009425928580865717e-01
-4.466813074324586103e-02
2.978379182105683753e-02
6.329693080355391910e-02
1.859239054029902249e-01
8.490346843698730328e-02
1.455931334092228358e-01
2.511448026069326156e-01
-1.641337117748776775e-01
-5.140774480229396565e-02
3.015165718582288878e-01
-6.470976703955950982e-02
1.131902857656332251e-01
6.565531128075034750e-02
-1.083713518794017505e-01
2.893790653838125559e-02
-8.080132818858143384e-02
3.541292639677176002e-01
1.211255828203714052e-01
1.794984978134693265e-01
5.023373239822070263e-02
-2.276128850735546771e-01
-6.315093554236170248e-02
1.671953791360291375e-01
-4.033358619144128410e-02
-4.130474628099611856e-02
-3.083516573287820722e-02
3.265891755784625650e-01
1.619296188154050464e-01
1.749685990317336182e-01
3.320656529164322558e-03
