-7.398333934140935431e-02
9.013268606875463052e-02
1.831889594224462292e-01
8.851401759916845136e-02
1.042451939700336366e-01
-4.804943999334148480e-02
1.217161364418541253e-01
-4.913785059698517754e-01
-1.286546265905349207e-01
7.549681245676430515e-04
1.151706973815794371e-01
1.774372756684860497e-01
1.112358764615499745e-03
3.746284718515215106e-04
1.418280062340081249e-01
-3.203828095620616101e-01
-3.074507379823706449e-02
2.600096834610203245e-01
-8.681854017082317465e-02
-3.057385340743023344e-02
-1.093670408916082304e-01
-1.772764291893877964e-01
-9.833329280699293351e-02
3.304667042644847674e-01
4.382142634612446255e-03
-1.994908655235070813e-02
9.236864720358542447e-02
-1.569564885853584613e-01
1.966450485811481186e-01
-1.582959016810831232e-01
-7.416147950254427246e-02
-2.269859826368361422e-01
-1.106226261570085051e-01
-2.181647963605084228e-01
-2.949387526798414316e-01
4.159956510430500021e-02
2.743766105133994548e-01
6.563336895968097801e-03
-6.454469452515314287e-03
-1.226320750631181844e-01
1.626306598435289519e-01
-2.651136268116604730e-02
-2.996806111613643520e-01
-2.533747741212351995e-02
-1.659033856733140300e-01
-2.015377139019736488e-02
3.819607126844613842e-02
1.257316806927211705e-01
1.168597425869646877e-01
3.150047361993976724e-02
1.861146559245965559e-01
-8.760594290912325499e-02
1.128992058334462867e-01
1.173169593658183879e-01
-8.532240622886427817e-02
8.596117377707919449e-02
3.843026737699030415e-02
-2.627934055850035255e-01
-1.612305839198240887e-01
9.398713691700218142e-02
9.752049839624988073e-03
-4.634268802553772465e-02
6.669824554475776990e-02
-1.897586428689710392e-01
1.621745224485812431e-01
4.804753162013087886e-01
8.582998009132808415e-02
8.869392808195779299e-02
7.544698911902389393e-02
-2.673499325773312507e-01
-4.444707077221269481e-02
3.511644991749514055e-01
3.512931765805650253e-01
-1.349908845211962582e-01
5.213864785282575076e-02
1.041801832198791244e-01
1.088199089725001567e-01
-1.851431242690937118e-01
2.267726632750632909e-01
1.206410907292742307e-01
1.214643263724408950e-01
-2.035246949445899955e-01
-2.133274842965516005e-01
-1.391316892698162000e-01
-1.268303417215201623e-01
-8.494224533229090268e-02
9.173311150742738396e-02
-2.506699885078409462e-01
7.417540554514212570e-02
3.559438680814192568e-01
9.352237129777601909e-02
-1.622900816377974564e-01
-6.326203951998990438e-02
2.942905372942121109e-02
-2.434571641443026430e-02
2.215062088067321078e-01
1.936878676435871693e-01
-8.467266663275510585e-02
-2.084188089144391465e-01
-2.032978371740568405e-02
1.908300315971251104e-01
5.623589210005053990e-02
-1.131864047934989098e-01
-8.150187014151816234e-02
-1.234060831844713052e-03
-1.961545214772130730e-01
3.566303110886995253e-02
-4.411406680700155625e-01
-1.805884535530004054e-01
1.710582959964754013e-01
-1.385430381813645695e-01
-1.455461134005092139e-01
-6.243562759280933683e-02
-1.503296761071928334e-01
-3.434457174137502400e-01
-1.753055504623128036e-01
-1.986701264320762661e-01
2.785484562304845202e-01
-3.610095585946790364e-02
-1.084645520051744430e-02
-2.271908152970068817e-01
3.879870824473553026e-01
2.289269320728657547e-02
1.253720453302546722e-01
2.734603902065178144e-02
5.341937949188108048e-03
3.725267429160879495e-01
2.451431203800157055e-01
-1.184547464719232224e-01
-1.335777087156705401e-01
-7.080274244043854859e-02
2.655279239118621404e-01
-2.616992712345349026e-01
-7.599465730661357499e-02
-1.801284798701757450e-01
7.008212898047852003e-03
-2.646683968433027889e-02
-1.711141726404201979e-01
-2.519623932604510563e-01
-1.990830917717997250e-01
-2.690976359648432070e-01
1.147422459149268353e-01
1.245231347042807940e-01
3.420171255556238993e-02
-2.442089444802042764e-01
2.122301742093774535e-01
6.372338877863702178e-02
2.124016042901857304e-01
5.334018666569214639e-01
3.502745752615519237e-01
-1.064696717285631890e-03
-4.723512821906138137e-02
-1.682818018867505427e-01
2.703852183945014698e-01
1.061470469029077573e-01
-4.276788099732260068e-02
1.412755214758193434e-01
5.964681788782984218e-02
-1.676815869138800763e-01
-5.381720801040312807e-02
-2.271920425032102620e-01
2.955738076755742294e-01
1.465371530739170147e-01
4.031965579770901281e-02
-2.439195621181420581e-01
2.427220993136819105e-01
-1.648835503011414350e-01
-1.759036066673846377e-01
-2.535654518677132874e-01
-2.792141935877667791e-01
-8.018408605072231687e-02
-1.284078827489696512e-02
3.501907687844825479e-02
-1.392794484663757437e-01
-9.248648204907897186e-02
-3.082137687509156274e-02
-6.262089721431379763e-02
2.929687346132689094e-02
-2.739317098770954195e-01
-2.494720129745201243e-01
1.839392779627737340e-01
-1.221565385830605506e-03
-4.475935892080100120e-01
-3.842739303725895006e-02
-1.284409182352961865e-01
-1.026923503764368417e-01
-3.565285345123881400e-01
-2.934313504980851639e-01
-1.180305438262477385e-01
-1.704090371008048499e-01
-2.187633888340618782e-01
-2.137301156917871883e-02
-6.864614377801080136e-02
-1.151459534130591239e-01
-3.353915038769060553e-02
-4.213534704293659949e-01
1.285001510140010017e-01
-3.313163698823170383e-02
-5.317379004846303769e-02
1.443239931294571232e-01
4.717871530663497043e-02
-1.689436725696055464e-01
-2.873620339851016073e-02
1.305250747429706759e-01
8.378897209925693923e-02
-9.809241070502472404e-02
2.784581898775390085e-01
9.689902481231503495e-02
-1.021171813163425507e-01
2.688483117889904350e-01
2.719485527882589126e-01
1.466486049648457746e-01
-1.625875491087137303e-01
4.020176538415914935e-02
-1.177209384216428706e-01
-1.533441092645076997e-01
-3.091616571750591680e-01
-3.253228765780219467e-01
4.184044720627320274e-02
-1.285413425102877039e-01
-3.288679007778340102e-01
1.263682716858692545e-01
-2.680694129922656654e-01
1.419488700884865284e-01
-4.805545303041060534e-01
-3.235487763361222791e-01
-2.159927047242221065e-01
-1.598339426912614436e-01
1.320879588228531243e-01
-1.254716302979053399e-01
-9.546978828330873745e-02
1.638078760658121802e-01
3.957482697843418828e-02
1.949050487032487622e-01
3.028764231788271255e-01
-2.575723878679359730e-02
-6.208928865561465227e-02
2.093682062303902913e-01
-2.145058590104180485e-01
-1.146686923478321962e-01
2.341998242514314044e-01
2.925481172386732234e-02
3.103000744457850568e-01
6.657346725278956434e-01
3.057671255361700258e-01
3.848105074373736612e-01
6.185900080346756758e-01
8.026548916904356901e-01
5.746390890453743072e-01
6.016765278605176182e-01
9.112201595047287883e-01
1.935694409615690281e-01
5.646709815567320101e-01
3.953560905762195654e-01
2.074742974310022914e-01
3.513622092216953652e-01
6.214305876326075007e-01
6.622947476509978282e-01
9.176986387370650311e-01
1.000000000000000000e+00
3.116352937412938950e-01
9.494400371626289248e-01
3.616215862824929683e-01
6.940784793717400536e-01
8.010545590532990312e-01
1.151458680057474843e-01
4.625178622168812925e-01
1.643230360021549208e-01
1.749416909130934727e-01
3.192692783496332148e-02
1.739531371332461440e-01
3.420431813252858833e-01
-9.546704450606909031e-03
1.030717658617954918e-01
3.715791783367636825e-01
1.546548263099464249e-01
1.328512162761269488e-01
6.907337543267114133e-02
-7.132068336768151995e-02
4.915273938385184005e-02
-8.568485351606303091e-02
2.150603799154332182e-02
-1.197043057477892164e-01
3.789023743948847223e-01
-1.106468264628094195e-01
2.351010960793930432e-02
-8.139042453036463357e-03
-2.067471061122174436e-01
-9.886598018251053360e-03
-1.249758237102140818e-01
9.133947542943945952e-02
-1.006738651700882781e-01
9.029363849599283953e-02
9.499064740221314918e-02
1.171303765834772193e-01
-1.475394839794481050e-01
1.726731350251007324e-01
1.903234695182896494e-02
3.519314697478882759e-02
-3.817353358905022920e-01
-3.011667900243625295e-01
-5.633164077981091256e-02
1.214607375553535262e-01
-6.744499196068939884e-02
-2.801017490433528878e-01
1.040239441884927354e-02
-1.218169858294221135e-02
-9.902316914968042894e-02
2.093891202106680505e-01
-8.445934672370056240e-02
-2.714060083007093643e-02
1.221820501596197761e-01
-7.854549018322826148e-02
5.429393335444347019e-02
-4.235338539269066852e-03
1.078695880562657340e-02
-1.533008444077340049e-01
4.152986890553505561e-01
-2.932798100344099490e-01
-1.524907327134315989e-02
-3.614686633960524920e-01
-1.289350713898250456e-01
-9.442622643894522244e-03
-5.843424946110530038e-02
9.317256727888875711e-02
-7.299891064713098787e-02
-1.494076868621835308e-01
2.441067269110516053e-02
1.361269333341220966e-01
2.143868971743408819e-02
3.368991450631907830e-02
-2.887428460807351382e-01
4.782411328021760749e-02
-1.131417580612683466e-01
-1.221354228684516513e-01
1.136489881052921980e-01
1.552363479380418354e-01
1.683611408195326842e-01
-4.304254727786800683e-02
-3.016120779924415934e-02
-3.952770782219042767e-01
-1.846614528667067379e-01
-1.421647229703567050e-01
1.800528064106473036e-01
-1.363150770545134248e-03
-1.241184871359462399e-02
1.297153904099757234e-02
-2.560171421291736193e-02
1.938140356160193978e-01
-1.151500234778668058e-01
1.353847995511275049e-01
-1.926115873305661030e-01
-4.696937896047309602e-02
1.879629451032829857e-01
1.390930449874990260e-01
9.691811345020374946e-02
2.847278832733756704e-01
-3.101706912941815802e-02
-1.660121907017677312e-01
-1.984131841539225338e-01
1.393495610386937533e-01
-1.295091301321546484e-01
-1.055363400352866410e-01
-3.998314080985576613e-02
-1.316578774626590564e-01
1.242042788523092106e-01
-2.082601940111689920e-01
5.325151332885756650e-02
1.482146795897418962e-02
3.722538160233249682e-01
-7.193428756735988083e-02
4.223455470607860064e-03
8.121180423595864006e-02
-1.166014556668338586e-01
-8.427964593092600321e-02
-1.522677985649229515e-01
9.162217864502041065e-02
2.048492824645569421e-01
-5.336906292276005076e-02
7.332674238995784410e-02
-2.662480019156872046e-01
-9.778561722517879751e-02
-2.439652745403930456e-01
-2.195557003972287979e-01
2.464933415757065982e-02
-2.215753509420899936e-01
-1.727631533599482683e-01
-1.911440949654135135e-01
9.943165243881774140e-02
-3.527474510808413788e-01
-1.393321115928268794e-01
-2.372650327778092483e-01
-7.942151268824083898e-02
2.907133746897090920e-01
-1.761445369431713370e-01
1.249211879663581909e-01
-2.534705443797038299e-02
1.032892177033751108e-01
-1.510052316614771684e-01
-1.024641213687363210e-02
-1.665938292183285208e-01
4.935628981704455465e-02
1.556234904726473689e-01
-1.154191209296823034e-01
-1.670613615674418351e-02
1.500704007202954132e-02
3.086689173771408612e-01
-1.287526136930661758e-01
-4.561348630855999176e-02
-2.622657433557039064e-01
-2.114414750029187939e-01
-9.139051550927854151e-02
5.818274927748073866e-02
-1.192878306986422804e-01
5.200290970148942898e-02
-6.976696378054576819e-02
4.768477261792170713e-02
-3.691649459111520648e-01
-2.938592897831587281e-01
-6.773425058734347526e-02
-4.668290132471925036e-02
8.979400246735404212e-02
5.504439971708171425e-02
-3.121981077834603546e-01
-1.879400466960582522e-02
-3.127498775169981204e-01
-2.878032738087155096e-01
2.866606225054747492e-01
3.487231111117469751e-02
-3.197017845056978474e-02
1.159203936988186801e-01
2.580754900927298978e-01
3.784303594478369281e-02
2.846270985071519197e-02
-6.435052948015232421e-02
-1.237104071012478934e-01
7.630783483562766922e-02
3.831161958948227086e-01
-1.618401352946812477e-01
2.274416461783013432e-01
-1.919356915039294176e-01
-8.626996396125914679e-02
-2.496287849735062681e-02
6.138399006708355771e-04
-2.813698538416831707e-01
3.319964641696797614e-01
7.180184998272726160e-02
2.853603973547733097e-01
1.408061495233172422e-01
-2.173569781296240677e-01
-1.123929692187084356e-01
2.335612669405262853e-01
4.421159298398554677e-02
9.679015791615726283e-02
4.587238505873537237e-02
8.980119379540099644e-02
-2.178596735538113893e-01
-1.274323094541234512e-02
-6.980462202780141068e-02
-3.608963371945625442e-01
-1.204290284129733990e-01
4.108218888946808534e-01
1.313801350938869905e-01
-2.227803322003589215e-01
-1.311203357159750338e-01
6.664238204739016125e-02
-1.411667881608050790e-01
-1.762314482559468320e-01
4.295877953682898306e-04
3.695835011677154336e-01
4.172357148892015255e-01
-1.995465305363303132e-01
1.919478127449398552e-01
-1.584703667486555764e-02
1.384690838906319638e-02
2.021865473831652160e-01
1.357163983199027868e-01
-3.257354156907997234e-01
1.276485010459244007e-02
-2.607122953262870357e-01
-8.416015323704569007e-03
1.137186188826082023e-01
5.911324301136034604e-02
1.749109283492633338e-01
6.520631909688689998e-02
3.496169670935462270e-01
-1.011428688954060795e-02
6.072328325666809246e-02
1.519106937237478527e-01
4.988202705544957094e-02
7.552318900129857682e-02
6.104466223569326999e-02
-7.446600771918325534e-02
-5.072951063095398200e-02
5.846629125309418806e-02
-2.561958216969038686e-03
-1.274680843592953527e-01
-1.580503376842493646e-01
-2.645682273766552725e-02
1.967610964123224504e-01
4.272539760711002166e-01
-1.826757721035215942e-01
2.992686707320805772e-01
5.688911731865393256e-02
-2.699043233371745676e-01
2.794695516946866798e-01
-3.337544105646809978e-02
1.238809267085709265e-01
7.698013499823423700e-02
-1.437392259554192975e-01
-1.604088333467074412e-01
8.695393505100121323e-02
