8.474731408052085802e-02
2.359467518986094192e-01
1.140343407582506824e-01
9.732909962826996608e-02
-3.490045357666352738e-02
-1.164505620749212572e-01
-8.300761765256033098e-02
-7.020788608464860470e-02
-1.204806699163252365e-01
-7.364910193200646660e-02
5.989824600145178535e-02
-9.419508859005167392e-03
-1.356712804869257827e-01
-1.389030751647595263e-01
-4.293226758509393476e-02
1.343517900153959679e-02
1.133301613431211274e-01
-8.534696541839975614e-02
8.807606962924072191e-02
-9.649813554767701362e-02
1.476448681044731093e-01
-1.259085488808247555e-01
-9.501029116414605458e-02
1.355253351566111097e-01
9.856081635936136953e-02
1.136016579733144100e-01
2.255414907217523357e-01
-5.607902955680424406e-02
-1.982417896391572565e-01
-1.722933810091877710e-02
-1.540747426853701120e-02
-9.070301070600682303e-02
-6.317224181111379122e-03
-1.216447004252004388e-01
1.098150489623540699e-01
-4.341933047099277854e-02
1.451780731952104775e-01
2.534159068316464702e-02
7.773575451883368848e-02
7.300393399344481948e-02
2.117701218548470044e-01
-5.377422855154877918e-02
-1.448780731026790836e-01
2.686189722908677302e-02
-5.742040120578091600e-02
-2.537448088552055059e-01
-5.499990890480577210e-02
1.594461544558826160e-01
-1.539561634677566182e-01
-7.266418025345193488e-02
6.992350202911921941e-02
5.058875130326717651e-02
-1.297666311774017533e-01
-5.558729890022484632e-03
2.637972432213344862e-02
6.013705826095566351e-03
-5.258405969139334606e-03
1.324231669200188338e-02
-3.538818602884898253e-03
-3.246748464538332102e-02
-2.049789819648785427e-01
7.266150613525703197e-03
1.072682776585040382e-01
-7.551125373651738915e-02
1.395241054928450797e-01
1.541522793286034289e-02
2.078921627345475809e-01
1.713294365750274995e-01
-1.185590833156484197e-01
-4.956195481612597764e-02
-5.766883349851389257e-02
-3.916811083736435745e-02
1.146161929501552518e-01
-6.599812256371427599e-02
-1.282041477362006465e-01
1.801752573656184922e-02
-1.788649272430460901e-01
-4.554972616695587145e-02
1.203202705816635264e-02
-2.555303814625649317e-02
-2.461065375426507024e-02
-2.632010077133600801e-02
-1.859188516420591519e-02
-1.779915494055183400e-01
-3.968072653354422913e-02
-1.330933253537179214e-02
1.484974309189828479e-01
2.458030829284751639e-01
-2.235438864265494596e-01
1.078907999554979402e-01
7.446652073298397345e-02
-9.312524895554173676e-02
-6.064214250111876064e-02
-2.660990221006715589e-02
3.056774774365130787e-01
-3.086809642082558036e-02
1.183268425712062921e-01
-1.397307716853467274e-01
-2.457411230965561577e-01
-8.230040291539207631e-02
-2.557580731744420882e-02
-1.104206154451450733e-01
2.839021604268074372e-02
9.287387391161318340e-02
6.725776494913233983e-02
-7.323085914263742502e-02
-1.564417105435454702e-01
-8.314986518285985562e-02
-4.566667256991146367e-02
7.337149677855581142e-02
-1.064213760092716232e-01
-1.746185758466954618e-01
8.079694347532583032e-02
6.884624855858621773e-02
-1.295139084553858233e-01
-2.155596301336674125e-01
-1.622504114113791640e-03
-4.174332729894408150e-02
-1.381374415802911482e-01
2.343061535468057063e-03
2.402047069509810895e-01
8.378723695422110596e-02
-1.604890092374800306e-02
7.094853774643600230e-02
8.300718511585324089e-02
8.840500342410304024e-02
1.237676237823148867e-01
-1.111422701778805588e-01
-1.099722032911626263e-01
1.109248640865245078e-01
-6.620724856694919225e-02
-1.007610115377793603e-01
4.231328627270227599e-02
-2.364280351867191488e-02
3.961761898648876595e-02
1.337848240589749882e-01
8.788265125336759687e-02
-2.494031754882137381e-02
-3.548920259613622119e-02
-1.626695616534874211e-01
3.597712231879859196e-02
-1.805306688330056142e-01
-1.792311354296748926e-01
1.288549343371542255e-01
2.319726757461761102e-02
-3.873643147672691661e-02
-6.097301791957549649e-02
1.873664866156241060e-01
5.559229840012698542e-02
1.525988381126282822e-01
-9.527556495857937569e-02
5.984358325876695806e-02
2.461820194283461383e-01
-4.536277900233857269e-02
-3.776837121821228355e-03
1.915215748693149533e-01
2.170536686908791646e-01
8.896704401728841582e-02
-1.272282417496084783e-01
-6.593660316936389432e-02
2.140329106810979209e-01
9.632471013131551490e-03
-9.094475106333205217e-02
-1.386951700025341461e-01
-2.353131055484468642e-03
1.114795914529634890e-01
1.177033168498969190e-01
-2.579054301208649203e-01
1.967679869807211213e-01
1.829656553477918002e-02
-4.237371888902810579e-02
-6.935204365893566682e-03
1.252594416871718463e-01
5.332557031878478598e-02
-3.126923350099022197e-02
-1.343645643102479067e-04
-1.131939445865004779e-01
-6.809454930709656073e-02
-9.453210099562782409e-02
-1.701088922795059022e-01
-2.171753856294999716e-02
9.975424317984946630e-04
-1.693576677318195944e-01
-1.428612715796925559e-01
-2.677851029992020168e-02
1.768861172814656935e-01
2.262668363340915589e-01
1.229663530462927479e-01
1.804007823042526881e-01
8.672992923423251954e-02
-1.314638790751038178e-02
-7.595510203660371662e-02
-1.492372109227420862e-01
-1.544020746243596753e-01
-1.283673138670791795e-02
1.015852869904140948e-01
7.879065521738219668e-02
6.141129532852997175e-02
-2.257986069772343896e-01
7.001046552538696399e-02
-9.061921706811562963e-03
6.669871619463356438e-02
-1.017502111210581983e-01
-1.944928194975872188e-02
1.387190259517464275e-01
1.763897217956475194e-01
1.921493257948874156e-01
1.465016216598390986e-01
-1.586326966516641568e-01
5.223294787049805044e-02
-6.693388024531782277e-02
1.385120280300397855e-01
-3.245926417812650122e-02
1.956388201403618798e-01
1.138387073341866201e-01
-1.323897138242595070e-02
-3.652468304602650429e-02
-2.269814807056215467e-02
-9.940442310275643401e-02
1.023092780042711564e-01
-3.912579096750363333e-02
7.089436584506671191e-02
3.364886319897918421e-01
-1.931620230312071362e-02
-7.640160352577689273e-02
-1.056293818652580402e-01
1.476119928503449308e-01
-7.873971792603982889e-02
-5.987738189092611102e-02
3.254600190250006020e-01
-1.283107890737232581e-01
-5.912169298060657857e-02
5.483156731916277726e-02
-3.549994249499061061e-02
1.155432426306442911e-01
-1.148799668748186759e-01
-6.257955465463013733e-02
-3.303399881831933088e-02
7.198160747309238772e-02
-9.136008898069379602e-02
1.476087183699360816e-01
2.270078118242307152e-01
-3.473736597422037720e-02
9.576528663771229077e-02
2.513621216576943374e-01
-1.290145646142165647e-01
-3.490986061870348517e-02
2.607373693926698030e-02
-1.493842397236317954e-01
4.044532803163462115e-02
1.631621321967251792e-01
1.984310009394731622e-01
4.448678784612253301e-02
3.207626357728837058e-02
3.133136564179455630e-01
1.000000000000000000e+00
8.095105143230508782e-01
2.573451536049451982e-01
1.859336126656175037e-01
-1.513084017638086365e-01
4.659719800999952838e-02
-2.881938813292249102e-01
6.548225973294052871e-02
-4.850144335603874535e-02
-2.423927733658361172e-01
1.963741196439590664e-01
2.179212974545759011e-03
5.210458426943866822e-02
-1.761801955307216172e-01
1.482766920426178137e-01
1.133277188821703654e-02
-6.592708411151904091e-02
8.969653708432054340e-02
-8.289531876272228372e-02
1.398366016606515938e-01
1.893512515925234729e-01
7.160819142981397246e-05
3.808159559608743222e-02
1.501910206455522520e-02
-5.324506321249159596e-02
8.196302762361698524e-02
-4.225299463977284786e-02
-1.236647078961347346e-01
-4.617636165240797397e-02
1.120544473260786378e-01
-6.526516855833944253e-02
-3.851430373563669018e-02
-9.776492083943644218e-02
1.619006717173326892e-01
-2.716468227695904847e-02
-6.273185556742555402e-02
1.414952817067851865e-01
-1.835528316131375751e-02
-1.172851554230599502e-01
-7.939124144709050479e-02
-3.716188173178845873e-04
-6.882775168795894627e-02
-2.102092483080270358e-01
-5.813925977485613628e-02
1.983878858449069083e-01
-2.526150174160498030e-01
9.455654727740188392e-02
-1.771977315633747885e-01
-9.905312401133432865e-02
-6.295388381726951810e-02
8.139722170869891082e-02
2.446360881586316649e-02
-1.823699084917387581e-01
6.424188770118752223e-02
1.563554859585768175e-01
-1.410420918951661440e-01
-2.422271077953252333e-02
3.397512449012959207e-02
-3.324884429144832343e-02
-5.757921681316762602e-02
4.984714530468029037e-02
-1.404994807677397706e-01
-2.430901303955348147e-01
-1.108820912545365051e-01
-1.410518501113894596e-01
-1.176849721709688074e-01
-6.950517335744840590e-03
1.404631409623069982e-01
-8.987078129031698948e-02
-1.571284957717394154e-02
-1.467224920706878925e-02
-5.116354556431601530e-02
-7.729305623058148333e-02
1.090543086642807719e-01
3.795080874722719239e-02
7.574204238243305298e-02
-1.743690063721909933e-01
-4.043772325155257918e-02
1.042124945713902434e-01
-6.333649283616831632e-03
-2.797647549513318857e-02
-8.970481386498382892e-02
-1.896302389957836010e-01
2.936947425926027602e-02
-1.447179430726961424e-01
3.954665490276358143e-03
9.883170422277465228e-02
-1.663822833481559682e-01
2.662773615680218975e-01
3.651934209615567695e-02
1.827633373821258289e-01
-2.529787965188937116e-02
-2.224258725767899458e-01
-2.255595324072385069e-02
-8.961474060455672241e-02
8.917892270083978279e-02
1.230772321126287622e-01
1.864358705959031637e-01
6.242074465139064998e-02
-1.799357061948903824e-01
-6.415205721208411260e-02
-6.834368985785578554e-02
1.658839643674575870e-01
2.190013549510549939e-01
3.345216065379941761e-01
6.587788216172917911e-03
-5.785488263972154294e-02
5.729036248532884401e-02
6.872399908493143084e-02
1.827933328133806434e-01
-1.132292213467701036e-01
-1.426578960051202438e-01
5.822744964266329468e-03
2.363267791706088333e-03
-8.345030702919914445e-02
6.377537555716868319e-03
-1.214010460956080895e-01
-1.477805610697910943e-01
-1.090473469172217463e-01
1.421047060821437336e-01
6.058138375974350676e-02
-5.171925461339440394e-02
-5.989756309804684931e-02
-7.579029022726853360e-02
-1.368980821899460631e-01
1.152272018652736180e-01
-1.367678079240691180e-01
-2.504568630787238348e-01
-6.015853724609643988e-02
-4.698379921629593226e-02
1.764311686912158894e-01
-2.162094730048204697e-02
1.855425598531082812e-02
-2.774638338121984127e-01
-1.304519681518762353e-01
-8.933478434871985896e-02
1.165084522017175578e-01
-4.912792664980000779e-02
1.484874895522918514e-01
3.893447223002736157e-01
-3.009067272240231739e-02
-1.245561823426153819e-01
-3.447693944868920890e-01
-2.040210296126325762e-01
-7.145584146031992712e-02
-2.183404682504294994e-02
8.036454663956968392e-02
4.149374499436866287e-02
-1.974519327937727387e-01
-8.005218453473980644e-02
-4.009573501839036602e-02
1.432783643572191346e-01
3.730819220978351392e-02
-9.509917535274642645e-04
-3.057609836810505632e-02
7.960683828245157870e-03
2.835953015537699962e-01
9.723088695760577493e-02
-1.068302611495957483e-01
-2.378824777981008998e-02
-7.990488230924526480e-02
-1.417894733715412414e-01
-1.390613439229365644e-01
9.583150033596524175e-02
-7.686750021446606129e-02
6.059062939296690209e-02
-9.316161610678948268e-02
9.376268918571347560e-03
-1.648537998920213132e-02
1.324818765081198779e-01
-1.880009205649909032e-01
1.477016965023621731e-01
-2.129188305558831623e-02
3.506217044311230047e-02
-6.482753978655519944e-02
-2.282897740316544577e-01
1.062967523753153287e-01
1.983584497137947517e-02
-1.173446864030142506e-01
1.473835058401282497e-02
-2.512435073612531711e-01
-2.220729579868394865e-01
3.908373169219340332e-02
-1.564504837696798489e-01
-8.856051720524930893e-02
-2.593849855783618083e-02
-7.973499413670624009e-03
3.643176054234825538e-03
1.716330817671128661e-01
1.212627282241195148e-02
2.666692259639500892e-03
3.075875289136216217e-01
-8.390542033569843572e-02
1.384604223510531029e-01
7.599992850799934530e-02
8.016111836454448136e-02
-1.248152240841796518e-01
-9.884268365914546800e-03
-1.623641705128422985e-01
-2.836872857845186835e-01
-1.101213911323574574e-01
1.054496916139889690e-01
1.499317964587265802e-02
-5.979992169413731254e-03
-4.079268817345282211e-02
7.108017913535377708e-02
7.442439062850665643e-02
-5.284079131905030507e-02
-6.586293326976619400e-02
-1.715607792960683053e-01
-2.484054495701500942e-01
2.878541948054455513e-01
-3.175620835008672871e-01
-2.037695402562014479e-01
-1.620541318590796587e-01
-5.141789300196940998e-02
1.701443644093061647e-01
-1.357714750307043028e-02
1.792792581231554272e-01
7.562162582402566502e-02
-1.807172088155288014e-01
2.216963792042621340e-01
1.630350579691447477e-01
-1.133487649308934642e-01
1.200753040189439513e-01
-5.699430755755659217e-02
-3.179704093410736648e-02
-7.343128305440907444e-02
-1.343560361487837473e-01
6.892465624543028802e-02
1.034390477017508442e-01
4.005889515453294608e-02
-2.381821026043747236e-01
-1.270547838567041565e-01
-5.060216974582139315e-02
-3.939621564092867650e-02
-3.136460731983223837e-01
-1.031420420501160395e-01
-6.007393177260970246e-02
1.371792220391931418e-02
1.638950209770884681e-01
8.715303104377024324e-02
-1.177206310641986248e-01
1.012031880259391808e-01
-1.942345346281624252e-01
1.137655506491528322e-02
5.920367591829593656e-02
4.848960945325268140e-02
-1.085305495001225862e-01
4.837434377383700163e-02
1.742385236012167493e-01
-7.183841550778603986e-03
6.517941638046811925e-02
1.781951605255155113e-01
-5.892459294224713234e-02
-1.593410979636155356e-01
1.448819408439613009e-02
