1.920294278401888169e-02
2.950455189968443914e-01
1.212391059286247602e-01
-1.534092144985569062e-01
1.677336328151437517e-01
-7.544977002748340378e-02
2.274566570237087498e-02
-1.745167772419579655e-01
2.005580276491468472e-03
1.010319381060969524e-01
7.653121414258769184e-02
-1.385510039530319648e-01
1.617716788881066320e-02
1.116495817977935373e-01
-1.414848640225769005e-01
-5.015704950271449025e-02
-3.358650641807997290e-03
-1.645510655692262736e-01
5.883329615326380463e-02
1.459164001876688543e-01
-3.658966715386813978e-02
-6.749750128413364858e-02
-5.426635303126721432e-02
-1.219349817432966998e-01
4.501794268462858649e-03
1.547850334321183297e-01
1.062075907950767173e-01
-1.983138807846059615e-01
-2.389124690421089436e-01
1.680155767386765642e-01
-1.123290650711368382e-01
1.741052651360889547e-01
-2.333604468260040143e-01
1.351449601734964479e-01
3.054103741697416496e-01
4.290552973049017310e-02
7.008215370570564096e-02
-2.600801526168778841e-02
1.310127006866973198e-01
-2.151249536479943325e-01
-2.326579453051748070e-01
4.609786381159768076e-02
1.719339732452052072e-01
-2.638431567662419264e-01
-1.880325621814923076e-01
1.666975579595008639e-01
2.917828341704603035e-01
1.110887776729776871e-01
-2.309843661496779610e-01
-1.666364920976406705e-01
5.751277141323866623e-03
1.168109887528684249e-01
4.070895850601666255e-01
2.581507683266696662e-01
-3.219865626295228545e-01
1.098439953475774345e-03
-1.065946050815278073e-01
1.271562556274187907e-03
1.241043390992333656e-01
1.124478687981246283e-01
-5.649173589385939609e-01
8.640189526541884601e-02
6.621595955479721296e-02
-3.905744895816833373e-01
8.777281233916325864e-02
-1.344273047073371863e-01
-1.653952054954346551e-01
6.571773286570511963e-02
-2.506468814128410827e-01
1.194098564248880466e-02
8.763144691163041178e-02
-4.627068314927910986e-02
3.066073817091547471e-01
-2.090960870340153807e-02
1.999119089523860304e-01
2.219728559038320614e-01
-2.008899426777656649e-01
3.383700626181006949e-02
-1.779515567637114659e-01
1.069710958885452812e-01
-2.425002579547867188e-01
3.003865207830509407e-02
1.804720578864752734e-01
3.592869595114858150e-01
-1.623754800634390205e-01
-1.276504794229952056e-01
-1.257218739486535564e-01
-1.088967373366036551e-01
-3.783793251918380895e-01
2.393826895137702304e-01
1.615327623023609938e-01
-2.786392448391141752e-01
-8.863192264156992406e-02
-2.857942544895432091e-01
3.261913499563676155e-01
-9.418869343561206420e-02
3.652476223836680358e-01
-3.119585786969573254e-02
-1.991758051300213939e-01
1.287445634069510902e-01
4.271555962329209172e-02
8.161519298174439718e-02
2.884612015862949019e-01
-1.612113485993048878e-01
5.747780270409048181e-02
-2.131760849784854472e-01
-1.059906727959012973e-01
2.567483350535371689e-01
6.309990268764430199e-02
3.463907444693052895e-01
-3.376018378461518310e-01
1.923727564652603361e-01
2.040621938342696839e-01
1.115059465682277512e-01
1.568627456416327448e-01
3.793060630583804937e-01
-1.858146034444771166e-01
1.439403947169933841e-02
-2.093277662394056882e-01
-3.673266371930813956e-01
-5.819712144204870763e-02
1.216589355850410809e-01
4.370053504197544680e-01
-2.199171914411388873e-01
-1.653201381741337683e-01
-4.137612846162781050e-02
4.861648259687508140e-03
-7.523076751008642149e-02
2.476339906609299757e-01
-7.976286643599962700e-02
1.603200261585989161e-01
-4.035899413655246251e-03
1.473685840292012217e-01
1.280936592954152464e-01
7.872533899718328620e-02
4.668624947806259556e-02
1.269317656313824760e-01
-1.059702276155466555e-01
1.256732995562962751e-01
1.268410606983356170e-01
3.327360138875082307e-01
-2.150253885072941629e-01
1.758548485276940632e-01
5.599830528548916525e-02
-1.723650038392846376e-02
8.923812301453115658e-02
1.051722708690165237e-01
-9.662520474020082351e-02
-1.999734281933728264e-01
-1.974842005794400224e-01
2.557952828139727353e-01
-1.336003762559591634e-01
-2.039828718240546679e-02
-1.854549904291485918e-01
3.741431887915542664e-03
1.084340777712460846e-01
3.427405601061470630e-01
6.165509618330249769e-02
3.583290574788112332e-02
-1.705296358551686986e-01
-1.444996421252593005e-02
1.280646538739375895e-01
-2.007327408871481186e-02
-6.440600624028042231e-02
-1.765239617342000411e-01
1.914208231257465698e-01
-3.401288233305731212e-02
2.574470249112365550e-01
-1.038975049598656192e-01
1.538850294703970611e-01
-4.466884661691858383e-02
-6.134335570271187699e-01
-9.016640617152955894e-02
-2.359216900409194795e-01
1.163657193489978786e-01
-1.974861064110235986e-01
2.806309399882238043e-01
-9.055451065463052118e-02
-4.519771158124419319e-02
3.663855001800751521e-01
-2.120399310284372119e-01
-1.061759853177465379e-01
1.415553950384172699e-01
-1.687124534720749192e-01
1.516595383996878765e-01
4.080298271986704250e-02
2.118392521580314269e-01
-2.093917355529705537e-01
-1.472062611822134992e-01
-7.004209421563566997e-03
-1.988706642723273854e-01
4.628786090749838211e-02
5.289165458164495764e-02
7.876683430423807308e-02
-2.923655512944911897e-02
1.892723962005062044e-01
-1.021845773047563993e-01
2.543375314609827575e-01
5.290045579864546127e-02
1.689356888990430350e-01
1.197976241224288779e-01
-2.921330427371409688e-01
4.705983524946828062e-02
1.244722073759069736e-01
-1.432984807316472764e-01
2.580333547628620439e-01
1.973224472475257896e-01
1.939151312861343845e-01
-7.581773431000762842e-02
1.354031292052997604e-01
-5.319970390427257445e-02
1.117820347667137365e-02
1.586883652712776649e-01
2.191018732365411781e-01
-2.618386262955285995e-02
1.436760381876628703e-02
1.398433133055124178e-01
1.724359475935640373e-01
-1.961265923247558218e-01
1.066558799173339400e-01
1.320864389372746264e-02
-4.706177479764431237e-02
-5.288952973787256970e-03
-3.083083233941304874e-02
4.254568247892171438e-03
-2.388018851334279199e-02
-2.704723784349949076e-02
-4.292839641079447544e-02
-1.687715832150622486e-01
-4.370328156947587694e-01
6.954581539835752446e-02
1.258747906323139376e-01
2.522014444380823450e-01
-3.170037547960823376e-01
7.353610451129696801e-02
-8.323139995720527096e-02
-2.723347885485368214e-01
-6.452771341899150859e-02
-2.408268927864460895e-01
1.360778351973050415e-01
-4.391582784510978527e-03
2.626890734387820822e-02
-2.296886713937192070e-01
-1.168169489381389037e-01
-8.657692541444308998e-02
1.642384294047837326e-02
5.245028783352592011e-02
-2.008143024120881137e-01
-2.777231853177736798e-01
6.506368102801908526e-02
-9.402640087595093288e-02
1.658884999067039567e-01
-9.139268537053588104e-03
2.371405009219545168e-01
5.951642761330457887e-01
1.000000000000000000e+00
8.534137940308588188e-01
8.742133411682248001e-01
2.517290164536276631e-01
3.037331923250236043e-01
-6.653123623134091225e-02
-1.008428476377143251e-01
1.213802253670511755e-01
1.154901542160230721e-01
3.738733552244191682e-01
2.143871292896238484e-02
2.662168159426369640e-01
1.824102784980715375e-01
-1.028598292524357111e-01
-2.860866964876954688e-01
1.396522242982822792e-01
1.154418225142041787e-01
-1.182410372842797180e-01
-1.619530806384408272e-01
-1.700956514574691603e-01
-7.208425262647876613e-03
-1.288069015814396201e-01
8.953186088472989135e-02
2.489852764745552616e-01
1.376581986418446146e-01
3.090348458076365712e-01
4.296551671211377155e-01
-4.418855431068374751e-01
-1.544400908264204897e-01
1.191199523894794499e-01
-2.398519444979957949e-01
1.194632638560823301e-01
4.159331442540198376e-02
4.843737473080192424e-02
7.508419855344221350e-03
-8.701000489926681569e-02
-2.058253927393738358e-01
2.332983816293618395e-01
-1.151683208386105120e-02
-1.689650920075811413e-01
-1.369631131880273689e-01
-5.844951900167743436e-02
-1.127069797461978905e-02
4.072794411386384400e-03
-2.853692835696104366e-02
-1.718595125848920713e-01
2.175290691143982047e-01
1.256808286032631665e-02
-2.111282863900702453e-02
8.856894924528754473e-03
-3.484513731999678426e-02
2.787893777670363837e-01
-3.329048158749155217e-02
-4.650031010869213333e-01
-2.261715971967487304e-01
5.788008891719591265e-02
-8.800533937743759694e-02
-3.790418462780441589e-01
-1.525940850070550969e-01
3.321858225319090224e-02
9.444299009893451780e-02
1.691423515141373679e-01
7.350268248034397267e-02
1.351175236018742898e-01
-1.471228188918719156e-02
-5.168530576747579763e-01
1.667920695424486566e-01
-4.640805994166771753e-02
2.166703514858044355e-01
3.721894009888560007e-01
-1.232539424505273429e-01
8.478338820065439707e-02
-2.547059835626979893e-03
3.341931839960722572e-02
-1.812123997624123795e-01
-4.518498071978956088e-02
1.528412402958541916e-01
4.923044182426048465e-01
1.411812313094246429e-01
2.864280921081165110e-02
4.016732377656023756e-01
1.642161896345136207e-01
2.268421528292351719e-01
-3.226311493132473784e-01
-2.962454029992409033e-01
-6.555293124277583594e-02
-1.411503587862034670e-01
4.433194185608779758e-02
1.652726186779267525e-01
-4.186589228301417220e-01
1.282945134231744944e-01
-3.344725681657519933e-01
2.264763993580724000e-01
2.352125593845925400e-01
-1.461822025604420441e-02
2.591120118236602266e-01
-1.284315919636750403e-01
1.477013064285629396e-01
9.410829786410745967e-02
-1.386535398479052383e-01
-5.330235778047012069e-02
-8.608226941260335718e-02
1.850250519425852003e-01
-8.631960230486276919e-02
-7.750335340125817651e-02
3.973321285544348380e-02
1.862422636864754510e-01
-2.578941428706614802e-01
1.456301256340161165e-01
-2.562794204803429121e-01
-2.767256450414703473e-01
-1.131176189528890069e-01
1.098963317130854656e-01
9.652796166429654379e-02
1.964911208753630442e-02
1.199969363890352608e-01
-7.352135155159539304e-02
2.891676007496652989e-01
-5.814135341236779247e-02
-3.929464316396279466e-01
-4.448326613047458994e-02
-7.758353327094563712e-02
6.363965167253107791e-02
6.674956808386839358e-02
-1.663226140268465603e-01
-1.321482244163769970e-01
2.069645646931478344e-01
3.022489650171010858e-02
-2.953899830800904014e-01
1.372966477930009643e-01
2.148091310157952405e-01
1.074914462892343631e-02
1.244818225131616163e-01
-3.925341426168803272e-02
2.853232436570085628e-01
5.604527209816957678e-02
-3.724591111424366014e-03
7.799255815830367922e-02
5.709583366359482354e-02
6.059618335071884077e-02
-2.867641995486052212e-02
-4.175314791044723584e-01
5.434864599180464634e-02
-2.246945515653863967e-01
2.143791672551714766e-01
5.761166278666925850e-02
-1.486407566103894462e-01
1.122311447451238703e-02
-5.149001496795385657e-02
-6.173260333091103169e-03
1.660443200420689824e-01
-5.099137863092592302e-03
2.417981913558977722e-02
-1.245587754051960261e-01
1.384896026933694346e-01
2.185849522021373337e-01
1.445792910907818252e-01
3.634564613545819556e-02
2.078123932879701596e-01
-1.231542406397003603e-02
1.899655185467666318e-01
2.288251074666766971e-01
-8.269412974826007012e-02
8.623980666643743520e-02
1.415476487175670595e-01
3.276339273228780907e-02
1.129388311181401400e-01
-7.188981365880871277e-02
4.695854124918027311e-02
-1.025408976238891962e-01
4.308875295117713944e-01
-6.203301429943307299e-02
1.860487548939752100e-01
1.863655717169922232e-01
7.988387094789101139e-02
2.818444580502898478e-01
2.345484374465994781e-01
1.656083978108356669e-01
-1.578340709800490627e-01
-2.053603471053572493e-01
-8.412934810406848263e-02
2.695038572672854224e-02
-3.537231043991369978e-02
-1.487716879671845682e-01
-1.321592830391614968e-03
2.224732243871562765e-01
1.062459470382140676e-02
-6.634435485965883839e-02
2.534369815436061102e-01
1.011244208629452357e-01
8.971822830270675952e-02
5.311024280026577574e-03
-7.355002500457387404e-02
2.173092156615679393e-01
1.155027030922716608e-01
-6.960625275449142113e-02
-2.207704289018929192e-02
3.795604290892307803e-02
4.317830345336284154e-02
1.286112479157652984e-02
-8.827464343211879894e-02
-3.549961211878500250e-02
-6.345416890657994136e-02
-2.605264007678332328e-01
-2.243297670109812014e-01
4.285512202961598294e-01
1.700207863822243703e-01
-1.317876744862224725e-01
1.288480261901738533e-01
-1.830616443005309846e-01
-4.805535844075358581e-02
1.024080806963605650e-01
8.262258937117983315e-02
-3.551667736770328654e-01
2.517732315125387754e-01
-3.172918121867281394e-01
9.273967758107994064e-02
-3.528593112373917123e-02
-5.051636756472297624e-02
-3.871680798974114907e-02
-4.596839005118631000e-02
2.739130574484155423e-01
1.205993858041990163e-01
-7.226818001013909920e-02
-3.421311900315060495e-01
7.004267719831112904e-02
-9.399289286560522094e-02
-2.894233027466271979e-01
6.181294013155672062e-02
-2.233370343033238559e-01
6.516959559846215166e-02
-1.007377777888045917e-03
5.370980880474374858e-02
-3.759605443290138238e-01
-1.812580117123935575e-01
3.026254338369158692e-01
-2.616142550180127757e-01
1.144595508659871780e-01
-2.817036183175810060e-01
2.519550643397160394e-01
-4.984338541909524856e-02
1.544397791187527569e-01
-6.241440538234178936e-02
4.353944936700269164e-01
1.495937971088351359e-01
-1.770822600943343927e-01
2.469347498343462954e-01
5.157194937540857671e-01
4.941720471330470210e-01
-2.988304764475721576e-02
-5.130034984053367247e-02
9.480825660511334185e-02
-6.202932563085643974e-02
1.959934754306782434e-01
1.371045898690132769e-01
4.775889009986094003e-01
-1.388286912768404435e-01
