2.178726130440548914e-01
2.313506053682201635e-01
-1.072576184861830373e-01
-2.952152520591225793e-01
-2.081722363745269200e-01
-6.128794519111953332e-02
5.754878456020420807e-03
-2.817499182715191286e-02
5.873261833588382108e-02
7.622176875944766845e-03
2.419060110394857105e-02
-2.232259864951628980e-01
-1.110532990151791022e-01
1.414393339542983907e-01
-3.242816034572781198e-02
1.958985695406411098e-01
1.021513188506821962e-01
-1.453522019765104110e-02
1.402981716044074401e-01
-7.053503008149615561e-02
-1.044250752112833441e-01
-1.992237099509869269e-01
-1.439213415261762496e-01
1.636813387182100565e-01
8.486055552256407952e-02
1.257063932631964087e-01
8.287161867977345386e-02
3.997312385091052189e-02
-9.362317533105471434e-02
1.939235576610862100e-01
5.379593332152405455e-02
2.217716257455614737e-01
1.749623008528352341e-01
-1.428173677733778069e-01
1.087752167292601047e-01
-8.447916224587695422e-02
-2.074501105007272028e-01
6.416656113142124584e-02
-7.311754725539709732e-02
-6.163877763191088349e-02
3.498119726182515321e-01
-1.303587415117248294e-01
-5.483316019038887018e-02
2.102681163455374924e-01
2.173979792177309356e-01
-3.294400417038139128e-01
-6.014119399952949641e-02
-2.922091674782882342e-01
-2.323428364738397145e-01
-1.791750962712680417e-01
3.788401835215199354e-01
-2.499261429744661644e-01
1.216835238143698789e-01
-1.512211619607443658e-01
-2.624389181122951682e-03
1.661398412802340963e-01
6.999688707506095814e-03
-2.065894135936613418e-01
3.349940079062795339e-01
1.940220903146377962e-01
2.049194126984694442e-01
2.208347044107135670e-01
1.750369384143319884e-01
-4.493692699186383789e-03
-4.996489243767326255e-02
3.011427853808524846e-01
2.468569592245989375e-02
-2.344713468989808591e-01
-1.754572741772771061e-01
-8.884437014940123334e-02
-2.335518871299760713e-01
8.333005385660584297e-02
5.465074342574267885e-03
1.915930716863231131e-01
-3.676146418812558658e-01
-2.578622480492573713e-02
-4.908277913031793005e-02
-3.971693894939018477e-01
-2.180824792712696414e-01
2.389631320062764880e-02
2.766493312586266670e-02
-1.611608887912113208e-01
-5.426105162137019600e-02
-3.087107613109183468e-01
-3.361337127161152100e-02
2.239848463637435783e-01
2.641297614045362563e-01
-7.740162870942560169e-02
-7.908905479997317689e-02
1.417744413392392766e-01
2.240623337078920252e-01
3.456735825436713649e-01
1.446373685941631515e-01
1.434835995591753344e-01
-3.669860912774918216e-01
8.766698538097013327e-02
1.618942667014518499e-01
-2.127955461333194687e-01
1.645409777144190289e-01
-4.985574865024068429e-03
2.658896716409264727e-02
1.249263963529378130e-01
1.822040923863875450e-01
-9.744697437468352597e-02
-5.014149675257423971e-02
1.680218539861194904e-01
-7.612110600351353062e-02
1.806965386252019079e-01
-3.814948392476304184e-02
-6.296735911003452368e-02
6.799483574406040010e-02
-5.866392171562812008e-02
3.618589984790500091e-01
-6.871346960657494229e-02
7.960452709923176995e-02
1.152890249592265492e-01
-7.969376567348453178e-02
2.327994434084046105e-01
-1.946784787482454954e-02
8.214320892349907810e-02
-1.371169952218405375e-01
2.632623623831271131e-01
-5.386417372731143460e-02
6.313532234475008331e-02
8.957241958526922232e-02
-1.718466919492904754e-01
-2.913369217969823954e-01
-2.277588864956556214e-01
-5.501509987443831476e-03
-2.090471890894491855e-02
-1.187619254297670457e-01
-1.155906828055317526e-01
2.613555545388869250e-01
-2.687240418319309931e-01
-3.782065909619351449e-03
-6.819410860513727690e-02
1.252218918108081169e-01
-4.874118285737804451e-02
3.990938275390071288e-01
-1.763067934010041637e-01
-1.418887354191288031e-01
-1.634807731790018093e-01
-4.873538078936438811e-02
1.245450220675505398e-01
-1.928634153820987102e-02
2.351099337637867215e-01
7.388294315289969938e-02
1.198104704673696314e-01
-1.502825594776911189e-01
2.409701761306328946e-02
2.614003370757879696e-01
1.926792127823920564e-01
-1.393976859144142322e-01
-3.461654690546694252e-02
1.827343707038819876e-01
-9.244034881501635159e-02
2.124542209981563901e-01
-1.331313697319235212e-01
3.129191900885040789e-02
8.713590951990082822e-02
-5.685475469945951155e-02
6.783896100947836572e-02
-2.186205409502761307e-02
3.387839101718284618e-02
1.310675141736429572e-02
5.408071244420717960e-01
2.369025392604269808e-01
3.525301794855906223e-02
-3.514719562437014222e-01
1.136869958816904280e-01
-7.500342051382360986e-02
-2.128211859561868757e-01
2.249380606300031005e-01
-3.423461940470772236e-01
-1.492248997662916910e-01
1.317028927307723751e-01
1.425922500839388596e-01
-3.041651603434384343e-01
-1.846646446378580886e-01
2.959225719146716393e-01
-3.162924208282674732e-01
2.055217945239228017e-01
1.866219371338885269e-01
-2.883555769927154122e-01
-2.202772993571759652e-01
1.949887005887046276e-01
1.645315836819958022e-01
-1.220012695865771712e-01
6.839598420164967607e-02
3.138554950807053157e-01
-3.078219541100841172e-01
1.488940654945117015e-01
-3.157643923924623175e-02
-2.057943948892071162e-01
3.577818101801037709e-02
2.454189489291081216e-01
-4.842580250370141087e-02
1.308124433018507116e-01
2.836386473725501234e-01
-1.468462053756096897e-01
-2.784748660285427113e-02
3.217293462727848635e-03
-1.078538989562080330e-01
-9.522019988413721325e-02
-2.385736616491126727e-01
-9.554444531480862923e-02
2.135078705133369725e-01
-6.477151423882278672e-03
-1.681581487835290822e-01
6.747251423641120738e-02
2.853650539319850798e-01
9.009552219480895796e-02
-1.487825525153613770e-01
1.122963835271668931e-01
1.493827267868261810e-01
-2.095602203936074437e-01
-3.233793483971419969e-01
8.204983865894320549e-02
-3.833059184062252989e-01
8.491957053095028352e-02
-8.493354830635782560e-02
1.092550600855472231e-01
1.945776291432637084e-01
-3.301399709333712601e-02
1.372635891972192046e-01
2.788352049170839675e-01
1.848888284601251375e-01
3.431108386840792113e-02
1.274234529311607245e-01
7.620946607238171522e-02
5.728069998706655265e-03
-1.769592481755064353e-02
3.079077247636123338e-01
3.366068907172355407e-01
1.846083067975750128e-02
-3.585866312363075736e-01
-2.811175824290524927e-01
5.069879108250749389e-02
1.914340785809726386e-01
-7.953510473890253174e-02
2.149013797914351431e-01
4.623505052544647081e-02
-1.014195278067121370e-01
-4.957398269701983329e-02
2.094977656141345512e-01
-3.127567974753346983e-03
1.292922274937808869e-01
1.150917382049592291e-01
1.332850286916674176e-01
1.988543216630080657e-01
2.448137091001831578e-01
-2.383598215961517386e-01
-4.107059950362986767e-01
-2.218236199094889179e-03
7.366191700909676676e-01
1.000000000000000000e+00
7.615600019772442719e-01
3.285024443194456967e-01
1.078164996823867822e-01
-2.884633631137701465e-02
-2.079468557681607710e-01
-1.962050995673294412e-02
1.878059794253258419e-01
1.334458054479631672e-01
-1.564164306448630748e-01
-1.010562167040057746e-02
2.368776788070325531e-03
-1.747564150600743604e-01
8.742966024695857097e-02
-1.079393768515822701e-02
2.389029695156554278e-01
-5.054508498181101150e-02
2.820438965057234793e-01
-5.260570710072160622e-02
2.327830060121417050e-02
-5.330929187735515377e-03
-1.783143050822969811e-01
1.747288751914678473e-01
1.743875392858396378e-01
-3.809252742792211821e-01
-2.915962947894665813e-01
-6.512541705152197213e-02
7.110606598960696363e-03
-1.994544220737488535e-02
-4.003621121010783601e-01
-5.999926066986752821e-02
-4.465745116659797925e-02
3.535244242756101218e-02
-1.728728492292248495e-02
1.604455700841251609e-01
-1.741323482461999417e-01
-7.987301476552768897e-02
1.353592046829422413e-01
-1.949494572029048800e-01
1.726537991538930616e-01
-7.665050071639234464e-02
-2.093148913087980179e-01
5.200361634413741552e-01
1.693412598368866651e-02
-1.533092793569392764e-01
-5.466121397158907325e-02
3.342522073210093397e-02
1.615837247868371906e-01
-8.070268283471024665e-03
5.244123020605718360e-02
1.655868391874846697e-05
5.590833937906397599e-02
1.773443575398833960e-01
-3.851477850508298190e-02
1.947180525888641753e-02
-8.558578899665231221e-02
-1.829491636153295075e-01
2.564818527668872791e-02
-1.756986648693245057e-01
4.997181550681751780e-03
1.106704039957886188e-01
1.235919072619186786e-02
2.564566813589681527e-01
-2.162527435812880774e-02
-8.051755079242418900e-02
-7.879594375194820532e-02
-3.009658576083957746e-02
7.974234772990532183e-02
-5.076351954822137802e-02
3.637507650453424696e-02
-2.853871074616620707e-01
9.877740259395195732e-03
-5.823007667165582685e-02
3.159273472027336604e-02
9.891433444119834828e-02
1.094134052910450267e-01
1.282263864832746195e-02
2.636524822223909083e-03
-3.198664069972269042e-01
9.043737883501601349e-02
1.802920503496651949e-01
1.634949610591499292e-01
1.052637821713090782e-01
1.062444804519059073e-02
-1.954058401406604251e-01
-1.634011864548387538e-01
-2.204057506179750159e-01
-1.420844435279604023e-01
2.206920042367598311e-01
-9.064395456933627138e-02
-1.163459481600873230e-01
-4.450021101290963649e-02
2.102385606083267966e-01
-2.928395066800851178e-03
-9.645262489771985748e-02
3.994172088014732308e-02
3.546731035831154344e-01
1.386865270472542599e-01
2.484856353846140176e-01
-1.294220498448757917e-01
1.289965659505188933e-01
1.105905404626443961e-01
-2.428087453644969806e-01
1.523774122371130968e-01
1.021870507415188929e-02
-1.919326131705557936e-01
3.821162733810645751e-01
-6.138343949820904838e-02
3.434961604409564329e-01
-9.007912421102706735e-02
-1.078559122751818616e-01
3.275695803217840152e-01
9.580427800885034373e-02
3.915017519564874260e-02
4.132130714339087851e-01
1.564057126630669370e-01
3.504907756561468357e-01
-9.306469243787192369e-02
-1.267635768313392086e-01
2.459532292220014960e-01
6.316490056037948886e-02
-1.120646139859409196e-01
-1.317131842598800173e-01
2.024289782102389190e-01
-4.644728994691616278e-03
-1.592129539571017771e-01
-1.024370548564918215e-01
6.716885995788244093e-03
5.043809981188438624e-02
2.718910082214313628e-01
-1.805215739887580662e-01
8.784470596324128050e-03
-2.457191747790331282e-02
6.533054422081101265e-02
1.607846323034975433e-01
2.234068639232395792e-01
6.828108681322968276e-02
-3.222050989336604221e-02
6.420531193228003197e-02
1.792491937426319735e-03
-5.361906608969586874e-02
4.966464715141213210e-02
-6.470406796904219771e-02
-1.071804161718653281e-01
3.590455537718385826e-02
-2.071790555320096594e-01
2.208309935018797632e-01
2.382994661967083039e-01
1.701119989588573134e-01
-2.712489535627786441e-02
1.095880516487743317e-01
-1.775660740128383597e-01
7.678241110507827427e-02
-1.123142218551007460e-01
-9.521214057155202859e-02
1.908371666527496069e-01
-2.923547062193477403e-02
8.732594876272695150e-02
9.471865764737508186e-02
3.257694280263027098e-01
1.386959128588427514e-01
-3.157158920520257706e-01
1.227203821419638879e-01
-1.134814422597128780e-01
1.651524214015122616e-01
2.085629990211033957e-01
-4.680970569537000747e-01
-9.225795887378604454e-02
-3.418967900326312925e-01
1.550107743832107032e-01
7.158620345454176637e-02
2.869567365637366516e-02
-5.564487580050968968e-02
1.877835522551321024e-01
-1.236718820111491202e-01
3.282620120301373706e-02
-6.891794028964655372e-02
1.795762472784728225e-01
9.582511009192404283e-02
6.068455514537744039e-02
-6.653971949259081253e-02
4.717818393931225152e-02
3.684869956096876314e-02
-2.088864742472715599e-02
7.791871857422295877e-02
-1.218669855585110123e-01
-1.793813116851670497e-01
8.889801209207782995e-02
2.510034769049580561e-01
1.152088292553138243e-01
-1.367557908620903317e-01
-2.901929814679410358e-01
-2.113619124144066330e-01
-4.037242079533989725e-01
-2.049397768591212365e-01
6.719462176722697244e-02
5.195867849000580796e-02
1.909177641468169373e-01
-9.036613390365334786e-02
1.936600555279440750e-01
2.410212883648133464e-01
9.702027769959429768e-03
1.577254156171336089e-02
-4.029214898116851434e-02
3.882566117683089457e-02
-6.995554175372485917e-01
1.814259262680119611e-01
-2.582824320075686741e-01
-7.752286534213727320e-02
-4.943700675087373680e-02
2.210008403406501232e-01
-6.138223194365966667e-02
2.805975207155904094e-01
-1.506041847937690803e-01
8.713721135637023107e-02
-3.619216327909470510e-02
-8.976379921913775484e-02
-3.485171729764690446e-02
-2.499382453666536552e-01
1.115160073051723599e-01
-2.575903190229364426e-01
-6.173701921889734184e-02
1.860740566382149130e-02
3.247568449130657647e-02
7.812443573196180269e-02
-2.361904445484380444e-01
-2.719044817039443784e-01
1.556515605811704117e-01
-2.185683154434811537e-01
4.867885605384910351e-03
5.681479148341323296e-03
-1.644265206707415106e-01
-1.045522246355981566e-01
3.553896323943813162e-01
-2.244395456036930858e-01
3.603404810714064266e-02
2.134642319483484318e-01
1.635804052131288044e-01
2.286479012516148546e-01
-9.727202872953950863e-02
-1.847508002743413758e-01
6.259642287587338649e-02
-2.927941206212819059e-01
-1.538668950871759089e-01
-9.915393893268496794e-02
-2.376089068294627571e-01
-8.407381502824365360e-02
2.475368754192246341e-03
5.806421761673706827e-01
-2.619930053796915622e-03
-3.510812978388993394e-02
-2.496450707359917642e-01
-8.693767221813981927e-03
-2.055253749073157957e-02
-1.983069667625959598e-01
3.104725208149246990e-02
1.320290714560815593e-01
