1.311702741853151269e-03
9.844985527179289653e-02
-1.503169281121944645e-01
2.446385553754424833e-02
-1.277757095884277105e-01
2.298118142333022834e-02
1.951585898461541957e-01
-2.485640961986035000e-02
4.839455090375011648e-01
-2.054728817311338995e-01
-2.928034230647817981e-01
3.225146273751425263e-02
-2.187949600938751127e-01
2.649579026237153800e-01
-6.534983022503651484e-02
3.289575344113289113e-01
-3.176112822539844255e-02
3.536030355019534333e-01
1.460990750150239215e-01
-6.324613115415179676e-01
-1.317460428765425962e-01
-1.558841330023096744e-02
-7.208312163529298489e-02
4.875385699101579262e-01
-6.915489575367141095e-02
-4.319441184801988132e-01
1.263286739839742379e-01
1.107595637756443319e-01
-5.458738348219220882e-01
-9.590414959556443908e-02
-3.527980499444021700e-01
-8.189471776103897371e-02
1.435237374008132283e-01
1.563691863401303617e-01
3.183421732129225190e-01
-1.181111480837268969e-03
-1.425957614793277595e-01
1.981535651339283721e-01
1.120842444412987332e-01
-1.144796600644668594e-01
4.494390754463752774e-02
2.919380035119558681e-01
1.520745874569386646e-01
-4.640378827382865001e-01
1.789322830409000309e-01
9.351043390729582572e-02
2.614455547193968443e-01
-7.122949601704177403e-02
1.842424306762657227e-01
1.176714462038705167e-01
-4.649238680081968500e-02
-3.036897894429506084e-01
1.607603274211943933e-01
2.699171707655436125e-01
4.429749561669008712e-02
-6.095991450744916995e-02
-1.495314429958958247e-01
8.610492270682637561e-02
2.734507012988771080e-01
4.018276835906089278e-02
1.363699470366820377e-01
9.042362951740925969e-02
-4.381722682828791959e-01
1.057145154791976766e-01
1.919063519643638138e-01
1.254432794184477395e-01
-1.093961209510864591e-01
2.829418510266017428e-01
1.021187546326713692e-02
-9.727667768484391311e-03
-5.292223116189912618e-02
2.349300179780610398e-01
1.678599408455837272e-01
4.351560872095720789e-02
1.324726883227944352e-01
6.180105064323821590e-02
1.232667082641229154e-03
-1.452528899707109314e-02
-5.194007964526468069e-01
-2.639288697593644706e-01
-2.210105727346165297e-02
-2.152662205261657025e-01
8.032870934047349476e-02
-3.117181344595153503e-01
-1.347251563164146293e-01
2.761203330827904576e-02
-1.731069647996965055e-01
-1.627232566837572836e-01
-9.113444115093819950e-03
-7.335083317683488424e-02
-7.909321357787264806e-02
-2.848840722315222340e-01
-2.468883999213363489e-01
2.874282354201889919e-02
-1.382604420287889269e-01
4.335687862024789618e-01
2.210131986560447404e-01
-1.091259218075442960e-01
8.848497879327230087e-02
1.565543561211330537e-01
2.826938388990615225e-01
-1.667891277828077445e-01
4.529057843484960433e-01
1.299090845204062539e-01
-2.276666432569103005e-01
-8.552921737467834851e-02
-9.885771705301424697e-03
-7.873639562509864021e-02
-1.621821076046191246e-01
7.659719295753898705e-02
2.208051789295458756e-01
-5.076436067566157950e-01
-4.964122750107384519e-02
8.208944196888057210e-02
-2.066114987170812045e-01
3.594579304369979189e-01
4.282128977725160879e-02
1.865294792561526804e-02
1.558264251886271601e-01
-1.524605301578537409e-01
-1.520991422159955753e-01
4.482120901169845406e-01
-3.644938947977959930e-03
9.004003193380105685e-02
-2.438827504528428003e-01
1.178689348563005806e-01
-5.573719171748528489e-02
5.391784442902829433e-01
-4.472945021628921825e-01
1.984948626962176055e-01
-7.760061607496793190e-02
-3.154278279096133231e-01
-2.477428868199239298e-01
-1.798825888496651260e-01
-1.030183895116839055e-01
-6.861753325317040964e-02
2.936804561839006511e-01
9.134124668352026910e-03
2.592509220088364819e-01
1.635639508665166775e-01
9.711436731143872902e-02
-4.266861942547925390e-01
-1.748697840718663743e-01
-1.435360820690657208e-02
2.402010671110897666e-01
-2.058489514088634453e-01
1.295722238332208121e-01
7.295611458084153012e-02
-3.272619875390815614e-02
-2.163411565109620571e-01
2.607009332771210164e-01
9.911349751774461980e-02
4.552470181532611293e-01
9.765780138515665898e-02
2.548421965192729788e-01
-1.513343651573393067e-01
3.193476654624253785e-01
3.666281467907485381e-02
3.506155445761208189e-02
9.776905793729352701e-02
-8.231178422674660655e-02
-2.786063933480735777e-01
6.754131560841964976e-01
1.487596729609842738e-01
-6.142859669773812620e-02
4.303839380306124784e-01
-5.156028504281277847e-02
2.127941421008496536e-01
-3.570713230919032033e-01
2.299802312718687292e-01
3.109573591446520430e-02
2.746438257566658284e-02
-3.201813722448151184e-02
2.054122642563485091e-01
4.482301381713629795e-02
3.949606780362611147e-01
-6.768079918371866510e-02
5.286075240682761717e-02
-2.158780270037693322e-02
-6.255668260964175609e-02
2.908385728908297052e-01
2.333524237309848870e-01
-4.024674620420766735e-01
-6.678325147911319537e-02
2.514327159809768286e-01
4.239001377062809328e-01
1.438186621498451223e-01
-1.236843294734404908e-01
1.726120279154511328e-01
4.437042059702219210e-01
2.535673211550681372e-01
1.483571224987744741e-01
1.238313223905677246e-01
-1.160057490751939674e-01
1.928353697698403924e-01
-1.434749639907096919e-01
-5.692847517957370096e-01
2.537094853741439504e-01
2.712288696302009861e-01
4.699856053511466958e-02
-5.187181243910526929e-02
2.545101258649384857e-02
-1.510687360029064341e-01
-1.923546071962774495e-01
-6.802939368270147225e-02
1.101978271197914389e-01
-6.253825954655400921e-02
-1.601339228889175348e-01
1.414433744032752294e-01
3.007253076088428068e-01
-3.439501006329727661e-01
-5.151159461660761996e-02
-6.771468739312479224e-02
1.083947618516973299e-01
-2.453770705163197119e-01
-1.130866079276496988e-01
1.231365288754392856e-01
-7.505328345509321153e-02
-2.328503127960082630e-01
1.655644495429498264e-01
-4.589516619287928312e-01
-3.361507043770641245e-01
2.897019320603877457e-01
1.455490169268271183e-01
-1.402180682573007098e-01
6.424523967650985767e-02
-2.801517440764515476e-01
1.518033939191048842e-01
3.328160913244633257e-01
3.286533230043475751e-02
-3.147083087889951392e-01
2.749331318108533817e-01
3.662507848049708081e-01
-1.475004786055784944e-01
1.590272783150212810e-01
6.642928606888527654e-02
-2.194389665463402639e-01
1.602935435165716849e-01
1.497828048631028031e-01
4.991448521104783764e-01
1.992075820772628569e-01
5.466348621017460413e-02
1.496568892008175167e-01
2.377371843998078160e-01
7.842938808783342375e-02
-6.407112567110595513e-02
-1.265279679455522110e-01
-3.600184692337834447e-01
-1.194788553704998341e-01
-4.728527625095325093e-01
9.826829370402621888e-02
-1.010478493593942595e-01
3.906500289470707377e-01
1.619413749020585380e-01
2.295993380100967429e-01
1.000000000000000000e+00
7.162899859148592618e-01
5.944141391090170812e-01
2.027180090701670712e-01
2.287624355200337800e-01
5.472466124023096096e-02
-1.088658896549054844e-01
-3.107854079452155860e-01
1.530138565427727713e-02
3.333335156120435100e-02
-1.501332272969313486e-01
7.807744896321798522e-02
-1.695090477246292693e-01
1.386711105705666636e-01
4.564147061841369174e-02
1.289264295833719431e-01
-1.726767308152527547e-01
-2.649981987497216362e-01
2.418946048070333074e-02
-2.632974710320857836e-01
9.652528859079434476e-02
-4.224551920834232477e-02
-5.392305556711315950e-02
-2.374840573609149352e-01
-9.631783881724625962e-02
-2.553018993497330746e-01
4.264685941377983208e-02
3.982543094075881585e-01
1.696535672890802093e-01
1.586504804709608640e-01
7.417286069426873296e-02
-5.319852383833715377e-04
-2.786912796039624496e-01
-7.465287488078745093e-02
2.522972141307393001e-01
-4.534692746426117332e-02
2.174090542680823523e-01
3.950668412032139892e-02
9.534829127617072686e-02
-2.389589273486444621e-01
1.702672611269569203e-01
2.377363783636127215e-01
-3.233342648190447588e-01
1.016672984124200041e-01
2.608682976731094283e-01
-5.116859711941888766e-02
2.560792377825253305e-02
-1.451385367431710371e-01
7.302401962491107401e-01
-7.097834382837482116e-03
-1.863288701256316238e-01
2.377621862259285124e-01
2.190636301489505833e-01
-1.365899164374841102e-01
-6.105438269461141432e-02
4.639610331188954301e-02
1.830907214010137618e-01
3.382247899315998230e-01
-8.436787356449475250e-02
9.246998118423098434e-02
-2.123165810462938341e-01
5.929492315477855741e-02
-1.948404785727946287e-01
-1.073402099787645891e-01
-1.651500949180970124e-01
1.661636826214448470e-01
9.678024356453295007e-02
4.541135173842222872e-02
-3.531439301288785693e-01
-2.858704032589865496e-01
-1.266424260166711113e-01
-1.367619839365370182e-01
-2.610111811653498606e-02
7.693172339869874810e-02
3.232041583574948307e-01
-1.239125888998980456e-02
-1.661753134640285290e-01
3.038525011013042398e-01
2.246355877416937041e-01
3.880316631452353504e-01
2.224447416097956320e-01
-1.765759104405295599e-01
-1.289558431852218523e-01
-5.088153837856634887e-01
1.376281971278782434e-01
2.112096866564708991e-02
1.238840303646453478e-01
1.406884981075615937e-01
7.968846684094765820e-02
-3.317083342803322510e-01
-4.541979301681420833e-01
-2.009044754911891439e-01
1.710786093496372562e-01
1.176189239475320392e-01
2.092702298964152496e-02
1.578576984179937692e-01
1.164234483256794128e-01
1.687309398885149525e-01
-1.066196374408578430e-02
5.469431236748423242e-01
-1.181883391349076579e-01
-2.423235919019071094e-01
-4.618973579516751776e-02
6.320090629863473440e-03
-1.191438277322193900e-01
-2.961896469633278350e-01
-1.379868330228277706e-01
-3.759152122885206504e-01
2.484131681870588859e-01
-1.719066003570401957e-01
1.752162744153473450e-01
2.810252579835179412e-02
-6.320726782513987063e-02
-1.553533788790393833e-01
3.062100939511172570e-01
-2.448921850207112783e-01
2.418338890751153478e-02
-3.191412200758140250e-01
1.050666709829354249e-02
-2.982823024275889356e-02
-3.625167699700105328e-01
4.527958547940972439e-02
-1.934986002075291256e-01
-2.597795713774441739e-01
5.312847819771862601e-02
-3.139839660844099267e-01
-2.112478823670628503e-01
1.483860313844348466e-01
-1.000165492476007001e-01
-3.808331748033466080e-01
-1.016948137286036447e-01
-5.149160473260073340e-02
-3.183421543270358034e-02
2.716720075457524364e-01
4.147956451130695860e-02
-1.513079069986071334e-01
-1.095285727653161484e-01
6.811862143216623755e-02
1.210398620769946310e-01
-4.627365028251288759e-02
3.567589859195542668e-02
-3.862220818772932329e-01
-2.269603821579452285e-01
3.896551241546028499e-02
3.693957610567487060e-01
2.024329624583548204e-01
-1.442841277144476797e-01
5.950473067871137750e-02
1.213961502141793908e-01
-1.015931717261081974e-01
-8.393804513547998766e-03
1.606474135452465590e-01
-1.489142514330907829e-01
1.082572881026333395e-01
-3.496360643511599586e-01
-8.232754821944404666e-02
2.157628449475805232e-01
-7.873161729255237495e-02
-2.828430965900048943e-01
-1.861635697477081741e-01
2.112395182802475624e-01
-2.523596772874572847e-01
-2.562742994333295221e-01
1.842463477285007645e-01
-6.660448473609968667e-02
1.902298300292986633e-01
2.565591275422786088e-01
-2.090836501336002795e-01
2.420191103210266870e-01
-2.159012201143926668e-01
-1.426250923327024578e-01
-1.076509539646100799e-01
3.195088477969142970e-01
1.262694950947637063e-01
-7.830735438573835361e-02
4.497366096664100477e-01
-1.035441413217227935e-01
-3.578616444252718520e-01
-2.618902896006591874e-01
-1.453752017678022757e-01
3.387216302155204861e-01
-1.178970126064415314e-01
1.286317131778021428e-01
6.101993593836566587e-01
1.791018871799469059e-01
-5.742138530700098276e-01
6.487148335504926144e-02
-1.414049789679196756e-01
-4.230417827468409969e-02
-1.213322457629122247e-01
-7.392800236061297658e-02
-2.468327014121464436e-01
-1.551778236477032447e-01
9.294260305250305609e-02
1.268173886693083896e-01
-1.325922084661594058e-01
-5.397444032250943435e-02
-1.051005303139856267e-01
-8.801953825940227183e-02
-1.998325979186990897e-01
-2.245337549074249706e-01
-2.119918082614009880e-01
-1.832226056673273984e-01
-1.258297645679796462e-01
-3.459189534834658519e-01
1.866541989641374091e-02
-3.507401528239298405e-01
-4.260452588477366409e-01
1.448869514944647607e-01
-5.331634982688075730e-02
-1.608264214168462214e-01
-2.737658118090310344e-01
-1.434852088514772805e-01
2.034690535357724928e-01
-1.321735751795326264e-01
4.003352448317537005e-01
-1.830259556694353584e-01
-1.368694439173413491e-01
1.087352859961846635e-01
-3.166361096073940229e-01
-1.480804952178685352e-01
2.511638400560908813e-01
-2.742149334352900203e-01
-4.140041600408104205e-01
2.216549727177140328e-01
-3.084651810444719588e-01
-1.552195712277351369e-01
-4.681811136891560199e-02
1.660420933460059478e-01
-4.452817851105936864e-01
2.470378535580620150e-01
4.267556078453695889e-01
2.712044954748240033e-01
-1.979184418308416737e-01
1.816589448377204374e-01
3.321123335561600998e-01
-3.691966026141355606e-01
1.392343687958676468e-01
-1.625576374741394547e-01
1.440915203637775921e-01
-6.490297360799168747e-02
1.924034558358375946e-01
-2.245305760141910467e-01
-1.859413881081815600e-01
2.789740989389878356e-01
2.540638625926348593e-01
7.112335437623241996e-02
-3.488943923346161935e-02
8.089724309546655889e-02
-2.060703622710209071e-01
2.460777949716661250e-01
1.780095325190246269e-01
7.013525817710736243e-02
-9.089238446352830569e-02
2.040920842009262548e-02
-1.412389277979424207e-01
2.001376368880944667e-01
