-7.960767363712543260e-03
7.558806367663689629e-02
6.203112361121577295e-02
3.834157525818456674e-02
1.910108783246950992e-01
6.148543223331698337e-02
-6.436010786411948403e-02
4.572650678648210870e-02
1.448956380948217271e-01
-5.868469942349303914e-02
1.291109790396376134e-01
-9.676753011329573828e-02
1.217733769250923248e-01
-3.250780039816118794e-02
-1.592475833857338319e-01
-1.986603664400563019e-01
-1.716418395409052555e-01
-3.050762641694262922e-02
2.849777566031680767e-02
-1.026939215715789028e-01
1.071940596593763811e-01
3.002363975462790310e-02
1.137011388367235448e-01
1.847820366319608831e-01
1.953181873834221316e-01
-6.588613263093379135e-02
-2.586004540238767690e-01
6.124210105848627763e-04
8.703698278396214405e-02
-3.128147687122503212e-02
-1.126915087516070779e-01
4.915182569140840591e-02
-1.798854838864903105e-01
-2.633091706201047266e-01
-2.749103564510792519e-01
1.731550368563854747e-01
-1.023829030085943725e-01
-2.944275201012428247e-02
1.838783064147661919e-02
1.451755571107365694e-01
1.450579940056114514e-01
-2.108910385485679162e-01
-3.356750673015981290e-01
-2.525122403863914733e-01
-9.376337234746823235e-02
-1.413401426505878911e-01
-8.106147289842713377e-03
4.777262137298376315e-02
-9.269604166881385832e-02
1.863703122069924889e-01
3.249247310939435418e-01
-2.590433716408818143e-01
-8.010648785188202725e-02
-8.106039322835752181e-02
-6.296499502421040728e-02
1.285749234537350016e-01
1.080570423298437971e-01
2.079724482803114449e-01
-6.242302888327763699e-03
1.075941696088067098e-02
-2.368382576388133043e-01
2.609955720410531144e-02
1.607103006115349619e-01
2.509885614556098959e-02
-4.645520373696532257e-02
-1.359198550306602582e-01
3.881601719532569439e-02
2.533103143207953711e-01
-1.297104742167870250e-01
7.645256720561541264e-02
-1.639010966437668138e-01
1.361767484491959723e-01
5.616919822394352002e-02
-1.222372369268206610e-01
-2.659161676102821392e-01
6.531221038953451130e-02
-4.017804550365115801e-02
9.699319193452811405e-02
-5.427071980987258071e-02
-1.942697444992965428e-01
-1.254662710430630157e-01
5.569013646605892182e-02
-5.403211622596194863e-03
-1.200803656963655569e-01
-2.323192603791400801e-01
2.015862149341540177e-01
8.733366539805127726e-02
6.682221767624738074e-02
-3.713688852015836761e-02
-1.331185761282030755e-01
-4.826376446412959653e-02
1.258866681719111036e-01
1.943813383279536788e-01
-9.951707234576407518e-03
7.537917618405393094e-02
9.570696491240195114e-02
4.036507828989838870e-02
1.018666403770343426e-01
-1.285409838453656639e-01
-1.563479095342756586e-01
3.208093280120076773e-01
1.251034746484652460e-01
-1.206992807688690716e-01
8.004683609601782879e-02
-1.252383529754342306e-01
-2.734978659450608696e-01
-1.519210060491003184e-02
-2.284317755427587443e-02
-1.980194023443561033e-02
1.321895081217625695e-02
-1.492519473682236697e-01
-2.666632973291959141e-01
-2.929069063107935800e-01
-7.226227678985493175e-02
3.166113866110309427e-02
1.349669475115834183e-01
-7.571586591112225428e-02
-1.001972566305977044e-02
-1.896678074165790429e-01
-2.502915171528604654e-01
-2.616868341169452106e-01
-1.429923274736179251e-01
-1.410833689211443143e-01
-2.144958557306964053e-02
-1.195607292720141795e-01
6.775887743665548468e-02
-1.868383386340324581e-01
-1.530904731515544959e-01
-6.248420002132944184e-02
8.855745231699564679e-02
7.442793946580389397e-02
4.447225747973214405e-02
-1.456365360677541743e-01
-7.842211292708639592e-02
6.192079174013701004e-02
-4.619429220467139580e-02
-1.831760513151466652e-01
-2.224215659152949387e-01
-3.185769553796970466e-01
-2.985708367557145526e-01
4.966102296086406798e-02
-1.797494239380986736e-01
-2.452689526627276351e-01
-2.872550965520702104e-01
-1.288512619990477177e-02
1.897588442807387754e-01
-1.385201258959176396e-01
4.149372604057737224e-01
5.400234123392864960e-02
-1.408543030540887753e-01
-1.570425045732199432e-01
-1.268587438471120432e-01
-7.366270385459823544e-02
-9.252076724005917074e-02
-1.419953911589354467e-01
-1.484691555263234486e-01
-3.266324642010273033e-02
5.046741348457151055e-02
4.525661488782019015e-01
-2.634861321111976462e-01
-2.594091170553003978e-01
-1.539545519076583047e-01
-8.715829990256986071e-02
3.251952784181377787e-01
2.305260048359044356e-01
1.407654170461932197e-01
1.738386994829259000e-02
-1.407251816169107494e-01
-2.600279517915523031e-01
7.936441345706153616e-02
-9.222904888324071071e-02
-6.241842547810097508e-02
-2.469301592097229436e-01
-1.228315948129588275e-01
1.094253254755754717e-01
-4.635483453402141490e-02
-9.670440113686780415e-02
-2.162580739928186280e-01
-2.790434068304364357e-01
1.726632920584461051e-01
2.414796323188542482e-01
2.539908375112157612e-01
8.790436735765137788e-02
8.719493126058955323e-02
-3.958845599410307226e-01
-5.503181241859738532e-02
3.279523100981360934e-02
2.268055758893821605e-01
-1.567556184236301997e-01
-5.330184132514173556e-02
-1.239745251217064942e-01
-1.545285135018981404e-01
-1.335569996541165032e-02
-1.469920899905812761e-01
-3.605056003317035906e-01
-1.670034942171284564e-01
2.054887247706984887e-01
8.561981521237359283e-02
-1.197683082924754366e-01
1.843368465071437978e-01
-9.536993791031744827e-02
-1.761494963861430507e-01
3.443688712286138154e-01
3.534896735208667429e-01
-2.666181768577512851e-02
1.293978882806522401e-01
1.831057257160220372e-02
-9.978271801062496560e-02
-1.994507450146986716e-01
-1.866243031201548219e-01
1.482582472652542727e-01
-1.298080196200386560e-01
1.387911890598091669e-01
2.492059072167677469e-01
7.382317104713541356e-02
1.226018460620248267e-02
-9.669767501204361293e-02
-1.355443186826827684e-01
-5.701995923731160154e-01
1.376401438178640191e-01
1.917371591457283156e-02
1.475864021522009170e-02
-6.973942466707104548e-02
2.450815404457180879e-02
-3.130799489525188939e-01
1.739075269831750481e-01
-1.170431850537703017e-02
-8.404325344255524077e-02
7.644263315994183350e-02
-7.690570086065164068e-02
-1.806113383557495997e-02
9.763540743516148368e-02
1.538101125940042613e-01
1.308346718727603775e-01
5.705465486792873908e-02
1.430181361213810043e-04
-1.217717132859682944e-01
-1.026276705415895552e-01
4.205090917226068647e-01
-4.946555942706581249e-02
2.905235118100672059e-02
5.301997451108713122e-01
5.972328859829255376e-02
3.332118828644964337e-01
5.495261391658421563e-02
-2.389784225159208020e-01
-6.395304719610174493e-02
1.351621887183502083e-02
2.272835415614386234e-01
3.544186717434133493e-01
3.798610151311732630e-01
1.088714905420179180e-01
-8.032375990916616748e-02
-6.592300453956870081e-03
4.605288298360260546e-01
1.000000000000000000e+00
5.298838140043106160e-01
-2.895542017747947464e-02
1.870571598406913782e-01
2.342824928447968455e-02
-1.236796847114224884e-01
2.599165298230544235e-02
-1.354885012766486319e-01
1.838573830679053056e-01
1.077034406928560478e-01
1.019437839572553822e-01
-2.438276064948944333e-01
-5.975686784022078701e-02
-1.134067697138575193e-01
9.744622183029022500e-02
2.241824810827558190e-01
-4.863412969919577583e-02
-1.791374529078451072e-01
2.562219712771811597e-01
1.646921979134595149e-01
2.180812399685926606e-01
6.636699007808020967e-02
-2.848470585398385491e-01
6.526335458613892471e-02
3.979585482618623882e-01
2.690828757813026328e-01
8.338739606571139718e-02
-1.405546590590373013e-01
-1.382483320856316665e-02
3.136078375596443868e-01
-7.398066645992859569e-02
-9.341773603324747544e-02
-4.231892554941599216e-01
2.425824644478959957e-01
-1.910949321252660704e-01
-3.784662287089756577e-02
-7.597272550785379164e-02
3.137969325564077955e-02
-1.834526645134761103e-01
6.003054241751108744e-02
-1.022537871024526979e-01
3.850489255355195040e-01
7.043450139221496542e-02
3.356754741824866661e-01
3.891374083146908330e-02
1.373301640956892111e-01
3.583505089872342925e-02
1.252125442301762759e-01
-1.576080067975433041e-01
-3.671327664035575755e-02
1.732390386115685021e-01
-7.021552504399330985e-02
1.386624120593500931e-01
-9.294825835347288179e-02
4.855265868946643387e-02
-1.296929414091149979e-01
4.839473330435980353e-02
2.036309638036114256e-01
-2.144647329139884873e-01
-2.865466727808565692e-03
-1.041360924368157220e-02
9.528175359427812005e-03
1.160185182432227624e-01
5.100722828339548237e-02
2.662992672677875761e-01
2.177832202598246891e-01
8.850224344786021546e-02
-1.797595186563713254e-01
5.487776040456376903e-02
9.627494096885405583e-02
-1.707387411303433467e-01
-6.931791909144503772e-02
1.003677324960020878e-01
-7.958915255780395215e-02
6.288320820031927105e-02
1.542100223642272339e-01
6.797493891845809988e-02
-9.824019927685247178e-02
-2.767109684483938792e-01
1.409244329859957734e-01
1.560861998383292482e-01
2.692745766602367558e-02
-8.381245433040745985e-02
-1.104999680560295461e-01
6.051096436130769946e-02
-1.822277225065726050e-02
-7.916815209130423359e-02
1.629533961484032345e-02
-1.277695951938598029e-01
2.340624765352934677e-01
1.390393658381621489e-01
-1.163267291411010027e-02
-1.049830990685406418e-01
5.785097929592067367e-02
-6.441758924097108763e-02
4.384925568608166735e-01
1.497146755001515506e-01
1.296599993265467043e-01
4.248563917593436295e-02
1.620036212865333114e-01
1.376385657143344987e-01
1.042345802095601265e-01
4.700127337329137317e-02
-1.046743761046013410e-01
-2.416368350089105332e-01
-2.046401014722448453e-01
3.526065586588724710e-01
2.279318977414224179e-01
3.613781953709529482e-01
2.778601156801639716e-03
2.019614013144720721e-01
1.904567165149030350e-01
2.351284987416344119e-01
2.322960399557600919e-01
6.784365393237264119e-02
-8.251314811771726099e-02
-1.369865254584338998e-01
2.707607369677593745e-01
9.407202017440297048e-02
9.628334862488430179e-02
2.646051189698215844e-01
2.376281021501746304e-01
4.006942898558262661e-02
1.068399473822259776e-01
1.194991208225956170e-01
-1.513444652610714848e-02
5.157817125184627205e-02
-6.308611601784433476e-02
2.817682076028962257e-01
1.459766278785734062e-01
-1.113524636319264405e-02
1.031716800566847003e-01
-2.992972829909335553e-01
-2.704390192549331606e-02
2.955540777111195089e-02
-2.474364809655042186e-01
-8.665465786699086403e-02
1.271512652352324579e-01
-8.461235973823726109e-02
7.575129222469677293e-02
-4.726998435641031893e-02
1.350251353221656181e-01
-3.229383541305940186e-01
-1.943492750768871236e-01
1.538697178354209993e-01
2.771705403733585871e-01
-2.307547496894552796e-01
-5.590950962798504204e-02
-1.111934956317986722e-01
9.412033671517462674e-02
2.930265005830907099e-01
-1.242714542756826746e-01
1.230975275159442578e-01
-4.072438510279089569e-02
7.932113597896751911e-02
-1.314581784751436833e-01
1.412326739322337099e-01
-8.778533543940308936e-02
1.089013047084866903e-01
6.672215875652477701e-02
8.163302292735725996e-02
1.863413134329671705e-01
3.560526986286676743e-01
3.337012979098929466e-01
-5.141034630616130030e-02
1.832204993526864722e-01
2.976174934016903029e-01
-9.810283085624327271e-02
-2.465231788780526678e-01
5.618592766871603056e-02
-2.566078436838795662e-01
1.203555897546282338e-01
-1.061791264113066541e-01
4.030124384721107955e-02
1.665672930879105035e-02
2.777095573402235118e-01
5.680406800068542317e-02
2.541983823781793772e-01
2.079018590903386476e-01
7.353206122731149874e-02
-4.772646318187249298e-02
7.230619109571130576e-02
1.713402209602173931e-01
1.999670983812919800e-01
-1.766781886878615038e-01
1.936202401881925161e-01
-7.162425633709033901e-02
3.257330617181921628e-01
2.475397308814654140e-01
1.928025840551690351e-01
4.558368999293972990e-01
-1.146532254324164196e-01
-9.976166146784587463e-02
2.812162148731437994e-01
-1.031169876903458849e-01
2.253964946286257098e-01
1.520475155636438758e-01
-4.107211016070383414e-02
2.173543255015618000e-02
-1.699559779108085478e-01
-3.795451129787673072e-01
-2.151284177008275511e-01
-8.738211432055834060e-02
8.746955914290334422e-02
-1.360738291829138163e-02
1.871387339465955257e-01
-4.225241274600941704e-02
7.496241141723646029e-02
3.840984866492284655e-01
1.101624639039889691e-01
1.336876534698262509e-01
4.046406140876515969e-03
-4.436027303150620604e-02
1.080066601368048773e-01
-4.152043932853631825e-01
-3.323375028662686193e-01
3.461401861982257855e-01
-1.484036275229820290e-01
7.288434220678352560e-02
1.484428878546931729e-01
-1.585479548150524054e-01
-9.787630159717951306e-02
-1.628322479127663341e-02
4.257347705540202587e-01
1.138416754937439934e-01
1.699263130233644170e-01
-2.469213036892972113e-01
-1.537674033325930334e-01
-1.893651789491403170e-01
1.889106685150830078e-01
1.265942306356787096e-02
8.648095014799951630e-02
1.197395870730176906e-02
6.744098963663623658e-02
-2.372207980810869810e-02
2.610571351213253344e-01
2.788694636335348753e-01
-2.102831591384107524e-01
5.771774314722133425e-02
-1.080213232935323814e-01
2.189803095348253348e-01
-8.476166508082837170e-02
-1.893685679101968569e-02
6.704380023842902714e-02
1.616645162710400319e-01
9.527004486253683180e-02
9.931489290790168623e-02
-1.161350714615011492e-01
1.436375095544606406e-01
7.405207071065138258e-02
-9.564997141588567342e-02
-3.309333138643077987e-02
1.726557828557905711e-02
-1.449737174197735512e-01
1.865248634677101613e-01
-1.069043676020805106e-01
2.867010346242857867e-03
