9.479254050800529907e-02
-1.088272655089827096e-01
-2.325614493368970970e-01
-5.485533668966029175e-02
-5.579856054814322924e-02
-2.026173679015633999e-01
2.878469191437462160e-01
-9.605097181661836903e-02
2.115317977432834839e-01
-2.054348164173561697e-01
-1.447677450444336822e-01
7.274651839345309956e-02
1.335867244428049494e-01
-1.022553685785468347e-01
3.255823107921547443e-02
2.115211732294956515e-01
7.943805055988055475e-02
-2.045611320938577338e-01
-2.361034736221454683e-02
-9.636598757127977366e-02
-4.086730690991302595e-02
-3.758193836007576727e-01
-5.876550599998666552e-02
1.286040865508438213e-01
2.347414538735889400e-01
7.355246837554142714e-02
8.023597809032305059e-03
1.468128826295206080e-01
2.482114897341133053e-01
-1.375267587128560232e-01
5.869193952273973891e-02
8.149381591842093375e-02
6.809130775157667959e-02
2.603821683142219789e-02
-3.660507579439869347e-02
-4.846219666411881455e-02
3.230521552705984956e-01
-1.508565302529673580e-01
-9.176049575887595955e-02
-1.517426442838279987e-01
5.892318084148012031e-02
-9.700764040907913777e-02
-1.319878591768356146e-01
-1.075508219481216277e-01
-7.307197348580070362e-02
3.489292653271364175e-02
-2.954583681175770513e-02
1.114021042075478453e-02
2.016184905078183959e-02
3.379399999048630227e-02
8.766393221422014159e-02
1.755259725792732151e-01
-5.424358197578580537e-02
-1.936624850101846818e-01
1.759281482973951982e-01
-4.793559007240053016e-02
-1.702590469070776324e-01
-6.487069515653055667e-03
-2.566031547502878318e-01
2.252781631444005644e-02
1.024448987494529228e-01
1.595390754268786321e-02
4.011523113116911010e-01
-4.885360934879289241e-01
-7.850248224274765374e-02
3.488089190883678775e-02
-1.840030339830675890e-02
2.670853515313470483e-01
2.144518081619904704e-01
3.811542502620695050e-01
3.867580821312369688e-01
2.507120990897314106e-01
2.678710675124992835e-01
-2.699435508041750920e-01
2.755893314960117940e-02
1.526321041586728711e-01
1.403710023772563875e-01
-1.856081993160667645e-02
-2.894338291529254259e-01
-3.865116852042804751e-01
1.408944118772381959e-01
2.255823165075222791e-01
1.183733811643047397e-02
-4.582352326514736729e-02
3.745468694031214851e-01
3.638311549188411043e-01
-1.382728332829605833e-01
-9.323276955770880281e-02
7.255911239218557074e-02
-1.177742103068010610e-01
4.609395301597978695e-02
-1.555957219784709356e-01
3.056192783727049167e-02
-1.587646487801990802e-01
-1.496083498462732475e-01
3.519051141723661489e-03
6.072342898580834064e-02
3.934390091184097882e-02
1.983679230158519324e-02
3.533256393734315881e-01
3.302981256755600503e-01
1.133277123862973107e-01
-3.182976377130385393e-01
-1.295279415602598044e-02
-2.615299044889484725e-01
-3.447505740295882526e-01
-1.217280629227107808e-01
-1.258261853296795130e-01
-2.507274251247047503e-01
5.513041006620790496e-02
-2.815466009936378744e-01
4.408925029012859542e-01
-1.383718394345068714e-01
1.117494547331568250e-01
1.461385296595452410e-01
-1.271968394044821760e-01
-2.501871853632413600e-01
-1.378618564565640137e-01
1.326893295311603604e-01
1.212939011319503629e-01
9.159749619337716198e-02
-6.291618566854494110e-02
1.177845156415838757e-01
-1.039054206795481106e-01
-1.365579399084946854e-01
-3.022484269940038937e-01
-1.479416666925834588e-02
-2.403503020607586360e-02
2.893075426292094840e-02
8.031908945766291774e-02
4.279665056251767408e-01
-7.227147550831319878e-02
-1.898433473339903588e-01
-4.076853639097779980e-03
2.817486582480148716e-01
7.719905489457092040e-02
1.154483918660458575e-01
-1.339559174765405647e-01
-2.411012343431976068e-01
-1.622554095885593226e-02
-1.050827060769614490e-01
4.922457566899380438e-02
-1.107819262716969871e-02
-1.801351873101365575e-01
1.552966155751065724e-01
-1.510561775258178752e-01
7.481343714921724619e-02
1.946156191199770458e-01
-5.227503121649874213e-02
-1.460889779971881464e-01
2.169715892950493941e-02
1.951634275423793849e-02
2.059304883869294278e-01
1.137773520210036415e-01
1.876475455714187446e-01
-1.152297292098323211e-01
1.855238392237740508e-01
1.266253855254121652e-01
1.962762228870225945e-01
9.585750881986904171e-02
4.402551487848141432e-02
-1.618450419322434164e-01
-4.653153675812167489e-02
2.391016032662903468e-01
-1.875477279842261702e-01
-8.270566453707885179e-02
1.912889777932120783e-01
1.006427543518559758e-01
2.079407652463001466e-01
2.685411674836333737e-02
9.851203387759607799e-02
2.461632491737091033e-01
-4.618487232175376433e-02
-1.247551131027107955e-02
1.780489797890332515e-01
2.075197474254041607e-01
-1.096507567553892254e-01
-8.300144310548095150e-02
2.249147710164679237e-01
1.058039242890784354e-01
7.488275182454479095e-02
-1.411548599288325705e-02
4.656441017087479400e-02
-8.975730587385205572e-02
1.970428901176708159e-01
-2.788344008009867592e-01
2.150733425868774362e-01
-1.918706975264503900e-01
6.381655586902970634e-02
-1.261384354999555979e-01
9.288274086251283035e-02
-1.044913920117530731e-01
1.586085904935719271e-01
-1.155411527892719337e-01
1.386679752626777257e-02
-1.172224038526777645e-01
-1.332219321661294864e-01
1.879612441354645141e-02
-6.935567720795833557e-02
-9.632040169602529289e-02
2.524171216935023887e-01
3.062742291264126671e-01
1.508033880722505979e-02
-5.057036727233533979e-02
1.084054196974234066e-02
-6.355667146782718879e-02
-3.252769174348462550e-02
2.611209425606049739e-01
-1.809309624977509523e-01
-4.295719886280662501e-03
-3.222100619362411877e-01
-2.302184389182921065e-01
-1.100315132221072051e-01
-7.586045974012635418e-02
-1.054670911427789681e-01
-1.076992064814479289e-01
-4.716417228830735997e-01
-2.023794283755233070e-01
-1.561594838923251183e-01
1.931615674807878602e-01
-2.036573002584361747e-01
6.242444611895722056e-02
1.357046992903871707e-01
7.400402879184582450e-02
1.836297392251237670e-01
-3.472274300567800842e-01
-1.655071578742747795e-01
-7.256008793818670422e-02
3.612300036777587459e-02
1.695515226140197895e-01
2.269995714842070189e-01
2.477494813442757682e-01
6.507897117667231501e-02
-2.451982079235881240e-01
3.766978886356973097e-04
-1.082242327392249071e-01
-2.583518361312889811e-01
2.521191246361136895e-01
-1.234554770642212751e-01
-1.423213461320780027e-01
2.838522643946740920e-01
-1.646646461251202731e-02
-4.461748225396108825e-02
-4.817055104992287728e-02
1.062521538136718541e-01
5.719031469535685447e-02
6.960411050454851090e-02
-1.571900925738897448e-01
2.271298130220356093e-01
-1.919785412101370770e-01
3.298051331472533210e-02
1.125833883739863206e-01
6.285561844149678556e-01
1.000000000000000000e+00
2.543275840224292761e-01
3.901158677846018330e-01
9.472177680735262006e-01
6.504066193631441450e-01
6.458724540673483894e-01
1.092505412995156550e-01
3.278484995640045252e-01
2.448586762586078269e-01
4.022118458308689970e-01
3.831407801094283139e-01
-9.546819125973553255e-02
8.341476524187771760e-03
2.289657517425821298e-01
7.313752881880290768e-02
1.292966862088280044e-01
6.258152248892484559e-02
-1.303404607914554307e-02
1.538928298607528666e-01
5.964678099047557649e-03
4.325037951649535195e-01
4.808783045105441412e-01
-5.460861426729642087e-02
-2.283402452142020977e-01
2.844994019417522793e-02
2.236683047436657246e-01
-1.614222917655046829e-01
-9.686289637036496480e-02
-2.738969109605027263e-01
3.222372402728095886e-01
2.743317133004986516e-02
1.857161382387311210e-01
1.107482216084715726e-01
-7.234550665711143858e-02
-1.241518510167921169e-01
-2.000880393560501014e-01
1.938200468608093294e-02
9.717658423584396576e-02
7.793602692966927932e-03
1.417974680383207384e-02
4.246686381240997177e-01
-8.480960481500438020e-02
-1.998229308666046311e-01
-8.089924706891074568e-02
-2.342971721270881158e-01
1.179286943729723897e-01
-8.090105226249705295e-02
-2.640911768263541626e-02
1.090072471449476110e-01
1.599595394508864232e-01
-1.671052908687557237e-01
-1.169507710991518276e-02
-2.210475646357490664e-01
-1.565914094417658262e-02
-1.267352562055933662e-01
7.994847136157695600e-02
-1.509945515560405238e-01
-6.772378631439363028e-02
2.406284706963583986e-01
-8.732768258718520693e-02
-9.454864156552096610e-02
-2.062073645629209154e-02
-3.768472241007462392e-02
1.371935238552757785e-01
9.821197034309830931e-02
-2.839738110391126225e-01
2.379368631642509724e-01
-2.568505818590262613e-01
-1.722203887875559392e-01
-9.205074056145999897e-03
-1.075461720059801424e-01
-3.218041420309959433e-01
2.376639321692927131e-01
-4.101296228271978511e-02
1.411497651840124545e-01
-1.179287979906661933e-02
-3.315924661036100951e-01
-6.601088656928130738e-02
7.358636007459970485e-02
-2.900868357192403213e-01
-1.813133513370241909e-02
4.237542635361433996e-02
7.239765999642790162e-02
-4.990655965197793309e-02
-5.971812638150934827e-02
-2.088069217149256529e-01
-6.792719598630625466e-02
-5.028088551132134376e-02
-1.176693507507303726e-01
-1.561186754427484058e-01
-1.326755595046920366e-01
1.394466633618514917e-01
-2.917169942669742277e-01
2.683346079168758558e-01
6.452884243257515917e-02
-8.657985745932289534e-02
2.244950019953421277e-02
-1.198549807755528857e-01
2.888634174259791659e-02
-7.181451772320070204e-02
-5.563023340484310464e-02
2.984680525589528677e-01
-1.555044955921572880e-01
-4.391017976379953114e-02
-3.048952752416932976e-01
8.048256892476826976e-03
-8.394456958786711276e-02
-2.089548201051080745e-01
7.179848700182898946e-02
-3.581493473077386469e-02
-1.466794409432068402e-01
-2.736454720646800953e-01
2.189527752215602880e-03
-2.166468926053349842e-01
1.311031218889349981e-01
-4.074617466923063924e-01
3.620315148221186496e-01
1.366470690476176593e-02
1.713449086436342472e-01
3.460638689635160692e-02
7.396506827614750257e-02
1.619821374190433868e-03
-4.901946701836745746e-02
-2.256430883013731403e-01
1.905784845277164741e-01
-8.017268918053906124e-02
-5.025946625992927519e-02
7.515356170660124346e-02
-5.774393518183030399e-02
-2.311760162477502836e-02
1.524018841829505311e-01
-2.595309995700321726e-01
1.273666889862413720e-01
2.501442224336218878e-01
-1.695925465500784379e-01
1.239919637997736607e-01
1.605740779610851099e-01
2.036904230591875253e-01
1.027971917306882838e-01
-1.113325303858405529e-01
-9.007604128729543302e-02
-2.919196137719161643e-01
-3.961810516018889061e-02
7.040517378936166082e-02
4.322303962387664122e-01
-6.916693692630060744e-03
1.091919485140488144e-01
5.490087989934445446e-03
1.637773368828516346e-02
4.956769067042007815e-02
-2.164383104242711964e-01
-3.429554738660698932e-01
3.772841783985070863e-01
-5.296891908014586536e-02
-2.339850312284214029e-01
2.687141062853823370e-01
-2.217962709902644436e-01
7.306430604891420155e-02
7.096685101415596553e-02
1.850171142898105747e-01
3.602095679309248455e-01
1.267464736117968338e-01
-2.423397837163813670e-02
-2.656869501905434819e-03
4.101193543537304080e-03
2.935881832176001627e-01
1.721945237193789890e-01
-2.353779311454764767e-01
-6.869472623166868186e-02
-2.199060244503467654e-01
1.292611294325722859e-01
-3.141437910601833083e-01
-2.693473983610579769e-01
6.205742019806916032e-02
-1.140275598693294562e-01
1.357282277591684572e-01
7.947822418878742676e-03
2.456418942553118268e-01
-1.905939681537013874e-01
2.281412636815107753e-01
4.613979578846958418e-01
2.585412269231223137e-01
-2.926050621688874170e-02
-1.072101867192047225e-01
3.058693123522585600e-01
1.042309365211858962e-01
-1.320600241798165486e-01
-2.597395602047338284e-02
1.350342789433023050e-01
1.906099083497779512e-01
-1.623032879230188463e-01
8.240179035887430434e-03
4.202936948395504246e-01
-2.733293074834404757e-01
1.028596807151798270e-01
1.430519735000634340e-01
9.553552167887258140e-02
3.161918588743976577e-01
-1.974608534855806508e-01
-2.114981887993643839e-01
2.229025250560729698e-01
1.154878875816183759e-01
-3.496033558163327143e-02
2.475371430805523021e-01
3.227242697401941363e-02
-1.245048304724870047e-01
-2.859438993920488947e-01
2.316502027870582722e-02
-7.237386087097275045e-02
1.725918673760065969e-01
-7.943511169490617696e-02
1.956560502528343348e-01
1.985089644852242874e-01
8.772781941328813837e-02
2.132049713340681274e-01
4.344261315447663779e-02
3.642028553101760990e-01
-1.227486425052766450e-01
-3.542813308937683286e-03
-3.214911102548505262e-02
6.581155602783195745e-03
1.748353973954101248e-01
-1.658429484088566608e-01
1.397840405467890013e-01
3.600748712031602294e-01
1.729285090297781602e-01
-1.326227346431773368e-01
-1.861924877443897064e-01
7.293822199363304837e-02
-2.407551010348451051e-02
1.890847368416629926e-01
1.162777974691838467e-01
8.756890142586840065e-02
-3.418385221610674429e-02
-1.770590363839077419e-01
1.007060944555491361e-01
-2.925987805914590512e-01
1.460725886161969023e-01
-2.109509531232127422e-01
-1.051598551533501902e-01
-1.457445075214655605e-01
9.611120894497036937e-02
7.791864139660756305e-02
1.647611108892721721e-01
-2.586076960378328599e-02
-1.518970033888125681e-01
6.216739131108391103e-02
-1.698781953088542712e-02
-1.400024499462057537e-02
5.478491898475950500e-02
-2.101630368649888558e-01
-1.181778262424754700e-01
2.348956411168262332e-03
8.265719496704192204e-02
-4.060247159951484858e-02
5.046749715280234305e-01
2.234587684881933767e-01
1.005453712745311423e-01
-6.529901330114809554e-02
