-4.580348052596940056e-02
9.252648159981355369e-02
-1.012830372424203679e-01
7.723779674676138629e-02
1.614362637826309843e-01
-5.614394620556043686e-02
-5.065160336936154195e-01
-1.144667288448731335e-01
-6.913954306677337902e-01
1.194676647748535853e-01
2.002829133676035933e-01
-2.166977999098574637e-01
-2.068309563229627779e-01
-4.560613401503706421e-01
7.846884825240037220e-02
2.121592828063483260e-01
-1.174197839812503863e-01
2.679394351753362611e-05
-1.367418823528304961e-01
4.337033187734803397e-01
-1.525264787040803427e-01
-1.366754431355456621e-02
-1.866702541647951782e-02
-3.538113212391977291e-01
1.072798844112966554e-01
-2.131633905543276752e-01
3.066988377579151215e-01
-2.762138628096162951e-01
-4.828922334649708020e-02
1.615732173274592731e-01
4.935020337501108689e-03
-3.711455980701357238e-02
-3.232407590988005119e-01
3.957180786850023751e-02
-7.831917073055087719e-02
3.251030378096999018e-01
1.041233622290986365e-02
2.445303592854857766e-01
-1.528012384086455677e-01
1.242627203960910143e-01
8.421882675531498774e-02
-1.785808517966347084e-02
2.165795252928488235e-01
1.434969056179808689e-01
-6.839685252444600849e-02
2.155768064882048196e-01
2.683675453061890037e-01
1.896315345520811768e-01
-4.778513536317521848e-02
2.465475638336202813e-01
-5.319967126370345190e-01
-2.655893409153693985e-01
-3.673025844183307465e-01
-1.919115029954430174e-01
3.367118284512625181e-01
-2.681752616132735967e-01
-1.585971461262290771e-01
-1.878852703843187366e-01
-7.177214337687154444e-02
2.713031459629791087e-01
-1.189203869239466027e-01
8.677639716534230052e-02
-1.842189913042843741e-01
1.179491095637098946e-01
3.960982800814377008e-02
7.059148116186947375e-02
-7.278934844350705424e-02
-5.708176943365773914e-02
3.925779782216403204e-04
-4.009834534899116010e-01
1.486444849684744884e-01
-2.960742114403611125e-01
-2.642329783564822399e-01
-1.329449595048146637e-01
4.839705989621926469e-02
-2.789889760439055455e-01
-9.645676904726700751e-02
1.051735407569488329e-01
2.592955290358154308e-01
-2.306943770288353845e-01
4.643017519285423944e-01
2.647071521661148105e-02
-2.847265653719085465e-01
-6.301196988236004159e-01
-4.546735161231374445e-01
2.095340655170463071e-02
-2.584063558538431393e-01
2.579872852464425159e-02
2.174887678542872516e-01
-1.059740571224806333e-01
-3.735431808478263498e-03
-2.551698667388956343e-01
-1.945657667607222086e-01
2.944507663649025830e-01
-8.759573692985785087e-02
-5.525859234780184509e-02
2.652912947193122317e-01
-1.434352471773782389e-01
4.716378685627504314e-02
-9.914843071610411618e-02
3.821429032934723913e-01
2.683153987823772360e-02
1.670349454415787638e-01
1.231670231370812357e-01
-7.719954773660596403e-02
-1.957186809000147631e-01
2.618019619636042239e-01
-2.024776879844407129e-01
1.640266645804009382e-01
7.983561388234815953e-03
-1.544953710246985135e-01
7.915980130624539202e-02
-8.884027911974726188e-02
3.281258234484969449e-01
2.071712138162626060e-01
-1.261106588244126081e-01
1.223006356411799195e-01
8.098941261617342846e-02
3.931749257473459158e-01
2.456211392544889460e-02
9.128245571445313400e-02
1.594464509759286053e-01
2.787933528268300362e-02
2.915037956784061191e-02
1.974444164390377343e-01
-3.785034826429836130e-01
-2.442179542912230883e-01
3.593982159354012773e-01
-1.916588661660414278e-02
1.152188240347918058e-01
-4.815274907488090173e-02
-1.297319857518710040e-01
-1.930175982738616958e-01
6.858494204324269705e-02
2.508068817074175089e-02
-3.033646191352555588e-02
-6.040702431316306159e-02
2.677358188037982090e-01
1.535807068243276730e-01
-1.903026516218232489e-01
2.632396790008841303e-01
6.620122529274129197e-02
-1.955340166920930493e-03
4.357305026664694964e-02
3.563205964290868666e-01
-2.075050215863617487e-01
-5.730624427087261524e-02
1.700673824164942172e-01
2.634236817853682910e-01
-2.575441625320605277e-01
-6.347374801116727194e-02
-9.146148211848131870e-02
9.075113746822081884e-02
-2.055136968974098088e-01
1.437329355308879508e-01
-2.443196070195733649e-01
5.805832939491845091e-01
2.817066590264875603e-01
-6.870069068455092465e-02
-4.369201602000150758e-02
2.745546376444470971e-01
-1.900776604800793745e-01
4.951986031130264920e-01
-1.488214142854227817e-01
-5.308473972529845902e-02
-5.791891699549769901e-02
2.861371750851921525e-01
2.754292016254931141e-01
-2.902368258781779647e-02
-9.667331629378783653e-02
-7.996289403206918722e-02
2.294344944537962394e-01
1.767944487593414438e-01
8.606840000486191966e-02
-8.540306090837071484e-02
-2.927785142896281445e-01
-1.042953693148434280e-01
-1.876268266187260669e-01
-6.207665429107353181e-03
7.265699793747924795e-02
-3.706070247433700948e-01
2.448559201619303349e-01
2.333544883051273666e-01
-1.995174334250321979e-01
2.258791646122233487e-01
-1.967990207664967461e-01
7.245157687805063584e-02
3.093096899825823268e-02
4.269255253213670165e-01
3.526416977953588661e-01
4.018508535709526264e-01
7.146730813073493005e-02
-6.346098549460016391e-02
-1.081333864516961507e-01
-1.458189454122314765e-01
1.280491392931207839e-01
-4.072670777049204327e-01
1.171905971570971899e-01
2.424835970085994774e-01
2.754709366660432757e-01
-2.446924289988075818e-01
-2.603484971847834784e-01
-2.265787193857507764e-01
3.233137052049964710e-01
6.958945035434239111e-03
2.193670647333665624e-01
-1.011502121107616357e-02
3.649410496334628551e-01
-7.187612357108369432e-02
-8.919625033983175078e-02
4.169503931329412993e-02
-1.650522595035850415e-01
1.591507120991672575e-02
4.276412854547907705e-02
-5.946767963105074051e-01
1.033609231690235247e-01
-3.322455571224272510e-03
-4.904178080224977365e-02
2.422383076168775629e-01
-4.833426208484588593e-01
-3.926091422921456076e-01
-9.713033652178515442e-02
-4.568406887663675753e-02
6.007001794666576300e-02
-1.501156005909287661e-01
-3.753328476510275902e-01
1.230839634289327550e-01
-4.159791404442245710e-01
1.671283342688758555e-01
-1.268475355638002799e-03
-5.491136430198265833e-02
1.668198915616798395e-01
2.892806857457944081e-01
4.081488766320034434e-01
2.391128921876168323e-01
-5.591767356032845832e-02
-2.762496275229488207e-02
2.212161216783845030e-01
1.428658198673238566e-01
3.991830774665663939e-02
4.246832236999319998e-01
2.630418307061217487e-01
5.049401541623211864e-01
-4.421368898999346042e-01
3.636458677502157899e-01
2.335885270625317200e-01
4.969212474954985970e-01
2.574327695434132646e-01
-5.650855466835359026e-02
5.400326115175897446e-01
-1.770982545357312199e-02
9.604496687365389473e-02
2.259444335304460205e-01
7.184874484208860768e-01
3.795191239344463119e-01
-1.930124959379103389e-01
1.000000000000000000e+00
2.384599777890635264e-01
2.041135562495670630e-01
6.666373951170176948e-01
2.816374633442449982e-01
9.907395193608836692e-01
4.149679443671029921e-01
1.986991447852022585e-01
8.855540581320901772e-02
1.684008719206553650e-01
1.351123949106034505e-01
2.006756098705277103e-01
4.150275411208810550e-02
-6.962178760072383621e-02
1.916721855619592241e-01
1.866890913213500175e-02
3.178946017776115851e-01
1.155994861888116065e-01
2.803009197621032511e-01
-2.185975130407778397e-02
-3.314039935653406710e-01
4.147006668719844386e-02
-3.822470629669800363e-02
-2.366737527107669325e-01
1.763140376165450995e-01
1.270351698541592467e-01
1.427317286085140469e-01
3.479877024771805272e-01
6.907977054774974701e-02
1.441157097294748415e-03
-1.481220358520234370e-01
3.401340996430836094e-01
-1.660886427952321664e-01
8.615770058959690281e-02
1.358201266840062919e-02
4.135218204659169561e-01
3.768280845017153435e-01
5.998843308949102643e-02
2.663354122541471969e-01
-1.428098993521150495e-01
-6.430522452474977772e-03
1.501379625507116011e-01
2.076123099625910018e-01
1.292730284070248703e-01
-1.420970487500929080e-01
1.410280505878992729e-01
3.841716629172990949e-01
-8.820787483430578280e-02
-5.994227930209380384e-01
1.362050180204404104e-01
5.169475407107234632e-01
-1.653458240915063882e-01
-2.393019042151013631e-02
3.674909598628744445e-01
-2.519098067149792564e-01
-5.720021737421322749e-02
6.176715581163125246e-02
-1.127899766458146796e-01
-1.485469908912167014e-01
2.432378278251439152e-01
2.537121766382842859e-03
-1.705317763846500925e-02
-6.081089738779152376e-02
2.851627191525166194e-01
-1.890461810145861454e-01
-3.043584198231366611e-01
-5.934136405615825227e-02
-6.220017572722637972e-03
-2.429093506240064260e-01
-1.717698863734681280e-01
5.509091244377295471e-01
-3.222550658851231487e-01
-9.137699794397122210e-02
1.419916477435814728e-01
2.649924344479333560e-01
-3.260585083499751430e-02
2.083998319244830810e-01
3.540803044788027321e-01
-1.941185912163290173e-01
3.843455556313068316e-02
-1.525868386337962124e-01
1.362136922944454376e-01
-2.382976364968293626e-02
-2.643784930584257634e-02
9.503112188193821308e-02
1.667656799302890680e-01
1.042845460608763097e-01
-7.574965338754822974e-02
2.635016072886014471e-01
1.201538384497700673e-01
-1.421575886739991912e-01
-5.366122198726106657e-02
1.895600965000049593e-03
9.381926711693847065e-02
1.208556687962566295e-01
-3.414954364366550310e-01
5.260618245221494044e-03
-2.846124679216610609e-01
-3.744646232926888973e-02
5.508331787597661733e-02
-6.234480999146302382e-02
4.325675598347121786e-01
2.608536533001690749e-01
5.256351871116269475e-02
-1.667468713928911828e-01
1.980273010560880120e-01
2.276487224569956336e-02
1.893177087455192031e-01
-9.533177630725135632e-02
-1.070351930629491466e-02
8.876902187343052586e-02
-1.459725995678796788e-02
1.696981879222581591e-01
9.571190729513578965e-02
1.577468868988777737e-02
-9.628657474170319863e-02
-4.661456823447746034e-02
3.519807683901825524e-01
3.145596955619878177e-01
1.345034556025331562e-01
1.030223004969695738e-01
3.418680131755008622e-01
1.074047717382566741e-01
-3.018287019121259629e-01
-2.156245483724971990e-01
3.827570004844590978e-01
-1.076737158007936151e-01
1.525072115548696539e-01
-5.977225553058389956e-02
-9.954064278346320960e-02
2.312580819126245080e-01
6.754331953475209982e-01
5.837974319437240489e-02
-6.677358378909500902e-02
1.087938217220334736e-01
2.687455251683396606e-01
3.121690467985334672e-01
3.571243839453394076e-01
1.472473325621661833e-01
1.290676258632444118e-01
3.344007415205162426e-01
5.587851853411209685e-02
2.246794871590219456e-01
3.443411364423143994e-01
1.727264122073861874e-01
3.666976444286439984e-01
3.443522811450547838e-01
2.133031174610164338e-01
5.387679582573074583e-02
3.110486679914177348e-04
-2.524347966686960598e-01
1.911121622018427113e-01
-2.149033968381460491e-01
3.618233499317418667e-01
3.396983917584330825e-01
1.940363692614622548e-01
-2.647111124180288599e-01
2.174838825437815371e-01
-3.637096581634024495e-01
1.030679993328770250e-01
4.112090786900270412e-01
2.272406480227305570e-01
6.051891723648339383e-02
3.673816469538879192e-01
5.447109974109706418e-03
8.821294379302312139e-02
2.699913930784082414e-02
-1.133511200308976313e-01
1.912855180724878090e-01
1.542473515306413577e-03
3.189597210465387050e-02
1.974349450970891429e-01
1.684973287291221394e-02
-2.110013552552829352e-01
1.333412634687981546e-01
-2.277006328142817393e-01
2.399145641011208030e-01
-9.757704614628202877e-02
-2.481320620919544861e-01
-3.544407521447112130e-01
3.045301615339763290e-01
2.999604703961382124e-01
2.746286178679711032e-01
3.929678364894578779e-01
3.523201686089227208e-02
-1.589411704133382175e-01
-1.190520643064720864e-02
1.352189195961436552e-01
2.279691049116901180e-01
-2.230201168852075366e-01
1.127597633037021735e-01
-2.599085025477528288e-01
-1.937061127679558237e-01
8.851532561780245389e-02
-2.258888493255963581e-01
-2.047372640912930586e-01
-1.640137050622858805e-01
-2.896078422663757035e-01
-1.977282571365180375e-01
2.534557388059692218e-01
-2.272330716039814846e-01
-4.788571845119170278e-02
-4.087508133486282905e-03
-3.118905500233511430e-01
4.753879850083001651e-02
1.810418887110221697e-01
-4.597165999804991160e-02
-1.916668368454775215e-02
-2.728933317620744758e-01
2.520602545981202591e-01
-2.265016464974262678e-01
2.820221386725839732e-02
-6.748294986897197811e-02
2.890260309437215902e-01
3.960830277255790455e-02
3.473857136977113735e-01
-1.353495977470299365e-02
-2.874837767223418772e-01
6.366935991003856710e-02
-3.363952611518245539e-01
-4.123100864940802412e-01
6.165791079746004398e-03
3.929033327702148859e-01
5.925779169754309683e-02
1.884078809792914810e-01
-4.742187214181860927e-02
-1.845692574734660724e-02
-1.402049937766848831e-01
3.505747802313475270e-01
8.945354070320341022e-02
-1.277519805974558498e-01
1.287906129142055243e-03
3.302462481542168260e-01
1.505206158602136191e-01
2.392153471462225844e-01
-6.091825717807822227e-03
9.730392642527453673e-02
-1.588802386321283011e-01
1.977830257577758988e-01
-2.464948604304372792e-01
-5.719621654755959600e-02
-2.876370647218114418e-01
-1.437088127943843552e-01
2.547432605085800383e-01
-1.412438660126950074e-01
1.598111890482794839e-01
-7.029905146052094211e-02
2.822536576222705595e-01
9.638974300640640314e-02
-4.893710531488639458e-03
1.700117167416389900e-03
-3.106763307612137037e-01
1.010441301818678778e-01
8.572968991687898721e-02
9.642305266738168679e-02
1.246937229643851619e-01
