1.738147329138671482e-02
7.018682668280976089e-02
-1.242868269877178550e-01
-1.089017453833446974e-01
-1.150785042787150492e-01
2.321591962108035534e-01
9.144245995059535614e-02
1.569134606805957788e-01
-2.284028758475767640e-01
-3.191321488748636859e-01
7.291704791746175807e-02
-4.127989038953942119e-02
7.265250723664241905e-02
-2.068026469553791158e-01
8.368929652422750498e-02
9.068205500228743816e-04
9.402282943542170091e-02
-2.152081997324361007e-01
-9.911680503076131243e-02
-5.201486085174916035e-02
8.167904095064899839e-02
-1.816434119672657166e-01
1.686259748212405596e-02
5.163645738323328210e-02
-3.155428971981687480e-01
-1.031827371341362265e-01
-7.063823521591085751e-03
1.494593314824788251e-02
-5.740725076427390799e-02
-1.672158692826775928e-01
-1.230113413743419981e-01
-3.057045861026586736e-02
2.771326195315337859e-02
8.236114705069937092e-02
2.336786536451253282e-01
8.168168510781713409e-02
-1.005975029963193379e-01
-1.929161354342070200e-01
2.999287027547947737e-02
-5.603161759382684071e-02
-1.082013435043056304e-01
1.103474726718515625e-01
-1.056317609883224151e-01
-1.173712778208411966e-01
3.512769948591256547e-02
3.428865648724974818e-02
2.569972822089042902e-02
-8.264611703464741499e-02
-2.058447369592844856e-01
-6.016734650339543994e-02
-9.552221245469401378e-02
1.763967301247748032e-01
8.177844933613170886e-02
-6.777761488134712541e-03
-1.470233159761828723e-01
9.335457812274138012e-02
-1.675627379879612300e-01
2.653526868356653190e-01
4.594859462254455296e-02
-2.044550386613098736e-01
4.677174635148516335e-03
-6.886528103288919352e-03
-7.329719563541825522e-02
-1.164863376195524880e-01
3.245416242271648849e-02
-6.686890352389411596e-02
-1.362824757831566924e-01
4.269410409422143282e-02
-3.151530383726471318e-01
-2.010166963973026300e-01
-4.041620563467653721e-02
1.234333295868149938e-01
-2.123570750864956988e-02
-3.881225226510413850e-02
-3.189437743231976485e-02
6.083484044608436503e-02
-1.053116463839583600e-01
5.402298290118766333e-02
6.646142028853781192e-02
-1.887173237909219037e-01
1.391804524503753755e-03
-3.243868471795238184e-01
-3.132424015247088356e-01
3.946663357302911818e-02
-1.854369235033661023e-01
-1.518304691870440426e-01
1.223707551112461663e-02
6.546438272837434846e-02
5.069383091366722049e-02
-1.619941629050455356e-01
-2.051059466877782067e-01
8.136337031893429994e-02
2.172514320156443135e-01
-5.253394700118242666e-02
3.976628448761813928e-02
3.489758245231050493e-02
-6.090920161241107633e-02
1.599111326594464255e-01
1.709165983385549370e-02
1.182810519200846178e-01
-8.961776597549528378e-02
-9.649778124724345263e-02
-3.815076760996329724e-02
5.053472610426845008e-02
-1.360202607682450826e-01
-1.842389742112176751e-02
-1.479729224244635266e-01
4.433739834903777099e-02
1.178395868972727106e-01
5.451621485742883660e-02
-1.685241012816402623e-02
-2.451386303749364948e-01
2.344519201488980964e-01
9.308818802240921564e-02
2.472246776394957865e-02
1.979112476637383544e-01
1.412709091415339027e-02
9.841723227601076318e-02
2.606563103955971128e-01
-2.043319410124169178e-01
-1.039020658126758173e-01
7.616456144807479123e-02
-2.150560719207474381e-01
1.431664931678056085e-01
1.574052668786698195e-01
2.510276203550737550e-01
-1.118478052028830105e-01
-2.796821073362193433e-01
7.145163347843229429e-02
-5.516481243540092422e-02
-2.251478679095266985e-02
3.998143946696962325e-02
-1.752382773067163169e-01
-6.172783350634806349e-02
7.764837981719585613e-02
-1.388260547914866791e-02
-3.727565022555288099e-01
-2.485917243530368081e-01
1.694920234927949632e-01
1.331104032319847807e-01
2.537639102389563708e-02
1.260308731810147465e-02
-1.523056682895032043e-01
-7.684139445118730316e-02
-2.224976986375152774e-02
4.116068968346191237e-02
8.720774929790735264e-02
-2.232117831460420365e-01
-1.598224212901199481e-01
-6.176955264253582850e-02
1.275870913501786774e-01
-1.359322733531349026e-01
-1.335925975305700397e-01
5.924267068249451651e-03
2.534542785149229149e-01
-3.499552473097078398e-02
-1.290512004185116468e-01
2.666267992759232541e-01
-4.031161410495598396e-02
-8.300847662562574336e-02
7.488447708794578050e-02
-1.993071548608309207e-02
-5.610135883397992379e-02
-9.288383522931234482e-02
1.397371410381647305e-01
-1.660549644492056165e-01
3.084440099096406041e-01
-7.697078251122484172e-02
-1.367708401054028022e-01
1.671972869203056100e-02
2.391187351160228153e-02
-2.157881977237819660e-01
-2.889008985227917714e-01
-8.234963612765303087e-02
-1.101444960328770983e-01
-2.117066720433045598e-02
-9.364340470083647172e-02
5.073999402250432139e-02
2.298994205577406802e-01
-1.718484262961051875e-02
-1.281275587931379745e-02
-1.119389100405517173e-01
-1.834468681920289196e-02
1.755409282373846802e-01
-2.666055560658913137e-01
2.440126657837320134e-01
-6.998644161596732916e-02
-1.626637348058076749e-01
8.919130335558926592e-02
-2.822216546115940417e-01
3.051428805284255377e-02
-2.568173375546103920e-01
8.876771045042036734e-02
2.063500086700161273e-01
-9.014504752163965406e-02
-9.641322974593911910e-02
-2.987327932385754059e-02
-1.558216316801318280e-01
8.390926655252484156e-02
1.000362687955109981e-04
-1.146946699581267992e-01
-1.383403172427218331e-01
1.074034230079650848e-01
-8.729527270301651320e-02
-2.535120851706839096e-01
-1.788002956550791556e-01
-1.575500558717151112e-01
3.556779481889874289e-03
-1.640595131747693558e-01
2.805229349329780852e-01
5.427615817770126833e-02
-8.201006291133985937e-02
3.407429922657116000e-02
-8.178935669244541407e-02
-1.010860215904208805e-02
-1.459166089121332055e-01
1.527120108421646250e-01
1.473228990883374279e-01
-2.263123490282128725e-01
-7.066278315528652654e-02
-3.564981608620884646e-02
-1.695590306230798927e-01
-5.398101307617399203e-02
-1.502449137855411399e-01
-1.286008504314055390e-01
-1.548696439998897834e-01
-6.268896609507343398e-02
1.595308483657759124e-01
-8.528892928963875686e-02
-3.593656470623073085e-02
-2.502772110094313440e-01
-2.187594281309513389e-01
8.067090389241719783e-02
1.290879374952427494e-01
-6.057544256086067752e-02
3.164039816278765155e-02
-6.020705250292689159e-02
2.471630440097339620e-01
2.858892047460864783e-01
2.904160078991863125e-01
2.252149413344267659e-01
1.133528141969868119e-01
2.141132198936254727e-01
-1.004906879897587701e-01
1.133814732834729222e-01
2.075172039146326586e-01
-2.181027555437518584e-01
5.597518411119681986e-02
-9.014905540662450714e-03
-9.115529344128568343e-03
-3.674160771902196948e-02
6.848447596761575440e-02
-1.478041904981644561e-01
-2.316978115470460231e-01
2.015692414647825559e-01
5.269919291590747790e-01
1.000000000000000000e+00
3.495489770136312457e-01
1.442170448918303483e-01
1.269147701221500224e-01
1.850086114639472590e-01
2.018424012036586779e-01
1.509807321532426194e-01
1.072852455781032749e-01
1.568696847657290727e-01
-3.313125835103570421e-02
1.352894433169115618e-01
-1.133912118448303363e-01
1.321134212378881068e-01
-1.064406667550016729e-03
3.359971740557817776e-01
-1.387241456013010854e-01
3.065298473851998939e-02
-1.646364463286058843e-01
1.097649912594634847e-01
2.846626841538503205e-01
3.554601003876729087e-02
3.174625769555391996e-02
3.294665818837364674e-02
-9.415503462516025546e-02
1.077617682496618545e-01
7.418614093061222381e-02
8.779198390273643127e-02
3.139568717022703237e-02
1.368819757161245376e-01
-1.655063689095772339e-01
2.113595227167383017e-01
-5.231455838936530101e-02
-2.461412161936253340e-01
-1.753184344394029259e-01
-1.009653056757508355e-01
1.242925763310506193e-01
1.256758234817416664e-01
7.254263633561218449e-02
1.999283284419145490e-01
-1.049987717025111095e-01
-2.405613069221208475e-02
-4.436131018901253581e-02
-1.403906315037481423e-02
2.391169993073341549e-01
-4.391772984046351386e-02
5.696222944015937040e-02
2.511572773023532101e-01
9.375567192890645746e-03
-2.769152389775362821e-01
-3.834471376590296160e-02
9.754334793080704502e-02
-1.127606067719849475e-01
2.010442855845328280e-01
-7.249648248215138924e-02
-4.009259656943536115e-02
-2.048594518182440902e-03
-1.195086424115766321e-01
1.826995522984842246e-01
-1.483535222283768606e-01
-2.581902710018487701e-01
-3.644193145644893939e-01
1.542652579221873710e-01
-4.784575999580320538e-02
-9.746969782380744685e-02
7.492440237067442277e-02
-2.414939069637645486e-01
-1.448053556863533875e-01
2.123060643275096193e-01
3.481941260242196190e-01
3.183207719989087497e-02
-1.392231391372689420e-01
-1.108418796974339482e-01
5.055329077049904724e-02
2.552268586407221429e-01
-2.692880003660326829e-02
1.013359625401713399e-01
-3.568164518028960758e-02
1.004384911206250841e-01
-2.851979852655932637e-02
1.794590743126394661e-01
-1.502085851527573401e-01
1.967548453499870231e-01
2.357904388919326300e-01
1.071064192315486774e-01
-6.824569356526641317e-02
2.188213913613672179e-01
1.058059237666807428e-01
-2.892505135743243527e-01
1.651493935476572583e-01
1.614340319695961312e-01
3.186390927497612796e-02
8.706736690986058291e-02
2.446719855091172013e-01
-2.867890333595809332e-02
-7.924520470829549135e-02
-3.882419610487248401e-02
-1.430278613035450563e-01
-2.581741957186693970e-01
2.324926427331156509e-01
3.129585810441622151e-02
2.748243407694999640e-01
-6.951559464568358125e-03
9.873867343047870726e-02
-6.143013420033957561e-02
1.958329454954026994e-01
6.432886776574373022e-02
-7.222603877707367039e-03
-9.190387206813208087e-02
6.119990572229350168e-02
1.603792477265090447e-03
-3.043873594128092275e-02
8.664425025108658807e-02
-1.538715983809089971e-01
-7.870709991886160051e-03
9.258026289914626783e-02
3.119026610893059770e-01
3.033070520438720802e-02
4.274222502153415260e-01
-1.262114674350948429e-01
-2.288539034782217652e-01
-6.472340050805540368e-03
-9.194125538277339582e-02
3.878251092351556739e-01
6.568229299698824519e-02
2.745110846631754892e-02
3.566297503163708832e-02
3.531621149643873747e-02
-3.699477703351348318e-02
5.051627853216732883e-02
1.165991123096164345e-01
-2.998834967979391222e-03
-2.386661956588208636e-02
-3.469893567287350711e-02
1.044452030464657483e-01
-2.236612272633854426e-01
7.010085836637798551e-02
-1.384660530867608264e-01
-1.442489884113596077e-01
-3.330543038478343820e-02
1.027514128422572504e-01
-1.246276066789878539e-01
4.712653021299020861e-02
-3.256865026892896697e-02
1.551845691856441611e-01
1.654921397525695448e-01
-9.092433554932820294e-02
5.456317568493884024e-02
-2.691827599296685650e-02
1.134284311299784409e-01
6.073829550096697394e-02
-8.589985944834234444e-02
-1.573813868790197718e-02
2.174102798618584576e-01
1.304504610119565644e-01
-2.779678474802268484e-01
2.244715027121226281e-01
-5.256444954515928497e-02
-2.660682207604833649e-01
1.024429851144769282e-01
4.991459845204544721e-02
3.689515501450595786e-02
-6.543784822300165172e-02
1.336026360724352491e-01
9.249513296237932281e-02
-4.708232796810993964e-02
-1.630936677261658474e-01
7.000552287724812195e-02
-9.600734524126972036e-02
1.337498362974772620e-02
6.027298345961031034e-02
-6.519715456072708304e-02
3.551159159982223423e-01
-3.822457578443403531e-02
1.144853784352330706e-01
5.611996384886581979e-02
9.308798364426069949e-02
-1.911915092897125967e-01
-6.675246140043324117e-02
1.135040450819524843e-01
1.581956649228905692e-02
-1.770436300763333914e-01
-1.223676147237322681e-01
7.990081633927874349e-02
-2.147235778912251480e-01
9.756228069232965316e-02
-1.016794512100394760e-01
7.681779969699740335e-03
5.014223206460527438e-02
-1.503864590065352447e-01
-6.286837087709064298e-02
-3.069708270286130580e-01
-9.250793039921088867e-02
-8.414134743108822589e-02
-9.806095903037821693e-02
-6.665569717213176704e-02
1.300921713363134835e-01
-1.017665913024582425e-01
1.922486666228012120e-01
-1.373064718223882819e-01
-3.867693294617435829e-02
-1.342657075342188200e-01
-9.856354921629088828e-02
-3.702195901942956779e-01
-2.057089939790090194e-01
2.052641439095759246e-02
2.046437983796443594e-01
1.811880303166713557e-01
1.468106907285510188e-01
-1.483341132204593626e-01
-1.396299671916884644e-01
1.047846185076444087e-01
5.808622720538493545e-02
-1.459728108751721376e-01
-1.631344343695769195e-01
-5.635304226776956422e-03
-2.409751859286188014e-01
2.810498543458525567e-01
-1.044704265314826547e-01
9.365582447466309912e-02
2.167536644162154288e-02
2.784778951543234737e-02
4.120046019207363602e-02
6.773892657606863169e-03
2.896649598531715955e-02
6.997823994488441834e-02
1.023118002199626675e-01
2.031697138730116647e-02
-4.355494062610430067e-02
1.260050363715619071e-01
-3.031734003512943088e-01
-2.786952138003561119e-01
4.200300236028024492e-01
2.640666891027103613e-01
1.173230456969443641e-01
-3.556190353279026217e-01
-5.499316746470494371e-02
-8.648715590967626099e-02
-5.785272417434527553e-02
9.509633721329027733e-02
3.134397878385594693e-02
-1.911683413202477921e-02
5.567934614874532617e-02
-2.081072559775787312e-01
-1.872367746374718200e-01
5.207164847541273511e-03
-1.096578670170188230e-01
-3.569152926037452711e-02
2.360726969162780797e-01
-1.343076820581277399e-02
-3.194264394284982572e-02
9.462923587489005181e-03
7.033462761597857049e-02
9.615603384579833601e-02
2.942890094429899059e-02
-1.364772001962788125e-02
-1.703255110077834741e-02
