-2.336507497111512677e-01
-1.377400761873000257e-01
-1.353374257064093034e-01
6.147287180060318629e-02
-1.542043423036255356e-01
1.693885962042880264e-02
-1.481880448587699350e-01
-8.208496941599999208e-02
6.789343090360898392e-02
2.568015701465462680e-02
7.582420826566560468e-02
1.150994404591278858e-01
-1.887443474702183432e-01
-8.321102554359051384e-02
-5.751717521042453915e-03
-9.609833295056960378e-02
2.113347345758301021e-01
2.096622060203584825e-01
-1.943777224580128249e-01
-9.076893021194031019e-02
9.235358961926884436e-02
2.035901522441480593e-01
-4.028167292429967600e-02
2.977598439470273764e-02
-4.186802144988844426e-02
-2.648765379142482557e-01
-2.976659229968322065e-02
5.898362484090086122e-02
-7.426040542647786846e-02
-7.772681673903936161e-02
1.389568877825941851e-01
1.502083548887013786e-01
-5.787626300842792226e-02
-1.210935422882993134e-01
-1.949972759288653296e-02
1.010429158894037838e-01
4.178524336743733025e-02
-4.010952108898895724e-02
2.773532102556572343e-01
6.221402014069576242e-03
2.706414824241415995e-01
-6.987497819938113565e-03
9.022532229996450479e-03
-9.562489643937516215e-02
4.769051078254099574e-02
-7.737803700374133731e-02
-1.308269463123345744e-01
1.464920053509632669e-01
1.839582801423370051e-01
-1.856881862503311290e-02
-3.615012255554839876e-02
2.028591312368519528e-01
7.728658291345655296e-03
1.036946055136034189e-01
1.465224290495007187e-01
1.818883033017827389e-01
4.445413843364462089e-03
2.283221292437647917e-02
1.284308583127463932e-01
-3.235957328311230008e-02
-1.074506479550260130e-01
1.150719690700155728e-01
7.919507097004360729e-02
1.177567699660154038e-01
2.158180928456830405e-01
-8.904574606317422480e-02
2.482099941893241846e-01
-9.990802615614863269e-02
-1.032990642436137502e-01
7.219568520878869022e-02
-4.086286419499991773e-03
-1.364258379858437897e-01
-1.698866847148712209e-02
5.578832161018429207e-03
1.396233326972307620e-01
8.667188667421189818e-02
2.018462179591215110e-03
1.604235890639386930e-01
-1.073968221554924413e-01
-6.510666095854923674e-02
5.396871707538036800e-02
2.359406440676106720e-02
-8.499789637549806653e-02
-1.291521174249097952e-02
3.242505262964976570e-02
-2.201297680688230063e-01
1.171963205270899477e-01
-4.807630552061036705e-02
6.077601305039584054e-03
1.390065781099640019e-01
-6.181708577044877501e-02
2.358153529459902295e-02
1.402751194157786929e-01
-8.772812943101450378e-02
-1.395489770777280369e-01
-3.702555927290863969e-02
-9.930821056169159000e-02
2.722768839225920938e-03
-1.414403293024355246e-01
-1.008586278741315234e-01
-1.896173806951493568e-01
1.348500357009174977e-01
-1.241416584199870193e-01
-4.378299367242482337e-02
3.485716154315326304e-02
-1.842168725716639699e-01
1.070561754960780293e-01
-1.772709720174017456e-01
2.707162311664057172e-02
9.361688814658772340e-02
-3.483842988693817283e-02
3.190144945297226919e-01
1.510837060772960427e-01
2.953638905803260828e-01
1.765312209495767670e-01
-5.650695933302956470e-02
1.716861279014994524e-02
-6.940012432901519063e-03
7.846363351381874240e-02
-9.522064445358396911e-02
5.767218723605655600e-02
1.773254266623200126e-01
-8.880856432882795054e-03
1.144554697370194288e-02
-2.522528243051063573e-02
1.174519648190020527e-01
-6.968392138560736138e-02
-2.319798399215322257e-02
-5.653229196585628225e-02
-3.794952249961800611e-02
1.720912884510032437e-01
2.063717882620415001e-01
3.175790718522281120e-02
1.025140230566983085e-01
-1.668741512445429120e-01
-3.236233671278166552e-02
7.077914153775130557e-02
-6.629887344573000274e-02
2.871219111470985630e-01
2.455166479405128666e-01
-1.609854725573678369e-01
6.476311850138898041e-02
-9.571577043077669766e-02
9.390436553700701877e-03
-1.282252407687347051e-01
1.078394323635993024e-01
-4.851402871546998258e-02
1.277495276328294571e-01
-5.189928487980236677e-02
1.037873810197304791e-01
-7.125863988092047407e-02
-3.369836754429323955e-01
-2.178831730006404455e-01
2.241413501228197436e-01
1.202175044142928945e-01
8.251154938554251805e-02
-2.802791254435373913e-01
6.953917759540162967e-03
2.163465189744130102e-01
2.494260720657313912e-01
1.841291909712972769e-02
1.160722514429999158e-01
9.400372817897052757e-02
3.562540994968600716e-02
-8.668164951670172258e-03
-2.872171066503980894e-02
-8.535639495396850351e-02
2.752330397780782326e-02
2.154244862795342275e-01
-2.674720790824177200e-03
-7.071588647625566548e-02
2.105224728915673638e-01
1.192311797076161944e-01
-5.715648459958375810e-02
-3.987515948651473852e-02
-1.883522288243951945e-02
-2.269650647146210232e-01
5.421802095480484501e-02
-1.876762829633534316e-02
8.778071972813106250e-02
2.121925220982218974e-01
3.686008294224025345e-02
-3.193983987573393440e-02
-1.879767334094470943e-01
-3.756619326599648645e-02
-1.249732529171297402e-01
-2.469816477648789366e-01
-1.042993756336937777e-01
2.806734256416596254e-03
1.130684698368463609e-01
-6.745969696847674280e-02
2.160850830870185424e-01
-5.078562549631611411e-02
3.021728699826453646e-01
-4.638733995000463017e-02
-8.018393703756540591e-02
3.588153687455575974e-02
-6.094717591245534666e-02
3.140085650561595665e-02
9.041382390853329454e-02
9.217831441702052653e-02
5.405529420945529018e-02
2.536041522279629534e-01
2.238676595317564688e-01
5.447965539430470877e-02
7.927820348938613426e-02
1.784299256919793797e-01
1.035448711686462048e-01
-2.406939405256811604e-01
-1.035189387075211437e-01
4.222851124386961530e-02
-4.355551162705641188e-02
-7.868370235783062050e-02
-2.292836739219238362e-01
1.448144987531207184e-01
3.304681275386167627e-02
-1.069707580080135195e-01
6.349910977192073369e-02
8.554904759216205856e-02
-1.717392116417663928e-01
-1.674421807703551923e-01
-1.264635136899261991e-01
7.774843452063195937e-02
-2.406496088546759143e-02
-1.273858207933075970e-01
-1.405301542070334642e-01
4.391390950404417542e-02
4.613063936305355356e-02
-2.511137594774952991e-02
4.113757275726506735e-01
-9.093078689250852498e-02
1.052413506421098766e-01
-1.214353294431517322e-01
-2.118757088943647345e-03
4.759315433823506358e-02
-1.367036737214298303e-01
-1.161863248112912916e-01
-6.889366511984784495e-03
1.275922987297416489e-01
8.730857940301509079e-02
-4.976441069879375401e-02
1.037866804899400947e-01
6.417629530733362508e-02
1.530521344897294023e-01
-4.734943933019602341e-02
3.887326232913655699e-02
-1.673822986392143330e-01
2.295092639198668613e-02
-1.244331209017268819e-01
2.734880157824799984e-01
-2.680879489530088033e-01
4.145054399415509794e-02
-1.035215600967737404e-01
2.114148635694049205e-02
2.941440646635974931e-01
1.000000000000000000e+00
5.907341945822617291e-01
4.387121815048600770e-01
-8.965336931371918616e-02
7.493236202775481469e-02
-2.128368294313750242e-01
1.520813255170909775e-02
-3.127629075884321569e-02
5.059988825380438288e-02
-2.631019358354282425e-02
6.864575242253946608e-02
3.529067870484469110e-03
-1.182682819470210756e-01
1.259567990214012778e-01
-1.076039689551417516e-01
-1.057641052215674837e-01
1.433753100225287347e-01
-5.861915128756910870e-02
1.331813391920019796e-01
-3.232745629430435613e-02
-5.114488111624681393e-02
2.674132744329974498e-01
-4.200752043076226294e-01
9.411164451415324206e-02
-2.314094829502301165e-01
1.207098572894291927e-01
-1.358950180370529504e-01
-4.433306680489257530e-03
-2.262006773717494257e-01
-8.633233897714646943e-02
-1.226263022559239274e-01
-1.595584255071142155e-01
3.390912339469680497e-04
-1.869475414208364994e-01
-1.323112459546295916e-01
-5.863064894977761815e-02
3.978744052863526087e-02
-1.298518076924399245e-01
-2.075809452423994506e-01
1.133380674180063490e-02
-2.332204511176156139e-02
-6.020391954621780173e-02
-8.633757208327394461e-02
-3.890193205372332458e-02
-5.747313767371484833e-02
-1.478649770382942097e-01
5.862324256990139593e-02
-2.563205089739364340e-01
2.016730881046276402e-01
-8.352336393819849436e-02
5.640527303647410035e-02
-4.703115914983267698e-02
9.374668282748703507e-02
-1.585568937873529649e-01
1.559059831988297284e-01
-1.715095246560741360e-01
1.993074002868392980e-01
-4.523775902571917917e-02
-1.406193058910500948e-01
-1.917768691569978201e-01
3.324968581375498718e-03
-7.658999249610767834e-02
-1.780616959484793982e-01
1.818078992954420131e-02
-1.224749408047344640e-01
7.151639808403274789e-02
3.947426687069999773e-01
-1.563705214428427748e-01
3.677741748392449137e-03
-6.175294169857401157e-03
5.572698019472913794e-02
-4.183648236795212139e-01
8.414208449670486020e-03
-1.360654572373564686e-01
9.350706877414863283e-02
8.184507545380087512e-02
1.972120908134489536e-01
-1.494688133736885860e-01
1.672351608384149146e-01
1.026866419530451588e-02
4.840324824911652196e-02
-2.168192991456392160e-01
-1.218583282578938054e-01
1.166735617756314430e-01
2.997056337367361434e-01
9.686699230566366003e-02
7.294428770449351562e-02
-1.694602720155935216e-01
1.745589589680564269e-01
-8.707768348761839999e-03
1.709727075368159543e-01
-2.794720031867990451e-01
-5.889904025068449372e-02
3.290630494676024392e-02
1.045769492826343072e-01
-1.866945847022058735e-01
4.032222558053380479e-01
2.644733528177915446e-02
1.341011572741885594e-01
1.665927992098187871e-01
5.053888914394438769e-02
-1.514656219294983897e-01
1.168437168950733351e-01
7.979602136541627533e-02
-1.243492469128643259e-02
-7.391359491248382374e-02
8.518496564266427040e-02
2.047176079087884848e-01
-1.018546907687173375e-01
-1.943620053174058004e-01
6.101831296389591958e-02
-1.731652320435921695e-03
-3.071441276578153190e-02
5.767401289439420126e-02
-2.933608110461406390e-02
5.823831372461246020e-02
2.260952430348632525e-01
-4.898612220128442662e-02
1.063035780461327878e-01
3.669464927888186484e-02
1.181889372844218827e-01
-4.824443642961859929e-02
-4.665079189799527237e-02
6.474154205873047796e-02
8.612819549820599496e-02
5.847702869607382392e-02
-8.316357884600859840e-02
-5.508300438234286361e-03
6.654423490473800051e-02
-3.601284298887748314e-02
-2.888177885419421220e-02
-1.652110864684777636e-01
-1.555223575625081789e-01
-4.765246565818263835e-02
-6.690203030395736050e-02
3.768661386824645465e-02
1.812984891088382233e-01
2.389346389335086362e-01
1.536480793481569684e-01
1.631961115672974361e-01
2.861657728973898696e-01
-1.342602947148908155e-01
-7.204647768661125162e-02
-1.460923769706515829e-01
1.184231761911972991e-01
-1.903170491771911943e-02
1.389664065511490854e-01
2.126369537926561248e-01
6.646892786368922834e-02
3.064329091738585698e-01
6.532476892526829781e-02
-7.774290501179509372e-02
-4.006056030850522337e-02
-1.686063262121261785e-01
3.318826951705013961e-01
1.814994010972837898e-02
2.775324602726600073e-02
-1.869491410325039016e-01
6.042151586288352361e-02
-1.237318788471223306e-02
3.802210744993151509e-02
-4.046578723257070187e-02
-3.395780842527348214e-02
1.251156277215029200e-01
6.666193626713137754e-02
2.236651211648602311e-01
3.305350616163645894e-01
9.209513353585496720e-02
-6.622934760004176372e-03
3.337137756278686813e-03
-2.115762943337348712e-01
1.466382273746283382e-01
-1.244734813402600948e-01
2.197216205019168755e-01
-9.150874348596695074e-02
-5.404749357626568301e-02
1.001116082948461800e-01
-1.479358935434226252e-01
5.638157718225735027e-02
-2.449045459758119325e-01
5.874981053289168864e-02
-1.372097678885718652e-01
2.211993722350040145e-02
-1.281031682151576867e-01
7.722430372669775167e-02
3.065405607729069781e-01
5.675947475763663819e-02
5.343878501358607230e-02
5.558516652919026635e-02
-1.065519333548899106e-01
-8.037656768155219955e-02
-1.786474215085616657e-01
-8.808322208421658084e-02
2.995821311064826853e-01
-1.911721803936721475e-01
9.804569107003972828e-02
4.280792388604783005e-02
-7.837639036741658738e-02
1.743407406274769811e-01
-4.826578530308537479e-02
-1.224976052089976758e-01
-2.148039244907874179e-01
-7.967907439499440081e-02
-1.486739354204878391e-02
5.709469393081907651e-02
-1.806970244139421700e-01
1.898750540972214337e-02
2.206116395589685364e-01
-9.105086425274756812e-02
-8.786433223095181655e-02
1.515569618585909384e-01
1.373272540036119260e-01
-2.498571673899526932e-02
-9.706186240742807614e-02
-4.612890473383959161e-02
-3.057111403442716591e-02
-5.647864689622224266e-02
1.172372944441264636e-01
-4.138238826922598090e-02
2.967677809209811057e-01
-6.680175056733136940e-02
1.802824880727253720e-01
-5.970007868123199807e-02
-8.646184142733730205e-02
4.572847777173427719e-02
-1.848776597813974465e-01
-1.299549460598692363e-01
-4.095977768107560840e-03
-2.892316107032197672e-02
-1.270480185278616931e-03
-1.760803316473235625e-01
2.694766832918911170e-01
-8.808811459782191211e-02
4.933813130396152297e-02
6.420751321424580937e-02
-2.760164180237701381e-01
-1.311282228383714166e-01
-1.224645697935853456e-01
1.463723816065861938e-01
-1.069713455144641057e-01
-5.055938392013363016e-03
-4.859075616082685067e-02
-1.026074770983996243e-01
5.046122544976792967e-02
-6.573840618459869667e-02
1.613367536356897225e-01
-1.214652906482362356e-02
1.814327695267918261e-01
4.513863608422492152e-02
-5.429799029079717537e-02
-6.189016117135815245e-03
2.692571114588046544e-02
2.453128505544713844e-01
-1.996597640278257868e-01
-3.775731949944981236e-02
1.632537790857554738e-01
1.448684940876452665e-01
