-1.799269121698076068e-01
-1.380135748485654679e-01
4.639262142517482923e-01
-7.271513405480563297e-02
-2.552573432945317577e-01
2.837206788624173637e-01
6.693386088909939469e-01
-1.202306958918247515e-01
1.974173495366631503e-01
2.814943536764762944e-01
-7.522567164950717533e-01
1.697162027192835598e-01
2.259242931362471785e-01
-2.177786415334736769e-01
-1.359084518287277943e-01
-1.244761759289862435e-01
-5.890939082616591244e-02
-5.688167585478881572e-01
-5.293555429476482291e-03
-3.788558206874709788e-01
-4.382348195415064485e-02
-3.678682011282880665e-02
2.730788266548672127e-01
-2.887562358348833014e-01
1.579499207186984000e-01
2.174180720951075091e-02
-9.855922755549448300e-02
3.176478527648885497e-01
-7.613603864302485869e-02
-1.126321693106014932e-01
2.926219054871451730e-01
1.871757863560041119e-02
1.086584039885923197e-01
1.829984023965372242e-01
-3.367180303039125633e-01
9.222276922740276286e-03
2.164536746678095633e-02
5.684818742424711108e-02
-3.581031077485805070e-01
-2.244313269578269432e-01
2.176270081733273631e-01
1.726278863763318905e-01
3.343126993836536553e-01
-3.973119635183987031e-01
-1.417107010061186001e-02
-3.536222893765665343e-01
3.688906345311202539e-01
-1.066714946562692529e-01
5.779660676099451777e-02
-2.503178475370216871e-01
-2.828327048156030199e-01
6.463371316788120158e-01
-1.509965569531005747e-01
3.096890934911930016e-01
-4.210618510427067140e-01
3.325176156672295935e-01
-8.284802017503919980e-02
-9.958190239144197597e-02
-1.129019777878835507e-01
4.740134583422411785e-01
4.252402334910045933e-01
7.163434538577000410e-01
2.667226535396727827e-01
-6.194670092495323244e-02
-1.403993280763970730e-01
2.241682944633950347e-01
4.839064702257260542e-02
3.087335763861875360e-01
-9.483235778286440432e-02
-6.936213559523036511e-03
-8.396567058547813045e-02
-1.976912990745518517e-01
2.779196228754656217e-01
2.987916601137974304e-01
-1.382097645980048528e-01
-5.617271027412364948e-01
-5.025735906088973914e-01
-3.614166555506466705e-01
4.398153774081867140e-02
4.798788072654994186e-01
1.836451212934336330e-01
4.069766199889203739e-01
-1.841425857267084062e-02
1.330021117571950628e-01
4.737058213740632379e-02
1.596363577927054078e-02
1.445372248547258376e-01
-9.165309367181212474e-02
3.113761518791524074e-01
-2.108532045144630857e-02
-4.560871010628851363e-01
-3.455643533256943511e-01
-1.301863940023240407e-01
-2.559051931931395976e-02
3.187374622588611817e-01
3.637133175716252276e-01
4.581218162298961727e-01
-1.158011849205085181e-01
3.371831335156931231e-01
1.902111700068916667e-01
2.262156490856511715e-01
3.970159568206794165e-01
-8.912086684331818609e-02
-5.082850667675785361e-02
-3.142301982985371001e-01
1.859889564539447815e-01
1.566176838195853516e-01
-2.799694002227589573e-01
-1.543412328626791452e-01
1.439048603489483658e-01
-8.481831872179051990e-02
-7.848423453734724997e-02
-1.645210974207197696e-01
-7.954335269516488172e-02
-3.728676465752848723e-01
-1.883130300959969805e-01
-1.235929411437738934e-01
2.840390888003309633e-01
1.658007499766911141e-01
-2.738578594630325380e-01
-5.022010896841039296e-02
-1.602797232735152233e-01
2.824631747028027995e-01
-1.094471762867510051e-01
-1.241724069969664807e-01
3.386570060413924277e-01
-1.269069026442637416e-01
-1.660934005350843401e-02
1.377974890210032777e-01
-1.616788630597328080e-01
-2.106862804632622377e-01
-1.533882939375511290e-01
7.768957379531457597e-02
-4.984440787319685540e-02
-8.486332398015702938e-02
-4.511176406469506739e-02
1.326963054274039322e-01
-2.810299825488148939e-01
1.322136612444442250e-01
-2.812243897443372220e-01
1.017183407445864246e-01
-8.657059343218882763e-02
-9.463034380789861477e-02
-1.616075358969926434e-01
-2.323137940110406863e-01
4.960629511098416100e-01
-4.993345849208229437e-01
-1.817225691157647038e-01
-6.358038915657633801e-04
2.643909765179062732e-01
4.841915721172853626e-01
-1.172760761451018818e-01
3.735843839215400863e-01
4.903141393375385487e-02
2.925304943439981931e-01
-4.049380855467272777e-01
-5.066748568395951224e-01
-3.303620167198274560e-01
-5.303966081346750405e-01
-1.568305871433229304e-01
6.240254188703883709e-02
-5.866412237584687356e-02
1.553627260689276202e-01
1.241539426396550266e-01
-4.980307390947755208e-01
7.364416632461567858e-02
-2.321013402328997166e-01
-5.396900412993369672e-02
2.238212703794988379e-01
-1.409847007164649439e-02
-2.916057592661582265e-01
4.169715754253795065e-02
-1.823151482647548671e-01
1.107516865788576443e-01
-1.304377421985469798e-01
1.968842571208240244e-01
-8.115446901925857381e-02
-2.528877912301005781e-01
2.497993927273304826e-01
-1.965517192644710975e-01
-1.977388189709713695e-01
-5.262820697535934844e-01
-4.355035556558617960e-01
-3.393296054495369973e-01
-2.656741698867726154e-01
1.362381573378721733e-01
-4.619237729748260635e-01
-2.551659010569874431e-01
-7.767309076989804828e-02
-3.599272828512687927e-01
2.106487190535175080e-01
2.448787391783825707e-01
3.336936387991972786e-01
-3.633772336268956127e-02
3.504241472097623378e-01
-1.793715726451375891e-01
1.091285074287642737e-01
1.972318219868262612e-01
-3.345455271567054911e-01
1.392458988101304418e-01
-3.146263970725979298e-01
4.523035220376486754e-02
-6.920509615767624911e-01
2.274629358385178712e-01
4.488469697534525765e-02
-1.427917336031256090e-01
-1.771350942707794751e-01
-1.745030538937515641e-01
9.020846731071086033e-02
-1.231931143965442066e-01
2.393118122018992877e-01
9.949172894388726152e-02
1.000000000000000000e+00
-1.068731909220627524e-01
3.339201095632036986e-02
1.802506339223330645e-01
6.987187929419594878e-01
3.466572054656036350e-01
-1.060531350615178947e-01
2.040917412877580606e-01
2.219462975638214763e-01
-6.402677354590521341e-01
-6.451247518626761213e-02
-4.825082735389022992e-01
-1.269570642623850665e-01
3.898717468911745976e-01
-1.201347022949792037e-01
7.664296393284089626e-02
4.450387339620354155e-01
-1.868018868515466113e-01
-3.410248120755859369e-01
-4.941758560025757419e-01
-8.383593251439986401e-04
-3.512786137471479164e-01
-1.109231179811422663e-01
-5.881339722932036468e-02
3.108239109438445946e-02
-2.051439570555664005e-01
1.852659128891563367e-01
-5.258939239048436853e-01
-2.097771374721167092e-01
-5.584770090803133080e-02
2.586936289713845719e-02
5.577225270208704400e-01
1.672159427935997200e-02
-5.672086347786354787e-01
1.699593384590862288e-01
2.404261523483416652e-01
-1.775065941633079125e-01
1.022763658366510411e-02
3.015019976616515329e-01
1.179599663717352670e-01
-3.671229908069444936e-01
5.940501586988746752e-01
6.742089412907112944e-01
6.655006576932673834e-01
8.049642004503403392e-01
9.952835566783921895e-01
4.621010522210865501e-01
-5.202178144190703485e-02
1.657611552454105464e-01
-1.124667264176778120e-01
5.567639658941227199e-02
-1.885034909326549490e-01
-3.127227472456199919e-01
2.273361636142360032e-01
2.186368874226327919e-01
-2.706975653207311927e-01
-3.624361161118657693e-01
-5.131371456456380598e-01
9.724258274307587269e-02
3.189573111417440959e-02
5.301332565780412232e-01
5.539080132367671383e-02
-5.984807134944314377e-02
-5.249075653070839342e-01
-1.688789635201403405e-01
-2.434403913411630760e-01
-1.924926259449312449e-01
2.618608181815978431e-01
5.608850923557536644e-02
-2.947570784500291308e-01
-5.662834501551988753e-01
-5.535448983823090113e-02
1.335236814526341298e-01
3.067379739574502273e-01
-2.135008882827465759e-01
1.051379717900740307e-01
2.030503513268803739e-01
-1.416136305807904998e-02
-6.748332786729467625e-02
1.421569139249007629e-01
3.083814594843609092e-01
2.282624622493116540e-01
2.260845478984786772e-01
-6.398495437435250954e-01
1.852667402860204704e-01
1.896462173994041822e-01
7.961362531187159142e-02
7.136471941313926592e-02
5.840681386840185230e-01
-7.054752430264698004e-01
-4.512303274283264720e-01
2.834879710765253729e-03
-2.125303164734236028e-01
-5.601872824854855493e-01
-9.858287664373539816e-02
-9.595083626669069499e-02
3.287496017277228427e-02
2.424431427181083787e-01
3.636666886139110488e-01
2.613084063168981119e-01
7.661342707721563450e-02
5.285376829204403021e-02
5.138743900394703024e-02
3.266292009305499233e-02
5.086876519757444620e-02
-4.030845973378874292e-01
1.854521718465892144e-01
-6.987888412694402696e-02
-4.629331756603898285e-01
6.755086277303141984e-02
2.052129243586041096e-01
-2.286539231148000950e-01
2.011363252385516553e-01
5.374101365445155265e-02
6.024560415432856919e-01
1.605455806391909435e-01
-6.289925859908457317e-02
-7.316582340986163557e-02
4.165777183304605891e-01
1.741182453271768460e-01
7.089525206783509059e-02
9.207354110530228952e-02
1.935888829850755943e-01
1.505894052884267920e-01
-2.159741056183375751e-01
-4.615591484541619050e-01
3.091524041965823533e-01
-7.803806612368470452e-02
-3.695969084557676476e-01
-2.732608249440093284e-01
2.314890549547702903e-01
1.059817396041945747e-01
-1.302446085457562852e-01
2.948437739500067711e-01
1.418999003577375573e-01
3.989371117716802861e-01
-3.710951297064000176e-01
-2.371080897106368490e-01
1.429883005273261398e-01
-1.213231390860522868e-01
4.965731676612428896e-02
-5.812342385705392828e-02
-8.021671255862007632e-02
-1.222974348578123038e-01
-2.887163876127780138e-01
1.155468725406527120e-01
2.853293434137927909e-01
2.720599162446013172e-02
1.969884624975834220e-01
-7.255627991895452489e-02
-1.082507514652210068e-01
2.446342656774838920e-01
-2.273249011669386532e-01
1.431425722094618602e-01
-3.175393225014740417e-01
7.062440248956877373e-03
-2.697873083179633813e-01
-4.181013752995200727e-01
5.742847999779742557e-02
1.859042380729225910e-02
-1.411450338014697270e-01
-9.135021635500410742e-02
-5.889174380520644236e-01
2.044297255183698536e-01
1.408122958141093117e-01
3.411298725438944857e-01
4.485270504485446286e-01
2.135076946834877087e-01
-1.938863869749666846e-01
6.878045309986197120e-02
3.092080081127269731e-01
-5.462625881927345856e-02
-2.850518375970474971e-01
-1.256188760540800642e-01
5.131547506984944496e-02
1.298259023897618547e-01
-4.773164115627815951e-01
7.247871809525597946e-03
3.520442384922864432e-01
1.452450852785015512e-01
-5.762196054422929516e-03
6.878497268824258770e-02
3.248700494952913576e-02
-3.301132473799883171e-01
-9.790002411847457953e-03
-2.690482873392147090e-01
6.672265867441387610e-02
-1.952648702277508530e-01
-3.229159481723919423e-01
1.772041251156583896e-01
-1.439260306463092109e-01
-1.849258642425945787e-01
-2.264656244868323148e-02
3.286081142338458938e-01
2.487855626852266463e-03
-4.324086604457724053e-02
1.954032226085191115e-01
-9.573227164824842095e-02
-1.478112144491739999e-01
-2.511422965787880046e-01
-2.355035621436325222e-01
-2.002376903451644485e-01
-2.111798105952645832e-01
4.915168204261206042e-01
6.249595730400698407e-02
9.444710374694544053e-02
6.211239458549566023e-02
-2.911651926816115621e-01
4.010107882983101057e-01
-3.455301387036255334e-01
1.977534234531858892e-01
2.123453502615421477e-03
3.400254069867776618e-02
-4.858448574130388997e-02
1.299261614076736571e-01
5.334418068749388064e-01
-1.401211178702008453e-01
2.617281575134252636e-01
1.790856622567149961e-02
6.935173894406128359e-02
2.526092889798978169e-01
-1.357071070725631989e-01
-5.521192348630184037e-03
-1.936840228434016098e-01
-7.071304021125995876e-02
2.726241267225824605e-01
-1.449483235547535942e-01
9.763200145803416219e-02
2.659372577705577667e-01
-4.696146340853286083e-01
2.736185455848300432e-02
-3.412913745072189697e-01
-1.425591012083392839e-01
-4.637433014054513913e-01
-3.052020730423682937e-01
-2.710801417878090369e-01
9.146982183992158344e-02
-2.458872476622325429e-02
1.202972763170150061e-01
-5.484985271378820665e-02
2.072855504154360318e-01
-4.845443934085461035e-01
-3.374425704843831419e-01
2.802511714605537274e-01
1.362966889139870796e-01
4.500805572296429080e-01
-2.777609952122941928e-01
-1.051321840882102066e-01
-3.632555358775595988e-01
3.431791685746538589e-01
-9.583090764333573874e-02
3.004517909204231230e-01
-1.259479170971820050e-01
-1.957083975962180256e-01
-9.643589977494164411e-02
2.557555471167589078e-01
-2.595832863369860188e-01
-4.644998917265538707e-01
2.999695286649833315e-01
-2.236067390550225843e-03
1.051701179199740904e-01
-4.613037585863296042e-01
-1.183629175101967718e-01
-2.205140294725058681e-01
-1.183951914002855932e-01
2.595937273736504194e-02
1.094238732788738178e-01
-3.789037165250953160e-02
-5.660917806706633471e-01
-1.863917162904099312e-01
3.092877059099503612e-01
-6.122104876239639615e-02
-5.601033517146228879e-01
3.617434638177117745e-01
4.005042090888578099e-01
8.385073403802666137e-02
-5.873792725900586209e-01
-1.067823470222847328e-02
1.991421552071320766e-01
-1.668538891306317606e-01
1.432819798127867861e-01
-4.433955080317210085e-01
1.945191981835272740e-02
-7.767305967550065804e-02
4.598248580180470946e-02
-2.458916157352710741e-01
-3.659494505421260202e-01
1.421241621180406589e-01
-2.240340155251566989e-01
-1.867229151521776487e-02
-4.430549071874897299e-02
2.262518368871605789e-01
2.507358438742999796e-01
8.591120195609713850e-02
-1.142314783290562380e-01
1.373742673528805802e-01
1.875293810336428890e-01
-5.273865440029001928e-01
-4.162474690557332879e-03
4.213132262570746800e-01
