1.648910698918396867e-01
-2.190077669302400720e-01
2.568339113164357923e-01
-3.408402922415028624e-01
4.850246783538975787e-02
-4.795711450989665336e-01
-1.864514617621964021e-01
-9.073665802679163617e-02
-2.479651413409650687e-02
9.190552174513463846e-02
-8.560027973279921154e-02
1.084786998774846800e-01
-2.963701972284292219e-01
1.529679448536236386e-01
-6.811814526300279116e-02
-9.186626512622496354e-02
-6.163340992879431934e-02
2.808579378313053043e-01
1.896577608512530766e-01
-7.426518070449762698e-02
1.115988178505706030e-01
8.926322866652816601e-02
5.932971130289790840e-02
-1.155740599765469612e-01
2.249436101826270823e-02
-7.302518609128121063e-02
9.314516104722328493e-02
-2.250666542662966771e-02
1.278879443370220803e-01
4.398017200788783554e-01
-1.466465817655792925e-01
4.422074914256961253e-02
2.386045380046764863e-01
7.824983272078286922e-02
2.965128244330229035e-01
-1.409432282459557595e-01
8.685641202140671410e-03
-1.628726626792330878e-01
-2.037049693885343293e-01
8.600977157421309249e-02
-3.014575638057944151e-01
-1.137126691358322644e-01
9.557703557761862423e-02
5.686352488708698583e-02
5.868964468902749393e-02
-2.128609625342937905e-01
9.526128348976425908e-02
2.727021385737100623e-01
-9.059605344833267238e-02
-1.604670171727709260e-01
2.651554782430537438e-01
-5.324066851628083130e-01
-8.110586887389527322e-02
-2.358699264170354415e-01
1.127547782395163511e-01
3.521154261553344211e-02
-1.754961641951197915e-01
2.322020603391136695e-01
-3.192452181496693298e-01
1.099532101960787878e-01
8.268863237889864659e-02
-3.490578226073817736e-01
3.350479020944815978e-02
-3.617686357660263030e-01
3.215589305081470450e-01
-1.207592014560081722e-01
-1.073131582248292998e-01
-3.279754891377018033e-01
2.011929394339929400e-01
-2.066817470741638407e-01
-1.756018722178749126e-03
-2.011857832153811643e-01
-1.912636323101420954e-01
-1.418500973638498197e-01
2.469940274642064976e-02
1.828926687335436507e-01
-9.095515943644359724e-02
-4.716795194163668214e-01
-6.263394957515674433e-01
1.309675062516592881e-01
2.978738562177225546e-01
1.847497162224017442e-01
1.119421755596687745e-01
2.022224533662294044e-01
1.891203542008249860e-01
-1.707282892152209020e-01
1.103105396285646994e-01
6.547854078558611179e-02
-3.633048503230545956e-02
-1.870576785817760213e-01
-2.204709347461187782e-02
1.495577795927229003e-01
2.076769641459597360e-01
-3.397259891072532123e-02
-7.296118136509723018e-02
-1.855649153207202251e-01
-4.342845661452857664e-01
2.994926484915910181e-01
5.032693534727064599e-02
2.471789357119442143e-01
-3.446011430951861909e-02
-4.493788016044699546e-02
-1.792425459714680758e-01
9.143276831033568530e-02
-1.846602402023477807e-01
-3.095083848348603728e-01
-5.321631274425758784e-01
-1.450060727324000986e-01
-1.652377346416643022e-01
-2.020629148452925128e-01
2.481970893642249931e-01
-5.442799635965901439e-01
-6.056469934153717143e-03
1.206894025112448948e-01
7.605813171214972912e-02
4.689778903607048910e-02
-1.628434494151439760e-01
-2.010439884379735254e-01
3.327932257470100352e-01
-8.496917551540487945e-02
2.655110308282150611e-02
2.661358736786798018e-01
-6.839129872007046473e-02
-2.485288678844760346e-01
2.041473072236522357e-01
-3.059797317131396355e-01
-1.438016423363306373e-01
1.181680223385424139e-01
-3.200902768326145675e-02
6.179514244925281979e-02
2.035064057219470590e-01
1.743683661618548597e-01
-2.816884852503221404e-01
-2.313530881765513691e-01
6.195988883210652720e-02
4.873883971477120658e-02
-1.881824627526595961e-01
2.238723037710440011e-01
-2.392918072690057574e-01
-2.549067241689509378e-01
-9.738998603343507199e-02
-2.939795546993148601e-02
-2.636951994484710519e-03
-1.291280928380431903e-01
-1.404459427244698633e-01
-2.445001488850576388e-01
-2.360574380069732914e-01
7.596785331481822889e-02
1.324589104010005236e-01
5.168172295889559426e-02
-6.260217906775171481e-02
8.872916156736991578e-02
-2.175250941317986852e-01
8.718477514624095592e-02
1.350891325774096208e-01
9.039838680234900392e-02
3.206753236596124323e-01
-1.397901103460044703e-01
1.760044075775982209e-01
-1.258858717601045729e-01
8.622145993971011557e-02
-7.564242285930712628e-02
2.666110249969445012e-01
-1.065302755473822305e-01
1.540417271922886189e-01
-2.920381970016820983e-01
5.113711298202036626e-02
7.383098078415779343e-03
5.220962550338560659e-02
2.898763281243577627e-01
-1.422715829497033790e-01
-3.764534007148425884e-03
-3.075873120561229638e-03
2.571987547392823314e-01
-1.671207626233248422e-01
-1.955864859002822906e-02
3.082878908769848617e-02
-2.486765961710033779e-01
-7.082685062729504599e-02
-6.315731443674785228e-02
-4.734927780754756288e-01
2.107863878141450487e-01
-3.058903328508295050e-01
-2.663050376828299259e-01
1.164285656899007176e-01
5.082841435013341069e-01
4.308524234573002931e-01
-7.271006500728979804e-02
-5.944988107600298471e-02
1.502933203291845488e-01
4.550700989551853537e-01
2.174276624041733275e-01
-1.234410293068943787e-01
-3.572547642801297552e-01
2.672817882521839605e-01
-1.540550822067015928e-02
-3.118463928855236267e-01
-1.107196286233324278e-01
-1.398204963234462028e-01
2.650229293644450479e-01
-3.305101750587369769e-01
-2.259707717644567349e-01
2.862621574010725811e-01
1.148897128195909140e-01
-1.626455638602550269e-01
-1.121168731146103270e-01
4.262255704997570116e-01
1.764353701077992775e-01
-1.089059971675135907e-01
9.040678032773098727e-02
5.352212514813731170e-02
1.207484153960855650e-01
-8.837577017948722302e-02
-3.847900105347557692e-02
1.679559048136469723e-01
-1.579176585821285284e-01
7.185374097942848204e-02
-4.651906564484437068e-02
-6.455015344338646543e-02
-1.370178470192741707e-02
-1.734096996221828058e-01
-2.698504450422566092e-02
7.789633990185598766e-02
8.961760883003645761e-02
1.925065815412751180e-01
6.836470224835240750e-02
2.079423007582856808e-01
6.858226199020027447e-02
-2.622202900387128888e-01
-1.948155748628682682e-01
2.166316757040789159e-02
-4.167890909559783807e-01
9.551818192950775610e-02
-1.061195910464124703e-01
-1.916250390777716472e-01
-1.210161095717877250e-01
-1.556704531526765523e-01
1.164099574363112594e-01
-2.963565458449909373e-01
6.660162801922342446e-02
3.509945816450409789e-02
6.375113196376658298e-01
1.826885739767721284e-01
2.856667591519589933e-01
-4.185940357080840113e-01
8.908162342409174650e-02
2.803525925852897241e-02
1.897301144556185759e-01
3.093166866691607897e-01
1.640537565365171035e-01
3.119727204256064756e-01
8.620297595169990057e-02
-2.522792823487536307e-01
-7.128479745087147601e-02
6.805490115519995109e-02
6.963606802893387293e-01
1.000000000000000000e+00
5.104736058632590723e-01
-6.394588209218386721e-02
1.111977520450959239e-01
2.170381704386206423e-01
2.564301719347324982e-01
5.163702530547703562e-01
2.376677799716021833e-01
-2.236698503040641939e-02
-7.528014623269221883e-02
9.917209130900292435e-02
-1.069560423523097104e-01
-3.491929207966537052e-01
-7.427258010531503918e-02
-2.312595148751643570e-01
-2.199471364067464296e-01
-1.914748451236530924e-02
1.240803906474620688e-01
-3.968785282870258002e-01
1.116892554846319191e-01
-4.058795898198245822e-01
1.662149026549426534e-01
-2.145094573249805570e-01
4.399058362579823522e-01
-1.103519427114914436e-01
2.259094013162259995e-01
-2.546139683337431125e-01
-1.637612438835149009e-01
9.684049634415251018e-02
1.074466094729805699e-01
3.652232883422746879e-01
-1.561668241679627644e-01
-6.671919602491863110e-02
-2.448271816345027885e-01
-2.248537597911005603e-01
-5.842320963276100704e-02
2.840681381273386097e-01
1.480731747868765241e-02
2.654693023481133340e-01
1.985423499339654674e-01
7.674973219167852134e-02
2.811624888759615137e-01
1.726185043619781964e-02
-4.667110678197681217e-01
-2.178894270315085910e-02
9.283146901728910050e-02
-4.947258106108668591e-02
-5.011467276172670848e-02
-1.270780273700463647e-01
9.834426457403620814e-02
-3.562108436950128798e-01
-1.479916885489403200e-01
3.649921121881668507e-01
-2.503461592315280315e-01
-1.085308147508803889e-01
3.387108344283898953e-01
9.962612971021540809e-02
-1.707944529697620895e-01
-2.169497700279721941e-01
-2.603039851585351241e-02
1.674017907308059661e-01
2.213725957104517861e-01
-3.825878857860812990e-04
-2.579342726412366393e-01
-1.047666421231952111e-01
1.721238071470132247e-01
-6.881949057008195092e-02
-1.304308670073166254e-01
2.600790894728982061e-01
6.710235987194845819e-02
9.434659752711462011e-02
2.799280899463330585e-01
2.703647518508875414e-01
1.157196442596782893e-01
4.263703183310505601e-02
9.364895675846912626e-02
1.429916873953529510e-02
1.733102156461834020e-01
-2.955040181105852981e-01
-2.753075651073264019e-01
-2.788696642801844969e-02
-1.549133820552660856e-01
3.129259761160356479e-02
-4.240133822290094723e-01
1.181131567311603792e-01
7.939964604062874076e-02
7.734502366080897584e-02
2.506300647991680508e-01
-1.610212826827955857e-01
1.292361674356505286e-01
-8.195477355472208236e-02
5.739027881954033017e-01
-9.785493229951451599e-02
1.272105097887752945e-01
-3.299317599347714181e-01
5.178333447455066296e-02
-3.623659619979623936e-01
-7.414606773098401070e-03
2.236206360277246952e-01
1.780600687291691853e-01
2.700353833507593282e-01
-7.843123653989619859e-02
-9.480171988949528949e-03
7.684501991590785008e-02
3.220947819724764294e-01
-1.898388093592524861e-01
6.601236716317361586e-02
6.856705542067720316e-02
1.170215563795263952e-01
-1.440763238178648653e-01
2.783568260118119420e-01
1.908069256816399550e-01
-1.475712514108740159e-01
1.556294403520420144e-01
8.315644642911476647e-02
1.871903124276885766e-01
1.936554803549213055e-01
-4.439584665583942019e-02
-9.734617971810362314e-02
2.260462663850868748e-01
-1.494368613378799504e-01
-1.956442190000598491e-01
6.032590747428335370e-02
-5.795025231404562355e-02
7.475798647189059454e-02
1.811634171370871960e-01
-3.224957181634467984e-01
-2.784721029140245219e-01
7.079195773414212467e-02
3.324564344693267670e-02
7.505111888867514389e-03
7.779436339903708642e-02
-1.277687579906036375e-01
-5.065475298839726415e-02
-1.172322899187480533e-01
1.104128792520575331e-01
-1.887192480752469259e-01
-1.224742949307288109e-01
5.846814936318357053e-02
-2.328504529966582692e-01
7.994057864068856989e-02
4.358376387280222392e-02
-4.743798817935360873e-02
-5.969256893725016777e-02
4.173926686283465498e-02
-2.555565705815361355e-01
-2.486750778225451930e-01
-3.931102938913746264e-02
5.106589525336703572e-02
-2.218600707891555668e-01
-8.399237783822932624e-02
-1.419609119975794309e-01
-4.494864453079959188e-01
2.779269469005763993e-01
2.919305680314314699e-01
-1.171422309725245019e-02
-1.511114337253162687e-01
-2.655737606798599382e-01
-3.119149370379621367e-01
-1.318794861275092434e-01
-4.174290158187012323e-01
-1.462481642411910254e-01
5.965890121422420117e-02
2.376052935938764155e-01
9.457267505992369983e-02
-2.761450202138104326e-01
5.797937950561261600e-01
-1.766339880976230958e-01
6.100297703536632782e-02
-7.489264438273088298e-02
1.854724152200877205e-02
4.042917655529909560e-01
-1.494155620224796588e-01
1.219751508265743030e-02
2.730142326887357793e-02
1.558389793652179001e-01
-2.056452258898643637e-01
1.880912480364768102e-01
-4.634697418439593514e-02
-3.212775626566603815e-02
6.615934018024495489e-02
1.367013603382677411e-01
7.989258821024416979e-02
-6.921309292355198699e-03
-7.814532872000773400e-02
-3.653304202502499209e-01
6.021159597090325853e-03
3.498273718327305631e-02
-1.338322834317075827e-01
5.166743089555833612e-02
1.217410856178531148e-01
5.151653159203756216e-01
-1.476339863197444202e-01
-1.517851618167525597e-02
-2.439220094538411265e-01
1.008368217649417697e-01
-6.898183906945606902e-02
-3.949242107159370296e-02
3.247295960318867802e-01
-1.640384921612945968e-01
-3.505919243579743716e-01
1.889251500317108146e-01
-9.572482064800355572e-02
-1.653132782366058817e-01
2.223195762812797127e-01
5.149337223223572346e-01
-8.931246607976499330e-02
-1.423817490939601194e-01
-1.019638042624440438e-01
7.436932939414499233e-02
-2.077455204350415474e-01
1.187796135242229559e-02
2.274943166341992506e-01
-1.398853456134733220e-01
-1.331004996904262272e-01
-1.190448379556013486e-01
-1.154642063626935555e-01
-3.560691809408021019e-02
-2.798808144652412677e-01
-1.543839165151312531e-01
4.490655786412628414e-02
1.964534952871088702e-01
-1.436494561083896671e-01
3.394752078746545582e-02
-7.170507535219412809e-02
-3.539834813652856793e-01
-3.273339934697741538e-01
3.229403549115933969e-01
2.153994282850304198e-01
-3.078790147120966658e-01
-2.190335707007027843e-01
-7.191985511632659200e-01
1.381007541818806417e-01
-8.812248698376259903e-02
1.767168452814301960e-01
3.607742914415336677e-01
5.374686105481405601e-02
-1.881108644177501010e-01
-2.003877482916337216e-01
-3.427687612910853415e-02
3.049953885568604250e-01
2.430717684958070834e-01
-2.013279876271254487e-01
3.191826747635333455e-04
4.925536511719061372e-01
-5.183840829297391845e-02
6.752597755180770505e-04
1.521032472465697338e-01
5.143774588871951048e-01
-5.337339738812026807e-02
-1.579331408444144824e-01
-3.092699528975448864e-01
-9.157940782897240617e-02
5.445942325175511358e-04
4.050832106685858247e-01
3.387484684313661620e-02
