-3.582104323347815589e-01
1.312771291472507595e-01
5.681660474436833752e-02
3.945974012372758383e-02
-2.320709096844508768e-01
5.010842496491788589e-01
-6.423017233291520300e-01
-1.833517244350183761e-01
-7.696025900386858909e-02
7.213632633647215631e-02
-3.316710194483332708e-01
-2.747409118668059369e-01
-8.309743233016486652e-02
-1.824943290845869037e-01
3.146197117587460901e-01
-2.034740664469585070e-01
-2.218119304875214026e-01
-7.461239792098586232e-01
-4.219310904710561055e-02
-1.058626398308445404e-01
-2.801952342102863591e-01
-1.178551567010262813e-01
1.876159006891899572e-01
-1.194205990916836213e-01
6.620250478162070795e-01
6.897974941416418204e-02
-1.038655232641348680e-01
2.652755609932856973e-01
2.195962937651861346e-01
-4.182901716700423433e-01
3.932658284009423189e-01
3.055459892578220593e-01
7.077246023667843611e-01
3.568595801151960845e-01
2.916236147738395790e-01
6.186924819736023817e-01
2.088409139564029460e-01
-1.476569436740930996e-01
-5.112294015603185970e-02
-2.302155746318402738e-02
-1.295702564402936574e-01
-9.953852005015023652e-02
1.692399945206614353e-01
-6.835123987246899402e-02
7.573343163596522043e-01
-3.766530492730025270e-01
1.986877840235056203e-01
-1.081904900444773110e-01
-2.583351040141981803e-02
-1.686950104869374967e-01
1.755297224016129712e-02
3.975483404018226863e-01
-2.041835496378884007e-01
-6.071979967645538268e-02
-1.366297657930566449e-02
3.795917063226230681e-01
-1.931057654016801184e-01
-6.401561985194753612e-01
4.874322891866440799e-02
-5.322001092611047118e-03
6.238327753677069126e-02
-1.499867782216169343e-01
5.219983205085104716e-01
-1.353024398984322418e-01
2.256583750025408786e-01
2.203266645615613306e-01
-3.539214191490409056e-01
-5.189968229987068637e-02
-4.399827206627101098e-03
-4.322792106653133848e-02
2.727335010883066291e-01
-1.469755288420107886e-01
1.982734727688896526e-01
3.714994793250865901e-01
-7.806996658612839202e-01
4.390995552318075618e-02
-7.143609309064996582e-02
-4.837085145151060472e-01
1.389418069357114538e-01
4.049988392448331531e-01
3.527532049318298224e-01
8.546300422909174077e-02
-3.657487651377574478e-01
-1.110115618115142117e-02
2.356659359665908351e-02
-1.529178704781253006e-01
-3.733349112802777925e-02
-1.302114885113543341e-01
2.684861589139838633e-01
-6.987945956170348305e-01
-1.579627903019810986e-01
-2.728367794211395900e-02
-6.312130582838459958e-02
-1.005728359861400301e-01
3.291212285945387395e-01
-2.439718074119911206e-01
3.191104166764097833e-02
3.398029524650549860e-01
1.901693918678167283e-01
2.211030148214075119e-01
-1.066452307768543661e-01
2.487247786133330724e-02
-1.599672769486053595e-02
3.782231320557307708e-01
-4.097957559333655769e-02
1.657428143817850641e-01
1.851576054369352686e-01
-1.585556145919948812e-01
4.389368185092066277e-01
2.643352404178211379e-01
6.296187170536436672e-02
-2.473024326184788124e-01
1.900181113235006325e-01
-5.850651983040436321e-02
-3.648151813319808756e-01
-1.746177773963458399e-02
5.856160230266074240e-01
-3.708420927426895886e-01
1.338984274620029780e-01
2.321254461079943487e-01
-2.461429201631588903e-01
-2.857779651588055470e-01
2.444843625351516281e-01
1.431729346547230552e-01
-5.217203439659933578e-02
1.415283794075909152e-01
3.702124983319665663e-01
3.268907942259673960e-01
-6.798198079574349073e-01
2.909517216137414916e-02
-5.468484673076853819e-02
1.265790260402742673e-01
1.414369165641732873e-01
8.996658824430475709e-02
3.636817450573346933e-01
-1.541905171503524241e-01
2.952585417046622862e-02
-2.654063785742713510e-01
-5.607183530299465479e-01
-3.777614651310030602e-01
1.577223110883755608e-01
2.309654896689306569e-01
-5.440393785573791607e-01
-1.198106688613994166e-03
3.125006877718874421e-01
-6.208236884198231609e-02
4.458859559056503885e-01
-7.531163551537498613e-01
1.176305961448809514e-02
-2.513499822679363671e-01
-3.184055433075355657e-01
5.498809634413889813e-03
4.611584621691346836e-02
5.614785249764714381e-02
-4.107440850166376722e-01
-3.759181095259365168e-01
-2.076920354971141247e-01
6.155726673277798211e-01
2.299296333828229899e-01
3.124923064526383687e-01
1.091459376649277398e-02
1.500587817660400669e-01
4.053564655985669174e-01
2.305808392230312143e-01
-4.997569102542433472e-01
2.130504224016761261e-01
-4.454370308519466359e-01
-2.477809742254602210e-01
-2.343223983428884688e-02
-6.885834592173389890e-02
-2.401668280505351097e-02
-2.683641551386449220e-01
3.490014275016243284e-01
2.611075400743242958e-01
6.304859629010514110e-01
9.843667681836054673e-02
-1.627460113667977826e-01
-2.080122824908569798e-02
-5.277559162673167714e-01
-7.826728662220047150e-01
-1.786140660358405963e-01
-6.154589406722172917e-01
5.639957748762712553e-02
-1.853055254407195984e-01
-2.207634116160231696e-01
2.074749764060320190e-01
3.957166031155237573e-01
1.213062453327056617e-01
1.046772189913619810e-01
-1.791633912797398476e-01
-3.263602758984617824e-01
-4.710255491109036075e-01
6.893706801701341425e-01
2.965283762886519736e-01
1.305659221210969390e-01
-9.694633436092749135e-02
8.249794271184317240e-02
-6.370488131462879178e-01
-2.429713565372982331e-01
1.836056614994049374e-01
-2.317046936125519430e-01
5.491396955863542262e-01
-3.699929745120639768e-01
3.267860934280309437e-01
-5.011927434740740539e-01
7.487596981625570768e-03
1.678814982223304775e-01
-1.642970673368406020e-01
-3.137249345073209739e-01
1.805410435040094852e-01
-2.807906285886932821e-02
1.302847343359131438e-02
4.032290499069674655e-02
-2.132016586905533251e-01
-6.998401651735933759e-01
-4.011095231525489968e-01
4.002092732944095288e-01
1.199287415633477072e-01
-3.233875647302572043e-01
-1.886736966916486014e-01
-4.718181138260609808e-01
6.330408902303822360e-01
-3.297937217684381306e-01
2.588855391247532056e-01
7.045604007073598130e-01
-1.811391762572604758e-01
2.219887911290458760e-01
-2.469284355102689399e-01
2.229311105669555190e-02
1.507728860073529464e-01
1.196345617939645889e-01
-3.153748945728803155e-01
4.168942007685911832e-01
-6.569372746447726952e-02
-8.607270320132975883e-02
-1.939589170570788293e-02
4.436837982948721448e-01
-1.493615001071708082e-01
-7.868524012602020612e-01
-4.601316306287987490e-01
4.246512293679864936e-01
7.198243398944462190e-02
3.744788479773163425e-01
3.352551898351559534e-01
-8.208045440177200169e-02
4.587717569637566467e-02
-3.658956977877448474e-02
-1.596412106103806683e-01
-5.349046377897097582e-01
1.292482881523590865e-01
-9.739372690879614936e-02
6.793367937549822377e-01
-1.177680149669605228e-02
6.107785845263871138e-01
8.146687342407656907e-01
5.801629012489738502e-01
9.238296457309970178e-01
1.000000000000000000e+00
1.952170526076961732e-01
3.106273836736139771e-01
-9.129707612779251746e-02
2.026837011488205956e-02
2.753287153781023844e-01
-7.896980484321337868e-02
-3.747089887236933481e-01
8.941499098199454099e-02
-2.598677741407165454e-01
7.175799359032691838e-02
4.373073541650999152e-01
-3.344064192330840068e-01
-1.329529454972216140e-01
1.590531037259694247e-01
7.577940711510633420e-02
1.925504793118838487e-01
3.116316469168651238e-01
-7.779298156617868443e-02
-5.741301366239540127e-02
5.213219583195932358e-03
-2.620611585482530703e-01
1.639937146359403686e-01
-2.889110698588684412e-01
-4.263454279922067602e-01
-5.217276606489245488e-02
-8.006115370968592826e-01
1.271659095850081675e-02
-7.626905388774481154e-02
-9.486007906890328578e-02
-3.247457212443172203e-01
3.511159074516610468e-01
4.149604786865104811e-01
-3.583039066980019394e-01
-5.144563666663356516e-01
-1.580366297253541497e-01
3.735679920679572247e-02
5.849625053245421230e-02
1.882734763288740065e-01
2.376878625480946805e-01
-2.041727671869161265e-01
-2.839338529716358694e-01
3.646180176793837879e-01
1.237040433155198876e-01
8.438846941921444023e-01
-2.239010331670258092e-01
2.704915254146171844e-01
-2.432985134004907457e-01
-1.800042473200485355e-02
8.098607733586171697e-02
3.478184156381476377e-01
-3.461748875881407450e-01
1.531226680931424000e-01
1.098484317010104266e-01
-1.329009609323852370e-01
-5.426259483793015592e-01
1.116378705070711630e-01
1.981998540008259729e-02
6.086489604638118701e-03
-4.638275590258879033e-01
-9.016121937982371493e-02
-2.997306800200170707e-01
7.247021941740707796e-01
-3.714217583638473874e-01
-4.115947707833222946e-01
-1.545882492515467665e-01
-1.305849125225377327e-01
1.523706259232776861e-01
6.094060936914637017e-01
2.869742320463282148e-01
5.495254274691978996e-02
-2.534605207361025903e-01
-2.141567575705955462e-01
2.835628866039489535e-02
1.846204987946828691e-01
7.876799295432161674e-02
5.460742267938219902e-02
1.708879951661986529e-01
-7.159508069312344736e-01
3.623890566317197748e-02
-1.991846364633858002e-01
-1.646118221133096859e-01
-3.211756689351296656e-01
4.066472838741140849e-01
7.270390259898907859e-01
1.213040254140163449e-01
2.571729411566973655e-01
4.105257981737970296e-01
1.581246370540707047e-01
1.898144122151318100e-02
-2.262995628181331542e-01
-8.590539168677906179e-02
2.297395790422775974e-01
3.587573214167927294e-01
1.533808421681725764e-01
3.513058825065731305e-01
3.235535885490450347e-01
7.113660485800017697e-02
5.265633767586515995e-02
4.784422271481150180e-01
5.930930747921575596e-01
1.265334112749137152e-01
1.453627671923684583e-01
5.473356868746024340e-01
-5.232981033166292928e-01
1.674842101049093535e-01
4.506547212486582826e-02
-2.095033812614626456e-01
4.618646371883912138e-01
-1.687118003113179110e-01
5.710843320970717535e-02
1.117284453830307694e-01
-1.878239781780847995e-01
-1.860108215805122631e-02
2.225329299378434739e-02
-2.691188612109132183e-01
-1.083071140472328421e-02
2.686913290713941471e-01
4.064110516554143848e-02
2.099272914707607518e-01
1.393591196049887571e-01
-1.262697111123973204e-01
-1.547973110631191695e-01
-6.259869207826219972e-02
8.317515329137455116e-02
1.689407236146540448e-03
9.515383192415831359e-02
3.181576477557295224e-01
3.428888227640061737e-01
-3.773845608231655990e-02
3.227951493938222560e-01
3.191089863669351323e-01
5.225086363713528081e-01
-2.643915584803187280e-02
4.632934559382172884e-02
7.727879111873103835e-02
7.878243147465777141e-02
-1.834445464155789740e-01
-3.507519191427046490e-01
-2.606577021392935678e-01
1.273913548085617020e-01
3.859801334692439245e-01
-4.098630611447667271e-01
-1.615747763932669223e-01
1.370451076287539649e-01
-3.574413942136925870e-01
1.694981935095605519e-01
-2.157650987244587315e-01
5.013143281795087169e-01
-1.439138103338466479e-01
2.507174362702309089e-01
9.344157374037347086e-02
9.445471438633913641e-02
-1.384688614765461068e-01
8.839566174958687905e-02
2.923491017490923438e-01
4.289458557710998932e-01
1.338237521708935118e-01
-1.738614730328317814e-01
-3.164065216925681656e-01
7.907914376111900567e-02
8.225997667368681321e-02
-2.222449117009361041e-01
5.180620498554107112e-01
-8.567930673804129149e-02
-1.937786177014794720e-01
1.443109397481441396e-02
-3.621297840502181731e-01
2.952827265226788400e-01
3.759783361803843427e-01
-2.010386975058046088e-01
3.482107157350031179e-01
1.599859037637607062e-01
-3.883289856040907373e-01
-2.115587230791723394e-01
2.900904256302879250e-03
-6.643997212053299739e-01
-3.614820951815342354e-02
3.816472814530882940e-01
-2.441349169460041713e-01
2.289762832518441316e-01
-9.462644866868227811e-02
3.335644716395056997e-01
6.779906995433746530e-01
3.249738075964733186e-01
-6.742685409384895356e-01
3.760780024090831352e-03
-3.953156169452836655e-01
3.452445057516587701e-01
-1.747954487226304754e-01
2.353735628873105390e-01
-5.065734337851902393e-03
-4.113572238150702831e-01
-2.711212783965774031e-01
1.787465645776319667e-01
-2.389213536563958851e-01
1.707888033861622301e-01
-2.646162172629093479e-01
-3.148365624509416039e-01
-3.299940896624021236e-01
5.823516895199667420e-01
2.197463193718615371e-01
2.621987742239223484e-01
1.590512562177573419e-02
4.441593362151199931e-01
-4.746885276000950560e-01
-7.875793787579232763e-01
-2.016690678402891512e-01
-3.917292980810927472e-01
2.207945777447220814e-01
2.039440354053314586e-01
-2.575524052994110913e-01
3.548765350986693434e-01
5.282414527385178443e-02
-1.122047771876188427e-01
4.367914749125637597e-01
3.742611692616671371e-01
7.880679166439034933e-02
6.400813590849182555e-01
-1.220122909695131874e-01
7.757411935423935700e-02
4.961449163186748001e-01
3.070815080690824095e-01
-1.021213345252652976e-01
-1.215369809216673355e-02
7.722850320323636220e-02
-5.718761652759698499e-01
8.325789503130157088e-02
1.304254761275042140e-01
-2.149491138868074025e-01
-1.484938183892324515e-01
-4.736788074386655278e-01
-1.726538925807064861e-01
3.387953978505503505e-01
1.318366614730235586e-01
-2.197087313439946010e-01
-2.348346134128769525e-01
2.577699946131309927e-01
-7.228564529155060087e-04
-1.645017957825498645e-01
-7.826828617367104224e-02
2.638162011794160655e-01
4.040363240265903988e-01
7.576593357578931265e-02
1.572210266553994706e-01
-7.690318005230987186e-01
-1.021890374619180003e-01
-6.084475323434301863e-01
4.258848199997295608e-02
6.834812414203891850e-02
1.908944348593257789e-01
5.466259214392703986e-02
1.677470052303520198e-01
5.419513123002739352e-01
1.813079409920424490e-01
