-1.631006892998497215e-01
9.804071860294437391e-02
8.114865257557025979e-02
2.847999898383076281e-02
-3.368904851071383710e-01
6.863414789539129535e-02
9.063858060377365244e-02
-1.919157285697349336e-01
1.200958912132680106e-01
-2.235315825903030074e-01
-6.225142415161766946e-02
2.304143371706440513e-01
2.347834418675343593e-01
1.593237769385321412e-01
-1.626450085011706403e-01
-1.564449134642870443e-01
-2.501662978369066925e-01
-2.382575238308682827e-02
-2.707359798721203914e-01
5.082504525436497556e-01
5.789551550099510807e-02
-3.654161760594991093e-01
-7.053395274669674309e-02
-4.790533692816319536e-03
3.536463280002801191e-01
-3.294612100249226239e-01
3.725874901438694375e-01
9.648983111665303258e-02
-5.048687097379835759e-02
9.214609637072215809e-02
1.162947151351717556e-01
-8.815340085074996335e-02
2.277490734047387666e-01
7.460481780081591047e-03
4.943107537013984682e-04
1.247812367310745379e-01
1.880913659910389280e-01
-2.740445483707832364e-01
1.006784905569905464e-01
1.300419270198034834e-02
7.406172200416737128e-02
2.251750656602582723e-01
-2.136639058229423682e-01
-3.752523926661259779e-01
-4.258250441581138412e-01
-1.084168212677621979e-01
-1.386317512164258470e-01
-9.877516269308629637e-02
3.990458386320008266e-01
4.680778127044218362e-01
5.488475197020644542e-02
-2.092424664210639634e-02
-2.126879361279204461e-01
-1.104692621430982263e-01
1.267488114489713769e-01
-3.613462093778650464e-01
2.392511707684254196e-01
-1.984795697195385622e-01
5.459102550039030000e-02
7.034358987684426190e-02
6.748510112637011449e-02
-9.264582103824373083e-02
-5.724624847409841288e-02
1.629628885385596693e-01
-5.761464527144647407e-01
3.117480773087883805e-03
-4.691310121037178815e-02
-1.773265683173310681e-01
-6.912103776029389357e-02
-3.570354531675924616e-03
2.739776904965845472e-01
-2.320056241124458241e-01
-2.495481735500807152e-01
-4.045707698743551141e-04
-7.226248496430690005e-02
2.575049227209996183e-01
-3.270905166169316147e-01
-4.981230588979754237e-01
-8.180134430491084116e-03
-1.724187388710109736e-01
1.859699388657474195e-01
1.335542510446873499e-01
-1.524331650163087137e-01
-1.532920195796849128e-01
3.804501211786919801e-01
-6.544779990474601516e-02
1.883455546598946095e-01
4.389851027601292255e-02
-2.012343442461802644e-03
3.963909745363436432e-02
-2.867505659780035243e-01
2.890561686438814504e-01
8.778551406285587527e-03
-3.166342327034457615e-02
2.376451652279235605e-01
-6.362861097420084711e-02
-1.278734600707440161e-01
3.009405137122044688e-02
1.505744447996601454e-01
8.424563959246667011e-02
5.513493687663277854e-01
2.034696608179263622e-01
3.638463700756939256e-01
-1.713846060169137708e-01
5.962978319954305439e-02
-2.209369377759464736e-01
-4.333446413536955200e-02
2.420916577504937106e-01
-1.238449878272063071e-01
2.181152277614137325e-02
-3.167625807294111723e-02
-3.895059530005391957e-01
-2.850329563363631150e-02
-1.343188530414749504e-01
1.431207780850529410e-01
3.534642500421116273e-01
-1.281138906930381349e-01
3.250044451602162043e-01
1.188457987251126807e-01
2.900398061757354928e-01
3.932304613774598862e-02
-1.228195562030447163e-01
-1.590213427239008936e-01
-1.068657993510234577e-01
-1.589807916589697570e-02
7.233847732458077440e-01
-4.924855561382712049e-02
1.797421074373739269e-01
-4.051906195947889699e-01
-1.901733038751158011e-01
1.689381332063992491e-01
5.570804039680489206e-01
-3.109861496024078371e-03
-4.427459551738844451e-02
6.379842915975834916e-02
-4.915132107273587625e-01
2.026453665947740290e-01
1.786943509671401198e-01
-1.210014006656479485e-01
1.556672871598525631e-01
-9.921738509943746342e-02
1.180163926107539313e-01
1.616396560987448661e-02
-1.563622793169533454e-01
-2.418562531486820322e-01
-9.498309764836511404e-02
8.301689363181562198e-02
1.319682039097272164e-01
2.544723235034002107e-01
2.111393114478332667e-01
2.562359052204957743e-01
3.593526760673727144e-02
7.274270249274579492e-03
-5.380512446914317293e-01
-9.230505415446618733e-02
-3.085000721265291485e-02
-3.439890826574971139e-01
-3.803595130254803780e-01
-2.319952617474767970e-02
-1.467455524563572762e-02
-2.737150937371474191e-01
4.509046388635701980e-02
8.765739995244983818e-02
-3.337871633008367978e-01
1.226920035054540059e-01
1.332647925779795184e-01
-3.605279810832006659e-01
2.217474496740778622e-01
8.404615917435960537e-02
7.807825781593777936e-01
-1.946015766908120934e-02
-3.163019597754765377e-02
5.521779594259388496e-02
-3.004730409663564777e-02
1.073938419548775142e-01
3.462381240726215004e-01
2.667853644872183669e-02
1.643846942599708760e-01
-3.827236270644130967e-01
-2.127462645107595363e-01
-3.987786457819161856e-02
-6.735835500592178560e-02
2.455808059361567208e-01
1.260689589455825377e-01
4.638710413465175764e-01
-5.745449905500408239e-01
2.759223410599417892e-01
-3.100583870220632310e-01
-9.249936760676391589e-02
1.625829077893418129e-01
2.095586758583132536e-01
-3.904194915333999427e-01
2.997759553817736511e-01
-8.143500434795336584e-02
8.571155077213546414e-02
3.615076236277545846e-02
1.135652749964074539e-02
8.028245175089362973e-03
-4.248417637150399967e-02
-7.149069220837195315e-01
-2.194089768042056451e-02
1.228603476983249898e-01
6.421688352347186546e-02
-1.075745560695428732e-01
-3.268271926334143651e-01
8.704531080077287930e-02
1.171687401483585411e-01
-1.108654224540334965e-01
1.588888676401540578e-01
-3.559482489418478446e-01
-1.825458044262293425e-02
-1.064468558280484145e-01
5.239884392666857016e-01
1.197008412914717795e-02
-1.952124713776856035e-01
-2.924994685176606768e-01
-3.077653260193828344e-01
-3.678234503914713099e-02
-6.346780018766966236e-02
1.161126040238329334e-02
-1.537837589897337598e-01
-4.825705742480734250e-01
3.832674394265899731e-01
2.862454540463283403e-01
2.278790476202899595e-01
-1.975768299962714913e-01
7.216971912324071647e-01
-2.375044164812604441e-01
-1.174335866815259116e-01
-1.531896716064626573e-01
-5.545897090324317658e-01
-2.061992022311630868e-01
-1.289639095959864146e-01
-1.003703208614214887e-01
3.740212317051761493e-01
-8.777739496241426798e-02
4.189408813322867409e-02
-2.272891731627196266e-01
2.606059331613511110e-01
1.120030225452477851e-01
-6.093278601026276553e-02
2.059906966504049530e-01
3.600914455980414597e-01
4.013333228654548668e-01
-5.661058729688647762e-02
8.189060579357018699e-02
5.032677604239366165e-01
7.795643467634445767e-02
3.409649708863461415e-01
1.539353551085411165e-01
3.891417485244563212e-01
-3.083968844172951251e-01
2.798774489012772482e-01
1.915285756578484488e-01
5.162125759518353396e-01
1.000000000000000000e+00
7.195657849043783916e-01
3.691805112275425849e-01
6.979240098411423343e-01
-5.049688096987443864e-02
-1.316181607659836494e-01
1.932465293642091630e-01
1.722347350718276826e-01
6.988842251871318911e-02
2.672824562159507589e-01
1.248832299754602110e-01
-2.047468045184026864e-01
1.094451392878817847e-01
5.019937565906104626e-02
-1.259768039586520727e-01
1.666166814291586973e-01
2.575844016142627146e-01
-1.542595083431155256e-01
1.785916725463902177e-01
3.171133836854762161e-02
-3.266483800784997227e-01
-2.453856331835535531e-02
-4.338528155691863120e-01
-2.867387402872913493e-01
-2.335713338317635668e-01
-2.615698017899090178e-01
-5.710477250335518201e-02
1.375909596401856116e-01
2.322958934428272573e-03
1.471844342585683363e-01
1.420612995612603457e-01
-1.850270312369539094e-01
-3.294861216099145285e-01
2.335759565664907167e-01
-2.994024195683396283e-01
-6.367804862203158001e-02
-2.340601074928146119e-01
3.968140498651238218e-02
1.882169069797179628e-01
2.931459285072710030e-01
-1.269013000128404456e-01
6.917972087479667964e-02
-5.221130041208643657e-02
8.507324778142341670e-02
1.705841349138066954e-01
6.417353164181793801e-01
4.518869391959109416e-01
-6.060917789647864984e-01
-6.649528751406259819e-02
-1.348598648755907348e-01
-2.744936959778361205e-02
-4.218386413798309031e-01
4.251860228406270648e-02
-4.038370663843960928e-01
2.133457480582494348e-02
-2.942016524657209975e-01
3.774068333006823095e-01
2.632795434284003200e-01
-1.673922474593038390e-01
-2.350942954215147207e-01
2.775553184597023826e-01
-1.197490826794394975e-01
1.087115568522673825e-01
-2.479772944797006134e-02
-2.420989157810592152e-01
6.598985403205294593e-03
2.409019296382027275e-01
-5.970929359635617217e-01
2.733141058079956859e-02
1.798541349591221694e-01
-2.297010370732868734e-01
-2.566966339357356491e-02
-2.650150097410558514e-01
2.192181159030058557e-01
6.260462254943179039e-02
-2.176127647427695544e-01
-2.342518649995091462e-01
4.581379174624213013e-02
9.742726561059136814e-02
-2.528495941645342859e-01
1.033708055380439389e-01
4.319456603045390142e-01
2.063177386661006057e-02
4.773879984217156425e-01
6.627889379812808290e-02
-9.999898388239550004e-03
-1.392569505436241084e-01
1.461492461151321989e-02
2.700103957236704155e-01
-2.545719260231642522e-01
-8.705194524162944425e-02
4.655857628281489385e-02
3.168308439074177252e-01
4.903287135554330878e-02
-3.924885974067439040e-03
-2.860816775079721985e-01
3.873096146421087793e-01
-1.697005097051337286e-01
2.921150302631112528e-01
4.778463425255613864e-03
-3.223821433074320897e-01
3.974584827309226576e-01
-2.141440641219322649e-01
8.568906070229939664e-02
7.904519881046416854e-03
-3.436733067145783527e-01
1.618571276210069021e-01
2.702278252206764125e-02
-5.821822553900408287e-02
3.375130183423771246e-01
3.079726637821320612e-01
-7.845420921876010423e-02
-8.232456105183968975e-02
-1.658429926746506911e-01
-8.163307236278898038e-02
-8.109459219298995047e-02
-1.096110376815282311e-01
-2.359288685016603659e-01
2.441965748665177183e-01
-3.778739364959042280e-01
2.349260305873153709e-01
7.184384109837019250e-02
2.212225623270765718e-01
3.990659557492540199e-01
2.360560421947598408e-01
1.489117678592213889e-01
2.124266789335271244e-01
4.624496389164710064e-01
2.430163125164159499e-01
4.413137953945712733e-01
4.007035582660554984e-02
-3.014972538444505301e-01
-1.653450286243576262e-01
-1.199593311138238416e-01
-7.838854106143086642e-03
-8.811691466670662498e-02
-1.668410426361140730e-01
1.409062970129570935e-01
-1.305707874325824983e-02
1.472714465581712873e-01
8.817023479831982702e-02
-1.935047171724288140e-01
-2.245749123456946272e-01
-3.097436444722929116e-01
-2.045977951413196494e-01
-1.952296049766844566e-01
-6.632906518209132074e-02
2.291072736283181754e-01
3.540085450487153729e-01
3.206737039286381985e-01
6.559629584408571690e-02
-2.086462808649795775e-01
-1.961340875507505965e-01
-2.481281657540715113e-01
6.212473962341153594e-02
4.463037414209225506e-02
-1.062251364317884500e-01
-1.530514853202373793e-01
-3.476459822395936983e-01
-1.689473235928365957e-01
1.263926473049641341e-01
1.329300300360570231e-01
-1.495038192466849603e-01
1.319591722322190908e-01
-4.951104245979477403e-01
-3.912514334389197157e-02
3.835106907286275901e-02
-3.821298150541116434e-01
2.848048269496996077e-01
1.121219841648684740e-01
-2.126535167302187890e-01
-2.561190346656537220e-01
-2.370538232925013256e-01
1.257798244143724375e-01
1.172481047656389296e-02
-3.463174483780781521e-02
-2.037128368880692930e-01
3.143574720786543319e-01
-3.959137713194754715e-01
-2.120594293469477143e-01
3.186109841963088440e-01
1.651174020141483179e-01
-3.219948843704018016e-02
2.552262676359210447e-01
3.572642517845372456e-01
3.413840488397910100e-01
-4.242385143758997113e-01
-3.797442200572048177e-01
3.184136256391239539e-01
2.482903338720759134e-01
8.469016685271546496e-02
2.055801239098378752e-01
-1.750044443877862010e-01
-3.248842298462757405e-01
1.068645213810265199e-01
1.752821500104459196e-01
-7.674762283714400835e-02
2.552121548605228996e-01
2.672024467313252258e-02
2.159350517857722973e-01
-1.981253201621241689e-01
-1.677730170220617933e-01
-2.885617388549773232e-01
-4.558568248316945126e-02
1.166531427008411434e-02
1.207261100517234287e-01
1.601851809354591649e-01
1.663491380050836355e-01
-5.028951892866582313e-02
2.818509486051846147e-01
-7.318407685610786584e-02
-1.001586357425240797e-01
3.232422450530981206e-01
1.907809598027028486e-01
9.868578395573511519e-02
2.199250746961457226e-01
9.594416575729837471e-02
2.150151784635063734e-01
-1.378997529198766892e-01
3.674861295467393152e-01
-1.771889019837061818e-01
-4.079582269560201417e-03
5.701408499988597223e-02
-1.474099390078554839e-01
2.024622244501182444e-01
2.625440286369365439e-01
4.586923373595035852e-02
-1.870917383997355854e-01
-1.051223720565499092e-01
-7.778156618619092022e-02
-3.438087783434665701e-01
-2.283154243936928451e-01
-8.109293521008772987e-02
-3.661287181338728769e-01
1.843693934332586160e-01
3.046329590582780300e-01
9.546281535342621138e-02
3.193700710133300369e-01
1.228963997976648126e-01
-5.437563171457784339e-01
5.369705985091829253e-02
-2.255927862822299235e-01
8.521423459288268720e-02
-1.785121936502999662e-01
-2.578386210736525741e-01
-1.449712927430798215e-01
1.950713436265312239e-01
2.689217133305136231e-01
1.830302218591811081e-01
-1.120402528766030253e-03
5.900570141577996530e-01
-6.343494477456856906e-03
1.167026946247892438e-01
-2.466057655491562389e-02
-1.378482792790431122e-01
-1.643169066241453868e-01
9.700519111480981893e-02
