2.460025681412353615e-01
-1.128665145207199266e-02
-6.839857939809125889e-03
4.162684904165146749e-02
4.100975050207038286e-02
-4.604256720638211925e-02
-1.259561411943398851e-02
5.367915944793007731e-03
-6.628173010596262460e-02
8.202231775564906846e-02
-2.020083704639354105e-02
7.053790708389609532e-02
-3.490227790540335190e-02
4.597177527820806020e-02
5.625871589964971664e-02
-2.341657388142517546e-02
4.664200615442075371e-02
1.565188237954601436e-01
-7.522170585726825620e-02
-4.039937468216982241e-02
-1.178553043664440497e-01
-1.221663094781184032e-02
3.795366934738152870e-02
2.352995573101445727e-03
1.041077888223410075e-01
2.555780838612032452e-02
-6.140751039568071758e-03
2.024436493186648409e-02
4.256586382466083507e-02
-2.146970996912983889e-02
-7.403858992948036954e-02
5.304608310995467813e-02
-3.795523683645843360e-02
6.160624514341249414e-02
6.522729082623858476e-02
-7.104428630587208970e-02
-6.323719405550289052e-02
-6.349221389384131220e-02
-1.342770388740193999e-01
3.737978277605991106e-02
1.383166824886678187e-03
3.556469684527645281e-02
-1.878844910373802801e-01
2.426002308277102823e-02
-5.567835985531838922e-02
1.379250411626441099e-03
2.432071139718769426e-02
2.030945064384494583e-02
-2.718772261642862093e-02
-6.104052007034971999e-02
-1.046125318454961539e-02
6.483053628142179670e-02
-1.036973038537668951e-01
-1.868148710923373326e-02
8.872069192622347722e-02
8.436558665084194220e-02
-5.327876368668115620e-02
-5.632882270795608326e-02
-2.248592744411965355e-02
6.642158411803432416e-02
3.646048148173888781e-02
-3.868752209249198132e-02
-5.047696271559092007e-02
7.396896410547069978e-02
2.643532248679423408e-02
4.254938580369139328e-02
6.654061453457288389e-02
1.194774068313040824e-02
-7.914995992475842845e-02
-2.889109361631263945e-02
2.923191369239903567e-02
-4.474128776486112347e-02
3.985253797535170950e-02
1.063684774811010370e-01
-7.280030865808616303e-02
7.251593869762788802e-02
3.044473619043124024e-02
1.453984702970281817e-01
2.722822334406545947e-02
-4.459334496770955836e-02
-3.930517432954875462e-02
1.145134102983971225e-01
1.156088832839829300e-02
-2.791064120156571196e-02
-3.168225274257839563e-02
5.549594969539107560e-03
-7.018450722180331891e-02
1.278387168695341997e-02
-1.821657916368652971e-02
4.771847149043667580e-02
5.671599515422803134e-02
-4.373456257548489004e-03
-3.572035651297479630e-02
-2.210698062908699607e-02
1.029875619949114363e-01
6.898368134191268375e-02
-7.341197511832819877e-02
-6.330737628887680990e-02
4.398279278863867492e-02
4.726780859764927178e-02
-4.223049400621065042e-02
-2.247480461499361606e-02
2.391060105503037617e-02
6.917590714569045451e-02
-1.132489824218992081e-01
5.402382157219041275e-02
6.754081679459764120e-02
5.662922165579468980e-02
-2.635687409127002861e-02
-3.347575995667544796e-02
5.756775545450735360e-02
-2.865620954175594759e-02
4.251205054248788362e-02
1.174026880660807015e-01
-5.477459279165600853e-02
-1.323607666130710014e-01
8.948954060644788433e-02
9.316718221513840131e-03
7.216758770825883185e-02
8.062850552705511098e-02
1.863515980355057167e-02
9.968973588970609159e-03
-4.070355173467629650e-02
5.175701988854514157e-02
3.957684685403848462e-02
6.767858055292910735e-02
-6.003074700386722140e-02
-6.121050021587541579e-02
2.781683595244844112e-02
6.266899692384844157e-03
8.694298178754968076e-02
3.320711435846630116e-02
2.993824518679820759e-02
-1.381884430060118796e-01
-1.998249197937592148e-01
-1.643227142228113613e-01
4.072870418891375716e-02
4.439142799562333097e-02
-5.499500949959928997e-02
1.186477452819368304e-02
1.078627769160262762e-01
-5.326198646435761908e-02
-4.759350294575511592e-02
2.315537101691110197e-02
-4.148453557319016494e-02
8.216237217373113582e-04
6.786895930700113932e-02
2.313556663675145689e-02
3.963254771682817035e-02
3.086216619253948773e-02
1.156878264968590753e-01
3.794275482813828232e-02
4.524449982642016893e-02
-3.440474112722268635e-02
-7.549650772315734393e-02
-5.510864404107519016e-03
-9.453768323153546871e-02
-2.733405468170856459e-02
9.864093830932371687e-02
1.794453449310819473e-02
3.395179761755390963e-02
-4.882330262735549986e-02
-1.168002092849040711e-02
6.591969464752436836e-02
9.513110839480803937e-02
1.876141481424725352e-02
-2.737600965433232419e-02
7.424853945777132314e-02
-3.203041777467848655e-02
-7.736553835850089322e-02
3.304267536204812811e-02
9.593782785542417924e-02
4.785424709933420138e-03
1.718967259739696551e-01
9.310970120816648710e-02
8.434713433210595801e-02
2.845181910930930091e-02
6.346691160736886439e-02
-9.438611904815626119e-02
2.648626671278123210e-03
-9.994181659748774260e-02
2.401960203342832362e-02
-1.870282115944784870e-02
8.752976552452408632e-02
-1.092672883154332392e-02
7.122371689599994726e-02
1.198633711429112833e-02
1.044971496653540957e-02
5.362590509753072804e-02
-3.522358724518186070e-03
-6.124377914045599919e-03
-1.574395121246037824e-02
6.984754461821347793e-02
-7.280339035080893306e-02
-3.919612431928854064e-03
1.652897576885119235e-02
6.093206567167158000e-02
-1.079833174411316127e-02
-3.850100104247686922e-02
-4.091025890904314427e-02
-1.678878604103060251e-02
5.164695204610195850e-02
8.099902946149727112e-02
3.399831226368687110e-03
-3.428995850757615010e-02
5.477905578463119346e-02
1.687827054852619399e-02
1.812887293547397333e-02
5.612655617395059110e-02
-7.178074247129230534e-02
-8.483876099009496352e-02
-3.329116417255490162e-03
2.347538567576153146e-02
2.057640985355940408e-02
8.289436626601306285e-03
-4.583976809663249663e-02
1.784987363326771825e-02
3.345337993259213383e-02
7.730423469395628078e-02
-7.207511239951178150e-02
-9.020744250112924800e-02
-1.531159521205099037e-02
-2.831230631051383922e-02
-1.188305218174779548e-02
-1.568331743292552746e-02
-5.507409559786526770e-02
-1.536500439742772249e-02
4.155975684963848782e-02
1.336530400061366752e-01
-6.862887070919292121e-02
1.168208050635834716e-01
9.133489097927285916e-02
-7.445782227606184689e-02
-3.920047568292464590e-02
-8.863047193829988457e-02
2.849312949297636358e-02
-6.462856500600441811e-02
5.340153561973771945e-02
-8.709376543504332262e-04
-3.863887387057195894e-02
-3.808728047245380291e-03
-3.988349048070500419e-02
-1.430079347117232114e-01
9.574545662528845258e-02
-1.160677200456466107e-01
-3.132802087183672590e-02
1.399432781323202979e-01
5.118476222738745779e-02
-5.359117766251402654e-02
6.038051565007818838e-02
9.643235147973955312e-02
-1.212913041344228365e-01
1.243936801809664983e-01
4.415853006667050940e-01
5.305501196491988480e-01
8.950177570325327236e-01
1.000000000000000000e+00
6.954660221020148025e-01
4.220577880967728013e-01
1.623642617319366599e-01
7.278260288030491409e-02
2.062268951056597452e-02
-1.338640090791821079e-02
8.330710517222010558e-02
-6.748642338581487508e-03
-9.677834102196075650e-02
1.967320066169422205e-02
7.284953564198910769e-02
-3.569045981114485344e-02
-3.757874112917236609e-02
4.241518747896918552e-04
1.195066251285899356e-01
3.977729276743354088e-03
-1.953368368858210760e-02
1.620946291006220008e-01
1.221672450906823443e-01
-1.220089947757773269e-01
3.655308132665817389e-02
-3.634790957553302865e-03
5.229490508179459457e-02
-9.323337526758545754e-03
4.488453101964785114e-02
-2.094059721839014454e-02
-1.178810498182004812e-01
1.097104189662690549e-01
-3.967413789268444541e-02
-3.104390269561148330e-02
-8.179978426703021777e-02
-4.413813090236908682e-02
4.123194989517858094e-02
5.706208099311946974e-02
-4.137878406649649066e-02
2.382950430241322082e-02
-1.084253436404261639e-01
-2.198205115288349651e-02
-2.879877062012876909e-02
2.407279307926325079e-02
9.595113465679247500e-03
-1.750843280185445175e-02
-1.075355266024909939e-01
-7.288511768841196559e-02
-2.035479362831116648e-02
1.164382773932293169e-01
-2.759845519492395635e-02
-3.343313386816450933e-02
4.116575678823903434e-02
7.545408700108025002e-02
-7.305783413905783674e-02
-2.833955342437340791e-02
4.643907414127768779e-02
4.921353293272039131e-02
7.936530935012529875e-02
-1.643680395221251570e-03
7.493752602839560961e-02
-2.866100686180215323e-02
5.121537623134822526e-02
-1.219882284270145667e-01
-2.322905033190080307e-02
5.225289557428417636e-02
1.034729636147977833e-01
-4.867797871691746658e-02
3.181576158625709638e-02
-1.979712640751588731e-02
5.586716129066420650e-02
1.126799125797886825e-01
4.063692923487777220e-02
3.013690556942913434e-02
3.128591752941090737e-02
1.026182852264459766e-01
4.254473808432951420e-02
-1.196194260949431367e-03
-8.832405356894075521e-02
-6.822972942116552197e-02
-2.354591070124829183e-03
3.869601474281253450e-02
-5.708005527099797166e-02
-2.822290557672395631e-02
-1.260802769019710723e-01
-1.696929478729079094e-02
-8.823602307487171670e-02
2.646764228841943373e-02
1.268546636714600918e-02
-1.355555469677542368e-01
5.355843670023522664e-03
-1.575907717200130190e-02
2.962084375933351013e-02
-1.138532341563926603e-01
6.136446220298711479e-02
1.460781125493649801e-01
-1.577056591187174228e-01
2.770754829566092134e-02
4.326379467466510802e-03
3.463184396669178461e-02
1.012623983131255706e-01
2.719942826543602591e-03
4.368458750897612208e-02
-9.978343203316000082e-03
-3.803267167194179788e-02
6.429259089795301418e-02
-3.065773128642070716e-02
-2.094907463386246407e-02
-1.815377678048286231e-02
8.625018221810099028e-02
-4.292048455735533730e-02
-9.174875289916269161e-02
-1.024285134738637387e-01
-2.195821711536878260e-02
2.122318278111197040e-02
8.164369666890099186e-02
5.051300168112514422e-02
1.096414937285259961e-01
7.481447012882833092e-02
1.131169246482029711e-01
6.691437811105543920e-02
3.605198604577469768e-02
-1.354472270512964600e-02
-7.984654448508990421e-02
-1.138504251380886567e-01
-8.904126322599367760e-02
-1.324852389386027562e-01
4.069022935048118017e-02
-6.124638834985759311e-02
-9.778221502877831872e-02
8.352830206581420003e-02
1.530476713739223338e-01
-8.220424021599004316e-02
-1.747085775049466438e-01
-1.498629472344584490e-01
-2.222343417082931968e-02
1.090837537945517355e-01
-5.799837641842841424e-02
-4.636210653626363781e-02
-1.168786285939368980e-01
-2.866141095860321938e-02
8.779534049054205092e-02
-3.635785108419551867e-03
3.491413327150844764e-02
1.575835300620363477e-01
4.930662776591690499e-02
-3.673499543836097891e-02
6.156832817678196956e-02
-2.922460115021369501e-02
1.984122886206720476e-02
-2.627535654456577760e-02
-6.529624136003955859e-02
9.156775862771780045e-03
1.110678620765792740e-01
-6.582686142821989050e-02
9.363337610780656309e-03
-4.014741000961398465e-02
-7.662592926819492001e-02
4.040910614982891336e-02
8.825585103852259805e-02
2.716900450948395163e-02
-1.089801431337189680e-01
-3.981243299587777090e-02
-1.298916244513686757e-01
-2.954086300044932514e-02
6.283895725774785168e-02
1.236371791432309963e-01
5.156554208815504470e-02
-7.014734539490426191e-02
-6.163172503851575140e-02
6.418437010521557684e-02
-2.780941016617312009e-02
-1.162892036176351312e-01
2.434346456667665914e-02
-3.829849695976469265e-02
2.436221608676188491e-02
-4.637311612129969840e-02
-1.614579810435596771e-02
-4.397518264249463890e-03
-2.907591869831747944e-02
-7.371777015547316403e-03
7.818064557399061199e-02
-5.475668164744090793e-02
4.320540232840112266e-02
2.174403208159479337e-02
4.014257756385571085e-02
2.669643151638806389e-02
1.113032816703193317e-01
-6.243953371579095274e-02
-2.088879041625171795e-02
-3.160501934934595997e-02
2.480137023191450116e-02
1.629147698189762489e-02
8.907215948388880200e-02
7.065499648081225229e-03
3.073372291886082228e-02
5.411801397068900094e-02
1.735035272766636411e-02
-4.103002063168820213e-02
9.685710114179872654e-02
-1.063781966573656840e-01
-1.017699004150494496e-01
-1.505017880953762321e-01
-1.197378642334325782e-01
-3.463454576277584171e-03
-1.820683222961883355e-02
8.471234360561570587e-02
-4.236660232743799659e-02
-1.688277578498389650e-02
1.584522966496918969e-02
-2.610614823605757889e-02
8.411711880975845934e-02
3.215257164572338927e-02
6.617520381880735714e-02
7.132271078886139037e-02
4.347937782239576221e-02
2.751170527997701121e-02
-9.215374436730587593e-02
9.411125970394128293e-02
-8.238491674122201680e-02
2.757265226483677709e-02
5.979010069722197340e-02
9.242693525117992581e-02
1.165127030495005352e-03
-5.289895562417084446e-02
-4.840006445705361676e-02
6.275054084517006636e-02
-6.528960681994661064e-02
-1.265561902582328091e-01
5.137318903631162698e-02
3.946347610091448070e-03
-4.668970935516225662e-02
3.953737786473481008e-02
-7.575707854026228483e-02
-5.233892401278363027e-02
4.425299164038868499e-02
6.172159398350409582e-02
-9.860868016035077843e-02
7.907323527364029658e-02
3.915366591192877971e-02
5.724744011329167825e-02
5.591399881946797212e-02
8.758702675862023446e-02
-5.010681635101450759e-02
4.092627952920227519e-02
1.948021715774879425e-01
-1.235502724009364644e-04
7.031013287839639470e-02
1.363233300148011529e-01
-6.499998385120335509e-02
7.437713085111347100e-02
4.667185667000704752e-02
-1.060182963894508446e-01
-1.515351846643713538e-03
5.084565483517556467e-02
3.390159698785485867e-03
-4.174698979659034748e-02
-5.802724826813526748e-02
-1.710428170958623942e-02
