3.001469135656291420e-02
-1.025144956530536604e-03
-1.599774661015039567e-02
-5.204737361839396198e-02
1.149432845284573644e-02
1.109247582831728030e-02
2.549980012150719275e-02
1.629014078770026769e-02
1.752222045876248441e-02
-2.030439557824792809e-02
6.665273411599189832e-03
6.113970313005460261e-02
-1.512850113858217604e-02
-4.178827688589908940e-02
-1.656754658498035479e-02
7.897227057291709290e-03
-2.572604555492450165e-02
1.361101826970247987e-02
3.804353402116030652e-02
-2.329627938544461679e-02
-3.737510180920338050e-03
-2.698355956989588120e-02
-2.312877312393705337e-02
-4.433954386437540321e-03
4.508117524857700037e-02
-1.392905743444328506e-02
-2.175864004819766037e-02
5.786151681845101008e-02
-6.634191320014110049e-02
2.945066710037540572e-02
-4.176813062816578034e-03
1.108183904447079295e-02
2.286365152878024401e-02
-3.996684148381703106e-03
-1.738023405015243911e-02
4.970422594268557315e-02
2.959841209862634770e-02
3.562756412715313136e-03
-5.878318224758961007e-03
9.726755579533469948e-03
-3.143224083028675619e-02
8.784201148276148466e-03
1.772591672394087381e-02
-4.426185953293262920e-02
7.357045589966896074e-03
-1.444861884830339616e-02
2.630516321338791357e-04
6.473602498601066513e-02
4.568069636890200597e-02
4.574868693666786501e-02
-4.758253905570806325e-02
5.451505712042093409e-03
-1.011997069712902708e-02
1.297875139500972129e-02
7.252187752227602646e-02
-3.594854911233037135e-03
-1.724628555846112812e-02
3.328146134472205475e-02
-1.362645221499187917e-02
5.195995568772656704e-03
-4.305387299354320775e-03
-1.074227054012883570e-02
4.136330797896808215e-02
2.127266710993931209e-04
1.131572093131795638e-02
-1.060635241728197058e-02
-2.781040367188212376e-03
8.432752735392293891e-03
3.442065983089308973e-02
1.034412590311916498e-03
-2.669688613883441572e-02
7.028707201107351615e-03
2.680171761306664267e-03
-1.718721419412559334e-02
1.537849759349558393e-02
-2.154770253470005351e-02
2.918901940027969835e-02
-2.796428078543410425e-02
-1.956954683661947872e-02
-2.460531560246259630e-02
2.752410570549701854e-02
-2.560537323038877128e-02
1.338947644820892048e-02
1.812083601411982811e-02
2.549033004183850343e-02
-3.388595957607376530e-02
2.541453111158979705e-02
3.245303112921456984e-02
2.155614385412388603e-02
2.324123651357733536e-02
6.475220167568547514e-02
3.770673375558964563e-02
1.674257951247334550e-02
-3.391145693266778283e-02
-5.915749555212598126e-02
-4.444302003770485981e-02
-3.807071559124367011e-02
-6.851420115868878287e-03
2.363295645573808973e-02
4.248625961332493789e-02
3.174084417336197478e-02
6.089703715361755032e-02
7.311740195356681085e-03
7.521384979306793526e-03
6.507574201202581676e-02
-1.289792291878971708e-02
-1.020739279029478233e-03
2.903166205906510672e-02
2.474062981593327243e-02
-3.030749236490362306e-02
-2.844287753048398842e-02
2.406153459023042084e-03
4.520416318005027884e-03
2.434987130197050972e-02
2.605917611344843367e-03
-1.811341161060086875e-03
1.602092962640658258e-02
-3.929507329988767006e-02
-8.500102821239209063e-04
-7.139629238746487624e-03
-4.851741829930675265e-02
1.526551669454375218e-02
1.988607741809271523e-02
-1.086491926975120771e-03
-1.833818369247038060e-02
-7.110300821045610620e-02
4.290125523018475245e-02
-4.141599405509997778e-02
3.226310083376150023e-02
-2.101083735229239413e-02
3.339066148258300337e-02
-1.840362127699178563e-02
-1.417576531118135141e-02
4.009249440946133225e-02
5.656993378273007106e-02
-1.499422849499588116e-02
-2.133880443897393561e-03
-2.872633537560198569e-02
1.143120088930013947e-02
3.854071334091962574e-03
-2.586178893862587161e-02
3.626757852174703617e-02
3.396531537316247601e-02
-2.618095607331569902e-02
-4.098385317091284008e-02
4.044134306434114812e-02
-3.766696349769902558e-02
-1.241524948304862513e-03
-4.299939611367634834e-02
4.060671404401840906e-02
-7.836955621851561180e-03
-5.844711741166905457e-03
1.673087151298444097e-02
-5.214466569122450101e-02
-5.986914519049867838e-04
2.607644896963823636e-02
-8.601516420504317154e-03
3.707632672460801221e-02
-1.116538049442500000e-02
2.150271503360658143e-02
2.176004539528208701e-02
-9.114293912764411670e-03
3.007410311071869943e-02
8.654130845227321622e-03
-1.860031210666508034e-02
-7.723123082146171083e-03
5.581857898909352300e-02
-8.950388462763926231e-03
-4.099814952539537066e-03
-1.568113051968880386e-02
-1.753739326484174410e-02
5.020204216322445706e-02
-3.140554429366441275e-02
2.584306403481533010e-02
-7.357508570250781421e-02
-3.121139020931030378e-02
1.311723158957178552e-02
-4.816227358638043576e-02
1.166977104122206808e-02
-1.270583491100896970e-03
9.150787511042932434e-03
-1.051744103153621525e-02
4.617717308513381858e-02
2.984272743235640707e-02
-8.124140303846335426e-03
-5.297398812967302022e-03
-5.611272471217960967e-02
-2.972229523999682377e-02
-6.150924921579916001e-03
-1.693561083731673356e-02
-1.025896020360817819e-02
8.762919474246228749e-04
2.308581826668398493e-02
-1.603111340289588641e-02
-1.812019396870809956e-02
1.801632608034986135e-02
-2.546804350207923853e-02
-2.486148640941482357e-02
3.522301127673387738e-02
2.176372545739928277e-02
-1.436303998540006122e-02
1.610731141628767363e-02
-1.342061157951243526e-02
2.160511501194225040e-02
3.067445963387199770e-02
-5.515189793472222851e-02
2.220038895598643036e-02
-5.805803103576872778e-03
1.047949144179837096e-02
1.583497106911515434e-02
3.479626803508009680e-02
1.004711984510351652e-01
1.884741289922549834e-03
-2.125611932465874473e-02
-8.426626647382570723e-03
-2.554087174766934629e-02
-1.097225800040825018e-02
-8.716340925242009249e-03
-9.962176495424998439e-04
-4.065311836101284659e-02
-4.374359605905831644e-02
4.791296163227631855e-02
3.678245459168240448e-03
-1.191006115390595872e-02
-5.654165617774400271e-03
-1.893953933011050320e-02
1.842979315484805786e-02
5.674862964333871052e-02
-5.873084293884134680e-03
1.004126269669456620e-03
4.228087109412639877e-02
-1.843341973408072626e-02
-3.955605839728436324e-02
2.657609255803771234e-02
3.057253322018079617e-02
1.875559479838841484e-02
-3.409338073911271499e-02
-5.794125640922282924e-03
2.196095286440189615e-02
-2.976460656256864692e-02
-4.287606816790626163e-02
2.956460421708692263e-02
3.161294877744851017e-02
1.625605746804166182e-02
2.450072209872049267e-02
3.319138713283093650e-02
6.599692932607101326e-02
2.402727809491909949e-02
3.929154027017416062e-02
4.338681549614639005e-03
1.275445325330811647e-02
-2.268639012020984280e-03
3.260752722294293394e-03
3.566237002186044280e-02
2.231192533635096009e-01
8.417014449204367477e-01
1.000000000000000000e+00
4.292519899569248731e-01
1.669511268455946551e-01
9.055248849670899380e-02
8.191225106162294822e-02
-1.539931815383137684e-02
-1.297509903963433610e-02
3.126376167176465881e-02
-5.623720118518601291e-02
6.818156501917515709e-04
1.727360561328164989e-03
5.286215921991173870e-03
-4.269685509509074097e-04
-7.445896343373602580e-03
1.671733614563494785e-02
2.436172350377059648e-02
2.010575418543684642e-02
3.515683377791956749e-02
3.740854330211004081e-02
4.019491027545020988e-03
1.427396250764997356e-02
3.126024691005016044e-03
-3.700352424674348967e-02
3.748762798044158462e-02
1.669037325936416349e-02
-4.553302585215245751e-02
-5.155897161429343761e-02
-2.122045680984649407e-02
-1.226471606426253989e-02
-6.440795761643363856e-03
-2.391268269487058576e-02
3.637798498909084605e-02
2.964376814602858595e-02
9.980955797012212860e-02
-3.332650277002962430e-02
-2.583498976401362238e-02
3.029479681921908116e-03
-5.157744764772914832e-03
-5.206163107336693116e-03
-3.173246233888872905e-03
-4.548230657708361019e-02
-1.171323521039222340e-02
8.967547587670715234e-03
1.860210655734294630e-02
-1.955690600675067878e-02
-1.088447369353523486e-02
-4.313011834220928722e-03
-8.646119587113072422e-03
1.470365304658256302e-02
3.130591643213247871e-02
7.541560322283420324e-04
4.262520781179498369e-03
-3.376319521670692776e-03
-6.874929664365846300e-03
3.342987088468823281e-02
-4.025629960182032507e-02
1.213959993460733515e-02
-1.812744951593636342e-02
2.540314011454135670e-02
-8.357035788875800952e-02
-2.786732328537515346e-02
2.301245538278078040e-02
-3.387997664243529161e-02
3.391135191433207463e-02
2.119259506673299570e-02
-5.693815176718056842e-02
1.075749561035975466e-01
7.111931207291520042e-03
-2.643420297036891062e-02
1.407536505950335824e-02
6.517870742184720192e-03
-4.077475379642449098e-03
-8.592910341482011549e-03
-3.543922084872733885e-02
1.842090642726826669e-02
1.938650786986505226e-02
4.734074378804234429e-02
-9.501197625467095939e-03
-2.813326855820540845e-03
3.394310570366752822e-02
1.439970117336955742e-02
-1.308335204820895888e-02
1.178113893676386442e-02
2.112818192309442664e-02
8.670293235993085240e-03
-5.615075091586959125e-03
1.275716473777280084e-02
3.756134749209030788e-02
-1.008990007334298160e-02
-2.594468491488522571e-02
2.290054401679344001e-03
-1.033894135843664401e-02
2.501637672612002511e-02
7.272401496457065080e-03
2.193919143315540762e-02
3.434372146187620461e-02
7.379599527314539831e-03
9.920227551838602803e-03
-1.691346030247418974e-02
-6.650999893570774812e-02
7.079334865673253194e-03
2.830429425659982887e-02
-1.773510632228692853e-04
-1.967166749880613560e-02
-2.098936371905791090e-02
-2.512191154210501737e-02
2.696543425609950959e-02
5.388321011724285514e-02
-1.612556081643752234e-02
1.550467213756818834e-02
-5.215909038561639122e-02
1.675705679867086836e-02
3.034390865158825140e-02
2.939507440020708642e-02
-6.223270257716507570e-04
-2.466220103217840742e-02
-2.858156627244794537e-02
-8.588016800427436537e-03
-6.277401562576185451e-03
3.623075318078682050e-02
-2.868828358920381613e-02
2.773985229899817231e-02
-2.133775504721852762e-02
1.129387503902043628e-02
4.489885191765941030e-02
3.383646763751916448e-02
-6.028005588753226202e-03
4.459511246987812871e-02
3.175994671195202235e-02
-3.452373909118523071e-02
-3.164089692062665299e-02
-3.779587424602719181e-02
4.104990639838239884e-03
1.523626609858326963e-03
3.096733557345818927e-02
8.150456384011180860e-03
-4.018521947347807738e-02
7.613229363419700586e-03
2.682557687093891849e-02
-8.236678174990623436e-03
-2.716578026282356548e-02
1.332976259712946934e-02
-4.268568244902575144e-04
-3.335588352570703630e-02
2.170620081236685622e-02
-2.585388314859403056e-02
-5.618544838076359321e-02
-6.929129991813612333e-02
1.335917996302815689e-03
1.283301953124922103e-02
-2.625165424751380039e-02
2.937564443829996860e-02
2.696258244735608156e-02
-1.010106434605065502e-02
-4.236109044211478630e-02
-3.208978875810936798e-02
-1.717194827985674827e-02
-2.188934568853588211e-02
1.920507192697363738e-02
2.500514944072750392e-02
-4.164319078030458837e-02
-1.457604175566606756e-03
1.931574474396588470e-02
-1.260767727404187369e-02
-9.320910209811990657e-03
1.379884963720560617e-02
-7.614120207861844536e-04
-3.716868086197280818e-02
-1.302648612784310621e-02
-1.552930920627270013e-02
-3.487495884070686974e-02
-1.004906250599613398e-03
-8.605878594670487297e-03
-4.053070312966755573e-02
4.106139262762792397e-02
-2.741021968290971444e-02
2.959294817198344571e-02
-1.855479040859070103e-02
2.525630262027429504e-02
2.173525220570575803e-02
-2.573086311679365426e-02
8.271026070557005450e-03
3.702890422510897450e-02
6.484990102905094367e-02
-1.145897623235161457e-02
3.585090775171487307e-03
8.432859251414641724e-03
-1.847235696949146508e-02
5.633372322848229259e-03
-1.615125436054321365e-02
3.766118733772438887e-02
1.513603168259743288e-02
7.571561786689506857e-02
-2.551173115232443708e-03
2.729646074204133618e-02
1.361136968700708480e-02
-2.240599943041962638e-02
3.647093112568048495e-02
1.544226110093571171e-02
2.204177330008848593e-02
-2.511298325020133726e-02
2.750089063498326221e-03
-6.012688296625456202e-02
-7.063385341674013884e-03
-2.946511950150910650e-02
1.410754563872370151e-02
-1.833060011531730329e-02
-1.565533045956598798e-02
-2.923663525719530018e-02
2.758701042272906565e-02
-2.067139102344143532e-03
3.035271091811701100e-02
1.405893825810799157e-02
8.835232215344537496e-03
6.253407003726635383e-02
-2.936155910552762285e-03
-1.213599762541361232e-02
3.384759422393538580e-02
-2.380640452789504341e-02
3.161332164311668469e-02
-8.911747630347328919e-02
-3.657711751688013518e-02
-1.469718269072275638e-02
-1.054506264247618251e-02
-2.852606324377157318e-02
4.753029794639993671e-02
5.218432569218736661e-03
-7.660211215459602520e-03
-1.982777888523281837e-02
-5.286339687783316033e-02
4.189272336565201538e-02
-1.316802146811218814e-02
-1.575548777712384909e-03
3.649784723719168289e-02
6.673560714497844826e-05
-1.034347827174831279e-02
-7.909441538607809088e-03
-3.414705967135579778e-02
-5.201165136232155373e-02
-2.658194602960624320e-02
-1.784359541777040190e-02
-2.971242696826394830e-02
1.530763570763634014e-02
-3.713460990220702335e-02
-4.484918612262368820e-02
-4.107995321317217674e-02
-1.293216995010946883e-02
-3.559897982142067735e-02
-4.977156584605227883e-03
1.546619696983685989e-03
2.453315425919690325e-03
-8.785785995200284110e-03
1.200860067920844418e-02
-8.716691361851197639e-02
-1.064631930401384492e-02
-1.488686093543643493e-02
