-1.297420819793127233e-01
3.611203185803280591e-01
6.575522035932361564e-02
-3.432868476114467882e-01
-2.424193038755952379e-01
-1.578872931719800532e-01
-2.860797498267953487e-01
-2.654503823752640823e-01
5.686386502474207599e-02
-1.269888282020535386e-01
-2.867860628644071097e-01
4.697313441998922090e-01
3.514766922357063228e-01
-7.737734834535281610e-03
3.850387174456241374e-02
7.917945466646209018e-02
2.875608231830181216e-01
-5.157539977514706553e-02
1.263527818353599730e-01
4.865972755696205965e-02
-2.782842121709988570e-02
2.672848178505074501e-01
-1.823401735672094404e-01
2.031942927284624001e-01
3.584773862301268016e-02
4.555831637153479746e-02
-1.449480143305518776e-01
-6.716560702733201382e-02
4.380170421369588007e-01
-1.219794260540470188e-01
1.992045560056085740e-01
2.368412179652449601e-01
2.496013795565997229e-01
-6.930735896151823949e-02
-7.338388578915905347e-02
-9.004719361605706754e-03
-7.880724201868841150e-02
2.747065939272209101e-01
-3.236122670300104476e-01
-7.350704684560788182e-02
-1.944913962355460380e-01
1.725323093917232320e-01
-2.524081135079602745e-01
2.405868631655495027e-01
2.714525959636518437e-01
-4.840513892513777922e-02
-9.352309306418707391e-02
-4.490366411812546366e-02
-2.690833716581834678e-01
2.158078157826242016e-01
-4.090936064339839584e-01
1.399241447508638436e-01
-3.143030298187575542e-03
-1.873156099420635323e-01
-7.653158727672124129e-02
-2.465758501662152213e-01
-5.631071573697613714e-02
-2.838385677758084036e-01
1.332260363633964162e-01
-2.088957931541853552e-01
-3.921001822378189505e-02
1.187572509609313848e-01
1.095838672211437159e-01
-6.016183501240861958e-02
1.292609318518522232e-01
4.522789293694351453e-01
-6.478878164938818573e-02
1.954063432340945317e-02
2.598466672645841080e-01
4.181551486274965312e-01
-4.282581059657267208e-02
1.965632146156383042e-01
-1.577889389149820520e-01
-3.083414561237135532e-01
-1.000027391294349144e-01
-1.565406383582525762e-01
2.465038470647401211e-02
-2.798208135207509439e-01
-4.674694922302333744e-01
1.382534578223905408e-01
-4.259121966712291485e-01
-2.188210367035638149e-01
-2.263949883579298994e-01
-4.381779081918848323e-02
-2.451062055825596955e-02
7.421368418315725524e-02
2.621969621705565467e-01
-2.509894603210252595e-01
4.147938436538457785e-02
-1.673258711282023595e-02
-3.291902828864845532e-01
2.701669274662404918e-01
-1.657136108975908739e-01
-1.481444901694615734e-01
-2.671891269591308155e-02
2.799968393581380235e-02
1.159971308244660826e-01
-7.347490046237428740e-02
1.222283030572306889e-01
2.460743544200204580e-01
2.094867047364470936e-01
-9.404616000067553272e-02
5.051345560664769439e-03
6.679678048758992681e-02
2.786222594280443610e-01
3.022159076778535569e-01
-1.640645031891800887e-01
4.039292527785703912e-02
-1.218780976765845292e-01
8.377357341421923231e-02
2.071184693902498042e-01
1.023736871074239080e-01
2.235612486490880235e-02
-6.221448738071656825e-02
1.719710521136540993e-01
5.937166608228211517e-01
-1.646998620811088859e-02
1.059976110730470426e-02
1.637367453940848927e-01
-1.504589999123627508e-01
1.402398065995358045e-01
5.345131519548670940e-02
-7.401606558061314678e-02
-3.310374452742533835e-01
-1.432121017315327385e-02
-2.029721996561540953e-01
-7.347482159161150550e-02
-6.664518394247525603e-03
-3.016881361923473212e-02
2.090815941455747562e-01
6.696341546719503102e-02
-3.298589913711260091e-01
-5.011096320394462650e-02
7.886393371270004893e-02
-2.304268865318688242e-01
1.172330279814701448e-01
5.206885837205246781e-02
-2.777799956102133261e-01
1.530610502245850768e-01
4.279254790910064776e-01
1.673853488095023156e-01
4.681499145788624583e-01
1.001172852777726247e-01
5.269614893574484094e-02
-4.061802537674333996e-02
4.806015961638223644e-01
5.348594562799247748e-02
-3.472604012598474732e-01
-8.741997111563300227e-02
-3.685607866571313784e-01
-4.607990633833420821e-03
-2.089973918371872963e-01
-4.108063759427597050e-01
3.182754394166152356e-01
2.177105063169725019e-01
-2.587956070160628563e-01
-2.341889851121659316e-01
3.315811295286733018e-02
-1.469945607163656021e-01
1.322203234223485180e-01
-2.955350999476420437e-01
-4.872470985916701330e-02
3.925141126834657407e-02
1.541832944751640455e-01
-3.866839659744371049e-01
-2.035629615266590642e-01
-2.768522461299175452e-01
9.978937777090081396e-02
-4.533828468557243307e-01
-2.118399197685056634e-01
-7.165833537347950088e-02
1.003519475210411377e-01
4.195206451530905656e-01
3.569628972882079448e-02
2.721316970233232380e-01
-1.240829256225451371e-01
-1.820283250865163405e-01
2.627597685329852162e-01
-1.559748578753395731e-01
1.137820511983656385e-01
8.948870281124690629e-02
-1.483181660964338344e-01
1.604328972193656278e-01
-9.770808493405580553e-02
1.323082682577010061e-01
-1.106381090844039544e-01
-2.063301057638560476e-01
-7.754714069745957672e-02
1.091459287410489615e-01
-3.771593718352143632e-01
1.552136227808860736e-01
-1.033112230730317826e-01
-8.654181838760335865e-02
-2.429375941483358781e-01
-2.417057995721805588e-02
-5.459508467171009238e-02
-1.520144680033960471e-01
3.990831156537910478e-03
-3.202102297629084993e-02
-2.645497660021458586e-01
-1.370889981263481716e-01
-2.421110153039770230e-01
-1.516184543620980596e-01
-5.360856261883092944e-02
-6.460611191338916717e-03
-7.285101206623126324e-02
-2.899825555499522811e-01
-2.552355342246083736e-01
-3.557684786825430212e-01
-8.441213752343607046e-02
-2.212521903199900775e-01
6.796447579276955475e-02
-1.591475239038582512e-01
-3.380206519047698199e-01
-2.401600404894735086e-01
1.207431716909917879e-01
1.402102851604644651e-01
-1.295425739329735537e-01
-1.123679797859100105e-01
-2.007772290364995271e-01
-9.015314957969741694e-02
9.733963590151199774e-02
2.248217295384483949e-01
1.448041672959332893e-01
2.892295781575586755e-01
4.861910015843463606e-01
-3.887336442222606991e-01
9.255348958610838672e-02
-3.633205430571433830e-02
-4.720083605602785198e-02
2.429115120245567416e-01
3.355930703523309078e-03
1.943781296531858771e-01
2.944992717491832779e-01
1.459833647291966241e-01
1.852727731770814623e-01
1.538352948085016658e-01
2.940062163229584802e-01
2.958479751419289261e-02
-1.125734151654909920e-02
2.123079689307540707e-01
1.969927659830237321e-01
-1.558572749758700519e-02
1.506879256506260811e-01
2.330127200763868756e-01
-7.522247499181683450e-02
3.075076537140974398e-01
-4.503064593032972537e-04
6.088993900598676373e-02
-2.067623326152903118e-01
1.498117500540209757e-01
-4.451449592842586338e-03
4.771555706326267021e-01
5.653236236103884593e-01
3.651353973513565276e-01
1.000000000000000000e+00
9.234905254647993722e-01
5.146830408665347134e-01
2.719392582552472293e-01
5.480405812677127120e-01
-2.223490379214164078e-02
1.348366834247268220e-01
1.866869651832999133e-01
1.675437881111747629e-01
9.908478840582952973e-02
-2.354557330269480275e-01
3.962195345086028803e-02
4.428887901333328214e-01
-1.666334309444417877e-02
1.246698324020712179e-01
5.163141292639578106e-01
3.362787472809876665e-01
1.137731119903168664e-01
-1.400707292936585746e-01
-5.313957046194079520e-02
-1.086325073949626629e-01
-3.753572620872203114e-02
-2.967429964190779756e-01
2.192518136425087305e-01
-2.231863962714697447e-01
-1.353915441136350206e-01
-1.601967107680823121e-01
-2.515463480748038327e-02
2.529832983937299051e-01
-2.056198384633753928e-01
-9.015481122807082748e-02
5.575274003269352352e-02
1.558845450092602725e-01
-1.808365792975262509e-02
5.627282006319327817e-03
-8.735634300851916056e-02
7.755246142681777866e-02
-1.105938255458930111e-02
-2.077928355091535340e-01
-1.187610892052748113e-01
1.181861363565561845e-01
-1.260397866538701672e-01
9.343501484950779770e-03
1.185387549454606920e-01
8.904192084050166489e-02
-2.156318721175408681e-01
-1.262459540793464327e-02
3.811674677142659617e-02
9.475466190563555657e-02
4.493437743550517116e-02
-2.848398363827752133e-01
3.861506056348286142e-01
4.058949539991042466e-01
-1.151747521862175189e-02
3.193045665130758715e-02
5.276241883365642010e-02
-1.039852319858644847e-01
-2.134003559580634479e-01
1.733070272002164847e-01
-5.266717371051490293e-01
2.357635686751366755e-01
2.990231326429088066e-01
-8.694446177581911794e-02
-8.009153601988143467e-02
1.555121665902121086e-01
-1.492575922929545162e-01
5.466626644957577330e-01
-6.107152000420511956e-02
1.053727392331174906e-01
8.830882387201459405e-02
2.529830449348259291e-01
-2.005872122935485613e-01
3.228076368831634402e-01
2.466820260484592353e-01
-2.340039364677593270e-01
2.081717514122527202e-01
-3.595820567304955362e-02
-1.103244412138118663e-01
4.424679696925840067e-01
6.500935396819329526e-02
-4.212391356216585447e-02
1.856319089488898399e-01
2.050457080155158041e-01
-1.607477163660115949e-01
2.837648984230758259e-02
1.117249208027254886e-01
1.230029419949413005e-01
1.543698301798028805e-01
-2.489995853280760618e-01
6.971060843949153374e-02
-1.534454625659093241e-01
-1.637811002877556099e-01
2.239819080468894719e-01
-4.662723091792335128e-01
2.674158705860983920e-01
-4.405587337792533399e-03
1.656533884125379885e-01
1.523641327729831907e-01
1.477437990363057729e-01
4.433187682464798801e-02
-3.932867110719865944e-01
-5.242971436188966633e-02
1.170321400765575448e-01
1.896217245425064479e-01
-1.573197269924191954e-01
-9.994012615931973861e-03
-8.597034312266536860e-02
-1.020212848296804947e-01
2.038934522546732298e-01
-1.328969369782162235e-01
-3.549973828072519599e-01
-3.697261273236683299e-01
1.257213118807907759e-01
2.133562208300853191e-01
4.879267855323460301e-02
-5.283854260334258646e-02
-1.533394984195692312e-01
1.780488603449494334e-01
-4.558840217138938611e-01
1.647989497775209367e-01
4.766390027311628169e-02
-4.275520045110283718e-01
-3.057212375758447398e-01
-2.454686059286278754e-01
-3.414591632640216479e-01
-6.585899563831541792e-02
8.439901089474165230e-02
-2.319932878090109063e-01
-2.368588677987832347e-01
-1.944558982246497036e-01
1.155533849983324535e-01
-1.658753283185382121e-01
-1.147501224386805602e-01
2.577756295623706562e-01
-8.892057571946004879e-02
-1.328336243541733686e-01
-1.220460956681474196e-01
4.228691321644490603e-02
-1.055096645481008559e-02
1.525344854031688846e-01
9.583664296581104192e-02
9.983191672916430504e-02
-1.225990783975012544e-01
1.243233468253131940e-02
3.535559034068618822e-01
-2.733821289985110536e-01
-2.405529909567062641e-02
3.027160323823415711e-01
3.925368318483518082e-01
2.526152065672571112e-01
-4.221671709527464178e-01
-1.446156961828500842e-01
-1.719906170545094926e-01
-1.598531789457552366e-02
-1.129675231229183424e-01
-4.552810997196300724e-02
-3.373851204856530006e-01
8.221724922905593314e-02
1.637529904926852131e-01
-3.914665072032541548e-01
-1.316154141784703080e-01
-3.245315558892090668e-01
-1.163207934617625505e-01
-1.081456705152260972e-01
1.809750296724094432e-01
-2.122859750557504199e-01
-6.982253421888445777e-02
-2.221237638409686854e-01
-2.442525474725104062e-01
7.070431233464778698e-02
5.860029142310454325e-03
-2.666506304434252544e-02
2.634579479168114302e-01
-2.390229424831480931e-01
-7.011555783430682698e-02
4.573333310147430220e-02
1.688116570632712532e-01
-2.340779288190070195e-01
-6.569302531806364698e-02
5.866484431205468836e-02
-8.737727441584396126e-02
1.286920309912097660e-01
-2.691220237400603343e-01
5.689224321750848551e-02
-1.529992043596273554e-01
-2.726293679172587248e-01
-4.274577002342975218e-01
-1.081397222742772890e-01
2.635756508035037582e-01
-3.090563308621758210e-01
4.652971918369043676e-03
6.255976984033004284e-02
4.002818796630395748e-01
-3.121404662667514041e-01
-2.244629057951794959e-01
2.178300737710953394e-01
7.362197050112401220e-02
-3.616827723119627191e-01
-7.335112528645872099e-02
1.066906714982791653e-02
2.371986583954089622e-01
-3.288543259589649104e-01
-2.284559489681645406e-01
-3.066282085696795875e-02
2.178458221348846327e-02
-3.229603159241521415e-01
-2.377672066252375649e-01
-1.723963923047351632e-01
-5.991697162886701344e-02
-6.878113183214369653e-02
-3.210412912374836086e-02
-1.382884002834358084e-01
1.026040910890527874e-01
2.794553217620560082e-01
-1.175163654042358646e-01
2.847268347435795710e-01
-6.610656819915695925e-02
-1.709793050488150057e-01
4.082484813050075295e-02
4.395642856773707835e-02
1.331907696024333676e-01
2.076871330969900370e-02
-1.578378426769789233e-01
5.957498568181224252e-02
2.208690736041412639e-01
2.936079383980609858e-01
2.668514645994236045e-01
-2.425069837677633622e-01
-5.639641507419547173e-01
-2.104289890349067549e-01
1.955995337150261137e-01
3.215888240722542535e-01
5.098293453326861735e-02
7.699705667231906969e-02
-3.015918243924222142e-01
4.275326424892300636e-01
-1.211398465371315014e-01
-5.033222257145285056e-04
1.589674131192565232e-01
3.727975136067477879e-01
8.427798471126278501e-02
4.927269813504369655e-01
3.094862036538011205e-03
1.828357333438336840e-01
-6.941933873530936605e-02
-1.115000287399063941e-02
-2.112209374467598211e-01
-1.228822783798885071e-01
4.038074008927510783e-01
-1.663401296002710861e-01
7.784719186814509362e-02
-2.043172602080103595e-01
1.448887719878836078e-01
-1.957189284888511960e-01
1.556303427014811003e-01
-1.633323869049497362e-02
-2.270990424743170866e-01
