7.038891557487531037e-02
1.099194792724969699e-01
2.857125434364388705e-01
-1.350571301058794138e-01
6.387673283314791728e-02
-1.290123108387795647e-01
9.332191117223134769e-02
-6.168463994064708050e-02
2.233766538147566316e-01
3.546451439765566094e-01
-3.351976304312601768e-02
-1.078230280050469919e-01
1.956337698672305503e-01
1.332303462081208534e-01
9.899254245587653378e-02
-6.637653720995653241e-03
-2.126977186112037344e-01
1.441507501915635821e-02
1.780886699367911219e-01
-2.281722485495392139e-01
1.896508093604951928e-01
5.120287410970661424e-02
-1.401953617032681010e-01
-1.028876990096267569e-01
2.333136286220643951e-01
-2.145235251096027085e-01
-7.392417504479052714e-02
-2.282984638960542656e-01
3.850043358703846702e-02
1.645843732035979778e-01
9.059391167635819087e-02
-2.348905113445119430e-01
8.043285086943928464e-02
6.272704141036231085e-02
1.645187993964873363e-01
1.153329847012261183e-01
-2.148437945383168887e-02
9.976774540555845283e-02
-6.212713666280637870e-02
2.623407344717739731e-01
-2.970141714242701125e-01
2.955014826199238442e-02
6.098109961871843454e-02
1.299950508842674102e-01
-5.814204273722099747e-02
-4.765561072049773195e-02
-1.651723374157261781e-01
-2.188838188257030692e-01
1.927164473515972365e-01
4.176063399779894048e-01
1.826702940828310931e-02
2.589035800449701608e-01
-2.757664760791908032e-01
2.208298042358193825e-01
-1.115296389560821166e-01
3.386120036108044573e-01
3.970921714664917002e-02
2.133786846483229360e-02
6.938067882146838061e-02
9.552059335731356848e-02
2.861219052274819874e-01
4.093478943167799811e-02
8.656834780195073187e-02
2.584873837639200048e-02
-1.129918650158204252e-01
-1.508635129242923700e-01
1.962659687450040991e-01
-1.900620500198945406e-01
-1.355768199870285018e-01
-2.138067663631756932e-01
8.470507508405217267e-02
-4.447189879380912536e-02
1.789997102868419454e-02
-3.774157412727442013e-02
-1.967465036340234827e-02
-1.890701594721856948e-01
-3.355607542551906214e-02
5.447898682631570344e-02
1.996306251747288762e-01
1.006262222432302567e-02
-2.045429662860123177e-01
-1.925657264103362853e-01
-2.531588833835596852e-01
4.801653221369970442e-03
7.772897511670251447e-02
-3.257330640387848253e-02
4.182604969546704909e-01
-4.814520109178606344e-02
-2.154606449222938591e-02
-1.283808866622956346e-01
-5.645852899330668778e-02
-2.827243646862748760e-01
9.740920703932101632e-02
-8.035878549168640195e-02
-7.095174465555266095e-04
6.650747791756220217e-02
1.611846216124526165e-01
-1.921526178806016449e-01
1.959953048863515013e-02
3.209931567703805388e-01
-5.656305503863029438e-02
1.649259321594852001e-01
-1.439732534304097866e-01
-2.926105941815486111e-01
-1.953045705567865442e-01
1.450630326093464706e-01
5.814779937625682432e-02
-2.157639892735492282e-01
3.458221961432239588e-01
-1.026538752422729711e-01
7.584127816603092320e-02
-2.725321357216735699e-02
1.018988618612926972e-01
-1.409588666548781954e-01
-3.585327600987012198e-01
1.440334070443971548e-01
-9.343345376749244424e-02
-1.862253983374725641e-01
1.859848672291268545e-02
-3.153904906088432492e-02
1.406800694768900739e-01
-3.109141465711902363e-02
1.675629218083523331e-01
-1.222830995980971405e-02
-8.405576901310449212e-02
2.073281473584585310e-01
-2.241966400235494705e-01
-9.411280967824856014e-02
-2.351696586822137891e-01
1.163790034261456274e-01
-2.262829869339740008e-01
-7.201346123384178011e-02
-3.116512987517055036e-02
-2.856533764806215223e-02
2.568886242487654070e-01
8.353315676460580652e-02
1.109509066081602185e-01
8.325535341557109559e-02
1.157578229209283577e-01
-7.355061973259170716e-02
-1.773173060857698158e-01
6.857700441067285380e-02
1.780956727729273714e-01
-1.762465309464828767e-01
1.560081490942994698e-01
-2.005702664135709523e-01
-2.002532737205153512e-01
-4.819999363214833715e-02
9.584684960650841079e-02
6.296081051319629349e-03
-3.843727624372862695e-02
-7.130406919709081359e-02
2.124727338584133374e-01
-2.887007331846238589e-01
-6.750458324453179060e-02
3.718227036055336138e-02
2.108456090116878900e-01
7.737590714707419381e-02
1.981022560204776239e-01
-4.436929933978826512e-01
-1.185928600016876305e-01
7.474381807399275990e-02
-6.168087793964117937e-02
-8.714687473601007150e-02
1.008521787732215846e-01
-1.905766022194252396e-01
-7.178031709199113319e-02
-5.816585072834441067e-02
3.245150370775692211e-02
-1.485110770924615853e-01
3.302608875702226724e-03
-9.013490874033525113e-02
1.041002472860607653e-01
-3.253742127885392299e-02
3.016721815501555159e-02
1.174036333395227505e-01
-2.487780783431911558e-02
1.253652055681492294e-01
9.025554543409937402e-02
2.258833175049518027e-01
1.233593635878022475e-02
2.460601349246728173e-02
1.484936736739565777e-01
-1.004689071173662032e-02
3.334636923959190171e-03
3.001363823023374747e-02
-5.961699503168531311e-02
-2.022178950324358959e-01
3.174526301353844393e-01
-4.976110215206788756e-02
1.172401888793160180e-01
3.578101855937278475e-01
-2.442257506574094794e-01
7.129061793113988799e-02
9.297141967455700706e-02
-8.003131202153147827e-02
2.709141513881473465e-02
2.479949407868125774e-02
2.127053720967151951e-01
1.097572989875224281e-01
-2.186621520056853674e-01
1.294922600666372769e-01
1.337159679972612925e-01
-1.092482467945499608e-01
-2.376199182128809761e-01
1.272395283505246555e-01
1.148913096346037832e-01
5.472409776395425335e-02
-3.553636712532018405e-01
-3.587470766386491317e-01
2.604415285073364839e-01
-2.408650463802388120e-01
-5.819363979979803592e-01
-1.370591706830646128e-01
1.176202575536961503e-01
1.850768470380295128e-01
-6.943447326854672308e-02
7.893837491800004269e-02
4.602499421903279847e-02
6.764589743238980102e-02
2.064150146346207249e-01
-9.906329935032735790e-02
9.256294292290438708e-02
-1.182424166255276743e-01
-1.673949543596512657e-01
-4.296155201550507646e-02
3.405883609975417919e-02
-1.823703298809349060e-01
1.051800805675748296e-01
5.197440896688967221e-02
-6.324620740983089018e-02
5.996260276443864112e-02
-1.711683246468489461e-01
3.790170065470843674e-02
-1.773984450125017445e-02
2.311893248509430399e-01
1.562604530196224917e-01
2.501389496471977392e-01
-2.500694855228238200e-01
1.244999475795916660e-02
-2.567497761947605261e-01
-3.161832283313554745e-03
-2.518962721363873225e-01
-2.002595499768887732e-01
-9.124669142392599630e-02
6.583806518844849409e-02
-9.394040215155159690e-02
-1.614485116491838901e-01
-1.336181274875478386e-01
1.399600598504889028e-02
1.269022689911250834e-01
-7.134436542395851399e-02
-1.809703834541175407e-02
7.890331879135985549e-01
1.000000000000000000e+00
5.778326940898894648e-01
2.696522908605670232e-01
4.115627531941764561e-01
5.007824752625102960e-01
4.683349720194696642e-01
4.679327297874633085e-02
1.108462754423178778e-02
1.055421432956015482e-01
-2.279686827516614334e-01
3.002340552518435457e-01
4.533672219607095405e-02
1.277147010545111039e-01
-1.977697219663714367e-01
3.982531442234994723e-02
-1.040667316705649048e-01
3.486638584728281587e-01
2.125652766783552305e-01
1.618154448096260911e-01
-3.465419988072122870e-02
1.063311629332872876e-01
-1.409390906297438018e-01
-3.890479236134304353e-01
5.790762406293511466e-01
9.231169775890143980e-02
2.941739332780513028e-01
1.239664663175101406e-01
2.805454131206052693e-01
1.418845053185235627e-01
2.013146917764392918e-01
-1.039373388727730246e-01
-1.388606480244398422e-01
2.066249517646584488e-01
1.296528745194883148e-01
1.771965304590477630e-01
7.344981028257702160e-02
2.321167413172162131e-03
1.545674538761249717e-01
-1.007891012433466960e-01
-5.960800027328691519e-02
-2.124213021546940763e-02
-9.589147557323397797e-02
7.391173558592474546e-02
-2.260057323922839631e-02
5.514525262883087503e-02
-4.980609354084634954e-02
2.535841504091559395e-01
1.198415774632262121e-01
1.175895887564702702e-01
2.482058504799730114e-01
-4.531937906433120694e-02
-2.425743600375262488e-01
-3.719142203001665065e-02
8.682269060378318415e-02
3.218088132393031042e-01
7.594284743630418111e-02
-1.035555470738592498e-01
1.865971217355996137e-01
-9.779347463549969977e-03
-1.516414989270702951e-01
2.575029275182864064e-01
9.588091653125002667e-02
6.821198490757097999e-02
-1.064356833796339420e-02
2.362557063848228778e-01
-1.035977084552820171e-01
4.701545339534033974e-01
1.130902748129237884e-01
-1.861253150859126793e-01
1.062103223741737712e-01
-3.768005792799529186e-01
3.299715484505394945e-03
-9.732562573728181787e-02
1.299602080909939006e-01
-2.487207650044683527e-01
-6.287258466350068367e-03
2.572638076097114035e-01
2.389001301774850219e-02
-4.511555973105169093e-02
1.654852057828236078e-01
9.787726540177847656e-02
-2.793528321880960896e-01
-1.139288691146351784e-01
9.914104691566358318e-02
1.817652752864973020e-01
-5.311263794888580747e-02
1.329097640687715021e-01
2.839101839388327372e-02
1.949730197149208144e-01
6.328030757505580250e-02
7.797960287180118188e-02
1.661610837526290574e-01
2.667215941766374887e-01
-6.082600043477717072e-02
1.164978039414950456e-01
1.107783558841995836e-01
1.080524310070962724e-02
9.524639354965713789e-02
-6.825909343775589389e-02
2.031253692901002494e-01
-1.343720367014614725e-01
2.049040821393577627e-01
1.991498904148779336e-02
-3.136061881320326844e-02
2.743730538309774661e-02
4.311494333727662609e-02
-7.235857794408981358e-02
3.489652162776217259e-01
-7.493402170153267913e-03
4.166751408070670099e-02
-3.069237635078992180e-02
1.101450060524418288e-02
6.567942622825335974e-02
1.125708537295155576e-01
2.439192085980706470e-01
-7.605454965842275983e-02
1.277643711756065170e-01
-1.925554674767056829e-01
2.986527463325062970e-02
-1.220198975249070644e-01
2.392522926278635997e-01
3.422952643527381600e-01
2.371708779851701143e-01
1.036080006293711026e-01
-9.182340287348260410e-02
-3.327172818958754053e-02
1.145487224420624062e-01
-7.218408341940622808e-02
-4.336204581586922818e-02
1.556450264376856296e-01
-8.978566443963666502e-03
-7.414397787750783009e-02
-1.172800410379505470e-01
3.846032634446428650e-02
8.495243031208749018e-02
1.195713145457971138e-01
-1.160187256579309628e-01
2.343852089873068867e-01
-1.840816988442884050e-01
-2.845273444759324755e-01
-1.083083352094414975e-01
7.517170697728958739e-02
-5.447006804436096417e-01
2.546427369091862625e-01
-5.161425796638206137e-02
3.186186060958699079e-02
3.448025924060973413e-01
1.347226706104652783e-01
-6.858206189754824378e-02
-1.749243850427653901e-01
3.268631012097127919e-01
2.237552986870594562e-01
2.679845692973248372e-01
-3.061120303826829203e-01
-9.184172285593169768e-03
-3.530640994233495422e-01
1.075730966863409493e-01
-7.476715030495002801e-02
-2.170818684399419274e-01
-5.025361760648600767e-02
-1.361572312209797520e-01
-4.035334247033581234e-01
-2.031175098420388153e-02
1.118419063438566979e-01
-6.137379790352492231e-02
3.911704412575222611e-01
-4.866027562443455551e-02
-4.355140052756235197e-02
-7.860116213155210474e-02
5.789846632108105323e-02
-1.072242809776200873e-01
-1.689621654139898399e-01
-1.044672254709290565e-01
1.165159519179070624e-01
1.494510219180533450e-01
-1.772380270960108584e-01
3.067795619089806469e-01
5.514111204054671957e-03
2.546096653619359662e-01
-5.453642911279781291e-01
-1.433344789738436320e-01
-9.449967694213229352e-02
-6.404716160274613428e-03
2.367608835228711961e-01
-2.240343188757709936e-01
-3.078880716841875809e-01
-7.880528195448065210e-02
-8.877752564517578382e-02
-1.641722749324105446e-01
3.286038102440013708e-01
-6.531801105250115147e-02
3.184028170837049365e-01
1.547351832191056278e-02
-8.185740374724032042e-02
-1.095263353709193671e-01
-2.683930139757612077e-01
-6.997827163046826948e-02
7.666417457692248361e-02
-2.345444321159229906e-01
9.286512238321015245e-02
9.007404690601245045e-02
1.545756422413255560e-01
-6.920107675854901552e-02
5.485296822862834737e-02
-1.978747069609717024e-01
4.887814913282146484e-02
1.860832491615720674e-01
1.269675892628464031e-01
2.029915189849301055e-02
8.842755741060233030e-03
2.124819809849463892e-01
-1.845678746584795971e-01
-2.329417315019829959e-01
6.078488293366818285e-02
3.153862335206616963e-02
2.814860677150580193e-01
1.229588141138446694e-01
3.298924585103547580e-01
-2.937801578724725249e-01
-7.772862612424343010e-02
6.387568816689993823e-02
-4.417707078079065319e-02
4.549615693651209436e-01
-2.037649978800704920e-01
-4.709287558579004773e-02
1.634385699309456874e-02
-9.688679710762139463e-02
-4.023384895236469805e-01
-5.910241230746391544e-02
5.965394046660506266e-02
2.812560693325760752e-01
3.351328292140320214e-02
-1.696583417420474693e-01
-2.262116756331767342e-01
-3.079851518250914522e-02
-2.292315005799633876e-01
3.006417408726498874e-01
1.720171645496853807e-01
1.160162282134405282e-01
2.823053922764794388e-01
1.391321285441494970e-01
2.457290797185213982e-01
1.044392919865680669e-01
-1.083826514068035041e-01
-4.436438456098926730e-01
-1.292988260533873279e-01
-5.603207915445110321e-02
1.035617603276995924e-01
2.257057077455778271e-01
1.984227888710951293e-01
2.134548537792042844e-01
1.327956892399863309e-01
1.213259822981233166e-01
-2.562834726487200898e-01
-1.534734396517964394e-01
-2.913822881321680436e-01
9.982585626000151091e-02
-4.033042960979150715e-01
