-2.092666973194629021e-01
-9.729965481874532085e-02
3.088432166992272077e-01
-1.725650048131153469e-01
1.129615845481858061e-01
1.494821655502429070e-01
2.075893306578651398e-01
-1.944821133009130495e-02
8.576147715995062482e-02
4.125711651563319093e-01
7.017542930601554374e-02
7.486325955332226445e-02
-1.500497305427434813e-01
-1.850696743281204232e-02
-5.901737994241764568e-02
-2.433294017767325401e-01
-6.172111147528968472e-02
-2.329873899199213227e-01
-2.034941728679774686e-01
3.009607387041882687e-01
1.222123427272459040e-01
-6.095568962682015868e-02
7.110577678782037392e-02
-3.906009457198107021e-02
-1.732213229181067959e-01
1.105864467882404847e-02
-2.415104638815108659e-02
4.540311904668159482e-02
-9.645339257341614680e-02
-5.679209849996345039e-01
-1.874716908765543810e-01
-4.634520871499395733e-01
-5.737317199369324459e-03
8.802537096346214895e-02
-6.004847478843602232e-02
6.639962709580417288e-02
2.122799036852545188e-02
3.695070050915093274e-02
6.267798945842549541e-02
9.737955613163971902e-02
-2.688907427847261888e-01
1.483104329717613995e-02
-4.109835785926168467e-02
9.401137866113506991e-02
-1.081113810769040659e-02
5.250437662118895982e-02
1.726356670275069061e-01
-1.659515075717814536e-01
1.095847140303411599e-01
-6.779942119998229322e-02
2.664852788039877018e-01
2.499631177559975825e-01
3.164548020356167113e-01
1.179530473313961658e-01
6.820824609410179942e-03
6.554617036783685902e-02
-1.656552091072232558e-01
-1.378175793155153039e-01
-9.846189394936323558e-02
2.661136579446739536e-01
-3.146753348372042375e-02
2.314919093603869937e-01
1.358426250077316155e-01
-1.971311850611564276e-01
2.656853516398403059e-01
-6.155429997835942107e-02
-3.011046710018194794e-01
2.777450844101312377e-01
2.961834504715268879e-02
2.133440817157642166e-01
4.438709880579638778e-02
2.044514381499931699e-01
-2.479236093480837455e-01
-5.847303662059242374e-03
2.503149071069612347e-02
-1.831053555166272662e-01
3.366817663420391266e-02
3.247973793638148782e-02
2.059037900714982827e-02
-3.705226086754798490e-03
3.192745840844323779e-01
-2.867574355278135756e-01
2.866210658481644358e-01
-1.033887911645587354e-01
3.675876238376615812e-02
-7.857993097366898494e-02
1.516144061498312171e-02
3.155883153184206313e-01
-4.904771291187554061e-02
-1.607128499880279560e-01
-2.487834994598285207e-02
-1.626207627520312171e-01
-4.776177168945558438e-02
-4.406871490323480828e-02
1.435153216894325678e-01
4.716969591401700551e-02
1.108333813542764501e-01
-3.262187332829408204e-02
3.063098398438917069e-01
-5.260624098517347608e-02
4.712508794417368668e-02
-1.363058488245947053e-01
9.965260007573797929e-02
-3.197883403356719390e-01
1.401788809517857393e-01
1.212195249241217881e-01
-3.674505428541481877e-01
2.197695206803685630e-01
3.179376341708664011e-01
1.315579046424371068e-01
-1.917452862797510704e-01
1.611416774465394275e-01
-5.498888409308178016e-02
-1.110817123181265798e-01
-1.830482827722275663e-01
8.354918872956561271e-02
1.825202265136542379e-01
8.768097197929845821e-02
-2.579051444712017749e-01
1.953331449044816703e-01
-8.654074885168890757e-03
8.047581115889086700e-02
-1.223674191504976333e-01
-1.020829621383208680e-01
9.768704935266261935e-02
-2.806626415911888106e-01
-1.895645251991232572e-01
-8.867499574008316787e-02
-2.226799025423371881e-01
-9.014236597131981832e-02
-4.096684543930501771e-02
2.785454686675253866e-01
1.636757399417450576e-01
-1.659323832572766333e-02
4.632436701871732454e-02
-9.399735126141924024e-02
-1.271907003522967580e-02
-7.760143234144104007e-02
-1.208687884431991350e-01
2.578467576476893841e-01
-8.441702904816592024e-03
-2.744369208079955672e-02
-9.062072845373396468e-02
1.850410415815338314e-02
-3.105164132262555610e-02
9.909843894179877488e-02
2.540041673377926856e-01
8.277341651677126710e-02
-1.527268054151377785e-01
1.077172816773665914e-01
-3.217810511944742269e-02
-7.524650652900156944e-02
-2.101680260203858397e-01
-1.146147456275996568e-01
-1.764985765011223284e-01
1.670233056415029171e-01
3.993295148347190127e-01
-1.637069746844609930e-01
1.177055158627907799e-01
-1.045215858883428856e-01
1.632625082420313678e-01
-1.521038115656221101e-01
-2.229832367372505675e-01
3.354026074752177178e-01
-1.578789458476578256e-01
1.085622041102371760e-01
-9.747140679934840346e-02
3.587298863854135322e-01
4.432991793995782331e-02
1.555011416717934081e-01
-2.692263091328294111e-01
1.464877041857476359e-01
1.915775480025879995e-01
-3.364144935874784359e-01
2.311613575390857739e-02
2.828003615759214565e-02
8.501583499384691989e-02
-1.621729751058088032e-01
-2.817749832964826506e-01
1.370015111773078831e-01
1.476792987652832123e-01
1.422417562836793548e-01
-6.149677014069972192e-02
1.194507063615931897e-01
8.851143565257882373e-02
-2.461677003495993943e-01
2.133044992934342559e-03
-2.946703951522997023e-02
-2.439917524676695759e-01
-1.328560563594441968e-01
1.630517046207742848e-01
6.285488444599846014e-02
3.670334762026744024e-01
1.469664539670416659e-01
-5.167030570689768593e-02
1.292274321223409184e-01
2.279071433928125667e-01
-9.983700048063895438e-02
1.516541254620918655e-01
1.530592032878017317e-01
1.867375744010418281e-01
-3.788711150675175277e-01
-3.401265048274611513e-01
1.891480045987990743e-01
2.021233826298413430e-02
-2.246387542031196005e-01
2.492871802841042689e-04
-2.441115240800119379e-01
2.092972978890005331e-01
-2.583333111873016286e-01
1.141435841976335547e-01
-1.729072195926805722e-01
-1.507113764302743797e-01
-7.567174591001164796e-02
-2.006384252658276190e-01
-4.540584273261973752e-02
1.565011513465011314e-02
1.534276150236095655e-02
-2.234970570488948316e-01
-5.968100065145962030e-02
8.441722464232090384e-02
1.770856619979578328e-01
9.576111548492688419e-02
-1.755250332672615363e-02
-5.290430488812890297e-02
-5.666494353534394512e-02
3.873201531355729282e-02
2.080619588952974941e-01
-8.010441227637732364e-02
-9.379146896027250324e-02
1.670576330413750532e-01
-1.232261844974684162e-01
2.792857638875536619e-01
-1.243667005914911028e-01
-6.558916769267821890e-03
2.574098254788280762e-02
1.380899047033212756e-02
1.268702837782310078e-01
1.402410652358604404e-01
1.948736287544038659e-01
-8.317772266364709122e-03
-2.663590656873443627e-03
-7.458042243790688475e-02
2.064483697743546009e-01
-1.149150128987159875e-01
1.551570601921559711e-01
-1.456571449847677280e-01
7.656632462788329208e-02
1.288682760375835512e-01
-6.248532079627546615e-02
-4.328417015598952887e-03
1.849325234114836680e-01
6.856352896935237473e-02
1.783991562342420638e-03
3.448866477463671809e-01
1.000000000000000000e+00
7.148890044587902226e-01
1.691402565883528553e-01
1.756755232633906150e-01
-1.170383837304046076e-01
-6.767811955561671422e-02
-4.946847576227635102e-02
-1.166814501773176527e-01
-4.299729567661347285e-01
9.996947198398423162e-02
1.633489364353619966e-01
-1.567141352135615895e-01
-1.711401664685624213e-01
1.404565930979258803e-01
-3.436304112346399431e-01
1.213959436549120197e-01
-1.596222696463880375e-01
-5.206415857931777635e-01
-1.273526084973669037e-01
1.960322165829899155e-01
2.631491870381487685e-01
1.517043212283929188e-01
9.479435766031323041e-02
4.509650168509344442e-02
-1.660033483513084218e-01
1.450533913362914151e-01
3.758761937087935073e-02
5.254227086181877393e-01
1.461635105099148568e-01
3.462532706133902849e-01
-6.144934295720547862e-02
-7.282710410643684906e-02
1.428734938113526975e-01
5.150884086608892992e-02
2.520036158787207214e-01
3.424267074221790108e-01
-5.120533851604949782e-03
-3.485892039349365312e-01
2.438960534186005169e-01
-7.294821553123780056e-02
3.071813299793371699e-01
9.739600201651313349e-02
8.312629230541047909e-02
-1.493611871443525640e-01
6.668047596010824585e-02
1.896895038788666277e-01
2.811215799328549148e-01
-1.044117965049682212e-01
2.615635437592980783e-01
-1.097943108580502758e-01
3.627496891874226193e-01
2.062273745410159453e-01
1.801695993160447873e-01
3.028446675728671544e-01
-8.798357280449285028e-03
-1.743517938485587560e-01
4.016912792981851554e-01
1.286738868338917485e-01
7.753360934011055416e-02
-2.028664233103850412e-01
4.060256522115980593e-02
1.054244511911121840e-01
3.004012334570876561e-02
-1.437130887516377409e-01
3.402494895221574445e-01
-1.408745110013034096e-01
1.936162492195925844e-01
-3.265597151762270611e-01
-8.802465675714679291e-03
3.129978273916134146e-01
-1.032172047959892258e-01
1.413602455921942336e-01
-1.628361893524216675e-01
-1.191887670541559308e-01
6.251900059338227900e-02
-4.839295086222038245e-02
-5.382567467937935390e-01
2.995396460635386671e-01
9.110436779790274942e-02
7.236043434393826627e-03
-2.778038968595955005e-01
9.146840687571174133e-02
-1.681337549133654630e-01
-7.061934969729555256e-02
1.056953246862256529e-01
2.850511636507678248e-01
2.480366693044070980e-01
2.711698410214249608e-02
-3.991124667013894178e-02
7.878696541077565701e-03
1.932742315193690663e-01
-3.116035381498931112e-01
7.137532277423415394e-02
2.357527156247107292e-01
1.655909484500217854e-01
3.255060717750689059e-01
9.585521039082856368e-03
-2.605328173386040058e-01
7.674330857334588085e-02
-1.173174931796113207e-01
8.310622658580008038e-02
7.550149906396004529e-02
2.723866675178074903e-01
2.236338463306193625e-01
7.366282547794909819e-02
2.470757218563985995e-03
-2.589077857510238556e-01
5.301582795267842374e-02
-4.671913311516463080e-02
-1.462693505402213601e-01
1.047528107708546735e-01
8.307914429937049428e-02
1.139508331474038128e-01
-2.304202385756271565e-01
7.871800943702123021e-02
4.247055086581952299e-01
-1.094967615389363380e-01
3.705364615635693970e-01
7.785808219339758474e-02
-1.395443682714692379e-01
-3.866194433715117867e-02
1.265610059552616795e-01
1.339773576958194767e-01
3.242338229914679126e-02
-1.920988039371933631e-01
-3.417322753433138516e-02
1.659307436185880891e-01
2.505415159394155933e-01
1.969995710895840468e-01
-9.538748176698400028e-02
2.401904511768560707e-02
-5.834290800475031014e-02
-9.400735265392293205e-02
3.502424479483635111e-01
1.764679192768508764e-01
2.371153273312671603e-02
1.383644635787763533e-01
-6.520353025227371146e-02
-3.429887298050444122e-01
-4.418191473824584908e-02
2.431139502788571272e-01
1.051867938300488775e-01
-9.384076970361603098e-02
-2.011075869768109148e-01
1.053803003145288436e-01
1.671752327528778781e-01
1.885979916044351265e-02
-7.265406980398313175e-02
-1.419560684873181766e-01
4.427791840817434793e-02
9.851967806699221675e-02
2.435487270993602904e-01
-1.095337179328947641e-01
4.537911598782120443e-02
5.528240138110711299e-02
5.087158675357588040e-03
1.794051806119716097e-01
7.780857206696666084e-02
-3.102401601224595296e-01
1.684145911839566856e-01
9.206391197636873414e-02
6.935283889546635383e-02
-3.959471580720058670e-01
-5.491931510681753725e-02
8.385687217013991501e-02
-2.209861655241686373e-01
1.263300668200273147e-01
-2.553450096937400216e-01
1.751627060961294946e-01
-1.954632794748617231e-01
-2.669964129208916570e-01
-2.264469994014496612e-01
-3.397179850647836785e-01
2.567535776206179322e-03
1.767576582678366814e-01
-1.855406523289075127e-01
6.443699684801502958e-02
-1.299151314185326977e-01
3.628127576080000111e-02
-2.105501929061547386e-02
-4.157759075711553454e-02
-1.596021724594827440e-01
-3.445679025682255592e-01
4.258396938252688724e-01
5.875936509057683860e-02
1.128553835336958480e-02
3.639464665182644276e-02
5.579801859846993811e-02
2.476453700243760325e-01
-2.198218119833191542e-01
-6.257126042905120089e-02
2.166953616521437587e-01
8.717404094951178295e-02
-5.699176620526300724e-02
-4.757079430950246213e-01
5.392894809204652751e-02
5.422472130204537555e-01
7.507846305108438478e-02
-4.458749486208787166e-02
-6.122334430563068641e-02
-1.804487596860230858e-01
-2.127380800922387405e-01
2.713310810523871242e-01
-1.041906110520914031e-01
-4.125879465818909492e-02
-3.106418275131267448e-02
1.302080957956313345e-01
-1.773847799661076585e-01
7.459662718244408630e-02
1.287815426434988364e-01
1.141777474026835215e-02
4.732395379801791480e-01
-1.592250335980648634e-01
-2.652057508965832699e-01
-8.234688824406094509e-02
-5.585220262480580095e-02
-3.607023458438496366e-01
1.918569680965438451e-01
1.284566770487265662e-02
-4.386534117098984248e-02
-4.638961851655625662e-02
-8.883983927529269520e-02
-1.438597332673090812e-01
9.898396908869602773e-02
9.784526906391466383e-02
-1.578630651774700078e-01
-2.564682478144950650e-01
-2.432537879007505843e-01
1.388510934825654131e-01
-7.609284542847469246e-02
-2.120872991528873763e-01
3.904855055374131800e-02
-3.402461751781417632e-01
2.342976322522512256e-01
-9.488182761505288554e-02
3.909102494980384174e-02
-3.150785653649237350e-01
-2.027349300539643684e-01
-3.212284763879863503e-01
8.575995257192245425e-02
-2.777960359006364510e-01
-3.464016931611981209e-01
2.584542827334281312e-01
1.728379992882967675e-01
-1.888634472318090896e-01
-8.918185697551621327e-02
2.664194171945812872e-01
4.911795591329750077e-01
8.118896660188157366e-02
-2.425192392294498178e-01
-2.053023168046457791e-01
5.474152480781545142e-03
2.422381615299713450e-02
-3.081531298392261031e-01
-4.368021022932362663e-02
-8.922843976687060141e-02
-4.183640594008846553e-02
