-2.819133599909630708e-02
1.569431124282197887e-01
-4.400373836178868986e-02
2.178482452542991610e-02
3.366760345545301292e-02
-1.925589969617991226e-01
1.952132258594536096e-01
4.949981475677116965e-02
1.123274285461485153e-02
-1.429450904680447110e-01
-1.509764102348215434e-03
6.026621845551680123e-02
-7.955417799372382914e-02
2.432023982364158732e-01
-1.023306035356510435e-01
2.377005237087987874e-02
-3.374085578194538360e-01
2.005318926781979594e-01
1.311117985879883263e-01
-1.568532610419041962e-01
-1.051260036384843444e-01
6.857777314949234371e-02
1.505993468188698142e-02
1.563669374454239314e-01
1.146788766418782753e-02
1.084405090592736876e-02
9.882272592200980199e-02
-3.038629573249811144e-02
-1.769288747261262840e-01
-1.524753183067168727e-01
-1.785763256186528314e-01
7.056692267506761707e-02
-1.249014974069673073e-01
-2.940108509452282748e-02
3.615604008061263589e-03
5.166096113387007305e-02
-1.289268566197502297e-01
1.548489576900516085e-01
1.424785758101810296e-01
2.797247765030642930e-02
-1.322020163121620240e-01
-4.708100920590525124e-02
-1.835501854292773682e-01
2.356415778306776565e-01
-4.286208390085893133e-02
-5.727577236910883635e-02
-2.243994829413311076e-01
-3.430168718937660066e-01
9.996904852217139426e-02
7.072411295711024393e-02
2.600137676123374930e-02
1.804023224691342908e-01
-1.728708303505206018e-02
5.474491664999225210e-02
9.493785642770564970e-02
-3.206982455653373688e-03
-4.045240106362003180e-02
8.037153146619062383e-03
1.160096324852339378e-01
-1.598302423171295977e-02
6.016520176905201106e-02
-1.171454286061140437e-01
1.878284576773423531e-01
-7.794155430052600309e-02
-7.143849561526971481e-02
5.908932456607388084e-02
-6.217844032345256483e-02
2.789289651261254999e-02
5.123367333922108045e-03
6.433781337156327385e-02
6.548582942786362882e-02
-2.417030929115580318e-01
8.832844445692689117e-02
2.503875526970828909e-05
-8.401901045900786458e-02
-1.045724897387163982e-01
1.487708887644504374e-01
4.059213129612726512e-02
-7.583388537311823441e-02
2.766937665601713614e-01
-4.624973485933493093e-04
-3.098573341218166174e-02
-4.649510802202626997e-02
-1.526848496567338176e-01
1.503789891636631570e-01
2.472465413915208576e-01
3.153754082894583838e-02
3.784811411094900213e-02
1.175216189581384640e-03
1.204154949032445465e-01
-1.852532863027842869e-01
-1.422456306770998255e-02
-8.831997093529412798e-03
1.205359751451442890e-01
7.308177483796854911e-03
-3.949734948574164933e-02
3.816608212524663646e-02
-2.184690482135240308e-02
-7.156932597864978929e-02
-4.449994228427121140e-02
6.249530346859703128e-02
-1.911086439190418096e-01
-3.646092205312442824e-02
-2.307774408235902658e-02
1.971038543064975168e-01
-2.321899110196313509e-01
8.754118951322206743e-02
5.306459939820419580e-02
-2.062349417164721921e-01
-7.867830647763279783e-02
-2.111232517554402499e-02
1.091933964636028070e-01
-1.088204934148585545e-01
1.348968070454312218e-02
2.099465059133853034e-02
-1.619647726185523273e-02
6.754258335949811509e-02
-1.335325910326790877e-01
-9.105077477502254366e-03
-1.044317326363091158e-01
-6.453687697375705412e-03
1.406625676323631016e-02
1.878759158761111187e-02
-5.293739181846649627e-02
-5.215460447604024219e-02
1.115794155280566829e-01
-1.344781169474276172e-01
1.459168639975437221e-01
-1.918278822275121809e-01
2.440064651290976272e-01
-7.898600236971241306e-02
-8.580885621736474012e-02
5.811890934430171546e-02
1.332208044350753351e-01
-3.395719689191063762e-02
-5.700311536758911196e-02
1.822216780219292759e-02
-1.350722068747663984e-01
2.286146629240440875e-01
-2.050815890611141501e-01
-8.368403299648587146e-03
-9.584264111036004674e-02
-7.432572097136005973e-02
5.736374895551782718e-03
2.904982546491426815e-02
2.025875322004552694e-03
5.547563030838185277e-02
-1.884892403471289390e-01
-2.287478601893462235e-02
1.348181536369103817e-01
-1.847128551688860879e-02
3.025726641766051106e-01
-1.047234744239038534e-01
-6.717103953697969865e-02
-7.147184104969085683e-02
5.487065549168736178e-02
-1.752500726990610935e-01
-1.138639964708718644e-01
6.121679127884790961e-02
3.637179804589573129e-01
-1.205130931648865783e-01
-5.587450717402638045e-02
3.762208273532147151e-02
-5.647562715656160443e-02
-6.344654669902402566e-02
1.439372401350891006e-01
1.926396426492127389e-02
2.869378818425712130e-02
-3.048015982508470861e-02
-1.267475310265778372e-02
1.665321320090941415e-01
7.478866666469158320e-02
3.417228573821508297e-02
6.253971202376217009e-02
6.882067216680332056e-02
6.607456044958895380e-02
1.471848112622018041e-02
1.143055066154232968e-01
5.900100876378530645e-02
-2.004910177541349980e-01
-3.037536630372296431e-02
1.808531930722923342e-01
4.265658374280241472e-02
-1.200498336009186706e-01
9.018668561986896426e-02
1.674552753780303438e-01
8.315457895941526234e-02
2.029130876049137500e-01
2.168342376001558269e-01
2.937617160734708535e-02
-6.800366118616896216e-02
-1.586465048658072807e-01
-2.496982090816898120e-02
-2.952726962521765031e-02
-1.658335735843078640e-01
8.060500801755737799e-02
-1.171485592877225673e-01
-4.823581024000173773e-02
1.564630519948791432e-01
7.815901621608212224e-02
1.248004868140756632e-02
1.025513855174818717e-01
1.014339964431785618e-01
3.412545638827958749e-03
-1.621614106610486383e-01
7.229865623067065206e-02
1.987645408510664846e-01
-9.944666485969386183e-02
-9.458713538682962663e-02
1.902171140088955437e-02
-2.673244966324218042e-01
1.569212423437178483e-01
-4.354192717657763556e-02
-1.909975779548588604e-01
1.823283685760888617e-01
-3.514754927788661665e-02
-2.426783879637840202e-01
1.089202460475830782e-02
-2.453919118589432680e-01
-2.187173700173916102e-01
5.840535907227660528e-02
1.083015373832116046e-01
-6.074702722154191187e-02
1.746902732559240112e-01
1.151264189169156071e-01
5.232486138472643156e-02
6.376837875347958484e-02
-9.590269184663453850e-02
1.307663421668898290e-02
-3.041116580455652807e-01
2.352756232303552814e-03
-4.831728537177844979e-02
-1.885621368128080066e-01
-8.705519281424317635e-02
1.378842499011961598e-01
1.848832761170044470e-01
-1.011075742487534818e-01
2.045029945223679479e-01
-7.680897988739093796e-02
-1.321727040169621559e-01
-1.414090286900190618e-01
-6.235871507097620614e-02
1.388655388590369355e-01
1.020889949513022615e-01
-9.855566688357682986e-03
-1.196038205216678751e-01
8.969988482181616429e-02
1.350800594410432598e-01
8.753913952061460890e-02
-6.273963050537910424e-02
2.542917388587702110e-01
1.825174002210892543e-01
1.399169389841574684e-01
1.959627791528717744e-01
2.433467761751954839e-01
1.000000000000000000e+00
9.988529977867346421e-01
6.494801589959259269e-01
1.839251050107954255e-01
3.646669378254119853e-01
2.317957579859251938e-01
2.008233893147462756e-01
1.114835237494276043e-01
5.211215481367231089e-02
5.813153222921561836e-02
2.811856050973972065e-01
1.371798850081912269e-01
4.748812253678298956e-01
-1.115595973834230675e-01
-1.640467169220213850e-02
2.656696762478072057e-02
1.046992739360009805e-01
-3.905473447202786191e-02
1.267745845455233063e-02
1.691513238897850435e-01
1.832353461493274049e-01
-1.431626323301239956e-01
-1.334810967296018169e-01
-1.521886903473536612e-01
2.400259011344182264e-02
2.275465399288039425e-01
-6.716044433810826331e-02
2.832202550204257485e-01
-9.423571055269779062e-02
-8.397671874242540468e-02
9.547694252734333087e-02
2.469165743390419887e-01
-2.179326998341604149e-01
2.941061251180452918e-01
-1.122423930356882538e-01
-2.189404935559104703e-01
4.487112957033013300e-02
9.011804506422813055e-02
7.405095633726549442e-02
1.795507385725517713e-01
4.516435312284165782e-02
-1.263272954462784370e-01
7.849495486762003704e-02
-9.276472411296424192e-02
-6.784229299333205399e-02
2.789897652129292305e-01
-6.391753823783867527e-02
-4.704000986955501895e-02
-1.598765898478485964e-02
-1.570962269788733212e-01
-1.163357020377212142e-01
1.006624839127274601e-01
-1.873173822866552596e-01
-1.502022959937447839e-02
-1.816306457629217608e-01
1.421179706224456052e-01
7.835231159102546902e-03
-5.650127407595128409e-02
2.784904640686534649e-01
5.070917385590451715e-02
1.492597394814369760e-01
-1.775577584666338526e-01
-2.593551229801196664e-02
-1.120771588554233672e-01
1.622569996486455113e-01
4.703031510737097631e-02
-2.136462369690393104e-01
2.557167424925360644e-02
-1.212781248947320326e-02
-1.145961696612778219e-01
1.867580139721287599e-02
-6.848256293123704264e-02
-9.853692429459338931e-02
1.995315489869862319e-02
9.578057189404172445e-02
-1.789079304345547461e-01
-7.986381249298864227e-02
2.618994634276070044e-01
8.244681600086410656e-02
-1.830397911115259901e-02
9.553683726510239782e-02
3.206983785227476846e-01
-3.980406499461990738e-02
-1.561363067238190350e-01
-1.166442112348734100e-01
2.079730572267131650e-01
-2.548902014359231971e-02
-4.585001402004772880e-02
6.449645195868901337e-02
3.497233100776298009e-01
-8.705270835957844289e-02
8.245347503292241309e-03
-4.902348856615969253e-02
-1.560325270454831215e-01
1.615604413227027247e-02
6.894443901516247863e-02
3.813000708511431192e-02
-4.478038220290457283e-01
5.299188116391342213e-02
-1.156717126343338453e-01
7.983720547600961503e-02
-1.780421004500427895e-02
1.186619435488084351e-02
2.761348791944744085e-02
2.942432947702401935e-01
-1.007831332536905794e-01
1.385236173814883842e-01
6.347209136533475682e-02
-1.841549374751273449e-01
3.648072904448015213e-02
-8.256813720868155099e-03
-6.435099527816919018e-02
3.320753019214481294e-02
5.921084088388151728e-02
8.534247517779615377e-02
3.653312580516102775e-02
1.025635293272361276e-01
-2.181361515331152121e-02
1.819474976811145950e-01
-2.835710502089191370e-02
5.224789839365694133e-02
8.446009722110617290e-02
-1.184362852172352182e-01
-1.287584249855661389e-01
1.107358755296964092e-01
-7.476772329161907038e-02
-1.360442041672642599e-01
-1.862157579321522816e-01
-7.505493063196000403e-02
4.292185415265700049e-02
1.646548917318598620e-02
2.358524683332375582e-01
4.231877333005453629e-02
5.106255953010360032e-02
-3.630309677108044947e-02
-4.409824868131907022e-02
8.137367607615443588e-03
1.333397582989651331e-01
-2.773224070969025901e-01
-4.198381708264337098e-02
-2.269623051482613004e-03
9.349730751162003972e-02
3.658876463287267372e-02
-1.787669428150811396e-02
-2.875161264380591761e-02
2.226965249658008905e-01
-1.612743311789668899e-01
-2.682770560830689474e-02
-9.691903084832230453e-02
-1.013777691021642419e-01
1.024919252417800936e-01
-1.038642589319480197e-01
3.108579000105710088e-02
-1.578183842777210466e-01
-6.705113867604849121e-02
7.263207696773774091e-02
-2.327010886633973930e-01
-1.023434305129585289e-02
1.729851223898096757e-01
-3.067200764960056336e-01
8.039078622176197564e-02
-4.130143365956259749e-02
9.816461896515964181e-02
7.463501921976817277e-02
7.617787712888625384e-02
-8.383374456929108820e-02
2.134999518619551950e-01
8.596956893666236551e-05
-1.018641576710418162e-01
-7.402976788681107922e-02
-1.704718512798540087e-01
-6.594701104107317940e-03
-2.227188350140336601e-02
1.799394750606770899e-01
2.874085310369376423e-01
2.570539014318656487e-02
1.875145561147522344e-01
-9.424655090260647405e-02
-1.364126861014286485e-01
2.002663067169089747e-02
-4.301676749535476851e-02
1.656157066983235115e-01
-3.430455527433496493e-02
7.458099584894216372e-02
-6.294447496399359875e-03
-4.391990138771192931e-02
3.904428209747778239e-02
-5.917952515645581724e-02
-4.035246513983004046e-02
1.031705875226888169e-01
-7.150940900800867306e-02
-8.592803299942809725e-02
-1.129075634338855966e-01
-5.681730355673744737e-02
2.541581788896881688e-01
7.484372611142549314e-02
-1.421481463374480066e-02
-1.182058807372484777e-03
-5.542048365636859791e-02
1.009102516072143407e-01
-1.329713452317197453e-01
1.453013607543068575e-01
1.362871346234651171e-01
-1.260230756190073298e-01
-5.420330342985749811e-02
1.900828629050724250e-02
-1.927226826048365205e-01
4.870634298927793704e-02
-3.181333122659617541e-01
-2.101164132189038691e-01
-7.310331560486887925e-02
1.014888553519684017e-01
-1.007116183207655558e-01
1.279006947521456761e-03
-9.528152900136954706e-02
-1.856078231400553127e-02
-4.945418261461908410e-02
3.753245224624489340e-02
9.830158807940125865e-02
1.197049911857135107e-01
-5.216669266675250105e-02
-1.271935410670952393e-01
1.931550310742720725e-02
-1.910828745346257185e-01
1.538292651622646667e-01
-6.480156511122957264e-02
5.462626348252636738e-02
-1.110464032805569684e-01
1.775563526800539860e-01
3.904880539146288881e-02
1.489510742857601544e-01
-9.071531578792381076e-03
2.073213194641263316e-02
6.665027859011639355e-02
-7.519861787803172604e-02
-2.205912199752831093e-01
-1.088233233263786320e-01
-1.643943394286656035e-01
1.426968862905567959e-01
-4.821604591447833932e-02
4.360121472510200893e-03
9.760499970069008713e-02
-2.489370831011057574e-03
-3.974466048529838591e-02
-3.037406284388657896e-02
3.749235529383370541e-02
-3.900034348512898541e-02
4.951136803227897815e-02
6.550050223170206243e-02
-6.367890628385301788e-02
1.011063801533955836e-01
-8.108548262733410172e-02
-1.791859018022500805e-01
1.721634600011427360e-02
4.659061901037001019e-02
1.572381519018872797e-01
-4.622088017673247479e-02
