-1.131919783429972542e-01
-1.053656483694790924e-01
-6.359301042656032021e-02
1.384211362627810749e-01
-7.582548448699769073e-02
-7.209698105753288566e-02
1.328935063486916257e-02
2.452586883336565354e-02
-9.746209219135777702e-02
3.292876731674020119e-02
-8.263246958109305568e-03
-1.113613788643945390e-01
8.627801906188901915e-02
-7.631895847726282052e-03
7.193284627448998103e-02
-1.296309483244367615e-02
-5.749062167770428028e-02
-1.224867728329096656e-02
-3.325648442730394505e-02
-3.071018883841453162e-03
3.604441035092685597e-02
1.473167761745465543e-02
-1.305053038607311700e-01
-2.118853636699357182e-02
6.756753423749355114e-02
-6.957825342219792382e-03
1.959031352698490866e-02
-1.699137736781026198e-01
-4.247882549639506178e-02
-8.186617811934304711e-02
-2.267855523558036726e-02
3.270994372236892683e-02
-9.670513344561129654e-02
-3.685787561322254047e-02
7.528723229702968811e-02
4.104316538200104142e-02
-1.071217240521146752e-01
-1.540351915001786191e-02
7.667872956806018325e-02
7.531373105931327139e-02
-5.094941118905273875e-02
1.434104809077408060e-01
2.018108979330016373e-01
1.604819782914561344e-01
-1.160090100156822325e-02
8.336880635955225272e-02
1.056417640051085932e-01
1.148247017031654160e-01
-1.412676410940672499e-02
9.948696500721473934e-02
-5.103954200240079508e-02
4.159343966806788861e-02
-4.507293674909330222e-02
-1.113279675861269108e-01
-7.141910952164326476e-02
3.251167638685029809e-02
2.726354384090838232e-02
-1.158482929678830570e-01
1.452389762657455875e-02
-1.976684157255498633e-02
-5.662144491162738463e-02
-1.714467660696600004e-01
-1.342417889974219236e-01
1.149180603744573426e-02
7.032160807643483835e-02
7.049368345741094388e-02
-5.033574487668422866e-03
-1.542905953697452370e-01
-1.490816522001081959e-03
-2.431261977473576572e-02
1.213400766343570025e-01
4.768904451013387252e-02
-1.149909252793564068e-01
-1.672380479149119248e-01
-3.250044301421084469e-02
1.368275473764658801e-01
-8.988057322825357409e-02
7.021366694644230397e-03
1.361551860176246076e-01
-6.452224600121873876e-02
-1.114549512204791315e-01
-7.605463580014257263e-02
-5.902453140192084891e-02
1.199607124422371988e-02
-8.277572517846069899e-02
-2.570080102165969715e-02
4.719291595973438419e-02
-4.541017499506147526e-02
-1.062512208763905092e-01
1.301852910801691021e-01
3.069025950647345444e-02
1.001768997485017187e-01
6.378590776483161751e-02
5.338826653975690256e-02
3.173638187515148007e-02
-1.409485743932763387e-02
1.416148702797006068e-02
-5.923751476211399497e-02
-9.968588397695000991e-02
-9.712729913561446438e-02
7.750888570013811374e-02
9.183199762050756054e-02
4.199316484456436932e-02
5.021776497574935438e-02
-1.141299610989522650e-01
-4.701180123372506771e-03
2.375281818930298928e-03
7.517876571772930117e-02
-7.807029119777794679e-02
5.238902099367381826e-02
1.432889051811956915e-01
-6.259093077209479383e-02
-9.584554526418433140e-02
-5.658191280602882858e-03
-9.574607986865740772e-03
-7.356447730220226633e-02
7.828318694988349591e-02
-3.946210992085325692e-03
6.816963458762706485e-02
1.394142641974559504e-01
4.588706201746804020e-02
-5.882548176093098683e-04
7.290970411234797000e-03
2.737344218965548359e-02
4.363500964301569862e-02
5.430212597548119552e-02
1.292653404983480636e-02
-1.091578830286971530e-01
-1.162853528811020332e-01
1.727611046025051902e-02
7.866977663918246766e-02
2.781348806983962793e-02
7.904504225720196398e-02
-1.009316760200824059e-01
9.238586839845769338e-02
-6.619005187576577909e-02
9.941660172926573835e-02
6.262422810232787240e-02
-1.336380058405701732e-01
4.283395550315119427e-02
2.469804957414701782e-02
-1.226516306310062865e-01
-1.587694687796445056e-02
-4.416874182732478948e-02
1.261829273279650443e-01
-1.064370855523833620e-02
8.117717537188044730e-02
8.644586417667500522e-02
5.096342599016911307e-02
-4.669894056116446340e-02
-1.786385977102138839e-02
-9.210607416052260521e-02
5.463875369653126146e-02
2.552241506138832813e-02
6.354571284819554577e-02
-6.873815404918676153e-02
-2.474391538307087537e-02
-5.303259884681869180e-02
-9.489669401272118887e-02
-3.237667004415414190e-02
8.734490531847775852e-02
-5.620253947525542804e-02
-1.523577630448469389e-02
-3.666674549101251596e-02
-6.503559205440615811e-04
-9.015440721104006627e-02
1.858664246342974502e-01
-1.604254222937517849e-01
-1.594412491694141842e-01
-3.570434027836517747e-03
-2.099698880774445719e-01
-5.203304649299454049e-02
-2.918135252458703421e-02
-5.526710417877810089e-02
-7.872011744509863421e-03
-1.829765634004511254e-02
-2.030050939817101135e-02
-5.470948505035617276e-02
8.009034956247364223e-02
-3.138079011151332504e-02
-2.186181196793000880e-02
7.638117825147282269e-02
2.021452586623680991e-01
-8.476481355573974030e-03
-4.512883813020913265e-02
3.918453161231015211e-03
5.476729461896596290e-02
-2.288510799550778907e-02
-1.361858012062500956e-01
-1.351493795161244627e-04
-3.769294846570877405e-02
-1.862529965718787706e-01
-9.547673807652895528e-03
4.087799793629932205e-03
-1.208716299855117637e-01
2.543758988660034873e-02
-5.910675334677318454e-02
4.868849768527502148e-02
-9.261978067404846166e-03
6.487944464228666275e-02
-1.160303938405781929e-02
1.839884850860779367e-02
1.057080783059669848e-01
-2.402656912755078526e-03
-4.977719308817066951e-02
5.280320806700927738e-02
7.112146750641588910e-02
6.212710628997494822e-02
-4.564136551200716901e-02
6.936630915643368644e-02
7.779004436644917919e-02
6.492499505524014503e-02
-3.016460980639369942e-03
9.415928967565038998e-02
1.508266092179643969e-01
-1.504389294951418432e-01
7.662820826470521235e-03
-2.000963524332887156e-01
5.229896920017825662e-02
6.677765540088403950e-02
-8.130633540745678400e-02
-9.187821982650819230e-02
-3.325688732316978147e-02
1.651261556631214711e-01
-6.231627554478549186e-02
1.028889964169782678e-01
1.694881780159641083e-01
-1.719995351352990032e-01
-3.724637280657010913e-02
6.732537913691497011e-02
1.900308691963978336e-01
3.261553305348345588e-02
-7.165562892653777605e-02
-7.868664272513412050e-02
7.001842106415759326e-02
1.217695933478433051e-01
-1.948293464352124083e-01
-5.613082035715396406e-02
-2.967602605615686506e-02
1.246950530229842952e-01
4.656348162507462779e-02
1.173445541598135654e-02
-1.365331130431505502e-01
8.674640924180295615e-03
-9.232323819756438343e-02
1.501151296468827140e-02
2.107466816996550474e-01
8.492848189305098050e-02
1.875123819618553997e-02
1.294246134144560190e-01
-2.789737816025657582e-02
-3.037317703060493992e-02
8.330278179815685247e-02
-3.357923134592216002e-02
2.387389326274104995e-01
8.249157612368787085e-01
1.000000000000000000e+00
6.376777792260944766e-01
3.724650242381312704e-01
9.911262290297087607e-02
1.949687287065253807e-02
5.742682608925795545e-02
1.519951518071106789e-01
1.037774030322721336e-01
-6.500107854640260752e-02
-1.297065895512920786e-01
-7.548800918146625349e-02
-6.631440594022960933e-02
6.420625275221410883e-03
4.112707940525789363e-02
1.551116207768257413e-02
5.029229186228049986e-02
1.841606549397092896e-02
1.100471487990735964e-01
1.694961364738013232e-01
2.241093254521979092e-02
1.391440902585513485e-02
1.237383486734949939e-01
2.544123905838915206e-02
3.408277826087552365e-02
7.533890959307185109e-02
-6.452764772790357817e-02
7.046509899254328746e-02
-1.269048238263494888e-01
1.375412815619644624e-01
-1.029071594820604035e-01
8.403806241390326948e-02
5.039140073536617359e-02
4.032166503000949383e-04
-5.784285023501302414e-02
-9.127793089229270518e-02
-2.604469147465992077e-02
1.626616312747110882e-01
1.643208588797943556e-02
-1.099160457710413388e-02
-1.884716206148307621e-02
6.036781387720753901e-04
1.954831883318889907e-01
1.885131708183011151e-02
9.197320916763097876e-03
-4.394279808791719255e-02
1.481737128864321629e-01
1.379938756538283129e-01
-6.861404793143623115e-02
3.608216343631212575e-02
7.885047677337765626e-02
6.959786225157839346e-02
2.061157653187834296e-02
-4.744500447145006544e-02
-6.969429437254702486e-02
-1.489386619426908559e-02
-6.636311742813710834e-02
3.399257151823320555e-02
5.388219473073666476e-04
-6.564775620637246234e-02
7.143590884179479295e-02
-1.396409293342859743e-02
1.133868451368973407e-01
2.011970241169395157e-01
2.354709817476410005e-01
2.266186734816999851e-02
-2.845889749774462019e-02
-1.135197473418348008e-01
7.077760030280440262e-02
-2.431156765176614720e-02
1.134255093738195247e-01
3.182152003880277941e-02
-3.419703789211959305e-02
5.255834746724222933e-02
7.939585449786672189e-02
4.692222289306561406e-02
6.473953314978921070e-02
-4.233196587628610535e-02
-3.211290347118926636e-02
3.170149850977611178e-02
1.906358764785812815e-02
-2.254225421268024609e-02
-4.879291460403362146e-02
3.288452624515591366e-02
-1.208561453962141707e-01
-9.513877318401130212e-02
-1.068774647055852484e-01
-6.924621410522560638e-02
6.514290440751627220e-02
1.524894720321561814e-01
7.654527501577541859e-02
-6.758712907202241160e-02
4.656488705456858501e-02
1.644289055099845964e-01
-1.384328253193666536e-01
-5.194502772218332481e-02
1.532801721133001116e-01
4.153211022031445127e-02
1.457203111063316847e-02
-5.425308683755674516e-02
-2.102993693135113695e-01
-4.332366204152006406e-02
-4.112600953056482628e-02
2.061913675927182776e-01
5.128700033443239076e-02
5.297436920588444176e-02
2.958627557272548378e-02
5.425196564986049103e-02
2.118838816448513074e-01
4.750116992049931326e-03
2.005164005830839813e-01
2.047745259365928508e-02
4.217600453046958949e-04
1.408834850265479159e-02
9.605515751326411389e-02
6.067850983738693610e-02
7.892209362223209790e-02
-5.136857856492057714e-03
1.013017854510290805e-01
-1.381601535404165630e-02
-8.031996503961340295e-02
1.668465390830638218e-02
-1.124815044111357049e-01
5.206413260200198900e-02
7.245152996988189764e-02
1.645337786879599307e-01
1.174454991883632088e-01
1.843585936931694050e-02
-9.293260127964804440e-02
-7.211581889803404810e-02
-4.978063154034897270e-02
3.207727547403071283e-02
1.415651746761382723e-01
2.032388745596756530e-01
-1.426236013473931169e-02
7.401143020070516387e-02
-1.021786100931985214e-01
1.209469664377839787e-01
1.021732059594008257e-01
3.190747017529640961e-02
1.344290733025534524e-03
-5.388020447325045370e-03
-8.870954983724917142e-02
-2.594994147696416328e-02
-1.125345128378750850e-02
7.824937586631404429e-02
1.007689351928230028e-03
-8.789273373086277374e-02
-1.078799735958693856e-01
-4.816962113017660835e-02
-1.649427322780259719e-01
-5.552826915234542089e-03
4.496308558258063637e-02
-9.560666748551503724e-02
3.581098227280277851e-02
1.085864628011470323e-01
1.636202523999294722e-01
-1.406018949959633377e-02
1.633016567276489028e-01
-4.413703351461169266e-02
5.963817811354553411e-02
-1.589614110000439617e-01
-2.379442108562040623e-02
-1.000959617521469426e-02
-9.961321500512594629e-02
-4.560932714217006551e-02
-1.547935248952070630e-01
1.310751588954206792e-01
2.967278664480152081e-02
1.524934016717332808e-01
4.539389927519742185e-02
-2.870521783742026149e-03
2.179205680778045773e-02
1.075967251893348957e-02
-3.514624245010707082e-02
-8.642258157635802907e-02
6.220780655837225559e-02
1.427059943626123317e-01
1.971302348691036932e-02
-6.126555724114849527e-02
-1.310863505834909681e-01
2.189389442944332520e-02
3.008120469217996900e-03
8.685115530068356071e-02
-9.498164324611318640e-03
-1.201789866544896862e-01
6.877314345781275484e-02
-2.254801542701168060e-02
6.765178449899666990e-02
-8.538880288085988479e-02
-8.597281850231257294e-02
-1.363406038313993152e-01
2.367256703479305498e-03
5.289250365811466736e-02
3.270301722867082622e-02
1.167980823942812579e-01
-7.633710851385638874e-02
-2.430402291928501768e-01
3.317351476010440420e-02
4.281203088645797218e-03
1.848296707035289657e-02
3.743908105913849177e-02
1.801502008894943774e-02
-5.561734312162753407e-02
3.976930331079433362e-02
1.229894056160985884e-02
5.867346571687171580e-02
-6.028933802405236214e-03
2.165178582764221149e-02
-1.860367127958254332e-02
4.199656606963408922e-02
3.890469304915382398e-02
-1.221541927392376103e-01
4.226698484963101188e-02
1.207209266102516193e-01
3.813993079472267206e-02
5.264973185149571938e-02
-1.414064587962330644e-01
4.519027671177721500e-02
9.122879231206689615e-03
1.896491063204930327e-01
-7.500358125825931643e-02
-5.022276621368121363e-02
3.277060980984932217e-03
1.193457522413196165e-01
-4.530689942283543797e-02
-3.103668275778614233e-02
9.750906578552866188e-02
-1.130379985778519752e-01
1.425382126594614690e-02
-1.776864492587958491e-02
-8.865667783132934188e-02
5.684355578303380840e-02
-4.818922298471089646e-03
-5.897664131399136742e-03
-9.219377376135984292e-02
7.886109114105023521e-02
-4.890178716975807083e-02
-4.232316292452575207e-02
-8.555320027178128783e-02
-5.200733027305388945e-02
1.015454280915181334e-01
-2.042386401956493638e-02
-7.897796797994979801e-02
-1.335307014500840550e-01
8.315721136058078222e-02
-8.804913559229360018e-03
1.252917253064801950e-01
-1.634811986956180574e-01
2.118641573622162891e-02
-1.258365584802253467e-01
-7.753291224878711141e-02
3.192698358285991911e-02
6.948920804663582217e-03
6.994811355666655239e-02
-5.301996543417581559e-02
1.235671208769944518e-01
