-5.812841139995267303e-02
3.011183472836057584e-01
-3.343623484943852864e-02
-1.017505761403112233e-02
3.001061741888998435e-01
1.328096257762971348e-02
-8.500307512097616397e-03
-2.749031859450762338e-01
1.045684642761101069e-01
-1.274881531033399962e-01
-4.699747385389237420e-01
-1.193848417828305246e-02
1.817577510318194312e-01
2.751889332499416613e-02
-3.217751365033534316e-01
1.180020583069610746e-01
1.150973996024315382e-02
-2.757876147047495508e-01
3.983312581482592596e-02
8.119682758607098608e-03
1.625937068331005653e-01
-1.708878229051196962e-01
7.677007113587912268e-02
-2.250435363262934529e-01
2.710388637452291194e-01
2.425188246160066841e-01
-3.777364401557456453e-02
-2.121343802301406123e-01
-5.543699159357170364e-02
7.306916452617949476e-02
-3.700869043822182514e-01
1.590111717732509700e-01
3.362424910371570874e-01
2.460949067683992630e-01
2.367859210404851811e-02
1.708644443128969626e-01
-5.647932694848587648e-02
1.187604070706267945e-01
-2.209362421384144237e-01
-9.239574834202883558e-02
-5.021399336745573441e-04
1.220206760325217021e-01
1.839117394815952544e-01
2.187790514194196956e-01
1.330781962748127656e-01
-2.090907656519030711e-01
2.246601669090635411e-01
3.144162549469282641e-01
2.040094414638921883e-01
-1.976321142751617105e-02
3.100244479202154263e-02
7.975076250927402854e-02
-1.646674184585492362e-01
1.590484293275949423e-01
-1.941944333137052003e-01
-2.460324710093039074e-02
-6.428303113633902777e-02
-2.488314588277775949e-02
1.000948139627919342e-01
-1.321764138956229850e-01
-1.603182136426093904e-02
3.173930044902513181e-01
2.457019214124673279e-01
1.786883825904472464e-02
7.418861367419177233e-02
5.459155206106182726e-03
-9.869820112947458313e-02
2.039343132031664896e-01
5.201324866917716311e-02
-5.472848203148592550e-01
-1.225818655470490848e-01
8.940776689001397881e-02
-2.931337183395623103e-01
1.545497265158158884e-01
2.156767766597747216e-01
4.052353218354196596e-01
-3.130513811058671103e-01
2.632867536793365715e-01
-1.319167498091635971e-01
3.054997297325219852e-01
-1.962879220290624227e-01
-2.481747501079735740e-01
1.815844275442635158e-01
2.482175060482803494e-02
-1.333487710766325940e-01
1.828381025636674831e-02
-4.250611158735200235e-01
-2.597278015634071346e-01
1.468620287797888779e-01
-2.425469917766773786e-01
7.677643592756591695e-03
-5.774681349925490231e-02
4.717794319184276386e-02
1.903205339769941384e-01
-3.433153128629843343e-01
-2.135987536418715860e-01
1.690577160871685469e-01
-3.089317363914569070e-02
5.148889834147213351e-02
-1.627035427689470237e-01
-3.549112864142108248e-01
-3.813164930820938520e-02
-2.918928322933423206e-02
1.831429370992234892e-02
-1.141802302681721865e-01
1.546039193221387109e-01
-2.795556783080541119e-01
1.517143571160952387e-01
-1.515242639264197111e-01
7.422242529700429255e-03
2.583078781743460284e-01
-1.817492154177998698e-01
8.506910218519336819e-02
-2.022139747933758905e-02
2.660577983561848159e-01
1.315459358758210295e-01
-1.993946057914558478e-01
4.565362482533086297e-02
1.234086948794833327e-01
-2.316025581084868723e-01
-1.367129874137837930e-01
1.034936307975727332e-01
9.541309368494302334e-02
-2.892659119151227975e-01
-6.140368845382222079e-02
-9.890303002293238110e-02
5.825791724820052198e-02
4.029970075537216978e-01
-2.998034032254641712e-01
2.122202632235646036e-01
3.400482502297870191e-01
5.433042868997531305e-02
1.048385523347392656e-01
1.674249537356588269e-01
-4.878177749049247280e-01
-1.939241992757308186e-01
5.369248959449628433e-01
6.169119149803493629e-01
-2.415793762939798944e-02
-8.290371661602453923e-02
-3.253294367778207519e-02
-1.938453627712875549e-01
1.043661756946783759e-01
2.532002363819765844e-01
-2.237080171237881485e-02
-1.464611793342113222e-01
3.342894481200491263e-01
5.154867690352409326e-01
-3.939551522223793539e-02
-2.331398698968898120e-01
-1.521913959157409346e-01
-6.508028125886621273e-01
3.310159773389410691e-03
-4.146018482304857783e-02
-3.872775248921662139e-01
-1.151025297342272713e-01
1.011878967012906222e-01
4.506036555803478311e-02
-4.876998705277512669e-01
3.585667402802342751e-01
-2.261635693916866363e-01
2.552041723470806558e-02
1.211053258812571087e-01
-1.829107110034577585e-02
1.481324644429084236e-01
-5.152482935600367631e-01
8.709204685654346745e-02
-3.951746357384016139e-01
-3.525641777195267501e-01
3.942347682978477597e-01
2.404680536447450778e-01
2.111496635337735406e-01
-9.873329793747598337e-02
9.767561372674173070e-02
1.991751871735450152e-01
1.692301344639962346e-01
-3.679682463267821557e-01
-6.403694470403726094e-03
-1.048094899697275262e-01
-2.028989761862017363e-02
2.790805374337557154e-01
6.556968140700680965e-03
3.370373382238157633e-01
3.915973077114353607e-01
3.834586065097660840e-02
-9.906753550499142191e-02
1.918023972024177418e-02
-2.624428138809213329e-01
-2.354731675690179271e-01
-3.495455280327730008e-01
-3.544326612183903435e-01
-9.831052988700333950e-02
1.690694537524670138e-02
-6.338572569946294977e-02
2.809670657439375385e-01
7.037149626096864119e-02
2.395935524499239744e-01
-2.929949952526902379e-01
-5.762998944679584984e-02
-8.993269178589068796e-03
-7.506155770749499412e-02
1.676431264790119446e-01
1.464541813112115176e-01
-2.385076744843096352e-03
-2.835531561306007808e-01
6.877712729797600399e-01
8.456729327856409018e-02
-4.510773076445250274e-01
2.812139699948281724e-01
3.447446575031929417e-01
-1.570053281216630264e-02
-1.874172679258698793e-01
-5.110787479097409630e-02
7.544103376061801758e-02
-1.708571350029370051e-01
-8.213117726410334996e-02
3.042423459606073410e-01
-2.901883573605230637e-01
2.195947756881130863e-01
7.772606598883555207e-02
6.361068220773130610e-02
2.978547203848274511e-02
7.066187738732192247e-02
3.530864060785988273e-02
4.158533432238862848e-01
-1.793413734023428796e-01
-2.102478810576540180e-01
-1.374546052771840055e-01
-5.418833812321515592e-02
2.483239943412056117e-01
-1.521846801873047161e-01
-3.989449185815070742e-02
3.952595551276870400e-02
-1.052614567004302587e-01
2.895505505571768223e-01
2.477589994087704417e-01
-1.797991798884807924e-01
8.533659155942831254e-02
4.544382634370509599e-01
6.162605503112995597e-01
3.338133924708955869e-01
-2.096945364014482505e-01
1.874180951906616321e-01
2.391664921173106487e-02
1.220940524441750386e-01
4.315769332653568990e-01
-3.035524000650882681e-01
-2.966617101651167210e-01
-8.650914342799244372e-02
-9.014295141645527198e-02
-7.413560837007449056e-02
3.121836927895279418e-02
-3.322746402897915757e-02
2.852089659746306349e-01
1.283947825202436110e-01
8.338425814506621458e-01
1.000000000000000000e+00
6.226263351038964222e-01
9.206896603975403548e-03
1.796822779900692502e-01
7.124988091350943631e-02
1.037307243252451605e-01
-2.169023826616916367e-02
1.649753576530460786e-01
3.218272658344536463e-01
-1.090874213537912224e-01
-1.674812391549154733e-01
1.862629068479851879e-01
2.439250050918720034e-02
2.222693478495082475e-01
-3.744963174827433683e-01
-3.021322626601869454e-01
1.092648424118208006e-01
-4.863419263340207910e-01
-2.717252864446187410e-02
-6.013929689783520383e-02
5.607262200629876681e-01
2.089169554211724456e-01
3.085107878147682059e-01
3.752382955110119406e-02
-2.258687208174155192e-02
1.236718628579789037e-01
-1.503368109495126503e-01
2.845687260125730200e-02
-6.890162376071821970e-02
-1.713420962645804679e-01
1.073913951305391079e-01
4.423099099186464933e-01
2.114465268022247268e-01
-4.797649181128613161e-01
-4.423701078605008635e-02
-1.879857082810593716e-01
-1.314684912252646887e-01
-9.470402265340729930e-02
-2.575272995188090386e-01
-1.610581956989249885e-01
-3.854317579314348041e-01
-1.272407815828430211e-01
-7.804607406932774494e-02
-8.119915458490939431e-02
-5.715695288655657791e-01
-3.778435984950504617e-02
6.152618671185714622e-02
2.253314744117406176e-01
-3.656458396297694591e-02
5.392976412252676460e-02
9.462589666903549468e-02
1.971565640676332595e-02
-6.098048236838418679e-02
2.688131341820434450e-01
6.050960461441874660e-02
1.815301472278773032e-01
-1.686995842887728525e-01
4.868555704919221849e-01
-9.895637599396538142e-02
2.410784526126631133e-01
1.293633036951517649e-02
1.122897990266863155e-01
9.619999883910580751e-02
-1.013815911994369046e-01
1.744160288434440653e-01
-1.109154938342469671e-01
3.803874872127152584e-02
1.409633357484171290e-01
8.057793270249942463e-02
1.111873727376620075e-01
-5.885913224977152858e-01
-1.986466809030301706e-01
6.403394666552149339e-02
-1.003431100675855198e-01
2.220421527489768454e-01
9.280112363197286218e-02
-1.957323873918571655e-01
3.142825249740610061e-01
2.195422764554561812e-01
1.045427987225571315e-01
1.130645282626612513e-01
1.135083193745298619e-01
-1.620369654623497468e-01
-9.887540797780450252e-02
2.602339999992004937e-01
3.223225050889216847e-01
-2.652063252286844253e-01
2.474700200671555925e-02
5.436982947167284808e-01
3.046196224655337570e-01
6.768705500400311326e-02
-2.823709881294592106e-01
7.033444315525176627e-02
4.574204731701256299e-01
1.992071306144282405e-01
2.685494698931600865e-01
-2.927024533799943984e-01
2.764830209598151747e-02
4.477161963297931341e-02
3.341240375272778174e-01
2.051662942425233616e-01
2.194996755529945998e-01
-7.584986428275786174e-02
1.749842648469201734e-01
2.258615185155196103e-01
8.527092652739178468e-04
9.147582363815651152e-02
-2.137028761342003313e-01
-7.517887513749020546e-04
-6.630501213076528400e-02
1.837994413704484020e-01
1.341016401769783151e-01
8.433008302797178057e-01
2.345684846403722768e-01
-4.514882790758326797e-02
-2.042808045347902779e-01
-2.953555060726760773e-01
2.604229448276825787e-01
-1.725348341203072899e-01
2.049538152752601594e-01
1.005131731074458551e-01
1.543039614225758666e-02
4.819308877932544921e-01
-2.802054658815136129e-02
-1.974280729481935615e-01
5.081570766887785195e-01
-3.781352936053216651e-01
1.943140993010236128e-01
-1.699597419590678504e-01
-2.589484296414157338e-01
-1.857012304688731436e-02
-7.247428962806770625e-02
-1.243954553836292137e-01
3.166436490429984096e-01
-4.998573934917449058e-01
-3.380694442941306610e-01
-2.079494173725800477e-01
1.259303826973376395e-01
5.449676208204926597e-01
-2.000595477998096117e-01
-1.351639376452286601e-01
1.784051266954432280e-01
-3.117748132681177897e-02
-1.909361205525960392e-01
5.539977293799554225e-02
-6.067275718971157361e-02
4.558258447095193261e-02
4.338618487488701270e-01
2.437916254740958577e-01
-2.101293050591768741e-01
-2.398683317089194411e-01
6.273270930076986218e-01
1.897251432949101924e-01
9.080612256270438956e-03
-1.795903506956532669e-01
-1.593508890040864212e-01
3.457712552329807870e-02
-2.858646715130201965e-01
1.570200830327047881e-01
1.230403533186175402e-01
3.092853126990457446e-01
-4.837852580892949839e-02
-3.488873015589960547e-01
-2.719048292291169067e-01
-4.588825588691371193e-02
-4.298932089570365461e-02
-1.773123261545783980e-01
2.270798928840179198e-01
2.858033056635708724e-01
-1.102586397408045621e-01
-4.415262648486208835e-02
-1.158780472392804545e-01
-1.716450327778754059e-01
7.161763865394005224e-02
3.583174710282174824e-01
2.180798009690725348e-01
2.252413385195763812e-02
2.045369745872157585e-01
9.866273441991650628e-02
-2.501763211930416730e-01
-6.875580537972643402e-02
2.754510509379780037e-01
6.824958554965794288e-01
-6.012767575933301856e-02
1.316714028167205452e-01
-2.136652097795159189e-01
-1.217544325328444588e-01
2.634773629437734410e-01
-3.074406163019721694e-01
2.420723478671143666e-02
5.848222180259299990e-02
-4.493660298849577184e-01
2.013818501669255856e-01
3.042912835832075127e-02
4.593126952563814092e-01
1.288185433853513140e-01
2.507662032679378594e-01
-2.055755334680579305e-01
1.731578567054894435e-01
-2.154442284500530935e-01
-1.421702251966859010e-01
1.340909534807590564e-01
-1.734656303985279147e-01
-1.033936154913157046e-01
-3.840380453083992451e-01
-3.240613073316918058e-01
2.091229523432674708e-01
-2.990686761106429170e-01
2.097615864113894779e-01
-2.218827764053357687e-01
3.234741896365076474e-01
-2.314681855550813905e-01
2.479604413487557779e-01
-1.240759041573231969e-02
-2.465759749081961882e-01
5.117200492320575500e-02
-2.186388879157340759e-01
-2.218091372696489039e-01
1.441849748725632374e-01
-2.231363351888285551e-01
-1.241605809746354899e-01
1.082943067364960654e-01
1.825984402888943536e-01
8.937763396136040595e-02
6.154434836482538390e-02
1.613017233149295626e-02
7.924022330107066692e-02
1.155153799809042758e-01
-1.215373693488466661e-01
-2.859315949202708707e-01
-3.252214004299906758e-02
2.671379822835895975e-03
-5.450343300180596762e-01
2.911885103743727110e-01
1.549597640622904504e-01
7.592041818475127324e-02
-4.483062038440473879e-02
-3.207450352451038378e-01
-2.337187924996714794e-01
-1.127411719820058805e-01
9.607222536636197963e-02
-2.213821938027661085e-01
3.334691398284805874e-01
1.536229597715899342e-01
-6.335941756537179226e-02
-5.190181667304502589e-02
4.394076463463001403e-01
-1.468249366783584975e-01
-4.168075179004701591e-01
1.359234641986041825e-01
-7.535027439790953352e-02
-1.475049161102575390e-01
-1.850986862901121965e-01
-3.554353439349224736e-02
2.679391885182812877e-02
3.996840357587338327e-02
