1.304563157704003995e-01
-6.179769818277327381e-02
-9.346698373655386305e-02
-6.257973132233589364e-02
-2.213990611693518809e-02
3.234495957408726752e-01
1.306076538463175341e-01
2.821616447199915001e-02
6.660577942027469389e-02
2.315783493829513817e-02
-5.266634652077645945e-02
1.124192272826376182e-01
2.212799844546028960e-02
-1.311267953960659760e-01
-5.795395642862297830e-02
-6.587497317071322467e-02
-1.571674934452808522e-02
1.068018364978296081e-01
2.421397120030100922e-02
-1.741404232728480106e-01
2.006014619178991126e-02
4.768113226501839025e-02
7.677947572941057341e-02
-1.684182030989362089e-01
9.104236785905514551e-02
-1.309145696967332073e-01
-5.673170067614767553e-02
1.718199406456259737e-01
-2.016272194998702805e-02
-1.108509277732159931e-01
-2.283416454217567990e-02
-4.695586233566664824e-02
-3.744004184190369289e-02
7.233508024539132830e-02
2.042404130492832537e-01
-5.925840733898016938e-02
-6.744072538835106656e-02
8.451445772420999869e-02
2.034904008428681521e-01
-2.296895923837152104e-02
-2.674935526508199352e-02
2.351584029360954953e-01
1.736721122137762502e-02
-1.553344299119975291e-01
7.844323755538924747e-02
7.410506373812801584e-02
1.357203378011485537e-02
9.151864663056050175e-02
7.025116311660606350e-02
2.332212013360748237e-01
3.851497511456562078e-02
1.425062932657061021e-01
-1.373037587270383442e-01
-1.676363875935849290e-01
5.739773613017986470e-02
7.596362690109621785e-02
-2.896336542819439308e-01
-9.192059224442780674e-02
-9.206287006977849352e-02
7.617339449642350491e-02
-6.543339107055347326e-02
-5.624922223604070931e-02
-3.328140944246393146e-02
2.186315737552284311e-01
-7.373099103727692727e-02
1.625340638744067479e-01
1.770397343321928885e-01
3.463738824455533851e-03
3.855693728088279565e-02
-1.452398039450098280e-02
-1.838689047343476934e-01
-1.521625732222889604e-01
-2.968044739738429083e-01
7.753822173511724924e-02
-1.699357934816458915e-01
-1.564602531775623473e-01
-5.956929554925972231e-02
-2.188742196593705669e-01
9.179638250048953452e-02
-6.075490782143496554e-02
-1.564982889355260032e-01
1.890912129222725169e-01
-1.909429654880238914e-01
2.204617297512125734e-02
-1.592985113990756374e-01
2.274652225187172652e-02
3.224273944305242057e-01
-1.444995187008706883e-01
-7.558790105216775523e-02
4.178003402168634778e-02
3.280878702534282404e-02
-2.656346212533676823e-02
-4.815757227339202695e-02
-1.962566903212653313e-01
-7.344665302078690061e-02
-9.127908350046162744e-03
2.285441536008316898e-01
-2.227549313451238910e-01
-8.679440325322304584e-02
-1.457093751161614992e-01
-1.024756359329137695e-01
-5.830904536471755509e-03
2.609560577319137726e-03
1.991668668326323499e-01
-3.240796884113083393e-02
2.675794298710530428e-01
1.158646473196399618e-04
2.832543540650411806e-01
1.401048857800802905e-01
-8.832930918117498642e-02
-2.124540322860573871e-01
-1.124073588698268067e-01
2.283731939289796176e-01
2.839069131046651623e-02
1.819287573421315696e-01
5.890953976805195225e-02
9.381314866666464261e-03
-4.148356672196238520e-02
1.827264528788309916e-01
2.182518034972993348e-01
-7.006059103234649199e-02
3.921202854093790852e-02
-1.720114553157741089e-01
-1.693949943392484836e-01
5.572957983702717111e-02
-5.269193970530638288e-02
7.724860826884998033e-02
-5.307699585880799875e-02
-1.429712477099149837e-01
-1.870020951081360072e-01
-6.091574141635996975e-02
3.070396484006940319e-02
4.422473037041307203e-02
-5.165935144758895814e-02
-1.098205695395161469e-01
-9.992284713512158967e-02
-2.768254092855473303e-01
-1.003732286154340181e-01
-9.032475545682971951e-02
-3.365409904918821582e-02
9.552264510368621564e-02
-3.548970604427671427e-01
1.743671603327731634e-01
-5.252937693564761756e-02
3.313064950472677239e-02
-1.253149953064419120e-01
-1.609741508213925199e-01
1.857309066174981649e-01
-5.014535057612518054e-02
-2.850769030434168183e-01
-1.965375371978151653e-01
2.497534684658365423e-01
-5.027225966517873124e-02
1.989322349820468461e-01
3.609974322364712523e-02
-8.696972460182325615e-02
-2.376653551217467950e-02
-2.506456911971891022e-02
-1.628020853288955350e-01
8.649788479598091717e-02
1.504648777069207688e-01
-8.570785596995396383e-02
2.694241686287285331e-01
7.555209658048017696e-02
7.298775663765275090e-02
2.767552782872850781e-02
7.133136912373730376e-02
-1.443543370573152906e-01
-4.691062666361126704e-02
-1.031924853531737407e-01
-3.626662606042964088e-01
1.436335952813955208e-01
8.713566051081250707e-02
1.696965735937641662e-02
1.656786742314893257e-01
5.137593936935375832e-03
1.363997235229244265e-01
-5.327142750827340567e-02
-1.382655728060456363e-02
-3.986278965243098688e-02
2.323989893442669069e-02
2.733237729811451300e-01
-3.914894242168145272e-02
-2.834119665739765481e-01
-3.475519966702170227e-02
-1.240916737275872678e-01
-2.275484684315977058e-01
-8.235696915749364522e-02
1.626918296989414703e-01
2.547838883185133407e-01
-9.048214114803569685e-02
-1.162821973382815177e-01
-1.692676395360050712e-01
4.280076603190291831e-03
3.698638811811155030e-02
-4.362664229940144828e-02
2.142962709657460219e-01
1.180654624130737795e-01
-4.259621848483111789e-02
-5.764774590058992232e-02
9.368935911974023145e-02
1.718068228249556573e-01
-1.544143613609454679e-01
-4.863413425996985368e-02
-1.301014189512849917e-01
-6.038579728018005077e-02
-1.233207892551192453e-01
-6.505719987809373273e-02
-6.059956830635730360e-03
-5.415102454197760762e-02
1.603556715134607236e-01
-5.710889356715633663e-02
2.943749627798863955e-01
-2.833738547893471238e-01
1.629171508743045838e-01
4.382750295972420024e-02
-2.638563634846796679e-01
1.068381639726313226e-01
-1.077973119541492664e-01
1.777146414819610540e-02
2.187206423758709939e-01
-2.326765629565717437e-03
-1.531494473033352399e-01
1.074719044619990294e-01
1.085456827205407704e-01
-7.624425587701624991e-03
-2.762057774123286361e-02
-2.434319095507857800e-01
-3.484615371236107761e-01
4.761439231590402360e-02
1.624195645683423339e-01
7.752738662472512948e-03
2.910249336096521963e-02
4.561314884961640420e-02
2.118193032592532998e-01
-2.505599621204488425e-01
7.215562530002150865e-02
-3.068309131175800050e-02
1.031920513470282463e-01
2.806492370451534324e-01
2.214529164606255165e-02
1.388448983762856359e-01
6.578448074422096892e-02
1.940192158048339652e-02
-1.532595193517810317e-01
-1.118749894200579409e-01
2.951605198498150617e-01
2.516434195551529515e-02
1.221909752625982698e-01
-5.769645182100432285e-02
-2.934683710247401600e-02
-8.031724421905249434e-02
8.490400526313257590e-02
1.699560036615654357e-01
4.027738913272098098e-01
6.657419298329205759e-01
1.000000000000000000e+00
6.201215973690346051e-01
1.415919011893505552e-01
5.341000627794564304e-01
-5.469878507267422058e-02
-3.644444586042929618e-02
2.310159651204621578e-01
1.104539848398487234e-01
1.902710032103790277e-02
1.859337103757584611e-02
2.170730950294398609e-02
-9.483465066564998602e-02
-2.408534083055674235e-01
-1.106465339989810281e-01
8.954889045770132727e-02
4.750292798978528880e-02
2.247792127828700248e-01
-1.889276590906510678e-01
-7.801185629658254073e-02
8.311473462273524793e-03
-3.017174618136419378e-02
9.186443724755229134e-02
3.342684277292440331e-02
4.269141200967737498e-02
2.403039735443932290e-01
2.798744694005717570e-01
-1.144961057341994382e-01
-3.617261599824349305e-02
1.228628275365953731e-01
-9.980766358907476599e-02
-2.598659637857014121e-02
4.638726359160148804e-02
-5.654692849783826691e-02
1.895752213457059174e-02
-1.267748090723661292e-01
6.446099555967370331e-02
-2.172585659862755481e-01
-4.601733638635534945e-02
-1.365272658095495126e-02
1.156697433009892112e-01
-1.325077754353850557e-01
-1.396951385070334672e-01
2.148841333262476727e-01
1.929332463932515174e-01
-3.207388142251514640e-02
-1.365557812550881600e-01
3.919792092057274718e-02
-1.514330099123674944e-01
-7.812952029129352494e-02
-1.269743417736372837e-01
1.768421260952455776e-01
1.417357233456869869e-01
-1.357628170826516434e-01
-6.263520334147812396e-02
1.269976182708976720e-01
-1.889323144282575861e-01
2.491980504080135994e-01
-1.500920243388206010e-01
1.235190174134463276e-01
5.248448596678660649e-03
-4.811889551167648077e-02
-1.774696447621720019e-01
-1.354140776430200720e-03
1.157323928895832021e-01
1.153338387820918715e-01
-5.058904343740624338e-02
4.398537760135055874e-02
1.881847457873695936e-02
8.373017221599918236e-02
2.707751058812684630e-01
3.280341320425985557e-02
-3.309131857814677502e-02
1.913219058056483263e-02
1.276460313577166827e-01
-1.005218372711179226e-01
4.717212452270307110e-02
-7.547021616586623016e-02
-1.704548184838060032e-01
-1.421303288909851192e-01
-1.538201144880754767e-01
-1.517622297140787911e-02
1.397939752251514123e-01
5.460817193023627392e-02
-2.072858209026345877e-02
1.878938095262200625e-01
-7.266034612999595910e-02
-2.591154810715950441e-01
-1.251046627340191009e-01
-8.857430708755759108e-02
-5.568709466760523447e-02
3.983273746362552270e-01
7.017155577143989464e-02
-4.997837244768314063e-02
4.934469734838560495e-02
-3.186631106078889608e-02
-3.052620646982649733e-02
-2.822212428042002452e-01
2.083052446004192513e-03
-1.010119404479159627e-01
-1.418870720581996980e-01
-1.164318718203260355e-01
1.612042150690910225e-01
9.946517907746546538e-02
-3.052877339095167938e-02
-1.445833461152394028e-01
-1.272435614784861169e-01
3.772141172156764921e-02
3.853891369796873245e-02
-2.002933143030883809e-02
-9.901927872758839455e-02
1.846568883801238403e-01
-3.654629540466262233e-02
-4.262312792035886921e-02
-1.265124747291601071e-01
-2.310094496371437878e-01
-8.357176412545408439e-02
1.579946923089429189e-01
-4.820376640775645566e-02
5.533027445564287633e-02
-3.137308643157479815e-02
-6.842417391030891638e-02
-2.887880317983981815e-02
-3.251849850262993752e-02
1.108187664948094564e-01
-1.677651793637812694e-01
1.636587766243310094e-01
1.748529555148581882e-01
-3.915941729457018960e-02
-2.784376165079727183e-01
2.330854100322492933e-02
1.090841430218102565e-01
-1.848914548406297986e-01
-4.908670252807870171e-02
-7.428375570152301322e-02
-1.816500199644632829e-01
1.267643459075217804e-01
-2.026946681066884096e-02
-9.140613246961830016e-03
-1.841939661458722732e-01
-9.821233809653706626e-02
-3.930052047644991275e-02
-2.400619019916649666e-01
6.866256267134858773e-03
-4.108556106932656493e-01
5.825403413119276119e-02
6.528246718064946441e-02
-2.116964244955821597e-02
-1.571182497088809693e-01
-8.873425969987001893e-02
6.181863048398288096e-03
1.398057544501838945e-01
2.530129687080981959e-01
6.573372964354638748e-02
1.790665695299703541e-01
5.349873318303281083e-03
1.523302815422518386e-01
1.342235388413653419e-01
9.727797689056214003e-02
1.397629873279479795e-01
-8.588734370574029053e-02
-1.328025555343285702e-01
6.426730328526591984e-02
-8.943471779373084185e-02
9.267061615890603843e-02
6.309174106337070431e-02
-1.511266577768075603e-01
-7.224539025031020967e-02
7.329330745508884880e-03
-1.706371840554276806e-02
-7.770227389149618469e-02
1.291010586243027669e-01
-3.726905083266583013e-02
2.164779181256132681e-02
-1.352149700795033660e-01
1.423658415333735328e-01
-1.257359018831414599e-01
1.420762608575415198e-01
-2.664556036494364344e-02
-1.433582589333366221e-02
6.095757368318530794e-02
3.764992996238573919e-02
-5.115389143335720423e-02
-1.260936684677865793e-01
-2.855191931812483541e-01
1.794552292782425340e-02
-1.164051263369744876e-01
-6.036762309697456946e-02
3.789014136940213606e-02
-1.087416693375874849e-01
-3.078297174811689962e-01
-2.187218895990037520e-02
1.252740450936686012e-01
1.204635189132461787e-01
-3.616809182236857545e-02
1.112243684630610241e-01
-2.374134528724458348e-01
-1.243921645447119972e-01
4.479829123408917801e-04
-2.103081736063593110e-01
-6.740957280728476601e-03
4.063195571320290522e-01
-1.079531428685742284e-01
-1.592552016443841700e-01
9.742150538603081000e-02
-2.814066669906625795e-01
6.294667868270220623e-02
-4.041966556878799632e-02
-2.576279543672550520e-01
-4.023689388144947171e-02
-3.788173421221387865e-02
1.195808764538010271e-01
-1.774951619200268171e-01
2.393994466745416050e-01
-1.124996159768240633e-01
-1.020591908573081491e-01
-8.643293979328982302e-02
8.030930692386702152e-03
1.954175660671674808e-01
-8.981448805165058447e-02
-1.039162857159470071e-01
-7.544607039406575621e-02
2.217725394659805227e-01
-1.236593158301982631e-01
2.803109281042763801e-01
5.679623275509348285e-02
-4.088548962729912292e-03
1.865291775770883675e-01
1.224685799707769668e-01
-6.721764613585025361e-02
1.493392601767132288e-01
-5.679889823830598650e-02
-2.304653441985729245e-01
2.347750312680757789e-01
-5.093942526419287936e-02
1.551051284554641752e-01
-2.755863283912995954e-01
7.858591640564049907e-02
-7.657838698909057162e-02
-2.228959249781504309e-02
7.652092473396304717e-02
-1.883145523415437339e-01
9.235664973244092635e-02
1.186421991828823415e-02
1.402319350236206352e-01
-1.360354742454242538e-01
4.684371357877455816e-02
1.419105870812525927e-01
-1.090809457335287502e-01
1.457164018945308614e-01
-7.946157677599621771e-02
8.828726035161518770e-02
7.092422137145057426e-02
1.035652075595423077e-01
-2.718752370500738397e-02
-1.097334469960758660e-02
-7.215460290069172777e-02
