7.103725899953135248e-02
7.353721587808516313e-02
-9.723583082646980458e-03
1.241428032615971705e-03
-5.801391599087556139e-02
-4.904418363333280101e-02
-9.194393524594027256e-02
3.652513811872002553e-02
-6.550059764127166839e-02
1.956922181033555683e-02
-6.684365176376481921e-02
-2.122134736265385291e-02
9.069027659618274229e-02
-6.174536178590409735e-02
2.594083486940144262e-02
-5.059705682244721933e-03
3.728872961886347311e-03
2.776557644846830257e-03
7.810289522509669680e-02
1.992929766169211289e-02
4.090952121842514333e-02
4.746990918759241840e-02
9.909875314340155228e-02
1.758220565180482892e-02
-2.232850968951455989e-02
-4.989230550672179437e-02
1.417424798144034381e-01
7.915908328451516651e-02
7.852508092105155157e-02
-2.012601994909951272e-02
-1.936091319194283844e-01
-9.417176309332047149e-03
-7.656047059680691491e-02
2.762106561972885871e-02
-6.609186851033409943e-03
1.163346982545703234e-01
-1.665797085805409763e-02
-9.986302750648212712e-03
-2.266185123561088866e-02
7.849645556773485536e-03
-1.223508980672734052e-02
-3.972124831819152935e-02
-1.025479084060849644e-01
3.458031245965414308e-02
-7.001521812059195715e-02
5.683778527242846178e-03
-5.653472266562562659e-02
1.352780558491400477e-02
-3.856679093843255746e-02
7.691873699499271466e-02
6.028368591689361317e-02
3.972536298832597679e-02
1.624233966257281336e-01
1.959666878504532500e-02
2.304638870390988969e-02
6.842801745720247797e-02
-1.538659428452630352e-02
-4.568063535387169305e-02
-1.349698138371740151e-03
1.517278132381757461e-01
-7.259405152474307727e-04
2.507297181823657170e-02
2.229100399574379665e-02
-7.493218765852443369e-03
1.092345060595387024e-01
9.073098382309795207e-02
1.638834768424075328e-01
1.125988962090303941e-01
6.946623267917449718e-02
6.133246658046689198e-02
-1.746418729976287679e-02
-6.791610036150224315e-03
9.859039770048219631e-03
-7.269008388799513831e-02
1.369698185112941911e-02
1.537469533231799468e-01
-1.100516364236431011e-01
1.342678245779849455e-01
4.347361904951808215e-02
-8.745197163025070566e-03
-9.389775847381358342e-02
-6.217770762195407031e-02
-1.083094587703367813e-02
1.304773709429122262e-02
-1.508022314468866754e-02
6.029528472919669368e-02
4.308571758855855860e-02
-1.176241537864570162e-02
-4.078579254391766218e-02
-7.109794898460422563e-02
-2.368194482736311977e-03
8.410686020290249199e-02
-4.657739301881866356e-02
-1.701565926674986767e-02
-4.974751173657347703e-02
-8.353852588534504270e-03
-4.496498243556470986e-02
-2.915799135182160426e-02
-2.490343136337081278e-02
-4.375632147567214136e-02
-1.421124005839764781e-01
-4.347675590803004586e-02
-1.127447244628096978e-01
2.214236617701245691e-02
-7.716865179199547398e-02
2.364601326526962269e-02
1.967878257502607420e-02
1.086951650688165599e-01
-1.314913320898884186e-01
-1.106249765815855851e-01
7.046148679860088360e-02
8.939133447271619196e-03
6.809620815042265185e-02
6.092514464298860039e-02
-1.140874222505732644e-01
-5.335948606111888537e-02
-1.625822000639378928e-01
6.239522016570479834e-02
-1.250082607252167022e-01
-3.523620845548512681e-02
6.378244692881746003e-02
-1.043669821366329242e-01
6.229446983559495249e-02
2.801038074476626741e-03
8.589369413970000811e-02
-9.054481126943102198e-02
-2.390350029218073907e-02
1.823806490123417584e-02
3.743263042577107264e-02
1.165838992691943937e-01
9.176328825507365505e-02
2.648846512593079280e-02
-6.328092796666423547e-02
-1.440211024007822804e-01
-2.577945011330771974e-02
1.293399224044086970e-01
-1.580816087814499241e-02
-1.309261342974187281e-01
3.849144202886325972e-02
5.381966972715154091e-02
-1.030412950825589230e-01
2.126124287363731144e-02
-2.096047626877211092e-02
6.642811071449511440e-02
-1.725084258216643684e-01
-6.949144919134660203e-02
6.785415613048170758e-02
-1.719079237568015839e-01
1.008707856218079013e-01
3.555196801940792295e-02
4.824052732226871698e-02
-1.053001487116197871e-01
7.787734610337107566e-02
1.534031084769104866e-03
9.447896084145687712e-03
4.074611757477512169e-02
3.434366339423530756e-02
-4.302446406022887582e-02
-5.768493966214536389e-02
2.533525491771334431e-02
-2.802741759951505457e-02
1.356292272309000090e-02
5.423196701748703163e-02
-8.054894803752993271e-02
9.999477289680317599e-03
-1.379114546818537880e-02
5.825630989930806469e-02
1.902621493838313471e-02
3.994691656071428648e-02
7.150392907050327762e-02
-4.066641464054310262e-02
6.027284579888441025e-03
-3.647392886321330213e-02
1.650839212279549620e-02
-2.645346933441026019e-02
-7.390535497403435961e-02
-5.614707960583300433e-02
2.853714122722166360e-02
-6.628385255936793119e-02
6.619648160227033229e-02
-4.148642583655412497e-02
-5.207611870709076551e-02
7.463966704426056378e-03
1.026670907539172645e-02
3.419197443016534776e-02
-3.014861311980668312e-02
2.509295346346506264e-02
-1.030703441390323077e-02
-5.922367722196560103e-02
3.679300234008611031e-02
3.756164730045765537e-02
2.807699208173233124e-02
6.767205364662201572e-02
4.595952277260757085e-02
-9.576993114684835551e-02
4.397207901240711425e-02
-9.987169753357756641e-02
2.270211641462317048e-02
-5.379906112565649434e-02
-8.409668641789125668e-03
5.340777773832698638e-02
3.761379747249163352e-02
-7.600836385603985945e-02
2.629434956139752033e-02
1.072442159879797574e-01
-5.645918336830941381e-02
-3.605347587410578231e-02
6.780198365828894735e-02
2.294248611902490517e-03
5.168455025197662284e-02
1.668957597050927666e-01
-8.151252813231137095e-02
-4.032590179959522070e-02
6.467858985786795190e-02
1.282984480272296272e-02
7.175296667559095086e-03
1.862509538288709687e-01
7.179807332883729465e-02
-8.033477956082803184e-02
-7.482484123748365905e-03
-1.402888237025778917e-01
-1.063302305349882182e-01
-5.773441732373391783e-02
-1.011077565013985546e-01
-6.342516056810765246e-02
-6.586853396621432030e-03
-1.375635404699880604e-01
-2.298119319343448069e-02
8.892007912463090191e-02
1.139633216821786393e-01
-1.045818887588121499e-02
-1.420352711137076729e-01
-1.602988825144154722e-02
6.607418612059232088e-02
-7.538883645876312198e-03
2.802162593031104140e-02
1.081847676586530499e-01
-3.108875948897384459e-02
2.250948412262988516e-02
5.056505414319487079e-02
-3.148201493767894404e-02
1.083660995394223059e-01
-1.800669530309579811e-02
-1.720940833912332430e-03
7.979050210424615264e-02
3.873334254805473748e-02
-4.298247402829483838e-02
7.406760945735189026e-03
1.399103862990929981e-01
1.209306885874034815e-01
-1.702300436250966248e-02
-9.633724028105854209e-02
1.570119127716141164e-02
2.171312166734759019e-01
5.825208801685199944e-01
1.000000000000000000e+00
6.060605825382183731e-01
3.202078221386178147e-01
1.988892159002810522e-01
-4.102296277811478403e-02
9.845035581360428792e-03
-4.568112985604187715e-02
3.000084391535071376e-03
-1.542580053915298607e-02
6.922218955122416695e-02
9.625294713590766549e-02
1.660228289245135186e-02
-1.962274156308919104e-01
1.338631528507836788e-01
-8.130267908210182456e-03
-4.671338532123139875e-02
7.401524866036651717e-02
-1.276510816094043529e-02
-7.992651781975164405e-02
1.687171062016193032e-02
-1.359572043202518510e-02
4.450289900276807598e-02
-6.580673728051625315e-02
2.054668562611756261e-02
2.216376947873282266e-01
4.403980561236719993e-02
-6.719371460932158091e-02
-1.228105402712528912e-04
-4.100140429323775176e-02
-1.079324899450017777e-01
-3.422100832431237277e-02
-5.253561311676182427e-02
-1.974934326596493317e-02
2.179959049357459502e-02
-3.883252175184578880e-02
9.890127009872667907e-02
2.518468392459904601e-02
-4.414021865439089753e-02
-1.693865899705726888e-02
1.409300774383781714e-02
5.097852733812210935e-02
6.243524138978821802e-02
-1.358762809587086562e-01
-6.839648707938141003e-02
4.107214965858413391e-02
-4.294949489847710994e-02
5.016613733879595610e-02
5.573276779439052808e-02
-1.793969528499366750e-01
2.504022418901189623e-02
3.387538521659168300e-02
-2.049398436516739266e-02
6.444385166666363740e-02
9.327320683451570393e-02
2.011302135157629414e-02
1.042253140322883381e-01
-1.489602560187964220e-01
-1.148826189823981547e-01
-6.804658470142885274e-02
-1.196653521607531773e-02
2.440140233988985496e-02
-6.925214895906993406e-03
-4.408498170355063667e-02
-9.305079480525814406e-02
-6.817835432036536969e-02
1.099708309923553007e-01
3.019853496989881661e-02
-8.533091616983862204e-02
-2.910594371376537537e-02
-4.613694505117859473e-02
-9.748304213680657540e-03
-6.171776695427908313e-03
2.716054220580046974e-02
-2.755560734163241612e-02
1.631209394957674683e-02
2.838473062684260945e-02
8.150421085300597890e-02
1.297713594699276274e-01
-7.310782436673544937e-02
-1.433893619231892472e-02
-3.289939245296995274e-02
-4.222723986426844996e-03
-5.268648251096481189e-02
-8.337429924118865132e-03
6.127480195308313698e-02
5.062840314908006664e-03
-2.320486707441804519e-02
-5.084112437699477710e-02
8.551589925164884698e-02
9.894977668969398565e-02
7.172758501777255769e-02
-2.480401740546172781e-02
1.804145936006718368e-02
1.088874943593109296e-01
6.963669611685323335e-02
1.200655969368372156e-02
1.608968323802247580e-01
-6.315922055426015369e-02
6.161431705679683984e-02
-9.123584486804286672e-03
1.179247261826748550e-01
-7.535848666355662862e-02
-1.175491508836669086e-01
-5.962909725208891121e-02
-2.883954847500136680e-03
4.240450913889018403e-02
-2.893119965896952250e-02
4.426528783359717778e-02
1.627707474495863199e-02
-6.602102162449995093e-02
5.979026797339650340e-02
7.170325681156034317e-03
6.135084908586876939e-02
-1.018930461712216733e-02
-4.732060441266307954e-02
-1.304364804026706959e-01
2.636503373958284241e-02
1.039350894559412514e-01
1.497875975485860782e-03
-9.532616029939872115e-02
1.160129732205352621e-01
-8.544274882570907339e-04
-1.519917804679891786e-02
-1.098338422995936425e-01
2.048586605420930629e-01
-1.370325905563924036e-02
1.112488443586426567e-01
-9.112569699065926898e-02
-1.566478808045125917e-02
7.475165382698761851e-02
4.957649911661828751e-02
9.061820247860508104e-02
7.134348300507366292e-02
4.204578735949257573e-02
2.294186995860647560e-02
4.007128315025010323e-02
1.212965244506509360e-02
1.338908625931096441e-01
-1.439885465061801484e-01
-2.255600095247304454e-02
-1.249934631446013994e-02
1.706108628355540724e-01
7.903510842922049917e-02
-2.217628333268445717e-01
1.248360142670288664e-01
-1.990576711543948565e-02
-8.872085138668991955e-02
7.341175775025050865e-02
1.931670664880056829e-02
-7.688364326991430076e-02
-1.160874887382648893e-02
1.452574630232169317e-01
-7.102968351610283726e-02
4.168419260211873867e-02
7.312733706348234497e-02
2.157620168037084965e-02
-1.052054829724290014e-01
-3.497474055943082527e-02
3.494804054076264266e-02
-8.527846759672076671e-02
-5.138617060107945368e-03
1.007923464459464374e-01
-1.203730108045310138e-01
-1.272076459870624676e-01
2.137466538667868662e-02
4.428029412596364706e-02
-2.198311069636871978e-02
-1.194178937764698578e-01
-1.683051023795696308e-02
-6.570315857276702587e-02
-9.350245421741427976e-02
7.213870252575009349e-03
2.943111488089554528e-02
3.360543244234143450e-03
-1.725471370854377712e-02
-8.618821765716846300e-03
5.550962841549412358e-02
6.914277493829211474e-02
-4.874008818060608823e-03
-1.347359875126024654e-02
6.338995748279258047e-02
6.620046358433785694e-02
-4.175676233478609750e-02
6.056665436417922599e-02
-4.174892733727117444e-02
6.144661509627150076e-02
8.044967526662551160e-02
7.373925977329064130e-02
-1.271110024731566812e-01
-1.252476715017353803e-01
-1.190314755880551439e-01
-1.178067788428219242e-02
-1.621373240901294310e-02
4.309861690563382419e-02
1.095380708879396536e-01
-7.143000287053002939e-03
1.401427680806987541e-01
-4.116618430901997083e-02
2.355748521626280234e-02
-1.490141250756664600e-02
7.063423077851814502e-02
-1.094609917313326131e-01
-9.401996450008604303e-03
-1.720968586457999328e-02
2.061265721906189313e-02
-1.759897165529283327e-04
1.196727547999024838e-01
1.661516574744315855e-01
-3.365308905461592698e-02
1.455545515264673184e-01
-5.840746958593268957e-03
-5.188480945398936395e-02
-2.481568262957250994e-03
4.876944080487410904e-02
3.771133618965866879e-02
5.217571457457033032e-03
2.715790969527684395e-02
-7.704425853584673245e-02
-7.175823549676772425e-03
-7.198999866471561537e-02
9.306953689891460380e-02
-2.711038885512009888e-02
-3.081365270582089866e-02
9.858965623801022038e-02
4.405288358548314562e-03
-1.059354028470399917e-01
1.240366840523870057e-01
-5.347580408626101400e-02
-1.196227529499715864e-01
1.838018156053165472e-02
-5.208340150276034169e-02
2.531844005113954160e-02
5.437035549546882784e-02
-9.093041448838416752e-02
-3.346324514034505065e-02
-8.036991874445989850e-03
1.524129593243355590e-02
-5.974077832538432498e-02
1.204942626017575513e-01
1.468185207041451112e-01
5.827062122198318345e-02
-1.618093144656242155e-02
-3.256236732588514704e-02
2.223149079424055832e-02
6.900746452700816207e-03
-3.039100377471902481e-02
-1.692711685732233851e-01
-9.741573599071048960e-04
1.006168807548414867e-01
3.460967904147708302e-02
-1.187950400687345053e-02
-4.956202867322422739e-02
3.846836003756352873e-02
3.836487926337218274e-02
6.985460610817968707e-02
2.976791287383661472e-02
1.512814055345289288e-02
