-2.831899778475119311e-01
-6.530392065107348820e-02
-1.561737097555974396e-01
8.361824698555739288e-02
1.254366291061805860e-01
1.204965466328356827e-01
-1.485671043337246644e-01
-3.599590415171538549e-01
1.847245714320704668e-01
2.081218829730322739e-01
5.052944158876150338e-01
-1.055294995018338094e-01
6.242823438322633312e-01
-1.426266197829041960e-01
4.258685207019702323e-01
3.483585595960182746e-02
-2.754105332568911324e-01
-1.397752619867856094e-01
7.578169433176459857e-02
-6.265821573323136773e-02
2.738314138185021090e-02
-2.432685329105758743e-01
-5.838689383599789812e-02
4.102258575883247459e-03
-1.412367306047083992e-01
1.241576910895964836e-01
2.875569035063468282e-01
-2.221099260275477549e-01
3.373334815001121645e-01
2.678755402389343954e-01
-3.375843852499563202e-01
1.215841716031675346e-01
-1.447004385431852613e-01
-2.050272456808568677e-01
-5.057102055351446745e-01
4.353704965974293239e-01
9.577765722941274790e-03
-1.475384602918508765e-02
2.046541693745433307e-02
1.068366756994999223e-01
3.150446129601680023e-01
2.906600670972133704e-01
1.477825140716626795e-01
2.902374632910393881e-01
2.328837887133993756e-01
-2.759978515093889362e-01
-7.266872591922124425e-01
3.252904051943575348e-01
-1.356417529400880118e-01
-1.379792416294290391e-01
-8.521232091236917439e-02
3.801872371265241357e-02
1.606763154699792640e-01
-1.710877898115820694e-01
6.200800190564411535e-02
-6.365714273824021885e-02
5.784472093195270476e-02
-8.073452418486496418e-01
-1.571021894905898497e-01
6.487759711509021310e-01
-2.006043371858528546e-01
-4.205186662179513646e-01
2.108886650253684603e-01
-5.424903938566058570e-02
1.081003131656780303e-01
-2.845161361197170655e-02
-5.383566466447412546e-01
4.136052534275130171e-02
5.187119492766616435e-01
9.520420752101084461e-02
1.475361590434547988e-02
-1.030508132766661117e-01
5.729219083243421509e-03
-1.801396543132944839e-01
1.138568319495897041e-01
-8.957734390105473454e-02
3.281557730196663081e-02
-4.149359872280660722e-01
-7.745412889279157387e-02
-2.446196164517422389e-01
-2.676631648395819685e-01
-3.773510303552254919e-01
-5.403435455079598215e-01
2.305098784471070750e-01
3.184426934795550057e-01
-1.422336164523952950e-01
-4.613552915899319928e-01
2.967851234066616328e-01
8.616955318252852991e-02
1.169511731886460765e-01
1.328015160754709816e-02
2.762837159612596127e-01
-6.132118260564287660e-01
-2.553856244468730718e-01
8.573986518600683338e-02
-4.439007688461084067e-01
-2.633597268621731269e-01
2.220259107017642092e-02
1.887699897812782426e-02
1.842700629039794591e-01
2.724234367316819561e-01
6.346646864786316400e-02
1.515669083647374071e-01
-1.544800413901414871e-01
2.107392910363472815e-01
2.536251777260354334e-01
3.888074685473682374e-02
-2.306416664060187416e-01
6.899094230642602854e-01
3.662352841240226059e-02
-3.289478290057790133e-01
-3.549997993608581259e-01
7.008773445257797663e-01
2.246825177597182033e-01
-2.986501347281164676e-01
4.210689381351317429e-01
-8.508659537831012032e-02
-1.479983515963323726e-01
1.035273330523325125e-01
-2.345888655325603367e-01
-1.027560278926435144e-01
-4.822225894118296052e-01
4.715975887346153250e-01
2.190510680630959259e-02
1.815195302965244561e-01
1.899629555192266506e-01
-3.571900468561340358e-01
1.722217615659792783e-02
-3.449401561433539792e-02
-1.964896050125519156e-01
-3.171701208836501529e-01
-1.947706921229945543e-02
-4.521143490224485695e-02
-2.381205450433085125e-01
-1.540430977519104405e-01
4.483475183877186354e-01
4.328470807975851042e-01
3.210947849583916658e-01
4.496302438501475346e-03
2.086547802183285616e-01
-1.045470968546084733e-01
4.578341538258422494e-01
-1.201617904779169743e-01
7.295110283556141550e-02
-1.145587279977033218e-01
-1.680041007234324424e-01
1.564559663400452993e-01
-1.701117737253184381e-01
5.765531749852455951e-02
3.149243531756512060e-01
5.224949771356702036e-03
5.673415298975019727e-01
-2.919639242257085487e-01
7.085572850837766612e-02
6.839655020973786081e-01
-2.217455225473926039e-01
-4.680651505473349405e-01
-2.410391368755472608e-01
9.043469987699283286e-02
2.774954598486859547e-01
1.900840326537535929e-01
-1.850507541266656897e-01
6.259309572555170342e-02
1.650122124303195492e-01
-5.070267714009914911e-02
1.684890881242791794e-01
-1.833988016363087836e-01
2.296112105459394148e-01
-1.110281806566328217e-01
1.301135959114142204e-01
-1.156855133317273299e-01
-4.780984688018303230e-01
-3.400731119230864657e-02
5.698125259405699694e-01
-7.166023963742054748e-02
4.009506378873478084e-03
-1.107865008348658253e-01
-9.381954588268993922e-03
-5.010158970221173513e-01
-1.447688963865843559e-01
3.084445729946662107e-01
1.514247900174255923e-01
-5.954133232296092704e-01
-3.005893998912701273e-02
4.981886315377270225e-01
-7.296999011314064809e-02
-7.978923352205444242e-02
1.405494374776476152e-01
-1.310285837548476329e-01
9.477994536713481299e-02
6.098645679932291896e-01
-2.242795387673732488e-01
8.883498386817675896e-02
3.477890887410154397e-01
-5.151894199927142814e-02
-2.675779032902872445e-01
3.982807117717958589e-01
2.643931352408541158e-01
2.973009420331928498e-01
2.749621351454428764e-02
-5.369750654642049259e-01
-4.039953220889643815e-01
-3.539702891917566319e-02
2.456010852321592608e-02
4.190520042558907310e-01
-3.724624985579090830e-01
-2.423411971691348810e-01
3.275478749017812774e-01
-6.648438945604921713e-02
1.531661381024586044e-01
-4.590097360214541455e-02
-9.716722543075942409e-02
-2.837009147459768413e-02
2.382065253622716872e-01
-2.049485938746558600e-01
-4.052598864795718681e-02
1.719960786479230452e-01
-1.719075827244496146e-01
1.455828264089509827e-01
5.365898931766365232e-01
1.429899240575049357e-01
3.179023055865436431e-01
5.070017085193185419e-02
-2.446276214535751115e-01
-4.119257652221587629e-02
-3.602613175488915132e-01
2.712783489715810403e-01
2.556985102151558831e-01
-2.613108382077162714e-02
4.279838541257571793e-02
2.113994625893469981e-02
-1.068366545592174949e-01
-4.813229107390470940e-02
2.799008284726641760e-01
-5.919323652210385367e-01
-2.048688897125046926e-01
1.996275529729172604e-01
-6.519254677297810219e-02
1.685649213300117744e-01
-3.808466031087556214e-01
1.229189421448415309e-01
-3.912958136420321281e-02
3.333505466020658670e-01
1.024612119181330105e-01
1.275597325258604267e-02
6.474893304093391755e-03
3.739767093910813245e-02
2.019614337948354432e-01
-2.262750885310731985e-01
2.293557052461673851e-01
2.555761693663876621e-01
-1.028314383818924455e-01
2.608792718850551084e-01
2.160180474706336895e-01
5.240420731117411135e-01
7.846459577730839907e-01
1.000000000000000000e+00
8.877095407003854355e-01
3.356513107185631895e-01
1.492089844543305621e-01
3.837421320339613057e-02
5.455275415521034788e-01
-1.603131028330455066e-01
2.703416129696008530e-01
2.013247892988993537e-01
-2.757081608891295832e-01
5.738016624470683447e-02
3.698330124944931296e-01
2.337222033073525218e-01
1.221022427452789771e-01
-8.198478713928609996e-02
-1.360300797881076607e-01
-1.991359277459867905e-01
4.632555030547274022e-01
-1.131347732195785993e-01
1.706983637579751745e-01
6.048997948556371351e-02
8.349910754684461422e-02
-6.406311428991308399e-02
1.225212386840301565e-01
-6.638252373524344829e-02
-9.824842393326579937e-02
-2.165821942228554897e-01
-1.358660629711369860e-01
-1.283754517439344989e-01
-9.610285428192895385e-02
3.418038347086875817e-01
2.263637958128049132e-01
3.802466390938300661e-02
-3.331047751491804654e-01
1.416175879452954145e-01
1.006029089201136428e-01
2.683868301865576234e-01
-1.408110569330097428e-01
2.681936075274155562e-01
4.808518675555875643e-02
-1.045498873720539512e-01
1.567686077859136717e-01
1.755253622747522668e-01
-3.757811115985235789e-02
-6.527955577507722484e-01
1.917950826338341574e-01
2.787839060225925092e-01
2.802400286116300543e-01
-1.525047154892819334e-01
2.630108446070910100e-01
-4.032764314206182393e-02
-2.081459847349989012e-01
-1.146462657103257121e-01
1.727069896394909376e-01
4.619489922182906660e-02
4.744058235730548301e-01
1.326195266351260227e-01
-1.981652975955050522e-01
-1.766912587491301923e-01
-6.632320306338779226e-02
2.800251188411202463e-01
3.295454140920657804e-01
3.187969855686040299e-02
3.174596611928303669e-01
4.594911375253182828e-01
1.396989636502077026e-01
7.244661034154270540e-02
1.423641829775976475e-01
5.606437211074832144e-02
-2.031182448284403197e-01
1.207948364227732496e-01
-3.309973652362902530e-01
-2.568180160094169981e-02
-3.201714704844813020e-01
2.062057624586468574e-01
1.346304567629923732e-01
2.505918834963906106e-01
2.589382628492136740e-01
-2.193915730549121368e-01
-1.190809984327779458e-01
-3.106314663950734967e-01
2.176161051317805628e-01
-2.701624695610508331e-01
9.059275284948549445e-02
4.880313140867613142e-01
7.074333035728931629e-02
2.563042905212185030e-01
5.291171358291864822e-03
4.175424612848643302e-01
3.374359413887632608e-01
-7.661423922633883721e-02
8.562042275146740378e-02
-1.276859647747714266e-01
-3.856334524605016245e-01
-1.968186483376770796e-02
-1.494052913103360580e-01
-2.339670988705465360e-01
2.138823806101129710e-01
-6.189508008402924699e-02
8.324186408564300532e-02
1.072567402533175923e-01
-2.158526379024545694e-01
1.468964360172159145e-01
-6.179755700905925631e-03
-2.258029471232355367e-01
-2.807128302494549810e-01
-7.738365353978507444e-02
-2.867501465540923250e-02
-3.107190453146000449e-04
-2.030126396956810075e-01
-1.634174902312238720e-01
9.626886984185999141e-02
1.737295532756539529e-01
-4.806767800560972637e-01
1.915603953647150304e-01
1.457904687138776856e-01
9.326262057640756498e-02
-6.830067358310999703e-02
-2.916380751174936226e-01
7.153367726853018249e-01
-3.665125058497990529e-01
-1.354546774007578946e-01
-1.579953517353843151e-01
1.420268008138546034e-01
-2.459974419612415142e-01
1.054590216413951731e-01
7.646041662257479013e-03
-1.619279479409059253e-01
-1.418037289214890417e-01
-1.205590712222117944e-01
1.453470468770179380e-01
3.876357291804544691e-01
1.170016995916487446e-01
-3.749233804519684909e-01
-8.998259880632268268e-03
2.575342451971532887e-01
4.042542404072576451e-02
5.829740278519187635e-01
-2.668121086681375376e-01
-2.982565980265365624e-02
-4.777448490170798090e-01
-4.875179802709445238e-03
1.870643407199817920e-01
2.092441677111383791e-01
-8.330458377412817972e-02
-7.031008309545656587e-01
1.955531813228071070e-01
3.718357851860852603e-02
1.675144626658289781e-02
6.826559302659682138e-02
3.234349089729000037e-01
-6.982098842563443097e-02
-2.269155051528129116e-02
4.262607229416839338e-01
-5.709785349424598144e-02
-2.927600805074876411e-01
-2.750681644217855756e-02
-1.674377039630953745e-01
-8.483358942399778224e-02
4.230343494213343325e-01
1.635253054652018034e-01
3.696910328845614407e-02
2.513173974090113227e-01
-2.475244064537562572e-01
-3.267323828002067360e-02
-1.568121160607434117e-01
2.309371659289155207e-02
3.464068779210127125e-01
-5.507464654679142813e-01
1.005817361628308787e-01
1.328366889212160562e-01
-2.285087619798877312e-01
6.463195615744161959e-02
-3.809581321790963537e-01
-9.051457080489119442e-03
6.639797300032724836e-01
9.536194567373740272e-02
3.991424200941141587e-01
-2.054176255101050619e-01
4.007357050042776453e-02
-2.857795590683112064e-01
-3.045144078945758240e-02
5.655502730295402375e-02
-7.264788041681355391e-02
3.991694086966433158e-02
-1.585061391527634866e-01
1.707621096472309585e-01
-5.006974397309368191e-02
2.535960398737835408e-01
1.579533584399507862e-01
1.603005385618167800e-01
-2.919239583359785062e-01
-1.058336570634383772e-01
1.530498689949188473e-01
-2.628916507174023937e-03
-1.265825248998829200e-01
-1.323342637397646182e-01
2.515002310062095514e-01
-1.155268144606189928e-01
-9.675802901690105234e-03
-3.484713225759670241e-01
-3.561044016485862343e-03
-2.731920290095035328e-02
4.492747061299280642e-02
-1.202441654368565926e-01
6.012042951087499809e-02
1.842601763723125396e-01
-2.262345964633188100e-01
3.834873940305720263e-01
1.506130301893480739e-01
-1.627211821607088271e-01
-1.217056340548122589e-01
-1.769948783088695632e-01
2.038047274144017817e-01
-1.076062122410353095e-01
4.942021286791217216e-01
8.170379644706465480e-03
-4.691095963939747038e-01
2.960445882917141502e-01
2.607556155913409168e-01
-3.318589656618580741e-01
-1.334173718550622223e-01
3.455308977564911510e-01
1.154973311981459805e-01
-4.201160350094957918e-01
5.727959840078684639e-01
3.005415753763203413e-02
-2.985250787404533646e-01
3.155286864922371981e-01
-9.727754251762915638e-02
-1.240176563139353816e-01
3.569244648067192438e-01
1.943466001890306882e-01
-7.836950442694526342e-02
5.632177519947072220e-02
1.574969402990027967e-01
4.796787711597540887e-02
-2.155182060790651263e-02
-4.567169591662135347e-02
-6.167500755990242695e-02
-7.113213416006083922e-02
-2.721754526701457566e-01
1.031101831717942674e-01
-1.285555184714346766e-01
7.884958477450676462e-02
4.119555566119635359e-01
2.137618577365675843e-01
-9.022948404653875765e-02
-3.198925118288562519e-01
-1.774552073130669927e-01
-6.209191088633508882e-01
-3.841002846822605399e-01
-5.199640680186831121e-01
-3.946774154219218622e-01
-1.442633471013728685e-01
3.143582239395525391e-01
