-2.360105757039058783e-01
-3.246793299592004578e-01
-8.691349704441557467e-02
3.036931115360033684e-01
-9.066655069434473302e-02
-4.551036662103522534e-01
-1.335678017966645259e-01
2.639252965841954457e-01
1.305785684199026186e-01
-1.788601951302218607e-01
2.855890459297567019e-01
-2.561003287971538867e-01
5.622859816595006388e-02
3.207390257087383567e-02
-8.883784604890407333e-02
-1.279163884261483031e-01
-1.422185381518684677e-01
-3.445996118172806825e-03
-4.882095502665818043e-01
-2.699148929967445931e-01
-8.384194873731345499e-05
3.066778819827916114e-01
5.134858924222807097e-02
-1.791294576967894236e-01
-5.169716788879131358e-02
-1.127918930111397877e-01
4.762256601763711905e-02
-5.935714005753380679e-02
3.748514284005846076e-01
-1.790109398458247791e-01
4.195036089292645404e-02
3.415107857383883894e-02
5.279367149389513347e-02
1.534318512925106001e-02
4.859149894395577152e-02
1.141763735606495661e-01
-1.580323045059348619e-01
8.733112313431738716e-02
5.997977579474025010e-03
-1.615940667119252494e-01
-1.339597391475658705e-01
-5.188845824237540288e-02
4.488177773510833579e-01
1.385275592196565098e-01
1.168617308622333650e-01
-2.446935383785968920e-01
3.954071218107358537e-03
-1.855699460246409971e-01
2.343416707825979883e-01
4.613694030868077667e-02
4.508440110212345031e-01
-1.017645669626151828e-01
1.431811397593480209e-02
3.366245517728426451e-02
-1.657702477973235777e-01
1.412253922279697593e-01
-2.195967285690845691e-02
-2.471512160768507826e-01
-8.264790372907236671e-02
1.088859763737975387e-03
2.431119655850347561e-01
-1.719726625528556208e-01
-1.729382614318151698e-02
3.472545295919019503e-01
-5.767814007659649578e-02
-5.235940785735977709e-02
5.835255956835985053e-02
-8.517419699655913445e-02
-1.203229489985616352e-01
3.331729995479857515e-02
3.374498069923983490e-01
2.169778206288975053e-01
2.411348156719368696e-02
7.780940147598608761e-03
2.877171664462274681e-01
2.367650431495028907e-01
-4.047750925489115859e-02
-1.621377893747151244e-01
2.299939521370650830e-01
-2.398738251604276561e-01
-2.219984770279359865e-01
-3.201702374734036877e-02
1.529492684829467652e-01
-5.429623202339167731e-02
7.166706471576608783e-02
-2.859022742873190137e-01
3.114955178245873979e-01
1.612319777592540471e-01
-9.197335684991145288e-02
3.155407069878149451e-01
-1.765457504503829475e-02
-1.224916097013274141e-01
1.505207002218755530e-01
1.589364815225527694e-01
-1.400321976706776772e-01
-1.077536233131734002e-02
-9.687103955520365295e-02
-2.469908773810468652e-02
-1.009422190926349550e-01
-3.494505185390289759e-01
1.269377999466839713e-01
-2.488957076575245564e-01
2.833049908003714701e-01
3.618207470803606607e-01
-2.239852029305135772e-01
9.689569642063385058e-02
-1.119310768795518385e-01
-4.906898559427554096e-02
9.870464772747380988e-02
-8.760068406509398387e-02
-3.108928286036694577e-01
-5.637524315983188060e-03
1.504915918750301118e-01
-1.392888631551351675e-01
1.732739799017506133e-01
-2.082857936778101660e-01
-2.786903793319812639e-01
-1.641515446122762678e-01
7.193944907115561171e-02
2.282122794952641184e-02
1.925268342226248153e-01
2.942844935790436822e-01
8.048934244730235332e-02
-3.083184632813562934e-02
1.930955104795480382e-01
-8.398797898108621707e-02
-6.712314837363927977e-02
2.308526870760992389e-01
-4.499793368656376802e-01
2.557624032627405300e-02
1.469828515589015339e-01
2.371476293083572551e-01
-1.360192348269372575e-01
4.128733838093028019e-03
1.683794168046059136e-01
4.528910418972662000e-01
1.906191194937930100e-01
-2.778885700698202968e-02
-1.305393601069102516e-01
5.054392496688803194e-02
1.860509983316328553e-01
1.312813643846734435e-01
-9.123417872260426720e-02
8.532984741966601061e-02
2.155972002840885193e-01
-3.132174326420301136e-01
-3.727870248330347747e-01
4.711523533045361423e-02
2.121084735400232887e-02
-2.255664729985177586e-01
1.080207485659112621e-01
2.328051081924965016e-01
2.232280635608169528e-01
6.497394973249207006e-02
6.924473785166433693e-02
-8.349831280757157026e-02
-1.509929822553137124e-01
1.034089632479770759e-01
6.909295253977580653e-02
-3.484431162607479204e-01
-1.389216039000961030e-02
2.814825280970689181e-01
2.199199707871916654e-01
6.611365130480274278e-03
2.313714632319651687e-01
5.804379632146308698e-02
-3.119324522948851430e-01
2.083572386685107747e-01
1.779148784730477939e-01
5.897141687626277808e-03
1.121272767568202156e-01
-3.179560513132252964e-01
3.428831788985134410e-02
-7.274752804782302906e-02
-2.896958681235082822e-01
4.262131737331879000e-01
-7.762518137097024207e-03
-5.354041743977076134e-02
2.213712911647990333e-01
-1.452552789888431617e-01
5.080799272962654989e-02
-1.860512852472834544e-01
-1.012759342981592453e-01
-6.195515868933099829e-02
4.361065467357207875e-02
2.204179535533573320e-01
-9.343714584705625770e-02
5.002307470567776693e-02
8.193338846405018305e-02
1.872839990206900118e-01
-1.489241222998310965e-01
-2.355811981487519469e-01
-8.937010279063982215e-04
-3.385240321985150125e-01
1.719598961142952132e-01
4.977904600094971155e-01
-4.732003977521683641e-03
-2.185986011591568509e-02
1.281312977747200710e-01
-3.254618678500389301e-02
1.750912532529277643e-01
3.899239523350520042e-01
-2.473341816602371568e-01
2.956079438233196188e-01
2.354769530072804151e-01
5.950135591536545587e-02
-1.395196547342344995e-01
-3.497965963208036350e-03
-4.757891139920998325e-01
7.995290014224427921e-02
2.299066314578777082e-01
1.524284231282714841e-01
5.269075931604601942e-02
-4.743648245849644285e-01
-8.353024018639753495e-03
-2.366696862512917277e-01
3.599642785313994509e-02
-1.002227899425795488e-01
2.004664721948258566e-01
2.352586322283755360e-01
6.584204240561403187e-02
-1.669190256085439084e-01
2.328664504912070776e-01
8.363214123843701331e-02
5.332077405548207166e-02
5.342002815414538253e-01
-6.685699778285855710e-02
-4.695253596637177229e-01
9.025872457087499856e-02
-2.954894008633499394e-02
-3.242662779260244155e-02
-9.402661167748199711e-02
-1.050352228029995949e-01
-3.282712274790716145e-01
-9.847725503977707018e-02
-1.130601040780319644e-01
-5.939559359957140988e-02
2.057979910550756034e-02
-2.074374505271085745e-01
1.207509875932383653e-01
-1.042627793954430115e-01
8.657012846645496806e-02
-1.412225617161473601e-01
-1.010129049510144345e-01
1.983290004862906797e-01
1.888548789358674707e-01
5.019697639740372530e-01
-2.575422772662719906e-01
-1.370339038336997606e-01
-2.769209259796448497e-01
6.006275726624307754e-02
-1.621720865285173618e-01
2.043037378191846776e-01
2.213744145891442805e-01
5.715076204793476805e-02
8.044232737565601976e-01
1.000000000000000000e+00
5.628243359670181967e-01
-8.550270758520181480e-02
1.352808169222884660e-01
-4.658010908873851108e-02
9.936897870164859703e-02
1.185542569592382828e-01
-1.338651195748788714e-01
-9.742619024124531124e-02
-1.968363715222006260e-01
6.090589580006305209e-02
8.556481065173941747e-02
-2.800197262383668367e-02
-9.872468416552739046e-02
-8.088676260802059315e-02
-8.338082792051443315e-02
8.281603694611815170e-02
-1.501415205868192881e-01
2.425422629062448376e-01
3.070265031837382530e-02
1.688389405770303608e-01
5.270843691379655666e-02
1.520181068664902720e-02
-3.310828726830153390e-03
1.000374600671865150e-01
-1.323025589781955114e-01
-2.574622238607346958e-01
2.555667115522146093e-01
-3.412953368419548161e-02
2.979138416613885676e-01
-5.433156704761902406e-02
2.044773576622102851e-01
1.320049537391619343e-01
-2.285397979766061460e-01
-1.528216781780390443e-01
3.697264222754504531e-02
-2.411587913331536825e-01
3.011318285242480311e-02
-3.042014364488913533e-02
4.115076559074540841e-01
5.621444222168795468e-01
3.304500115902872515e-01
1.107508182519327533e-01
-1.204664035433802155e-01
7.519453249381474746e-02
2.125635779649240886e-01
-7.623442947144817849e-02
2.898865296078986450e-03
-1.254981983241593435e-01
-9.806036027856204762e-02
2.088545364766405260e-02
-1.161758620856072344e-01
7.503131152631377365e-02
-2.436237461181276209e-01
4.191122184775400092e-03
-3.213410686163390428e-01
4.668480462135358167e-01
-3.510120254553624197e-01
-3.091708417926334468e-02
6.193305032660757076e-02
5.619222963266400084e-02
3.984904865288788622e-01
-1.807470995690913795e-01
6.031227194589611901e-02
-1.967199299572547633e-01
1.796365101910550599e-01
6.535862199041778120e-02
-2.693115339634954628e-02
-6.916288471753771760e-02
7.328681831013413028e-02
-2.658967157230699985e-01
-1.100950820633268407e-01
7.291567162308998373e-02
-2.849062967612606134e-01
-2.649444170723732062e-01
8.404732025833075090e-03
-1.620972284719952028e-01
-1.383833346391269703e-01
1.997266276452331832e-02
-1.851675928979356067e-01
2.217757156710056521e-01
3.498910404727957890e-01
1.634640723114879346e-01
3.377263640911166154e-01
4.844426966690509317e-01
-6.607934975842037761e-02
8.295743046965665946e-02
-2.544576978946886947e-01
-2.759235494932429922e-02
1.554745385995959794e-01
4.920652428079597684e-01
1.109112937853386216e-02
1.864762184082316421e-01
-1.757714424701412315e-01
3.297160380798616619e-01
-1.923524547021094599e-01
-2.958608459458168527e-01
-2.843445234170748070e-02
-2.127374623716346835e-01
4.645941373014386144e-01
-3.600085807294421680e-02
-2.652531846806363003e-01
1.795786693069398657e-02
1.049507424487046148e-01
-8.345983418774267915e-02
-6.880903164122631130e-03
-2.246491308367166637e-02
1.370606647888005514e-01
4.431241385825503143e-02
-2.733789094798770858e-01
-6.780928771082263273e-02
-3.863988488490099904e-01
-6.010980941002989908e-02
-2.396035045521612838e-01
1.763034687298139502e-01
-6.427625150016570525e-03
4.687197622217152693e-02
2.301353592898539024e-01
1.122738765327636196e-01
7.385029921805968955e-02
2.233677729630057646e-02
-2.511724742516138198e-01
-2.192340905619896974e-01
1.847338052942685549e-01
-9.440814579150977326e-02
-1.894265537420821224e-02
-1.274287810932218101e-01
-2.029420942352071766e-01
5.411713809326448854e-02
3.170523426970975889e-01
-1.894057581716027810e-02
1.334084562986204980e-01
-2.625851073604129615e-02
2.024126644531667463e-01
-1.570280033000334419e-01
1.498647136440035554e-01
3.091201697634864826e-03
2.720053016580857297e-01
5.083711525089090744e-02
-2.358462906978338602e-01
-2.516548600673967351e-01
-1.469685712170477332e-01
6.210979195847255580e-02
-1.508713311669861168e-01
2.781817265845651366e-01
3.096464397576802197e-02
-1.190275534207986680e-01
-5.938414758572035240e-02
3.739929724572069354e-03
9.270705707395412998e-02
-3.389201172149363672e-01
-1.574625663911150553e-01
-1.915165910743002187e-01
1.875252058304073544e-01
2.486095348030743224e-01
-4.817904639627205304e-02
6.900771850484585523e-02
-4.905025377100651757e-02
-1.654694605431583729e-03
1.179647976708359525e-01
5.993905169867626281e-02
1.308384999656969638e-01
-6.993220306526062857e-02
-1.114154028864027535e-01
4.303887407325752285e-02
-3.241865212804215246e-01
1.605947066495576891e-01
7.942062403847410801e-02
-6.405934930769201230e-02
2.213318002975223908e-01
-6.438787134489309949e-02
-2.275448664985195713e-01
1.298082301923539073e-01
6.896613445127096342e-02
-1.208853653227475317e-01
1.475328325189228518e-01
2.089540006666105176e-01
1.167858616486006779e-01
1.650983719017320162e-01
-5.118564646766238929e-02
2.160349009739343240e-01
8.939106767605096288e-03
3.693834343821950777e-02
-1.864473675378617301e-01
-7.039275653056346893e-02
3.382908877759848720e-01
-1.538831282228799724e-01
9.293057919871147710e-02
4.075799538119755927e-01
5.937661520321664554e-02
-1.010108134002394714e-01
3.112002856002584195e-01
-1.592253463845386824e-02
-1.947986912930472492e-01
-5.375248482796173011e-02
1.515551509160766308e-01
1.360553507902827752e-01
-9.280399677988517004e-02
-1.643091191877777552e-02
3.310789955465076595e-01
-6.605958987776139324e-02
-2.565379847830858706e-01
4.185480203898492846e-01
2.953532506949309022e-01
6.626934367474918153e-02
3.470663811984309732e-01
-1.100763605982789939e-01
-1.403222312749798917e-01
1.605951429729893937e-02
1.191832436413017976e-01
-1.937361913840368044e-01
2.249497050918593533e-01
1.025631616006278911e-02
-2.227854511666124138e-01
-1.830342699452577049e-01
2.275768429739092047e-01
4.378264872839463667e-03
4.519106940317774157e-01
2.178396958925389315e-01
3.736787561272844060e-01
-2.814750781604043184e-02
4.567477304881478045e-03
3.424868249258269937e-01
-4.088457670331840585e-03
1.292665876317805884e-01
1.702154192532089882e-01
1.264304850694252524e-01
7.749939682282500075e-02
3.382674236404818735e-02
6.078739157836613588e-02
-3.619585431703503057e-03
8.005524675421135661e-03
-8.244099189248280113e-02
-4.055217420309464305e-01
1.572283982725787566e-01
1.384163462590811411e-01
2.404734182155184030e-01
9.224026984405990504e-02
-4.521402492673555484e-02
-6.169627264633984615e-02
-8.252935970997918314e-02
6.472030156173792792e-02
-6.325571308972451068e-02
1.727697840874533319e-01
-2.827226161225350476e-02
1.911639061951539154e-01
-2.439532962127012594e-01
2.968590884179027334e-02
-1.267997993176758487e-01
-2.788130317643668366e-01
-1.956750934716107726e-01
4.419281968365187385e-01
7.807119323304689829e-02
2.152379697347814314e-02
3.848745023084879646e-01
-6.698173576914684402e-02
