3.664336199427432883e-02
-1.017211471756292000e-02
-1.050968380612434250e-01
-3.621656119895020481e-02
1.497476123338691532e-02
-1.484051656813527853e-01
2.107247924775594305e-01
8.931291560596582232e-03
-5.042460058718250399e-02
-8.154944331915209288e-02
7.098663709834117375e-02
-7.998970205457468785e-02
1.084429595689390680e-01
1.470652282149350898e-01
-8.604618364534015462e-03
5.643493750531761166e-02
2.282541738583264423e-01
-4.198180247396259002e-02
7.464496858177717409e-02
6.370698084236683933e-02
4.701112977239586474e-03
1.800078640010871200e-01
-7.206185206125792497e-02
7.249685675057153389e-02
3.952643143732146452e-02
8.318586771465011354e-02
1.915011530767345704e-01
-6.062265764747577085e-02
4.276683144593395464e-02
-1.856794275759451884e-01
-4.504099072988269892e-02
-7.415160281710350687e-02
2.396693029712275713e-01
1.324332709947934617e-01
-3.892402752561002766e-02
3.284235864914313019e-02
-7.364023198328851529e-03
-1.650415894045751189e-02
-2.401509074875500874e-02
5.864659673344849167e-02
5.921167973774561777e-02
1.528736758122027084e-01
4.616268025976119627e-02
-9.992922913061813572e-02
-7.800948284526997012e-02
2.233855047667617551e-03
7.690862480740755236e-02
7.911154691867726407e-03
-2.038485542843454165e-02
-1.930054234053392437e-01
-1.000975705580629815e-01
-3.005903152406588091e-02
4.917241798809151437e-02
2.722457553962781204e-02
3.839539430844931406e-02
1.452755801116428769e-01
-2.105055046703688433e-03
-1.136495677387615449e-01
5.909245990489047501e-02
1.076713283730273557e-01
-1.332383995079017280e-02
-1.496072788830371189e-02
-4.388359967846263560e-02
-5.678178132728617898e-03
3.204675553409020577e-02
-3.654023155906005460e-02
7.834278216126332184e-02
5.801459752981916879e-02
1.438137754002095370e-01
1.749327962415963555e-01
6.970144879311128416e-02
-4.209126293573433458e-02
-1.000056914467560010e-01
-3.373786854866894780e-02
-5.584507993073383782e-03
-1.311427201471748738e-01
-7.204721300463876044e-02
-6.977019305425183338e-02
2.314720590982419571e-02
-1.659467776245282522e-01
-9.305394966740375418e-02
-1.271412706462313469e-01
2.935978980372315125e-03
-3.125634928325260464e-02
-1.420944493321284197e-01
1.175331513839807662e-01
8.714335964559248582e-02
-4.453709541608072420e-02
8.098872691952987979e-03
-7.964080674044356212e-02
2.184004502320477988e-03
-1.113397364062203854e-01
-2.221214581164798405e-02
-1.105150461352242819e-01
-4.892482046901827641e-02
-7.963918017859830667e-02
8.491546128979525487e-02
-3.518873613271159689e-02
1.755595645297072516e-01
1.324562065760712982e-02
-3.174018366760997939e-02
2.048530141804009996e-02
-1.351272684606304453e-01
1.137227663885528317e-01
-6.311426177422478807e-03
4.347084323145383906e-03
1.228495153578836041e-02
1.092339938282951978e-01
3.691129302750659896e-02
8.793396739638725812e-02
7.029778770247466224e-02
-9.606689173164988105e-02
-8.084533740079805075e-02
9.690203748485409774e-02
-1.186792381298855253e-01
-3.357103036779250389e-03
2.017017120129783736e-01
-4.294430721808881191e-02
-3.357770452442142978e-02
-3.966944696848834911e-02
3.227634676031339578e-01
-2.379689458214750281e-02
2.727669240966520275e-02
1.000899693934524798e-01
-1.126720197264314410e-01
-1.117760046730760515e-01
-1.629922412296014034e-01
1.150498187932395278e-01
2.295032572575678997e-01
-7.862443869188494305e-02
1.562914476685800802e-01
-1.156879006417901347e-02
-9.424584555376504247e-02
-3.790280208849226840e-02
9.695387001585058229e-02
1.156597569786197294e-01
-2.109269468226362965e-01
-3.226632676314071524e-02
-1.257559505479184381e-01
-9.851502330026977797e-03
-5.368859060033404074e-02
2.091617430287434631e-02
4.139763899039241440e-02
1.959617033285832380e-02
-8.261542216797021498e-02
8.531218056967090901e-02
-1.014284025181208364e-04
-4.665597792182867021e-02
1.423589968264762085e-01
1.079311976817906027e-01
1.617260307669625419e-02
1.274694589192441607e-01
-3.112468143988390487e-02
-1.300428964083913050e-02
-1.520129803657926659e-01
-2.168483435566383177e-01
-4.041263704405149461e-03
1.232166994273309335e-01
-8.454209517548447531e-03
-2.024180165213718824e-02
-4.985835792974513403e-02
-3.116838116164225014e-02
-1.667691081890883553e-01
-1.419218860851479969e-01
-7.062325963358292991e-02
-1.027024011313852929e-03
5.144347807219073337e-02
-1.424872046406994719e-01
-1.277970508117007853e-01
9.509709245894254481e-02
6.287762833393412132e-02
-6.434160814332513800e-02
-4.407015802539580168e-02
6.013075099599328455e-02
1.732731894198216716e-01
-7.247063324321760536e-02
8.466985751069190658e-02
3.262310879259362056e-02
-7.046036237594607843e-02
2.423613831873378255e-01
1.012652749221707033e-01
-3.193937678853633888e-02
1.879691407634568115e-02
-5.053785216611297870e-02
-7.199801821042816664e-03
-4.280010006138899176e-03
-3.651538432581358240e-02
-6.793278576130505099e-03
4.398437879488972801e-02
1.648387840789463515e-02
4.983669058042464184e-02
-9.327046629056391647e-02
8.607111010064769085e-02
1.885409899423533819e-01
8.676851881431368874e-02
1.330690474062418416e-01
-1.867876440511793967e-01
1.709381659327482983e-02
3.004657716471768533e-02
-1.605652389407902503e-01
7.140726140641628916e-02
-4.363749411221329311e-02
-1.497502663452092986e-01
-8.935648731790618582e-02
-8.062947444981660716e-02
4.142267298711852647e-02
-1.481581625040156169e-01
3.338856686793990891e-02
-6.391632159781339417e-02
1.784137154771356648e-01
-1.602265518032804925e-01
-6.483989062700060146e-02
9.213513410238571844e-02
2.197940181514200508e-02
-1.676141618317310844e-01
1.016486527742664348e-01
2.958687916600452952e-02
9.946014944148829848e-03
-4.120021675584495391e-02
-1.127401359790475288e-01
2.126602094873831506e-01
5.727674641190676902e-02
2.134066081286545638e-02
-5.823390671680539477e-02
-4.842181857248267773e-02
1.494965011110624409e-01
-5.274248525655572672e-02
-6.895629354729858329e-02
-6.508507209135810934e-02
1.724886538072038442e-02
-4.715374051519703041e-02
6.749380232405972901e-02
-6.453349498134391959e-02
1.042532582682753617e-01
-8.614982620015511350e-03
1.572856613171438322e-01
2.488606545654963725e-02
6.113771509726666914e-02
5.074067397650923461e-02
1.128113875216363582e-01
1.067228271164967629e-01
-7.506519502710222447e-02
1.935453015975726054e-01
-6.556626662406003780e-02
-1.063454154795174522e-01
-4.209182322617917305e-02
2.614860992360123482e-01
1.530027079977433480e-01
-9.171968016772190369e-02
-6.810390713095021420e-02
2.934284904225616386e-01
6.271343764127353115e-02
2.160972081462436689e-02
1.935339644524246006e-01
7.401942051036345394e-01
1.000000000000000000e+00
6.816706872305340337e-01
3.231458586562294122e-01
6.976196051444516488e-02
3.822663476009193623e-02
1.241261500772062286e-02
1.049640794944726174e-01
-6.231066307456209485e-02
-1.634743060955869826e-02
4.022662715301461925e-03
-1.918208511180287054e-02
2.053798696615929259e-02
3.185199748698307881e-02
2.525749289145635262e-02
-1.448110798609799077e-01
-9.559262156725337189e-02
-2.551123084780495317e-03
4.276212540151460607e-03
2.814973073052252917e-02
-1.062450035412209198e-01
1.972915524148383393e-01
1.749491371386454053e-01
2.644524223686076092e-02
-1.021900015656898864e-01
1.393572539316731695e-01
-2.414995454039069872e-02
3.788893861540389846e-02
7.659712231259180326e-02
9.453613789244710852e-02
7.663266692814130199e-02
-2.095325963040093054e-01
-1.822702066497244311e-01
-3.308799526787919998e-02
-2.397595568887200823e-02
2.505476230779264679e-02
9.663340818547798416e-02
1.697610764354849297e-02
4.135238798536751414e-02
-1.210220146264584934e-01
1.011052572612650829e-01
9.583766290090460493e-02
1.011408018768145817e-01
2.179298569181502276e-01
-7.579593081940812216e-02
3.700921147750142748e-02
-4.950473822192634661e-03
2.554804942720403232e-02
8.446452274083759287e-03
9.922870311394742238e-02
3.646155709063539211e-04
-8.955794256970135703e-02
-2.072278802082641869e-01
-4.215456639375640691e-02
-6.439515642408526197e-02
1.478614306926952504e-01
-9.052233591773710397e-02
3.125297413200506941e-02
7.724484494741366836e-02
9.394286534329461535e-02
-5.846539132959074903e-02
5.225551546603846714e-02
4.112342335169379137e-02
-7.819481045429378663e-02
-7.611825895670769337e-02
8.990416465166913007e-03
2.195032462465250911e-01
5.242260805241284738e-02
-4.932758880308815708e-02
-6.088181664948822368e-03
6.215442964110538641e-03
1.175632114295904751e-01
2.677832073807136920e-02
-5.163798461989560495e-02
-1.221691975012571679e-01
1.625772228619488946e-02
-3.311929576691054894e-02
1.461315034498711883e-02
1.790842275400889375e-02
2.786053817371622783e-03
1.173731379168965888e-01
-9.400148222808926701e-02
1.028858568410820767e-01
2.364222136046947517e-02
1.687577869856240476e-01
3.350072016296918448e-02
-6.395690617158024394e-02
1.334622774703211889e-02
-7.007860689187415948e-02
2.271151051487177441e-02
8.873431641510431955e-02
2.046871525421255222e-02
1.006738686799451832e-01
8.575833227396932601e-02
-2.835090379828998988e-02
1.493105560361702722e-01
1.082132032873876076e-01
-1.000080162747451068e-01
-3.466934874516183068e-02
-1.161467755569176308e-01
5.341321315348198512e-02
8.242254218211651773e-02
9.827732226068558452e-02
1.038350243512557447e-01
5.595356459677894301e-02
-9.343811916738313517e-02
1.818078412639341848e-03
-2.992089783344796527e-02
4.535209524574935341e-02
9.113713353049061883e-02
-1.931912184639491756e-02
1.031148702625364344e-01
6.416857583263241294e-02
5.093952006127439730e-02
1.112378379205858497e-01
-5.457953081702519166e-02
-6.397741171274137773e-02
-1.311065725159599876e-02
1.307639131895841911e-01
-7.342566304411178579e-02
-6.060336606893228228e-02
-5.095992598807193991e-02
-1.252109423824055712e-01
5.024218243237157933e-02
-2.981287297621446411e-02
1.166073286115676677e-01
-1.271205356163226073e-02
5.326620379352882406e-02
9.921989014173247801e-02
1.907721944034491413e-01
1.197382193706277714e-01
1.033203684171552818e-02
-1.467374502160374329e-02
-2.325065987254672575e-02
4.683242770650997838e-02
-5.719610902519975393e-02
5.626135125302060558e-02
8.158906123588803572e-02
6.332920191105795293e-02
5.927078234533339485e-02
8.535263555538163960e-02
1.423766353523704398e-01
1.988909076886344329e-02
5.511930591200644991e-02
6.542076046303990991e-04
-2.583245916309105054e-03
8.344503875727544984e-02
-9.887120184924937105e-02
7.844977981935288835e-02
-6.657296448945362877e-02
7.451732188513662813e-02
1.603133177165937395e-01
6.394713073614990972e-02
1.661616371713169754e-02
-1.391681977325294646e-02
8.918628581616405704e-02
-1.241435520947407889e-02
-8.912250269790896254e-03
8.937961245255439391e-02
-4.345274070296212959e-02
1.233261459797689447e-01
9.512839528308040041e-03
1.167875981592189638e-01
5.929001674845336273e-02
-5.487013194673205640e-02
3.821591508080635080e-02
6.999361798137641866e-02
8.658497617108398478e-03
-1.352568971429262690e-01
8.039810755456780478e-02
-1.238837478081984134e-01
4.215372380309077155e-02
7.664888795265246968e-02
-4.422218085276822391e-02
1.150534580253595868e-01
-2.231413238044012426e-01
9.311384176786198508e-02
1.232432485010073048e-01
4.595974900327818441e-02
-1.056052673522952928e-01
-3.186283499999238711e-02
2.344286377304010544e-02
1.772135752966412237e-01
2.389207344991242307e-02
-7.577388790431417720e-02
1.183450772929275641e-01
1.286312892383049133e-01
-2.012409781074021105e-04
-1.098110739987478018e-01
1.712666511664100166e-01
3.766742662798558405e-02
-9.605589742884160231e-02
-1.285458348631764725e-01
1.095139059633478545e-01
4.780330500495605373e-02
8.708743774906263502e-02
2.698376645196923565e-02
-4.618535670506451057e-02
1.199666683078217666e-01
-5.275890695388026769e-02
-3.522082827962069035e-02
-6.495511999775305245e-02
1.359034036601113882e-01
-6.044244660311739320e-02
-6.944893671004945257e-02
1.327957358975234529e-02
-7.301546016694168695e-02
7.963835569108192181e-02
-1.397772768382327946e-01
-1.711417792610726157e-02
-5.765164977023625771e-03
-2.571786901434398864e-02
-2.215848737385633579e-02
-5.437795149886475582e-02
1.527428247796463467e-01
3.302047202912978402e-02
-1.587400601312822790e-01
1.629532099779093524e-01
6.935857890832836103e-02
1.387638921946082182e-01
-5.492177352042746513e-02
-1.128839326154479211e-01
-4.164576490361466404e-02
2.984696592287286107e-02
-6.146932527049347311e-02
6.073237799630452211e-02
1.605841348654615114e-02
-3.189623316338953407e-02
-1.007314192933334851e-01
-1.237070008166899111e-02
-6.310644875927320929e-02
1.115543483611240866e-01
1.610973746260423722e-01
-4.061312052385406858e-03
9.040255783325129579e-02
4.880244293302068298e-02
8.259119443940034222e-02
1.203479484955457673e-01
-2.669220849693684783e-02
1.470298871381509886e-01
-1.336528725719200901e-02
-8.809360949151943954e-02
-5.241472685878783427e-02
1.456499666156869099e-01
1.214302120632087569e-02
1.170280685983651620e-01
-5.639755522865240456e-02
-3.499966332835763999e-02
-5.997998888021089520e-02
1.884086503236448440e-01
-3.310515330640844984e-03
4.108397194027504223e-02
-1.090332167006685810e-01
7.641151036452115131e-02
-2.367342609826707522e-01
-8.591329955020053644e-02
-5.663031517330036763e-02
-1.370767613706823929e-01
