4.825432067829694138e-01
3.631037496580839102e-02
3.954235631591640487e-01
2.134236919143902289e-01
-1.648453481182342306e-01
2.383048999835743476e-01
2.467223782995117687e-01
-2.185685458998368191e-02
2.944596049442047558e-01
-4.429905418359341568e-02
-4.254303970990678807e-01
-6.244662710575759057e-01
3.660815342099656422e-01
-8.340584199621103867e-02
-4.019548197118367333e-02
-4.819914130526142121e-02
5.323608799230827859e-01
3.263600689496877205e-01
1.742129566606548108e-01
-1.217489738079366585e-01
-5.732576908462024001e-02
1.286923025500612272e-01
-1.807224514678127669e-01
-2.498733812765955020e-01
2.594258992910828954e-01
7.645072484178912220e-02
-1.169741521151651531e-02
-5.178006907688958993e-02
-6.408312136254930014e-01
-6.160774066338267074e-01
-2.943543749876453286e-01
4.291087679464473115e-01
2.763361894719070233e-01
4.018430579391988888e-01
1.659576846446783882e-01
2.761565332497026293e-01
-3.395246292310105662e-01
-1.788220364266946139e-01
-6.528828129380586098e-01
-1.241728783760756710e-01
-7.096566050473862575e-02
-1.162746674117042661e-01
-1.039665773994555842e-01
3.098059947342095000e-01
-6.660376793808778784e-01
-2.515124276002659864e-01
2.884452971790610887e-01
2.336058817844691993e-01
-4.713261250316466699e-01
-1.596635579625045043e-01
6.950107935039624707e-02
6.071583607016708406e-01
5.773587949709102496e-01
1.017608558002682656e-01
2.346567061539775179e-01
1.077932693299256117e-01
6.608864383096846318e-02
2.130097783105460441e-01
-2.611676105404690529e-01
2.302475775703945182e-01
-3.985821685661040947e-02
2.802746465213319937e-01
-1.173732441402322441e-01
5.377444666249464600e-01
-3.718527974352827670e-01
-4.156246416829506574e-01
-1.149236345428893552e-01
4.814300842020861892e-02
-3.263735199025613598e-02
7.317263219444812561e-02
4.066523079037904220e-01
-2.662595308811654612e-02
-8.367040181466656179e-02
-2.410862716325042898e-01
-1.337709281538670691e-01
1.477208463058863608e-01
-3.097173712414657554e-01
3.826950859747927924e-01
-1.140096866762754235e-01
-4.645673943543875417e-01
-1.076062338840289567e-01
4.046507596625543157e-01
3.262344494108715964e-01
-2.794286529799356322e-01
1.382557330935777484e-01
2.791130259102704292e-01
-4.586082505969147349e-01
2.031563635295228765e-01
-3.137541472499891237e-01
-5.581416202186746389e-01
-1.162548731025630500e-01
1.373771532976226784e-01
2.115427889443700082e-01
1.805558975733637384e-01
-5.300783004950801458e-02
-5.064070201955724881e-01
1.103876353050650405e-01
-1.789697962894205296e-01
-3.741468619170413290e-01
4.176405109424084494e-01
-2.429788067987400380e-01
-2.217657744843527234e-01
8.183994002567215875e-02
-8.261507465953091267e-02
-7.989039874386952289e-02
-3.617210338686903115e-01
3.594310645155616157e-01
5.218722412931324772e-01
-1.214248434459987425e-01
-1.612000647794925023e-01
4.586265115525874347e-01
2.740399665914584060e-01
-1.658109899091699813e-01
9.345023216058194471e-02
2.647963512403112007e-01
-2.457168147596263535e-02
5.469879873541287907e-01
-6.049850798425917414e-02
1.562098112274357686e-01
-2.151684996428195051e-01
3.752505648485869871e-01
2.937493281565205505e-01
-1.137788080117022732e-01
6.497749519798140527e-02
-2.528757517633477558e-01
2.520452655057791591e-01
3.462788246977031581e-01
-7.881788336133342954e-01
-1.161311313523040317e-01
-1.554080999617298287e-01
-3.218243221777610241e-01
-2.861725619877830140e-01
2.053592384627514478e-01
-7.857606521491992124e-01
2.132786516707191049e-01
4.284604093449045914e-01
5.873587347361790278e-02
-6.163967681601870141e-02
2.076290042218509047e-01
8.889961673414130058e-03
4.894814044384837026e-01
-2.382642164659682926e-01
-1.983826086824546642e-01
3.335924713903124506e-01
-2.064602882529519845e-01
-1.011803601577002248e-01
2.163382337537350653e-02
-2.685610968403846499e-01
2.359040721918075900e-01
1.061359279977921316e-01
5.491463940234790897e-01
3.406987731335581887e-02
-1.623225795588040601e-02
4.442276545332631832e-01
6.046546181710843459e-01
1.246678145801026066e-01
-1.993658863838020656e-01
-3.998117095401684806e-01
3.191565577557215483e-01
3.063505902515618606e-01
-3.267694175708394377e-01
-8.286922097225692119e-02
1.077391363967214882e-01
-2.005624998334049336e-01
2.664277036773267104e-01
3.193274890168239510e-01
-3.894739272520069129e-01
-6.386028390951423162e-02
1.029475061544485662e-02
2.108787635871959276e-01
1.786091364797706693e-01
1.524603733875841589e-02
3.945013569298480571e-01
-2.404134477639688697e-02
2.585953508364689513e-01
-8.506102655748573604e-02
-1.712161557145984447e-01
-2.052102187841995870e-02
2.671512065838694827e-01
2.886716714301163500e-01
4.018156432937410732e-02
-7.676661328071527901e-01
1.026013446507878374e-01
2.532434728780250111e-01
1.549606603951228234e-01
-3.950359514855297238e-01
1.457804641586464278e-01
3.390701354319455851e-02
4.712776827775072563e-01
1.194690427283804507e-01
-2.142964880371273917e-01
1.003025897673233968e-01
-1.549934375214819249e-01
8.836610186589934079e-02
-2.154300576041967286e-01
5.476305835609799992e-03
2.166440642236173303e-02
-2.731632040148661567e-01
-2.251081313326038225e-01
-5.212943949752198852e-02
3.838524827825483543e-01
-1.515039799085167449e-01
1.931280759220951049e-01
-6.359910280814508321e-02
-3.417020110785607551e-02
2.341655812126663960e-01
1.210305971044115386e-01
-7.608647381042142610e-02
-1.137308696644748901e-01
-1.125645586517075025e-01
1.238088414772102464e-01
5.738054467613606935e-01
-3.306608743533702710e-01
-2.357170400016525280e-01
-8.835065840696802730e-02
-1.607561326047071693e-01
4.508603677398150683e-02
9.759358060731312956e-02
1.635751502335235363e-01
-3.043579199734915142e-02
6.743587754675973711e-01
1.016757629600678475e-01
-1.868971856220864591e-01
-1.846177568215320031e-01
3.563133706740238132e-02
3.170913081617910412e-01
7.793166483587913446e-03
-2.146605855052068357e-01
4.151609510960237452e-04
2.546726535367890842e-01
3.105619552205757250e-01
2.568780621008844856e-01
1.222556108749248138e-02
1.893386904200155818e-01
-7.074904391710314100e-02
9.854045753570361832e-02
1.943507436778398045e-02
-7.766041247481332566e-02
2.431085182104049391e-01
9.646338812947911900e-02
-1.511786292282022992e-01
7.066063292897113712e-02
4.230281976145341266e-02
-6.475649929935051174e-01
1.946837866169779524e-02
-1.099075240261915276e-01
-2.183568123040156017e-01
1.149532454567540607e-01
-1.802560053648511740e-01
8.216435099778256201e-02
2.274105082348150120e-01
9.633193681483449566e-01
9.503119793302083895e-01
4.594908292716246012e-01
7.550820957097444941e-01
1.000000000000000000e+00
2.632540266973347753e-01
3.152739189284063936e-01
5.859313469205381653e-01
9.216902638143761317e-01
4.244342328303184475e-01
1.468970520297430693e-01
2.332751799765662437e-01
1.345047158913843244e-01
-7.810059395609689203e-02
2.062746856300633480e-01
7.918914419513879421e-01
5.461541255932943900e-02
3.486571028387906029e-02
-4.211837603092110083e-01
-4.786840572726956955e-01
-2.489225038834807016e-02
-3.865231885343139995e-02
-2.881919370112113743e-01
1.155837772761045268e-01
-8.130006895940644629e-02
-2.089479887957698678e-01
5.511554144406396322e-02
-2.924799813083276204e-02
-7.337877634407632410e-01
-3.152234842588045316e-01
-1.429126630963633571e-01
3.785461041624495482e-01
1.068713437107821213e-01
9.848604399230725948e-02
4.798297845756842039e-01
1.855004268625045638e-01
-3.280813316754739861e-01
2.891903743055957987e-01
-3.107587234413392019e-01
1.730130558602084867e-01
1.134613620531786139e-02
3.491298673606938463e-01
3.606216709952465016e-01
1.137818771419235641e-03
-1.236690004257101627e-01
7.978018952695077326e-01
4.201901247877554701e-01
-1.143500515256136302e-01
2.253842860388219904e-01
2.549085978351856019e-01
-1.399936022832192206e-01
6.231839353999853864e-02
-3.057904907444770198e-02
-7.832631399271319794e-02
-2.304127625085739331e-02
2.047651630600976977e-02
4.974317742977060752e-01
-7.016269975145852933e-02
-1.907502724768800895e-01
-4.774605329351675614e-03
1.182091961523342172e-01
1.824945862924229889e-01
-3.366527611844316592e-01
7.474711461080832953e-01
5.251479489475983919e-02
7.317656887615761607e-02
4.792103221043532146e-01
-3.752717097787108269e-01
2.569581790456336723e-01
2.723617966200345686e-01
3.099535620972642680e-01
-8.020993658178821040e-02
-6.969343615175552231e-02
1.289717737763007022e-01
1.993942380010257573e-02
-1.802300570757894849e-02
-3.357808425728335266e-01
-2.445367997251988723e-01
1.683558793000406173e-01
2.890710407190190678e-01
-1.766678551885606241e-01
-3.944889169558659092e-01
-4.095317211573287208e-01
1.767105013495032517e-01
4.184904735904337314e-01
-4.143900757715959088e-02
-2.041660394108762433e-01
-2.632883080079647664e-01
-2.434943640628802267e-02
1.702237405115194779e-01
-2.139819277225307181e-01
-1.061789326416730378e-01
-3.996177961246388244e-01
-5.391502699339290050e-02
-1.771952846530128189e-01
-2.193106732609415022e-02
3.823004951981366917e-01
3.210322566082544904e-02
-2.902660991823223235e-01
-1.078948134428024258e-01
5.472440995659527685e-01
4.064507887121268648e-01
2.537635073700828317e-03
-1.159347265397161000e-02
6.528605017055062743e-02
4.244978529806746163e-03
-3.163009533657405448e-01
1.233807604184326695e-01
4.025296869629805818e-01
-3.530756820010194086e-01
3.395593987728320884e-01
9.412241474710883460e-02
-1.204335015094517569e-01
2.826107353744939377e-01
-4.614076074748980627e-01
7.718257259374343426e-02
-1.178990829377830341e-01
-2.845697320767325289e-01
-4.190341732229472815e-01
-3.101074592325142598e-01
2.088388421624612634e-01
-1.357928384360133633e-01
1.099731555973029878e-01
-4.077112370727520307e-01
-1.702353202778552066e-01
-3.564329043804406738e-02
-2.629947606930150839e-01
-1.473257332452287682e-01
-3.457721840670128100e-03
-2.276217700103332423e-02
-2.450240038667890301e-03
1.573087144427697329e-02
-4.280833545441773552e-02
-3.353567047071696616e-01
8.015445139973065292e-02
1.352804723147625621e-01
3.572045434462815527e-01
2.651445894530684022e-01
-3.866217113881594003e-02
1.993332006237056309e-01
-2.966400946239726166e-01
8.812780829697290652e-02
1.495720977978079180e-01
2.195490313492158910e-03
-2.898652273370195265e-01
3.762564478443930494e-01
6.305709334809038447e-02
4.030670600790405289e-01
-2.226851681005396766e-01
-1.069525339220238069e-01
1.468915149139271292e-01
-5.617826878934248924e-01
1.351140438393072241e-01
1.447294489173377718e-01
-8.061840931963228096e-02
2.827564298326040171e-01
4.987014682755442352e-01
-6.581868045502492492e-02
-2.731976372608937997e-01
-4.723453872808715953e-02
5.994299016730267327e-02
-8.288573606984944719e-02
3.403324355771160659e-01
-3.266687574805651195e-01
2.941967287867643943e-01
-2.549051224393382789e-02
-2.426543044604064503e-01
2.674082568760267065e-01
1.018825288902093368e-01
1.129655030642482067e-03
-4.243779836904697511e-01
-7.231454148628740919e-02
-3.181013625310232795e-01
8.319368925783975077e-02
4.837360613997560566e-01
-1.911629673901987791e-01
-9.898602582521698334e-02
2.853505578184431166e-02
1.408435276227521238e-01
2.722128164389518989e-01
-3.120572221831856563e-01
-9.310198537970335378e-03
-5.371811009291410643e-02
2.243389009074430174e-01
7.854186056953853245e-02
2.066035993878010957e-01
-2.063841145013757261e-01
1.614537969237181125e-01
-6.791513665385132681e-01
2.259195937502858353e-01
-4.183739964369418418e-01
-3.951255487392283383e-01
-2.583708900546120568e-01
3.237566372629259448e-02
-1.546279370025598066e-01
-3.825518678340771306e-01
-2.895126297059705256e-02
3.006059976771284781e-01
1.612968438736590016e-01
-2.806531347410448629e-01
-3.313793148817917866e-01
-2.192722643548806749e-01
-2.184663914829141351e-01
-1.330317633752461093e-01
-5.946680251507493464e-01
1.128298283702035831e-01
-2.517538745329010383e-02
-8.419164483245653030e-02
-1.060297681001941827e-01
1.593377001195759035e-01
1.511008161061761779e-01
-4.996806606154667874e-01
-3.992242429338537235e-01
3.232635967957189771e-01
1.040347819666039356e-02
-1.166507788195604439e-01
5.511938513167947279e-02
2.481660005119577517e-01
4.115612782504917688e-01
6.063253130977082350e-02
5.008973067922983802e-01
1.734924490997269142e-01
-3.550686945250633997e-01
-3.646731232491684516e-01
2.885893912030844111e-01
3.097070134213774084e-01
2.714477525036048111e-01
-6.992938370589363295e-02
6.386756199981774573e-02
-2.375645473114962603e-01
-2.103088755778401153e-01
-9.615580854577501779e-02
2.993722329902941404e-01
1.063365939639414059e-01
5.167910149778415230e-01
1.939234374106652559e-01
-2.131276482770858294e-01
1.579754086588119610e-01
-1.743059650563592022e-01
-9.088555008846063710e-02
4.801758660176220772e-01
5.863304684529947741e-02
-1.559016671676648480e-01
3.293630286269384061e-02
2.606273842470066548e-01
-5.492388387612382253e-03
3.439631778566776821e-01
4.064145739273776758e-01
2.190399339359361541e-01
-3.340439159182715528e-02
-7.739511114835434698e-04
1.955590120231554263e-01
5.170197697252230246e-02
9.194402289683679952e-02
-2.407446633780509909e-02
-1.109610728983472655e-01
-3.065939867628237891e-01
8.143906166894537835e-02
-3.099541671375453111e-01
-4.620469776033978709e-03
-6.493805093219451319e-01
