1.772550072073647009e-01
2.366107610398328898e-01
-2.366249505683943877e-01
4.923199532624818013e-03
1.603094863315928653e-01
-5.564612503957776929e-02
-2.585763183753986838e-01
2.413961255469588840e-01
2.172188502687272607e-02
1.868844047355211480e-02
3.579834139175127605e-01
-1.441738337362825917e-01
-3.870690744088000623e-01
6.976114177766920554e-02
-4.951011172169772490e-02
2.019782201427687551e-01
1.815197325879409213e-02
1.768788966832988696e-01
3.232035789353216448e-01
3.113866218110818845e-02
-2.690990658893841481e-01
3.425446286560573372e-01
1.499530416353532514e-01
-2.523045728165546758e-02
-1.113164611318668944e-02
1.087437755164671477e-01
1.896348871673801950e-01
-1.794894242853577182e-01
1.485372855562382410e-01
-1.519406150378906951e-02
1.944801244636875093e-01
3.767856085357116358e-01
2.584848763801360638e-01
-3.809551862631298247e-02
2.587927801002071204e-01
-3.436142143621078171e-01
3.288658444190068475e-01
1.194280500725837385e-01
6.994238920025516726e-02
2.025776124974790482e-01
8.594209064759912586e-02
-1.341612224665926500e-01
8.201034849734072096e-02
2.452554854918561136e-02
1.920791081952730739e-01
-1.722232445808491164e-01
-3.250832348088221468e-02
2.645922181406181947e-02
2.463289898986009419e-01
-1.729150869513335909e-01
-1.059212654765773545e-02
-1.414585561020222648e-01
-1.318650071716626904e-01
-3.072221783291427255e-01
4.497562098042318102e-02
-3.462970091394819150e-01
1.742811353141106578e-01
-1.552147984492585793e-02
1.352267365320431458e-01
-1.745016686795000660e-01
1.485396262591732186e-01
1.780600488867950873e-02
2.083065672356468334e-02
-5.477735231848093050e-02
-1.665909154917260826e-01
-1.113522153598619641e-01
-5.638934760990389067e-02
5.656428984017943537e-04
2.606252106308546979e-01
-1.184392825853495257e-01
-7.523504711671498424e-02
-1.367347406240014274e-01
6.270299916981209032e-02
-2.008183740622311308e-01
-6.307514369232108953e-02
5.809771173379503495e-02
6.536200943900973004e-02
1.234714095457234567e-01
1.822448505719054257e-01
2.523172032428691591e-01
6.493578343630493355e-02
-6.279339523230586563e-03
-3.619900244031136749e-01
2.025884929745975227e-01
7.695266266266362343e-02
-5.849054122882770684e-02
-2.051917927085383508e-01
-7.157583205335875387e-02
3.454883453662394022e-02
-2.431512732115643713e-02
-8.876724891647450044e-02
-1.154507662163320458e-01
2.553503948519568745e-01
-3.118765824959117416e-02
-4.940030354295577020e-01
3.040216211840565119e-01
4.080672837639347933e-02
-3.838518359705884175e-01
1.038818230056131192e-01
-1.338709172126083778e-02
1.205557813865706929e-01
6.976247070363444935e-02
-3.409308023066424664e-01
8.804937593888692224e-03
2.394934646583961602e-01
9.286513554431125722e-03
-2.583543142952299254e-02
5.136769911491063934e-02
-1.836918587081062260e-01
-1.089748380542375147e-02
1.536117057349336255e-03
1.229439408087899949e-01
-3.133710956780617063e-01
-2.114554269159724109e-01
1.776199411160142919e-02
-3.411421407076330181e-02
8.180796138933091322e-03
1.582854036247436369e-01
-2.942526633249593071e-01
-1.686664897880613689e-01
9.032039645912742776e-02
-1.308538707247628580e-02
-1.007176447636251304e-01
-1.887644379721148749e-02
2.692260827642884435e-01
8.052679713297117292e-02
-1.967248991104334210e-01
4.172684786884247043e-01
1.556983641581666244e-01
-9.920069313516331755e-02
2.391135429508415844e-01
-1.615169561262435882e-01
2.251190268673724237e-01
-1.742651184839583145e-01
1.428611042645443752e-01
-2.973462336116941551e-01
6.969107398492606527e-03
1.163424664867036967e-01
-2.100789058383779051e-01
-2.701892214218936661e-01
-3.817882482981050374e-01
-1.693280746242283030e-02
2.362003026794676219e-01
1.101558318017188398e-01
-2.575730874047864674e-02
8.126636709429679861e-02
2.172626590453481665e-01
-8.754162734812556690e-02
-3.309272366996399151e-01
-3.053251936034819258e-01
5.864145400155290622e-02
1.369172660312506229e-01
2.084362495936620610e-02
1.958344429033037348e-01
2.277806307837379751e-01
4.717806242796655503e-01
-1.212276371689258864e-01
-3.206946017094655654e-01
-9.772938133885961109e-02
-4.269908055963547167e-01
-3.001684943478477030e-01
-2.735550658513168365e-01
-9.993319380285918541e-02
-8.591611074755339805e-02
8.894189901249430208e-02
9.529697145875182240e-02
-1.451425294200033543e-02
-5.473297590460389772e-01
5.658041279135561652e-02
-1.346626603621783880e-01
4.549757397141311333e-01
-3.398241766382418400e-02
-1.603435849800795010e-01
2.441499907396282865e-01
7.934596219433689979e-02
1.792797242122239620e-01
2.702642578387648431e-01
-6.072367280931718903e-02
-9.103387513078191329e-02
-3.677134745820456185e-01
2.834457626776960004e-01
2.809639828882064538e-01
3.742777677398922420e-01
3.354375959714403499e-02
-4.270785833606003529e-02
4.916546852112825550e-02
6.277391101060013356e-02
3.540638339854562111e-01
-5.026486221223471634e-02
-3.431695248345355276e-02
-3.089737811339525742e-01
5.433904156577839401e-02
-1.062457731374742281e-01
2.017677649933563577e-01
1.680147659048821240e-01
-1.575688932602789250e-01
-1.222003406411449611e-01
-4.236742064232273397e-01
2.767772990879167616e-01
-3.716010395151984891e-02
2.947691232936273664e-01
1.382298501919421718e-01
2.643779045068355704e-01
8.728401094466128884e-02
1.632816518199409761e-01
1.240630851637116033e-01
-1.726399020125009287e-01
-5.609490099423846549e-02
1.737559129103484479e-01
2.192622232967992094e-02
3.677798768549505604e-01
-9.304337756664932124e-02
-5.980997190389818197e-02
2.258917913334392569e-01
-7.932113562584938715e-02
-2.404473990788257853e-01
-2.398541586105392143e-01
1.316212593913442530e-01
9.897981623232987494e-04
-1.719972577134303571e-01
-5.760783567984145703e-02
-1.193731455549075782e-01
2.029530283935896406e-01
-1.034449562065812150e-01
2.889528587650248004e-01
7.370215236988485186e-02
2.978115663247725142e-01
2.031468574185998216e-02
7.789285311303337234e-02
-3.087212745565819372e-01
-9.861285100004966997e-03
-2.458198521678336412e-01
1.230913462835613870e-01
2.089065767525438988e-01
6.524969748817320558e-02
-1.173506276983758007e-01
1.717530682493706162e-01
2.144056389541550423e-01
-1.784606893724281496e-01
-1.952755370078560482e-01
-1.982499842739577495e-02
2.487751571305883702e-01
-3.661840753706821754e-03
7.645285382215792624e-02
2.261079566855530576e-01
-1.232687994241801338e-01
-7.841978567814066048e-02
-2.170299539546974021e-01
-5.400208857500989751e-02
-1.952071244444912312e-01
-1.480492915015975963e-01
-9.031788391824362161e-02
-1.694197697980255879e-01
3.605571076693095400e-01
5.794461383959119694e-01
6.929876312554349438e-01
1.000000000000000000e+00
1.420496277053416856e-01
-2.158977522737727181e-02
-4.583236682941892459e-01
-3.688715367894732089e-01
5.082346797856764770e-02
-6.500498875380882058e-02
-1.792397472795072000e-01
-7.834567993197416591e-02
-2.303490427531140472e-01
2.971759913193317004e-01
3.525853230813099509e-02
3.559297119650778884e-01
2.269328129992974619e-01
3.547665096481963376e-01
2.393181921231392340e-02
-1.911758629847908064e-01
-4.822246540075991045e-02
4.546931197430465615e-02
-3.110893020796252628e-01
-1.288313752835213225e-02
-4.395440406478460238e-01
8.336947147277092365e-03
1.919705130581996211e-01
2.803397470635252131e-01
-1.896832371975726295e-02
1.784772933157086350e-01
1.160785905636294441e-01
-2.058273035091975622e-01
1.463398477579131718e-01
3.574034116491603963e-01
4.973864129498239972e-02
-8.803381382165381686e-02
1.903941473441594923e-01
2.546535879664063584e-01
6.886586636652022864e-02
-4.520071192015782113e-01
8.538658453529722470e-02
9.277990800109329333e-03
1.697927167000542747e-01
-1.759891912065532707e-02
-2.000918681110822744e-02
2.101276754895300969e-01
1.783235287904177263e-02
-3.876365383846594459e-02
1.131900522076569882e-01
3.193192812666703628e-01
-3.923990645511284958e-01
-2.113818284629784619e-02
-1.929197490528785364e-01
1.600442513175712456e-01
2.019306209614527559e-01
-1.154597948591196965e-01
-2.000681123632383207e-01
-5.888208522635684367e-02
5.445508735025870323e-02
1.775281214074140856e-01
1.161408040557267429e-01
-2.260132300532472494e-01
-2.535978457613443857e-02
3.124786145122858405e-02
2.126747683067506944e-01
-8.186242387062386827e-02
5.872085843168064340e-02
-4.018163475938488216e-01
2.475550871904526329e-01
1.604131981782816740e-01
4.204829819248608880e-01
3.065751358518144509e-01
-4.507474971109264872e-01
4.405902327065185364e-01
2.235619398500647836e-01
-1.463393431558138690e-02
4.421101880961817582e-02
2.576446979825917638e-01
1.195861944698660972e-01
-3.961945832376125715e-02
2.587910265104193530e-01
-9.460062315844518233e-02
-1.131011131278785303e-01
-1.173093993079169506e-01
2.039645251836069151e-01
2.188091053846878686e-01
-2.371819743461699437e-01
-1.983297609034640197e-01
-1.585887542301107067e-01
1.780500555360531312e-01
-3.608337629703367022e-01
-2.823027879161396983e-02
1.606849664324660476e-01
1.797998405463126226e-01
-4.789280398994399390e-01
1.482235641186576691e-01
-1.264434805459677125e-01
4.509663505983311227e-01
-2.220333016085066224e-01
-1.323462017784470257e-01
2.461067538847257485e-01
-4.761034384603705094e-01
-1.895741780772579044e-01
2.300135590748538655e-02
-5.750012391019357350e-02
1.994742075503568857e-01
6.105814354256219878e-02
7.703670131376046115e-02
4.353845411388405084e-01
1.470000629440845925e-02
3.294867618036209089e-01
-6.514693697013072826e-02
-1.743247684938698250e-01
7.433372745234756440e-02
-5.036978572591089831e-01
3.425770341630796079e-01
1.063732827557810484e-01
9.174466214746285209e-02
8.647391049630569204e-02
-2.523599190154032779e-01
1.270942060339969593e-01
4.568350095737986477e-02
4.685556861246314986e-01
-2.447866089732733327e-02
-1.956472662552047048e-01
-1.581844307362694213e-01
5.497259548740943309e-03
6.090500017027505701e-03
2.869396565352940742e-01
4.728289234685963127e-02
2.131508096589796730e-01
1.914935713186453059e-01
2.840105070669730059e-01
2.333091405113451589e-01
-6.960518326523472410e-02
1.045274894904915375e-01
4.336492444998336221e-02
-1.484808935381085604e-01
3.094526521760608828e-01
3.649168187371269051e-02
3.148379149263630383e-01
-3.015139388443851542e-01
-1.657837666795066930e-02
7.263878651144081711e-02
-5.802332276003529382e-02
-5.290438802534878915e-02
-1.285123970673943961e-01
1.301271446988517266e-01
-1.291954467194244283e-01
-1.872829915021755331e-01
6.808742573755147132e-02
-2.683149924075588499e-01
-2.217803363275329676e-01
-5.210475430542339526e-01
7.757073345585782653e-02
-9.627446760808806847e-02
3.753894011174618295e-01
-3.348578386634224469e-01
-4.757277950296906130e-03
1.762507723252649261e-01
-5.062335078948142567e-03
-2.170132689051518515e-01
2.703117495052538288e-01
-2.181560391937236165e-01
-3.377670425018890893e-02
2.388697472265059914e-03
-3.382533665431747827e-01
3.352789416949322199e-01
2.442677492739806638e-02
-6.209193722192422188e-02
2.405684094967312781e-01
2.264097255391001873e-01
-2.461619451496778743e-01
4.067033664723409547e-01
-3.676800101131907916e-01
-3.376234041358692605e-03
-9.443085647120726123e-02
-3.039810269732294290e-01
1.333930004401630461e-02
2.122049430456889596e-01
2.927997902863861968e-01
-3.400979057621952850e-02
2.985834775883578485e-01
4.446221114443102418e-01
2.751187163921475776e-01
2.147121363984159648e-01
2.178491643888811891e-01
-4.376095915303522821e-01
-8.969230214769735587e-02
1.953658521984815988e-01
-2.890559468704111817e-02
2.902331828480999576e-01
-1.102236439884948932e-01
1.809641188449074567e-01
9.427173445511384531e-02
1.730499553173371619e-02
3.855419370495341558e-01
2.550987818617762859e-02
-4.044339088529544032e-03
-7.271567452588638403e-02
2.287187504953244188e-01
1.014483579201309604e-01
1.793315392956716658e-02
3.937727926853961530e-02
2.771863681923715794e-01
1.761302679142034977e-01
2.991522219006320094e-01
4.337693519420390831e-01
-2.797265803370545534e-01
3.660692494963665999e-01
6.652621038775963225e-02
1.383352854634176399e-01
-1.218148031006336673e-01
9.947499095013125070e-02
2.262666541562021461e-01
1.127163685782246877e-01
-2.137969478741652551e-01
1.253955716441359537e-02
-1.836276348071708420e-01
5.982069392488762599e-02
-3.378793204130402933e-02
5.120952794503758065e-01
-8.949443388030939306e-02
-1.988180184588739588e-02
-2.015831177876436509e-01
4.954751837203633970e-03
8.002273542525445427e-02
4.825241883866336901e-01
-7.229661218655601684e-02
6.222857372756172845e-02
1.140755571631812543e-01
-5.919754710862380059e-02
4.648783087308885204e-02
1.535830188068819102e-01
-1.960695696847763458e-01
2.839918626682695901e-01
-2.592439778640678871e-01
4.297708024633657697e-02
9.473211955464774792e-02
-7.183927943779305769e-02
-1.561615485458603125e-01
-2.354268906519492166e-01
7.744947021207861104e-02
-2.916339771840777972e-01
-3.719107046905776315e-01
-4.266828916566332841e-02
2.494200409626569012e-02
5.217679156618676428e-01
-1.645329869622639274e-01
-6.245352146010146703e-03
1.639745871920385012e-01
-3.176995521002662914e-01
-2.603972171110179867e-01
-3.383957734630997360e-01
-3.260932641596031578e-02
-6.077416576689684963e-02
1.388168142390972526e-01
-1.085019605583854574e-01
3.607304968005657919e-01
