-2.148928227562008908e-01
2.814152799947268468e-02
-1.099779818641507395e-01
-3.898186578665683855e-01
2.084571040034187139e-01
-4.009761133064228961e-02
3.909032793967424230e-02
2.374765815046451720e-02
3.428084713319774490e-01
1.450986328791692703e-01
4.003583444269376290e-01
9.398232349875908220e-02
2.479657353621349952e-02
-2.770198529117766650e-01
1.568198231411694621e-01
-8.533152726714082759e-02
-2.535161227743668588e-01
6.114289610020975929e-02
-6.573127510003301532e-02
-6.751143526051260613e-02
-4.224962888630431207e-02
5.219509555729896777e-02
-9.317491700435348578e-02
1.457732397909188571e-01
1.150242899274321051e-01
-8.511899330260688790e-02
1.487131157698866613e-01
-1.894056558019120984e-01
-2.016919853930826678e-01
-2.515794976127156551e-02
-1.197329170753191480e-01
-2.938269186439434327e-02
1.080368879201116204e-02
-1.204141398092272303e-01
-1.492694875935036691e-01
-1.321551533232661335e-01
-4.064218999352798428e-02
-7.465459139111596185e-03
2.857742625324674601e-01
9.504085279253947360e-02
-1.481569619227028345e-01
1.008886415464500461e-02
2.960780831281950576e-01
-1.782251448317685727e-02
-1.022069127130685179e-01
2.650826165823826353e-01
3.980804149369105982e-01
-2.270903688250265617e-02
9.853103823398094707e-03
2.556364997028375829e-01
-1.899109687750385467e-01
-1.110220193067025796e-01
-5.466527352651412430e-02
-3.172974253704940462e-01
1.978582865262598633e-02
6.475604614072075216e-02
7.081606300995410552e-02
-1.465523549230771105e-01
-1.228270239201579017e-01
7.505156146417107932e-02
-2.384669936224478592e-01
-3.570490813910275757e-02
3.020925992998597653e-01
-1.280984207374027406e-01
-2.686098490168707942e-01
1.789584421103502521e-01
1.449289096973698510e-01
-1.330347747703919670e-01
3.077065825449392111e-01
2.408878351814065233e-01
-2.552553520094052453e-01
5.225282743446921230e-02
-3.016376561918050481e-01
-1.838385061046077240e-01
-1.449228321066196590e-01
-1.362051281086700538e-01
1.700770296867138570e-02
-1.116521017711776254e-01
-5.537010344148429741e-02
-3.566452422074842948e-02
-2.037162353715386565e-01
-1.556979829576819740e-01
-3.524693256431776778e-01
-1.041112953577788824e-01
-1.653503108745167996e-02
-3.932317923870223275e-01
-1.522903702452127750e-01
-3.683465551584403364e-01
1.214457402262601737e-01
1.376132734568925320e-01
4.859003397820070291e-01
-1.861152931516028564e-01
4.162051363173993046e-01
9.643271120601992763e-02
-1.779965365473492505e-03
9.784724897912648600e-02
4.207035715913373108e-01
2.171634319999078411e-01
-1.812776350740360684e-02
-1.928319977522617024e-01
5.467058948856608203e-02
-5.068462124135227065e-02
9.315986270727984186e-02
4.963779998740484034e-01
4.234964037481318000e-01
-1.161996312645176138e-01
-1.036365862022066708e-01
3.632103032066245213e-02
-4.539737550823571416e-02
1.998295671286287878e-01
3.388652984287244818e-01
-1.101620791333144805e-01
1.603378070431861480e-01
-5.849233881063901908e-02
7.300220526172428170e-02
1.208377416854662656e-01
-2.573207475348983087e-01
7.359999445852635769e-02
1.420741324911900250e-01
-8.524400162995719732e-02
3.157512632852604167e-02
-2.176606213322685168e-01
-9.825855369556416030e-02
-6.409349544015641165e-02
-4.604066540259096202e-02
9.994657879355316188e-02
-2.219686065653536933e-01
-1.558946922207964381e-01
-5.251349480688474736e-02
-2.453730542497857547e-01
7.539033974856101938e-02
-1.952397892983993855e-01
-6.238318057256899557e-02
-9.907870538655837167e-02
-1.939244977960754429e-02
1.593175671888554523e-01
2.911443221523237757e-01
-2.177806790731732223e-01
2.033695049439077085e-02
-2.211748939485721765e-01
4.566236715366637361e-02
-4.882124216534705630e-02
2.996485401498666934e-01
-3.298274881797286784e-01
-1.362510338350091388e-01
-1.534457793420429816e-01
1.048085297293585051e-02
8.062435073333988622e-02
2.260717522314635297e-01
-3.276518876574413541e-01
1.225242589648325164e-01
-3.173257927308580917e-01
1.983540363419941943e-01
1.330219327161026310e-01
-2.705673002171810615e-01
-1.898096644864510352e-01
3.923704797102482988e-01
2.489257063841213841e-02
1.734639636321179184e-03
1.599970762582235140e-01
-3.735563548666342298e-02
-1.662230720334433864e-01
-1.293549350560679878e-02
-1.851730618841251341e-01
1.238992315366880051e-02
-8.837247200693677807e-02
-2.054879482814245539e-01
6.869947878616987358e-02
-2.849164929522323211e-02
-3.110315387877433668e-01
-1.239409467628348280e-03
-1.522071755441394003e-01
-1.816291288264847842e-02
7.785150802135283599e-02
3.100557837275076944e-01
-3.292987739875272157e-02
-1.035275236484288069e-01
-3.193760767547254020e-01
-1.307412594149626461e-01
1.784553500395705608e-02
2.128006645466981595e-01
3.605652370101712911e-01
-5.588886268053906703e-02
-6.641447454895058056e-02
2.776950398207130299e-01
1.637189564670213371e-01
9.007327529159879498e-02
2.369159625322984630e-01
3.982098235353927485e-01
9.035546414186580721e-02
-5.101140718217325731e-02
-3.875106506598950951e-01
7.812991294259648278e-02
1.421939513960620849e-01
1.306074613641049556e-02
3.288259916902770696e-02
5.830220571650352596e-02
6.221115706593216554e-02
2.092282550244538297e-01
2.690808610136822057e-02
2.067974517331990503e-01
-1.799819101109388642e-01
-5.050792028619288491e-03
-2.261150561250215574e-01
1.192900807198912505e-01
-5.573805914377914783e-02
-1.306840207646392353e-02
-2.807055570232235009e-02
-1.939213696996289760e-01
-2.755816386225864445e-01
5.323108902526179076e-01
-3.988288398640980892e-03
-9.829748699983240079e-02
1.432419147459382813e-01
-2.975632432616347467e-01
2.255165834102368649e-01
1.681409306259241399e-01
-2.404729920350732741e-01
-6.324961880423590754e-02
-4.049230469106926966e-01
4.871185006774901294e-01
4.033354663030552789e-02
-3.822000123673432448e-01
3.040618040077063267e-01
6.481066421107691856e-03
2.686756803203700361e-01
1.833610915954276832e-01
1.685084328705904744e-01
-8.853427073080806509e-02
-9.164800990946697602e-04
1.349383319188187380e-01
-1.449853968063713194e-01
-6.573101535783686111e-02
-1.994404256422467603e-01
-1.018480030055701618e-01
-1.202470129928035758e-01
-6.203819149479097850e-02
1.514792215875777059e-01
2.379425793727549809e-01
4.546658275541376470e-01
-3.199863601815830516e-01
-3.593395721242886864e-01
5.230841640389220781e-02
-4.867822110821427156e-02
-1.406619434717635009e-01
1.930410647345205399e-01
2.473760440137293994e-03
-3.717844130454892038e-02
-2.627939946088777567e-01
-1.727510644722107802e-01
-1.394497545336358113e-01
-2.714981103625980219e-01
1.888353842547382533e-01
6.024185012235001579e-01
6.215261008402749310e-01
6.060588519669065644e-01
1.000000000000000000e+00
4.443163158536668766e-01
3.148331487583243271e-02
2.900236089731099143e-01
1.046803209411095587e-01
7.856571300832176918e-02
-6.779262695432204666e-02
2.063698842964561408e-01
2.188581819082719426e-01
-1.566010938219901949e-01
9.137489393864017817e-02
2.896272165754448791e-01
-8.118110667956381088e-02
1.913452659325829697e-01
3.342429488415944450e-01
6.027578749438351480e-01
1.975823350056143679e-01
4.830067954643121886e-01
2.770996532738698170e-01
2.363262397717564578e-01
1.679710170369347055e-01
-2.314904955745461235e-01
-9.246306954671219824e-02
-2.828725736678434077e-01
-2.710570031104684308e-01
5.929898036808858158e-02
-3.637245896939172440e-01
-3.251316317080470836e-02
-3.187073724653096685e-01
3.025158567066868476e-01
-5.596744248890020423e-02
3.768828108836543012e-02
1.492003400616934150e-01
2.983851140845742989e-01
-4.852063555654261007e-02
-2.516538168063873759e-01
-9.422190741220889953e-02
-9.643846433964712445e-03
-3.811996441939248248e-01
-6.044455546785531402e-02
3.426593768861958822e-02
2.019963847065890383e-01
-6.337650698889497891e-02
-3.108930632882857537e-01
2.334316498687614150e-01
-4.260762430153275937e-01
-1.724374178914594644e-02
1.615244120852577236e-01
-8.082626485770627589e-02
-3.116664052738162254e-03
3.980417655892752871e-01
3.222865452554342092e-01
1.370346152184834798e-01
1.424551261223694909e-01
2.629475615976412453e-02
1.114375756528605127e-01
-5.445476470584776491e-02
2.174327654466298373e-02
1.003996783892517342e-01
1.911402513971912631e-01
2.025571688852587926e-01
1.977455843435872163e-01
2.087887645791635660e-01
6.899158971553799591e-02
4.250274750753157971e-01
1.235349542461379180e-01
1.956717173530791443e-01
7.506802672215127925e-02
1.454108510172090196e-01
-2.404217097873237452e-01
3.696309281717872763e-01
-6.869925869716873856e-02
-2.522652184618400795e-01
7.966876674939217529e-02
3.405428423565736162e-01
-3.711733052714118880e-02
1.560687760205326791e-01
-1.972344889262815995e-02
5.139176572421275124e-02
-2.658973829762723562e-01
-5.755415452262314241e-02
1.566359856142018614e-01
-4.555869986831500434e-02
2.801878574963747592e-01
3.002754792418635965e-01
1.658019839079477864e-01
2.757450550472025780e-02
8.918032076892453558e-03
-1.157054103362187419e-01
-2.144994559671188350e-01
-9.035507786011141851e-02
2.707033497461020996e-02
1.943495785867762130e-02
-4.559815596524881276e-02
2.448592994934709055e-01
-7.834320306842336434e-02
6.892305305843092478e-02
-5.135451341819956550e-01
4.263120251467053534e-02
-5.344701908157264286e-02
1.609849907487023030e-02
-7.641676071443771756e-02
-2.562453479543518320e-01
2.753141617125800522e-01
1.940928041316315744e-02
5.697950030223859763e-02
-3.769073658983949082e-01
4.346115852087070047e-02
-2.111314897587425465e-01
-1.341070454768109044e-02
-8.171609564883941523e-02
1.626637092157622588e-01
1.183024180898819278e-01
1.748252693156151505e-01
1.221351150641600443e-02
8.636845577672612462e-02
-1.458248731711754287e-01
2.068390716440436095e-01
2.325410574489455429e-01
-1.866703926378079359e-01
-4.970267413474458579e-02
1.031281144178438913e-01
2.514823612130009378e-01
5.855757172163151836e-01
9.550368406016458700e-02
-2.820734361007933289e-01
1.083711923035827474e-01
-1.665090317883588175e-02
-1.716965579434709399e-01
-2.427842152575040990e-01
1.619703972805535408e-01
2.078624999914217564e-01
1.845716846329104599e-01
5.889224967255206680e-03
7.334181450983402739e-02
-1.401646518142813935e-01
-3.165079613303643791e-02
3.386315711481328265e-03
-2.369129589790048285e-01
3.083253341285385751e-01
-5.876222714626738036e-02
-3.059797936436930432e-01
-1.490129794970398713e-01
5.883193261997506779e-02
-2.348868533577077866e-01
1.201773151456331512e-01
-1.420146572676531382e-01
-7.275982364089814136e-02
5.978118473838171798e-02
-7.690981829354123778e-02
-4.930649281822710450e-01
1.229975272225131144e-02
3.057055798393751300e-01
2.202996331193831925e-01
1.030097461270734066e-01
1.721483059419315897e-01
1.579041815749288383e-02
1.892865744522620724e-03
-3.433518294411466165e-01
-2.119735591806646280e-01
3.869749297437787838e-01
2.853487862663404151e-01
5.326342585804295232e-02
-1.270800882630599427e-01
-8.274937674031253299e-02
-1.323928210345164114e-01
-3.389394691902906653e-01
-1.026739153405817617e-01
-3.687407498115788385e-02
5.078524201194170584e-02
1.568490423714013482e-01
1.186170421861228869e-01
1.748990405158162009e-01
-1.304720424668319723e-01
-1.434809307461377414e-01
6.382413867285671727e-02
1.207622535124518587e-01
-2.881423536782488637e-01
-2.262563086809123505e-02
-4.369063325631814682e-02
-1.826738914367743438e-01
-5.105356517461838717e-01
1.173982374258212419e-01
1.972173773892233473e-01
2.011097181940820489e-01
1.296981552612520849e-01
-4.204940205290919747e-02
1.936513932819629857e-01
4.074345750772033203e-01
-5.076182307890672596e-02
2.164845250782323604e-03
-1.441519683504752791e-01
1.342130106725699934e-01
3.863310541296111761e-02
1.708003765397807239e-01
-4.500665020512969322e-02
2.989035376298802005e-01
1.169404954147158365e-01
1.031924379027358563e-01
-1.609595787679786727e-01
-2.893349726987210976e-02
-5.597829569771058805e-02
2.907556847115758125e-01
1.485748967043828417e-01
9.567578567750156804e-02
6.722739623480981919e-02
-8.130692506447043111e-02
-2.493004993093199950e-01
2.074202018674176640e-01
-7.174774708054371120e-02
-7.029715632517760660e-02
2.622680295791248173e-01
9.439072914615656562e-02
-8.057636286728385791e-03
-3.866305679873644364e-03
-1.195948014840626239e-01
1.646586155835446097e-01
1.481206126446072378e-02
3.574183213519442348e-01
-1.406272895750531118e-02
-6.223614005865348020e-02
-2.220407158381306201e-01
-5.322227815185841954e-02
-5.859862120838219002e-02
1.259915285323655321e-01
1.647410970848088019e-01
5.274166853309981279e-02
2.506285591897060572e-01
-1.112100700058853003e-01
8.075516151705001977e-02
-1.725418642873140507e-01
-1.915720749676175783e-01
1.881425046623227612e-02
-6.733086548643389679e-02
5.159780163046786411e-02
9.935723994689987099e-03
4.728170153229546702e-02
2.580915958522689846e-01
-2.539063561157752225e-01
2.754818419440272642e-02
3.371991238858046414e-01
-2.858652342457627116e-01
1.951733041587286610e-01
1.325154982060923747e-01
4.533222321877140165e-02
-1.962958950360728649e-01
1.604791595563791473e-01
-2.840217446572472493e-02
1.744844901017789385e-01
-8.828885137091402324e-02
-4.620372410120650586e-01
1.090221436054121668e-01
3.829161299930026324e-02
1.039087373686094218e-01
1.648167723567244558e-01
2.369286196468494421e-01
