-4.101712948218983606e-02
4.675392044426534416e-02
4.425535954608050132e-03
1.413488243137263067e-01
4.932703905445417342e-02
8.411094707395667947e-02
-1.485930027465058589e-01
-1.074220429475244987e-01
2.314349692973136641e-01
-1.742471788730305671e-01
1.275769588805405752e-01
6.590035059029870912e-02
3.232088753661840896e-01
1.180307135493333520e-01
7.429931559348498804e-02
1.797420152432121360e-02
4.797450172572031990e-02
2.549541727460231250e-02
-8.811273231468673417e-02
-3.683053474578852904e-01
-1.146580197271405144e-01
-1.799891440460172354e-01
1.907229548981339284e-01
6.836935470284299932e-02
2.638170205499042881e-02
-2.697852235533985676e-01
-1.673292993473590451e-01
8.537634223665277813e-03
-2.907159210103714697e-01
-5.047071239013550814e-02
1.264070561366650684e-02
-6.244470280357750785e-02
-6.228093833689900619e-03
-5.312629361326720590e-02
7.934743775303418345e-02
1.336933621013046691e-01
8.682856740426846132e-02
-1.558744875886003628e-03
3.173950900838407811e-03
-2.690415305345049135e-01
1.042792599087782185e-02
8.312660268040383826e-02
2.388188439823561715e-02
1.847432548973881039e-01
-9.688577879453021124e-02
1.578104685276143504e-01
6.468631554489660818e-02
6.889121101765581512e-02
-6.163327236414414823e-02
1.727326417310484918e-01
-9.601539213782041282e-02
-3.341841240495969229e-02
1.646098307783525581e-03
-1.316977740394349172e-01
2.097781966756373240e-01
-3.223435469411997743e-03
1.382162200475679781e-01
-1.982375234530496782e-03
-1.645490137778164164e-01
-9.643351441122186007e-02
-2.760314627852655106e-02
1.863856674741989627e-01
-2.412970680495050424e-01
8.039641279209767954e-02
8.715345657005858782e-02
8.954111555327140537e-02
2.390046718936467696e-01
1.576104144529935636e-02
1.286126273342687587e-01
4.064621909396291810e-02
-8.602999878053599336e-02
6.133571837703984120e-02
2.674395100103150666e-02
-2.538548470253318770e-02
5.757269321345922716e-03
9.451042867414356785e-02
-3.692935396895399153e-02
2.425793128119748537e-02
2.360572775430270012e-02
-1.300818398528666986e-01
-4.522960570009336087e-03
1.311745909578739509e-02
-1.892884099153742394e-02
1.061715008745952801e-02
1.125185499235358128e-01
1.212598556036988268e-01
-6.467029766012843961e-02
-1.120626749061445597e-02
-3.369203295823819388e-02
-4.892889551715622759e-02
3.823418190727743277e-02
-2.225988646145004440e-02
-2.108758083605811740e-01
-1.358187328445445430e-01
-4.880263778323697815e-02
1.411946456974084441e-01
-1.661295774755637833e-01
-4.828727225681330587e-02
1.442069686009488181e-03
9.924132538756692823e-02
-7.700135394296281355e-02
1.483785929520340663e-01
9.528040985513837324e-02
-2.424712035822834330e-02
-3.098045917555165008e-01
2.613714074431062184e-01
-6.648395626650465545e-03
4.680895352637023249e-02
-8.855258580557899550e-02
-1.469755390575422926e-01
-1.008205409452856000e-01
1.847687266993591759e-01
5.365631386505487904e-02
1.408718919226449595e-02
1.617420243271942490e-02
-9.333848403856893905e-02
-2.859830588906558946e-01
2.056554388072391049e-01
2.378805175050466292e-01
-1.173131889314883158e-01
-6.165110433157638264e-02
-2.248858445254353911e-01
-1.403951737033065916e-01
-1.577499184945289068e-01
4.704581654631072307e-02
6.859463086796009634e-02
7.760985822484564589e-02
8.320440513080935852e-02
5.161909518237997596e-02
8.681722622522536348e-02
2.024280719310616872e-01
-4.488726098742213538e-02
1.427315806171830515e-01
-5.086837959523585889e-02
-8.078343541723248533e-02
1.088397111390795591e-01
-1.873338954858151661e-01
7.457784966251890246e-02
-2.872817247493291912e-02
1.480340173078593669e-01
-2.154174255297591212e-01
-1.594413331540778245e-01
-5.856880985989656313e-02
-2.347446790253565341e-01
-8.959705934768341651e-02
7.111732878834298166e-02
5.266021627367504371e-02
-3.180267674396501376e-01
-1.176872704081330934e-01
3.434847728693627561e-02
-4.584790875719196163e-02
8.756784593641750436e-02
-5.953892041260683277e-02
-1.039718251015569611e-01
-1.953188276937626866e-01
-2.092929781330851169e-01
6.354891001861243116e-02
-4.172801198803003514e-02
-1.407247784792853562e-01
2.688441869065545664e-02
2.260948239326915077e-01
2.819228909059426705e-02
1.542072162230342242e-02
-2.193944294139701101e-01
-1.639194132762186451e-01
-5.261782321657883926e-02
-8.163762282680750437e-02
3.601761392977005649e-02
-1.100084414689796695e-02
-1.424272647569840566e-01
-1.577576615469698795e-01
-2.005069500764757873e-01
-1.466554209496169769e-01
1.041791988322026269e-01
-6.369884783313943533e-02
1.038101340892153973e-01
-6.396101631204741123e-02
-2.365858865881107984e-02
-9.918494416543334469e-02
-1.468380988101458118e-01
2.321851846671347530e-01
-8.194699432516493187e-02
-1.121426528404022710e-01
5.246676791845286680e-02
-6.030625460761979834e-02
7.290238857431201314e-02
8.583269160356837846e-02
1.285202421493382430e-01
1.445171317547251366e-01
1.373041700191900416e-01
1.000466770573950337e-01
5.663596789382176200e-02
-6.865727956399081400e-02
1.706325436959255926e-01
-1.413750720475516476e-01
1.643708223948835978e-01
1.841987190133828264e-02
-1.787744751911514718e-01
-1.250365233448900715e-01
1.013856621250008444e-01
2.432462216818418732e-01
1.372544309090861780e-01
2.034391165055120243e-01
-3.339392290257894857e-01
-3.023772563410794326e-02
-2.262551174341346366e-02
1.817827243400813308e-01
-1.485709838243276341e-02
8.546090054178526185e-02
-4.509030690605007191e-02
2.125389066621104217e-01
-1.240682118554684021e-01
-2.840020041923916466e-02
1.639822059539397803e-01
1.382294234150135970e-01
1.490685682779761545e-01
2.587984101945638507e-02
8.756820250753769019e-02
1.082351226504305736e-01
-5.202656519837813714e-02
-2.715355074200219154e-01
2.171020514019059502e-02
-3.339896392493012928e-02
5.990396766827033731e-02
1.048563828094954548e-01
-1.074571046354635823e-01
-1.358088025951315891e-01
1.894790651265668702e-01
5.711062118918513314e-02
-1.318449839346218580e-02
-5.062905981741766537e-02
-4.757998020013746998e-02
-4.157789128732416323e-02
-2.908975291575397470e-01
-1.373852768146913705e-01
-5.369632797325028101e-02
6.492097516016499814e-02
6.965693063615300759e-03
-4.492990706223635999e-02
-1.684125990470082823e-01
2.166436423349598350e-01
1.005568356220445797e-01
2.721145135468599485e-01
1.412092122242333270e-01
-2.202951997121756125e-03
1.926581114996958610e-01
1.720697547196872734e-01
2.599410198937284200e-01
1.180392194502724416e-02
-9.633915614257382298e-02
1.044746930608501101e-01
1.120067347534758201e-01
-1.077093189798331851e-01
9.510883517529762632e-02
4.957786121311590910e-01
8.138977491421957033e-01
1.000000000000000000e+00
4.375611615557014611e-01
3.423725744727127984e-01
1.319230906328527353e-01
5.848121227600609762e-02
-8.199477377028301095e-03
1.955600127843274208e-02
1.047903593781114584e-02
-4.642732656733877805e-02
-2.288165410831285995e-01
1.504309746672025973e-02
4.920567095117734518e-02
-1.338984123307256913e-01
-1.764606323980711378e-01
1.030422292098402415e-01
-5.000633630174864536e-03
-3.295147059948657503e-02
-8.325030778046851876e-02
-1.661525055094302539e-01
-1.706730175931433224e-01
-2.618329517231886006e-01
-6.709214652347413044e-02
-7.119175456732612650e-02
-8.923464405863873461e-02
1.951854456974906615e-01
3.713517431207891822e-02
2.941296913121949630e-01
1.323447317000671364e-01
5.731277141486897098e-02
-9.729009545358556499e-02
-1.133153179601674165e-01
1.245113626849938954e-01
6.499272272610313872e-02
-7.618130096584450894e-02
1.596009886285755519e-01
-2.600444840387340362e-01
-1.549670078879487357e-02
-1.470634227455013265e-01
1.248178750202214547e-02
-2.861971320975140176e-03
-1.864203637252803414e-01
-5.019858209926383874e-02
1.065339201993468626e-01
7.567684105004217343e-02
2.114042274546221178e-01
5.681472261917904637e-02
-1.858439417948226924e-01
2.707125382314787276e-01
-4.409442342789979957e-02
-3.045980829286966673e-01
-2.845925834198835824e-01
-5.976047987835664266e-02
-1.705826455847558598e-01
-2.492758029151070642e-01
-1.058251614298895971e-01
1.916583144999306487e-02
6.717815215084298186e-02
5.454688602916004520e-02
5.152292164273074987e-02
8.448291215616869632e-02
-1.980521940763802294e-02
-3.301773396530711252e-02
-6.479679339240269897e-02
-1.106928406961079081e-01
-1.078909586895522021e-01
-1.325213304555155902e-01
2.396397423237062174e-02
1.101315801974503683e-01
-9.002245720707822974e-02
4.883164492219628505e-02
1.422548348124874629e-01
-1.256179858941306737e-01
-7.282205737517735700e-02
9.304339448675520707e-02
1.057398619383109750e-01
3.890550890564477282e-02
2.076905649805942389e-01
-7.603630789413605429e-02
-1.430443673559512741e-01
2.168912519644557724e-01
2.901845391229918580e-01
-1.046676812915499494e-01
-4.803016828180128872e-02
9.884783467084373720e-02
-2.333898990519870098e-01
-1.772735053296853602e-01
-5.996568143140581369e-02
8.871367717807675940e-03
7.463514927438490154e-02
-1.375981659725053763e-01
1.147730876056323596e-01
-2.314146085811647213e-01
2.242265721838515302e-01
-1.129008558552375106e-02
-1.092446135018850240e-01
1.084120783124867954e-01
6.113974160860100038e-02
-9.109804541683720613e-02
1.097358468361039341e-01
2.039874827731057438e-01
9.231706705207816735e-03
-5.374769980365159960e-02
-9.681767712543258575e-02
-7.176801015478016799e-02
2.592187646462943973e-01
1.828706441094672397e-01
-1.612793420430943536e-01
3.008624677819982107e-01
-6.056462705437133665e-02
-1.668303395038620018e-01
2.156069434078595748e-01
1.773406169536867194e-01
4.337541007143528443e-02
-6.846895116035320306e-02
-1.202108879065730551e-01
-5.045853949607442129e-02
-2.210290358132260824e-01
8.161018595404424814e-02
-2.327224235334398317e-01
2.530234176064004026e-01
5.172692637937936072e-02
5.259131359928551075e-02
-1.291164372329197396e-01
-1.495778546993069835e-01
-1.023004458140999301e-01
-2.536897437432978353e-01
3.157759152298577066e-01
-8.219633989287292164e-02
-2.434668612340470106e-01
-8.576561154210531057e-02
4.463032369091374241e-02
-8.672928675411503696e-02
5.657437236797632774e-02
-5.269261334921255570e-03
-4.031533783331930215e-02
-3.318189139207080585e-01
-1.307311430405491415e-01
5.404158553260219461e-02
1.025673944470798307e-02
-2.008590143365542730e-02
-1.691702486683885898e-01
-1.636825980265165792e-01
1.070681319588996094e-01
-3.741967591987817310e-02
1.792171988774622637e-02
8.598377112229492469e-02
-1.528327995608777610e-03
8.319617840422062482e-02
-3.067253082879192738e-02
-2.717411133144172486e-01
3.204056227533307738e-02
1.647347671863111651e-01
8.182588844085612878e-02
5.896598604889900092e-02
-3.904867101601385004e-02
-5.935642510276927658e-02
-3.681213932176598258e-02
1.983889018366430390e-01
-5.548050827396290574e-02
-9.211666670072493623e-02
4.508722435162158121e-02
-3.886389296872748422e-02
1.436306089759820104e-01
1.052106191421898068e-01
1.275811984940316557e-01
1.520295739791682754e-01
1.139369539541444515e-01
-1.601759361688264716e-01
-5.145321848039881990e-02
7.778690089712876621e-02
3.143654447102139926e-02
7.372323402645984680e-02
-7.453266716155022842e-02
5.032470538820536105e-02
1.295306921543133982e-01
9.801887338744705302e-02
6.686782951189018664e-02
2.060893875489674676e-01
6.553669839206524572e-02
6.056855820246822425e-02
-8.566299498431780013e-02
1.433313818402795481e-01
1.198100588142675116e-01
1.232867234879020529e-01
-3.867128164029137727e-01
1.375023177769256200e-01
4.338937435134723741e-02
-8.472994308838956157e-02
1.138324035526030314e-01
-2.666623123911228133e-01
-3.902418191720131296e-02
-1.417021885031144179e-01
2.643858928388949092e-01
3.503931544078247029e-01
1.084827638424772506e-01
2.236994295744754446e-01
2.339239209189107604e-01
-1.968120391479247777e-01
-1.694373784332779687e-01
-1.803315802634708198e-01
-1.397841419660745925e-02
1.678352188644498255e-02
-6.675337241054876691e-02
-2.152087725981179263e-03
3.183677932933934307e-02
1.177705497167184923e-01
-1.364250886035613813e-02
1.294807628160805080e-01
6.261968571739136291e-02
-6.863302846353327991e-02
-8.125093255220476596e-02
-2.518815580179080138e-01
6.256970093148231382e-02
-8.093599752095301247e-02
6.665019318131193415e-02
3.734310986133683452e-02
-3.821665072781408462e-02
1.004437019227942401e-01
-1.300488314342713447e-01
-1.447311696232136957e-01
-9.428695891427768538e-02
-1.724723589901809018e-01
4.716191370988731535e-02
1.474531885680824272e-01
9.633258635688311811e-02
-3.127897382841813428e-02
-1.248273830712993623e-02
-2.995634814677372026e-01
6.476156569694757614e-02
-1.983761022445739569e-02
8.898532271155620843e-02
5.426661602192654060e-02
2.326589738321171996e-01
-2.782464261916245060e-02
-1.955100809441304502e-02
1.541846812112830922e-01
-1.714388461708739320e-01
2.197911776069332371e-02
4.366823342896304638e-02
3.930806574138755172e-02
-6.049710374707365640e-02
-2.198835784336315990e-01
-2.835845347251099713e-01
1.516127355323693970e-01
3.050180440713199173e-02
7.982360434310518948e-02
1.972316434889831438e-01
2.499407187933495311e-01
1.581928552108123609e-01
-6.498346581296001248e-03
1.708250485879777014e-01
-4.712721678783076545e-02
5.542892266580715099e-02
2.498490390732340805e-01
1.148215505665713954e-01
-1.785126240433876355e-01
