-2.041044738551874294e-01
-2.051365844450614151e-01
-3.317974447078945177e-01
1.861373068476037396e-01
1.598553725243233026e-01
1.845242631181017445e-01
4.463423547484315912e-02
-2.666065423796603051e-01
2.568299286668256857e-03
-1.836802113693451755e-01
-1.621615061871053420e-01
-9.172914699288107349e-03
2.807560896783534710e-01
9.259813159897779811e-02
-1.473968928175826976e-01
-8.966830840379844125e-03
5.069215087086608174e-01
5.066386749557874047e-01
-2.173327889915514788e-01
-1.147471640883365868e-01
1.542343158136008641e-01
-3.278174106599189841e-01
-3.818306446929585207e-01
-3.286247803711246918e-01
-6.517828097486789984e-02
-6.387393691171257271e-02
1.829434507469083204e-01
1.872449021581559236e-01
1.418201531601550880e-01
-4.550078939598725669e-01
2.377581195659407010e-01
-2.854474357621398783e-01
-9.837883330037355822e-02
9.295984145834818024e-02
3.213836912792492062e-01
2.180101646949340888e-02
4.752534002724000117e-02
-6.510067883687133128e-02
3.228029190814936389e-02
3.246021481201309955e-01
-2.029943306076644194e-01
-3.954003362216308021e-02
1.647055389096656053e-01
-2.735094642283368294e-01
6.011929890169678825e-02
-1.624409397589314796e-01
2.478557629521943306e-01
2.571765634974129688e-01
1.499816249125446310e-02
-2.350919573745588464e-01
-1.574177731170659511e-01
-2.113080402853130535e-02
-5.306856996026686202e-02
2.180157191294389840e-01
2.705528740160868528e-01
-3.068143253119139449e-02
3.990803544619583310e-01
1.835778202016057625e-01
-2.356393895849696052e-01
6.157290791807066427e-02
-1.575229324638834638e-01
1.271208503537343271e-01
-1.862791338698032706e-01
1.943043110465545176e-01
-4.154954891597794492e-02
1.491365298879237800e-01
4.529235782325728016e-02
-1.603567831933313814e-01
-3.360093774122710486e-02
-9.972345226927523121e-02
1.168650462228529724e-01
-1.103278180429791006e-01
-1.604335330872815046e-01
4.840438134883615073e-02
-1.642099800975491131e-02
-1.847674319792242670e-01
1.937857144110267937e-01
3.575542242636637336e-01
-9.094117934782970647e-02
5.385370737392902729e-02
-9.286037920428431847e-02
-3.111424888277591894e-01
7.866592359807639268e-02
-1.026035216248808307e-01
-2.827772501829400875e-01
2.667157526692398029e-01
-1.473290299198882491e-01
-1.692603245443836113e-01
-2.293241704548284465e-01
3.735366793692991849e-01
-1.000876968728412197e-01
1.798428929377581253e-01
-2.745787981635296887e-02
3.651381647128028596e-01
-1.896256419119442815e-01
-1.907544333840288375e-01
-1.048382039193646725e-01
1.428009712379034457e-01
-3.481131694368608809e-01
-1.467357964101520529e-01
-3.441912326606821892e-01
-1.845074900808225948e-01
-1.450141975503920211e-01
-3.514517563465202870e-03
-4.428247073571334874e-02
2.116954305109066126e-01
1.590035018678730150e-01
-3.962759361285837501e-01
-6.207514444554471794e-02
-6.064994927964495464e-02
1.288759589379250836e-01
3.991787442298835309e-01
-2.527493490013990041e-01
-2.834383202047752737e-01
-6.039637282609360003e-02
-6.473790834425102725e-01
3.391679041148706331e-01
-4.984657387052250470e-03
-1.376880727870926913e-01
-1.754508618711106138e-01
-8.731097211594862628e-02
-2.602175210289751073e-01
5.642359107873555768e-01
2.063707774940294060e-01
-6.497302297444063068e-02
-2.901194752338000504e-01
2.165438968057327718e-01
-1.361384784742973933e-02
2.789416538298578607e-01
2.135200756977425063e-01
-4.711183826763702953e-01
1.034149686644439542e-01
2.126071205176735812e-01
-9.157595293655418356e-02
-5.063297286617679527e-01
-9.410746504692898973e-02
-4.223237944669507860e-01
-1.979927686589800229e-01
-1.919027209271145784e-01
-4.100888188686776376e-02
-1.457795790725900376e-01
9.876580785443524191e-02
-1.631193796392360895e-01
3.366796497644271580e-01
-1.839880324060349792e-01
2.086179563951593569e-02
-1.181661608041505718e-01
-4.813326291378514643e-01
8.659419525293306219e-02
1.867789115816249346e-01
2.170391798623647617e-01
1.875426062060820409e-01
-4.392838709690347065e-02
-3.654415086846999339e-01
2.363316812147126800e-01
-8.882308693576812519e-02
-6.328406840222969287e-02
8.241317322002091050e-02
6.422826278058842153e-02
1.787378631545887275e-01
-1.835504204991691424e-01
-2.644483477784275241e-02
-9.450902368999999914e-02
-1.013163160028180375e-02
-4.509067510061352813e-02
-4.655784966036750905e-02
-2.085475156254939511e-01
-1.401224690980577559e-01
-4.118852200560418897e-01
-2.206432261795006899e-01
-3.020690632127082456e-02
-5.745564946650683069e-02
-2.907716362714058977e-01
3.044917075601875078e-01
3.479148208904195988e-02
3.704652149380194270e-02
-1.254426623626682114e-01
-8.930903048853326698e-02
1.325485760832678384e-01
-2.413897538750547356e-01
-6.834724774918749315e-03
-5.093011164274567626e-02
-9.773256321203320496e-02
-1.610271619358462636e-01
-4.064419796848083022e-02
-1.252488744762463857e-01
1.540694030804477810e-01
-1.000490868768470903e-01
-9.786655813373378032e-02
3.059283552497257808e-01
-2.293300833920676185e-01
1.569978172747428791e-01
1.062072793148736011e-01
-1.164738104484991238e-01
-3.869635964575900977e-01
-4.573561832825936424e-01
1.785775849925976544e-01
-5.075031542173465832e-02
-4.810855248819245061e-02
1.437215834217050459e-01
2.846101051777978272e-02
2.983448453202091066e-01
-1.137824331053587240e-01
5.038383647339423899e-01
2.829648432827174334e-02
-2.070095173018041967e-01
6.331743821068809563e-02
-1.657204195570575467e-01
2.665757468528144949e-02
-4.869796409242742319e-02
6.905044583512406908e-02
-2.117277973876258157e-01
7.124645095930037114e-03
-8.682585002405775187e-02
-9.174936612230291666e-02
-1.395830804350247367e-01
-3.353305725315070679e-02
2.407980981302892676e-01
-1.793698069978757470e-01
6.769733960640197945e-02
-1.074570398176862285e-01
-3.950029447940951455e-01
-1.922559259362825734e-01
-9.115274122674793533e-02
2.174517868950172350e-01
-1.081380452253586089e-01
4.879834895212557117e-02
-2.741488723882233303e-01
-2.382680275002849526e-02
4.258915296763359226e-01
2.181315227317959238e-01
-5.920649243279869217e-02
1.235262602582516342e-02
1.259276445385867638e-01
2.462864382854033085e-01
1.239117637999215815e-01
-7.342282134784912373e-02
1.928515938526127182e-01
3.373483811875868099e-01
-7.056522212229129898e-02
1.346632727118738937e-01
7.668612250881649828e-02
5.091176281703273243e-02
2.209564732721979174e-01
-2.489779159661303920e-01
-2.665301846371742264e-02
-6.045189137771746213e-02
-3.886067553384596474e-02
2.987158902858546017e-01
-1.623883117119460928e-01
-4.783208099290992693e-03
2.960211115512596108e-02
3.209007613638862888e-01
-1.699892090903291075e-01
6.604745509025070627e-01
7.499599162682089037e-01
1.000000000000000000e+00
3.278011484683822641e-01
4.852209470568442096e-01
2.574802244585556177e-01
1.253246673909566566e-01
2.045699159841123382e-01
3.593343936805631911e-02
-2.793034816171968693e-01
1.797364992008258777e-01
1.070477414236778030e-01
1.632668265739398439e-01
8.987713240087398525e-02
2.063042369384045227e-01
-1.904668946984505729e-01
2.195397653660885740e-01
4.647208164940281466e-02
-1.601519249293393843e-01
-1.513709259763792725e-01
1.134935596920790268e-01
-1.173006674355375617e-01
2.455350911942461717e-02
-2.402079346195645504e-01
-1.184472680809124240e-01
1.754617659471279789e-01
1.092022868359844856e-01
7.512142801558073513e-02
4.409529816569330296e-01
1.555259993486284020e-01
-3.669947330639002914e-01
-7.217528739518502823e-02
-1.094707855485910764e-01
4.242148930646001403e-01
-5.452454442576254445e-01
1.879573482464798329e-01
1.608616831647201317e-01
1.213828084217160597e-01
-1.823249173617168817e-01
9.629242379905948723e-02
3.293569559653622969e-01
-3.494323090359492956e-01
-1.447194455734937546e-01
2.642398382672601631e-01
2.508084045358059400e-01
6.830627806485535525e-02
1.158597933032520615e-02
6.579087943484647483e-02
9.688099195444650757e-02
-2.501155988320623580e-01
-1.846232057312097441e-01
1.262533231221359964e-01
4.629919879628084378e-01
1.994632254718126108e-01
-3.441178257789966888e-01
-1.319927613482300699e-01
-7.594286774181024935e-02
1.479611508364634953e-01
-9.840675506483584356e-02
-1.045307254503425182e-01
-7.953150850907761416e-02
4.858592603394742970e-02
1.151579223193171103e-01
-2.687519821260965849e-02
-3.010871981862295876e-01
2.920249960165126613e-01
-5.833931216645977386e-02
3.652795564146141954e-02
-2.841827481987409254e-02
1.766543118022033745e-02
6.755191854667336182e-02
1.998105175437264458e-01
-8.688942971348632971e-02
-1.142670807016497453e-01
-6.916629700387681712e-02
1.942560321718311001e-01
4.144781204864756430e-01
8.704329486420128714e-02
-4.996493731056287357e-01
-4.982487198513002764e-03
-4.499930634004912881e-03
9.553170763121066056e-02
1.398751577517700351e-01
-2.232187999202841500e-01
-5.658209056251237157e-02
1.465758220446162774e-01
-1.951194337015028368e-01
3.054095423665685941e-02
-2.274996375006672900e-03
3.185193796435816793e-01
-1.459122560498128107e-01
3.035402039505138427e-01
-2.201970962296422585e-01
9.876839976741347282e-02
-1.260880098453893150e-01
-1.338797254487693600e-01
-2.156403726719339220e-01
3.783993911799748283e-02
2.274705849579310435e-01
9.388092813774964740e-02
1.811909736540664173e-01
3.646018160727674262e-01
3.738420492161564912e-01
2.730110979799181825e-01
-9.374061973521630176e-02
-2.423319267760600526e-01
3.048085079426945954e-01
-8.115047836862400443e-02
1.870494977355660338e-01
1.307562062307479345e-01
3.253014635823039957e-01
-1.024478340580293328e-01
-1.058405695215265119e-01
-4.950947625676770381e-01
1.437233186930151063e-01
2.267068947310806881e-01
3.711875685856888540e-01
5.112128651191183426e-01
-1.992635590217572139e-01
-1.098265340971381621e-01
-8.423917512250193862e-02
1.183225387110724419e-01
-2.781907772399128120e-01
2.868356206850199430e-01
-3.122921610446830962e-02
1.693312886283060772e-02
-4.510461839245521326e-02
1.198321187867113502e-01
-1.385645002077369459e-01
-6.934326944954968645e-03
-2.267633306835737383e-01
-8.580345228890547127e-02
-8.775403125963723849e-02
1.718574598095141126e-01
1.604482678639836124e-01
-2.613954392222527789e-01
9.211735867934889299e-02
-1.819637575223701301e-02
-3.314996790935940685e-01
-3.186983667893353300e-01
1.952273824500228711e-02
1.037749029088444117e-02
-1.910902025707463536e-01
-6.899920968460773740e-02
-4.232419078527149825e-02
-1.544345782776581910e-01
1.551770423669773524e-01
-8.627625202271446692e-02
-3.718804826150442500e-01
-1.625349935473849039e-01
2.982688721458816306e-02
-2.420083744050576524e-01
-1.344759110295183913e-01
-5.633443584141367005e-02
4.420594031856625757e-03
2.559108909965810974e-01
-2.493986288778541824e-02
1.136296053017676021e-02
-2.251918358282584687e-01
3.533537721236864604e-01
1.112156548184427551e-01
-1.720924048217275515e-01
2.327821117462490763e-01
1.287123509564595814e-01
-1.129181917172424193e-01
1.308376346718374827e-01
2.161657221031303144e-01
-4.119063634463983603e-01
8.857748887281675920e-02
4.180489740684414368e-01
1.634229094796048609e-01
2.853769377826630982e-01
3.204390232124639804e-01
-1.917771385060548506e-01
2.159816910474075813e-01
2.016640158958273865e-01
-1.229831776231267437e-01
-1.557962209049990401e-02
-7.943013588695242710e-02
-1.257491830452771853e-01
-3.539571965741626358e-01
3.467930464729671036e-01
-2.810131666505387704e-01
2.820554434099189489e-01
-2.000849072055985167e-01
-3.829576437249503917e-01
2.266064139314026005e-01
7.268960162960519389e-02
3.284011683819984539e-02
1.985986415160286567e-01
4.231471993089394590e-01
1.728234339778051964e-01
1.843127400522799608e-02
-9.950413663945603671e-02
-2.906108616257962463e-01
2.296522878425933667e-01
-2.847794774262553119e-01
2.958561992631346046e-02
1.150990123818294575e-01
1.011841742393974342e-01
-1.481888957501471538e-01
3.290593178813873143e-01
1.818054297109154283e-01
2.155300962703444179e-01
3.538231936644368747e-01
4.230378007298034593e-01
6.282815604325006631e-02
-4.157994558524954476e-01
1.659366212118878470e-01
-9.424053736299529971e-02
-1.741561910842762961e-01
2.637670737142300825e-01
4.422811262221299639e-02
-4.362935267707359829e-03
2.823378766610678409e-02
-1.945520397196594531e-01
-2.842002355819449599e-01
-2.191267929706063877e-01
3.158963045129566938e-01
-2.170095659954264788e-01
-2.791066500755349025e-02
4.137589839760307808e-01
-1.613642050910641945e-01
2.162221324772012898e-01
-1.822731415587929282e-01
1.571000773217084145e-01
1.877873528321603036e-01
8.304082586697190960e-02
3.619003385658660366e-02
4.500075320276673008e-01
7.415169790579950737e-02
9.636328274375915992e-02
1.047253312072052023e-01
-6.657792640941162521e-02
-9.522854234648321647e-02
-3.288587420185178356e-01
-4.985909352994568611e-01
5.857208420688890527e-02
1.010866543059306677e-01
3.896028290864725352e-02
-6.448105214688611142e-02
3.675124518769444237e-01
-6.102640630131930810e-02
1.966192401632040343e-01
-1.303241243079096001e-01
3.165578922410949153e-02
-6.324540123748294274e-02
6.009916953004578177e-01
-6.468119668295976843e-02
-8.135143996798019361e-02
8.330331130476766044e-02
-2.309104036772492152e-01
2.835841198201388136e-01
-2.190284076003029823e-01
1.064791614253038227e-01
1.122872232507655388e-01
-1.914930131943140823e-01
7.838276486793228914e-02
