-2.367687955186115745e-01
-6.222545439951450603e-03
-1.782268927927903590e-01
-3.717918714482706943e-01
1.127970046421101769e-01
1.681655911499158329e-01
1.699778062152497993e-01
-7.437202631818388976e-02
2.758229055226537607e-01
-2.835429394419223259e-01
5.215330620730696670e-02
7.768616092624031078e-02
-2.217093638761316321e-01
-2.994463359708449818e-02
-7.584000023842375759e-02
-5.082002421468539977e-02
-2.004988897347720345e-02
8.143832789620646107e-02
-3.008758736496202069e-01
-3.721935857420551746e-02
-7.119029555185260594e-02
5.502459225821348249e-02
-2.675984196062433096e-01
8.924420916870597076e-02
-3.508214563297116367e-02
-5.255940257651356973e-01
1.688115519266632225e-01
-1.297554765219025297e-01
2.224022026332909685e-01
-1.829027727306391793e-01
1.407309605292452193e-01
7.747662266528164421e-02
4.390020776087560916e-02
-3.468764922559531283e-01
2.411166192309237011e-01
3.493388046249817826e-03
2.553339670280769247e-01
7.419643367970782388e-02
-9.870545138975445054e-02
-3.066024255869259901e-03
2.975867982377059517e-01
-2.432266462327100642e-01
4.561203204264513422e-01
1.311992174853838788e-01
-4.162376316944857435e-02
2.721074660520672595e-01
3.366092385554030342e-01
-1.671388571339985363e-01
-7.061175533532099147e-02
-6.996338038608486409e-02
4.373529465040911640e-02
-3.765719553079305976e-02
1.796824281461231188e-01
-1.833297809664038713e-01
-1.995091385703147424e-02
3.381985825414794700e-02
4.529786411388747602e-02
1.027475545580028848e-01
-2.063433501942676940e-01
5.762970891779091165e-01
5.973422553137439639e-01
5.560168397121142969e-02
2.571209725111433531e-01
2.330919917791889617e-01
-7.214245970715042755e-02
1.968006511496942779e-01
-1.260590739587254816e-01
-6.748499560583635926e-02
-4.536063351584207481e-01
3.447952610397357343e-01
-2.023206735507243337e-01
9.573816631130938060e-02
3.349047236902862879e-01
1.287349493570947440e-02
2.116311289629541070e-01
-6.729561995725808453e-03
2.402090802260996860e-01
-2.420967407826511986e-01
3.829737324999643588e-02
5.109702805507508605e-02
-1.302525837000039800e-02
-2.311689621883793733e-01
3.740844900027747166e-01
-3.856098007017540463e-01
2.084984029203405809e-01
-1.732861827440771579e-02
2.094400829529510233e-01
-1.873728047844656353e-01
1.951198395154449608e-02
-1.609351357686527595e-01
8.944571154218247666e-02
8.672092276524442922e-02
1.648337067953962454e-01
-2.076667581785594796e-01
4.782314998076562379e-02
2.016447198658553874e-01
2.179924630735072602e-02
-3.829891497068448059e-02
2.442256182574831513e-01
-1.650245778388758078e-01
-8.037259044475368597e-02
2.421860701655305093e-01
2.123970671642568531e-01
2.122958501743533732e-01
9.311800842849021764e-02
4.661459052581533036e-01
5.999270743673653511e-02
-2.376373310879001111e-01
1.910379041724122040e-01
-1.616082374656696297e-01
-7.247224695651965313e-04
-6.839770755382844347e-02
7.458436836898199584e-02
5.882791104127392812e-01
-2.541957743095915045e-01
-2.082562653522835594e-01
1.077730549458797149e-01
-1.518842340292881066e-01
2.480599312472451801e-01
-2.376836368742719224e-02
-4.045636552512758555e-01
1.328911786534232309e-01
-1.252176111842734918e-01
4.079862473812533863e-01
-5.433964556593042783e-01
8.566927488834214649e-03
-3.901889814592945926e-01
-3.415174071447556470e-01
-5.550649288099132050e-01
1.656355450634196813e-01
-5.252788485862135842e-02
1.840742790442887744e-01
2.118065943215225733e-01
1.377818038580968796e-01
1.355407957474838096e-02
2.474833564314504464e-01
-2.381364499925435474e-01
3.898611997209567304e-01
-6.514369381951391758e-02
3.036997016794623465e-03
5.340501624625167143e-02
8.561515705478968397e-02
2.875092415643190069e-01
-1.498328151299514743e-02
5.217022343488655345e-01
5.161760434604731156e-03
3.200640104708291772e-02
1.526092123652951493e-01
-8.533949952978421571e-02
8.176760117169767916e-02
-3.944231277018353521e-01
3.588155541620526301e-01
-6.453880605265528703e-02
-1.105328032123231857e-01
-2.979644739513678461e-02
1.961141683229410682e-01
9.273693561038172384e-02
-9.743515321522562556e-02
1.508981865337624510e-02
-1.641535536651431842e-02
-1.178495668683615244e-01
-2.631349068109691269e-01
2.170254590072994150e-01
2.841173237099418533e-02
3.391643199395584785e-01
8.009768241264161870e-03
-2.193164368318001045e-01
1.032027715711783394e-01
5.660712824981784658e-02
1.475418796602852300e-01
1.632708608591970090e-01
-4.070528346896307159e-01
1.551878484664185598e-01
1.675338028872883911e-01
4.043593052109292069e-02
-4.152861666630876941e-02
3.990907743613761327e-01
-3.471601766974823922e-01
9.939677153246181951e-02
-1.023150879354276788e-01
1.235264864198329787e-01
3.588760427401844200e-01
1.169525209571831703e-01
-4.527754203110887637e-02
1.733146892283476126e-01
5.926563443459966635e-02
3.235336587235196348e-01
4.196066857981183007e-02
1.244723737266012903e-01
-5.130088417396830858e-01
7.566482032349775011e-02
-3.218384810420907849e-01
7.663768057254161103e-03
-1.897872530196320628e-01
6.686649525571737585e-02
2.133499545785420837e-01
3.136419877270477108e-02
-2.916336090613126375e-01
-1.434635635545658365e-02
-1.895561955533789644e-01
-1.046576318634811903e-01
2.036382667503073424e-02
-2.088067690904354123e-01
2.328087901721463682e-01
4.878647240509063621e-01
-3.696118625064150898e-01
-3.864506784535515216e-01
-4.326813888571823807e-01
-1.028240698919205415e-01
-7.369120125464428961e-02
-1.570168495947275866e-01
2.344648172107669515e-01
-1.171161148295824378e-01
-1.828855309104392979e-01
1.951034809902299216e-01
2.308741835097683492e-01
3.064620262711590937e-01
-1.111914899852157051e-01
1.791149911376315185e-01
2.719927637588110403e-01
1.209952318245792382e-03
-1.819988219146571329e-01
-8.754296100049506479e-02
-1.927349952499815833e-01
1.539486901390108020e-01
-1.794645004285885248e-01
2.880111556378364690e-02
-1.990774204118180846e-01
-4.567009870363143015e-02
1.456097235685171500e-02
-5.652904312607471837e-01
-1.293264006973066371e-01
-2.060536673624518422e-01
2.929747166085696075e-01
-3.213378431730575663e-02
1.356045517013801938e-01
-2.064683983738600515e-01
3.322686322688724325e-01
-8.128185442581388476e-02
-1.125996304608965770e-01
-1.357803887354011030e-01
-1.167867373804196973e-01
-2.181025922602946032e-01
1.961409649950312389e-02
6.506045286527814553e-02
-8.625121174606800722e-02
-5.965314742936547732e-02
6.368172924602261142e-02
3.750556890799232046e-01
9.710243895820198923e-02
2.170246997000734313e-01
3.483979636177661487e-01
7.205085966271070896e-01
2.405205927986473202e-01
7.590285041359453588e-01
1.000000000000000000e+00
6.310896858925377773e-01
3.684932074717058303e-01
8.254556753834009220e-01
4.737859758765907148e-01
3.944450004762236062e-01
5.709910417799974880e-01
7.591256865006780485e-02
1.571815292661479790e-01
1.529476935590629305e-01
2.344323654607873009e-02
-1.094245211412486346e-01
-2.303875752685274891e-01
-8.842139368431274626e-02
-4.149557954390217102e-02
-1.124332347842166846e-01
3.667112366954561331e-01
6.949544634774096341e-02
1.116672695055969528e-01
-2.454961498710948320e-01
-4.911281791425435306e-01
-1.117682030373617075e-01
9.177301112793059823e-02
1.323963351483338491e-01
-1.836299856047483858e-02
-2.432286833798944295e-02
-1.053011103422885203e-01
3.217960366250228743e-01
-9.013690956935682674e-02
-3.849655665367903573e-02
7.715500264535810060e-02
2.539969355040627708e-01
2.926969644174159391e-01
1.128514908589112881e-01
6.021965981698119974e-02
6.917272440795968480e-02
-1.475211107912768327e-01
3.859589132255187294e-01
-2.925032825986790819e-01
2.214521044312216247e-02
-9.974497055627315478e-02
-1.200062654887939645e-01
1.546081001708907443e-01
3.984102919104315355e-01
6.349791746453463392e-02
1.044171330398686870e-01
1.593714713707712338e-01
1.770040215730526723e-01
5.657357224464922008e-02
-1.643120599827733730e-01
4.125653920905369976e-01
1.957827894248212741e-01
2.628365723706298923e-02
3.733224124919722886e-01
-1.709036479119787622e-01
1.662424663564113780e-01
-1.438347435789801843e-01
1.069603519087765076e-01
-1.217072282133256911e-01
2.788977615358863571e-01
-4.072378886128681375e-01
3.953604675737702051e-02
4.584581345765887522e-02
3.096305482068585357e-01
2.372134351918717687e-01
3.334840976429426229e-01
3.764646910509795164e-01
9.538485349880464204e-02
1.085591283531779291e-02
-2.401317535803780823e-01
-5.206566773794735203e-02
2.626025514075343015e-01
2.518644431129361122e-02
-2.770299133147517967e-01
1.898745108426176387e-01
4.689712502848853576e-02
1.731218758903489141e-01
-1.445498839549143877e-01
2.395344939773289272e-01
-3.358785363163082627e-01
2.033516469179571518e-01
5.080187315067600240e-01
-1.498204135680452839e-02
1.805602377735439634e-01
1.201070066296101996e-01
-2.962939020442610372e-01
2.756125719062121893e-01
1.363831457878730002e-01
-1.551811158606642149e-01
2.139311493920447449e-01
-1.108715969270504115e-01
-2.533065148904730668e-01
1.903506961011678378e-01
-4.925498730470284636e-01
1.330017398123957140e-01
2.265699260617654309e-01
-4.192061159944119320e-01
-1.146573880275814084e-01
-6.182360584036783457e-02
-2.636735480338917026e-01
-1.125741804541467855e-01
1.451349143671408215e-01
-2.689087249190967865e-01
1.214621358624793160e-02
-2.753544707079065290e-01
-1.923792021250588513e-01
-3.809041612948848576e-01
1.994740475008447561e-02
-3.782068580363517341e-01
1.004641869554318279e-01
1.279400628850773103e-01
-7.274603919240385519e-02
8.191389009834149082e-02
1.691499970721924428e-01
2.996002316115898428e-02
2.020282389336653939e-01
-2.218389999762742371e-01
2.487147533585748471e-01
-1.140508794581581165e-01
2.337473307877402096e-01
3.442484061687685337e-03
-2.332930724581754878e-01
1.301282118880498218e-01
-4.971726167045484313e-02
1.186720357690604494e-01
-2.530887003175499306e-01
-7.227195757094177775e-02
-4.237049438338074125e-01
-2.556608532083596286e-01
-1.651502130266263857e-01
1.842458116158798009e-01
6.824387255960705223e-02
2.183273458007563006e-01
3.872985632983021453e-01
1.779822908686914951e-01
1.288419801749262905e-01
-3.509439078013328051e-02
-1.917801159643200970e-02
-1.802662100379517213e-02
4.535233005659691785e-01
2.541494936870671364e-02
-8.315024860697235731e-02
-2.471425297973596155e-02
8.754441648940983201e-02
-2.618765071999264449e-01
-1.293887184253277867e-01
8.149060630226630242e-02
-3.797477359954495868e-01
9.467233365716175297e-02
1.001831931591305042e-01
5.002698812678796347e-02
-2.250166617048172946e-01
-1.593214599299273282e-01
2.167146677081987216e-01
1.769639823575887005e-01
2.625726857792836100e-01
3.479841281643947237e-01
-3.545446129015054904e-02
1.433502188829466895e-01
1.272137396126223584e-02
1.885360572854887992e-02
1.627628085234757715e-01
4.789512042777104017e-02
4.471663126660579274e-02
3.231677240885229008e-01
9.760700529321229835e-02
3.990883241406120718e-01
-1.690950891608829776e-01
-2.508725584768256578e-02
-1.983283569332050175e-02
-3.760000868350786285e-01
8.981828813788056767e-03
5.901450428099021955e-02
5.741410341277077695e-02
-3.897022555159106866e-02
2.440375972162968365e-01
-1.160457774605080971e-03
-5.348330527193582151e-01
-1.018378007570564930e-01
-5.412294247012709031e-02
3.800164235045552785e-01
-3.410738823333372971e-01
-4.579930852099138860e-01
4.174488088403874309e-01
6.459139549826826698e-01
4.177987057631363244e-01
1.596603267699281681e-01
2.316284295093507251e-01
-3.180640831710007665e-02
-9.986405242277333894e-02
8.674230174866552623e-02
5.516808636595777610e-02
-3.613677090542562892e-02
2.092040569197552713e-01
4.593837348920547237e-02
-3.519767734440840123e-02
9.948957198850910677e-02
1.189270606758683207e-01
3.459817904063451910e-01
4.212441524573121154e-01
-1.571376564374639406e-01
2.623550775681446900e-01
2.183041016192072969e-01
2.773910586673097867e-01
-1.583019568885818754e-02
1.184132163116447672e-01
-1.214094754313295582e-01
2.194747354810194784e-01
2.733244120068287208e-01
-6.898525131235612451e-02
-4.137014992782929723e-01
2.539258926922885462e-01
-2.736020209617169852e-01
1.663541879829467940e-02
-2.090535196708376287e-01
-5.102934351656114309e-01
9.798797393768603203e-02
5.019957165685836609e-01
-9.199930337472503328e-02
-5.524229567206562913e-02
6.067556602640921531e-02
-1.690177714861013092e-01
-9.673405108812266340e-02
-9.191360521432574704e-02
-8.492328793770309581e-02
4.501052352165635928e-01
-6.500509618221680941e-02
-5.133749281598948971e-02
-2.105064711448319595e-02
5.245609171057943887e-02
1.203704801474135416e-01
-2.242570003520440725e-01
1.070501872323786213e-01
1.856363977504197071e-01
-1.852940977148549327e-03
3.535776710971968995e-02
9.636801926487226222e-02
-2.181475639944626954e-01
1.063245286710405579e-01
-2.650614114460091986e-01
-1.445079153869521238e-01
3.816142719638980219e-01
1.166703872073002052e-01
1.389977500811316879e-01
2.373553991218591355e-02
7.274245798897972792e-02
2.593969057918606852e-02
1.880462240023377529e-01
-1.116042030048950730e-02
1.681847127255668012e-02
-1.541798447935175675e-01
5.045616812501862308e-02
3.732909941865715231e-01
-1.461886691733166876e-01
7.782824059320415933e-02
1.867729246471251936e-01
-6.809092113816395120e-02
