4.612251702901327272e-02
5.544177120888046061e-03
-1.386894862239171876e-02
4.267321255329251800e-02
7.713591292771405927e-02
1.955636716366760675e-01
4.593890082343615178e-01
-5.530307405209328869e-02
-7.272306340326035665e-03
-9.727370581412776371e-03
-2.395952176002063561e-01
-4.137182918376269281e-01
-1.171418898961278515e-01
-3.364594925452438212e-01
3.176520696256499576e-01
2.368954217883304514e-01
-3.523003745643608908e-02
2.544531066607528813e-01
6.118748780782218982e-02
3.732899012104819447e-01
2.428160358490486226e-01
1.423343145659930475e-01
1.360442688592220783e-01
3.440762886063791770e-01
-3.661798137171562439e-02
2.134208395773195266e-01
-9.338935710045266625e-02
-1.188785821701168338e-01
-6.574259651564492990e-02
-3.573423181819923578e-01
2.318900955224880156e-01
9.060708408905447653e-02
2.762926506545190786e-01
1.530518516016641795e-01
1.374817980022662034e-01
-7.378557984028538685e-02
3.176702053243229407e-01
8.693665573838807448e-02
3.652766690225665025e-01
-3.056787719720251983e-01
1.370476409306327636e-01
2.347147193845681434e-01
-1.641269417906739136e-01
-3.295201742529331734e-01
2.870719555417402744e-02
8.786264578761709965e-02
9.800193790062403099e-03
-5.627996379684259420e-02
-2.088332899595084502e-01
1.633019556692429375e-01
-6.728596170913546393e-02
-3.594626311895059850e-02
3.528153262058025263e-01
-1.575101715408612144e-02
1.830495387696294551e-01
3.187023513612444181e-01
4.395087694602655137e-01
3.200948611948972178e-01
2.846460112640091245e-01
1.785736313464843517e-01
2.416206977929645783e-01
-4.326842839753961001e-01
4.676571726605829871e-02
-6.781805611535328404e-02
-3.343933101165481592e-01
-4.183700478765054465e-01
5.341808111183843355e-02
5.139182281519341644e-02
1.781772521022279010e-01
9.458750900792381802e-03
-1.369456598317108365e-01
-1.456467276413613565e-01
2.999114226304203101e-01
-2.147159342304839624e-01
-2.244687902058201678e-01
4.107177016975275402e-02
-1.944200081718540363e-02
2.625226362994798057e-01
5.877149850251243979e-02
-6.321524542971719562e-02
2.883777682553724242e-01
-1.057793902434995270e-01
3.078691252170472348e-01
1.489888887038418042e-01
6.774680017466734594e-02
-5.183701233288030841e-02
9.092750639440959348e-02
2.056011904196933526e-01
3.042391502573687512e-01
2.440327469030618632e-02
2.037376588706686087e-01
2.266145080661521316e-01
-2.587812284668266072e-01
1.419788366249412348e-01
6.327722104980768036e-02
1.087594251293364650e-01
-2.021122920036221016e-01
1.593108956915000318e-01
-7.071067421298732336e-02
5.028182948457815549e-02
-1.839145303699220024e-01
-3.108446786808443663e-01
1.577880858104423745e-01
9.780020890631693775e-02
1.482339080427963196e-01
3.253514463970211268e-01
-7.989803191076645661e-02
-3.027512609322259296e-01
3.846950330353291619e-02
1.437996556211079691e-02
1.137473520352817215e-02
-1.788474590617925367e-02
-1.796371731795264604e-01
-1.122858659319022623e-01
8.479946621392585315e-02
1.200065089825852471e-01
-2.834225667307462837e-01
4.980460744583125460e-02
1.022319845327317959e-03
3.465230528476374028e-01
2.736386348965655912e-01
5.318166781123686571e-01
1.837602039832911538e-01
3.690735993516670033e-01
8.334771005676441802e-02
2.626092781333486115e-01
3.122986348756504049e-01
-2.574262405107901608e-01
1.559471918910388111e-01
-2.212680864621257015e-01
-6.036856708963055373e-01
-2.849867454285844037e-02
2.820503286459257741e-01
-1.467592045732218631e-01
-1.052657048450710425e-01
-1.570253620222853141e-01
6.660548528984083783e-02
2.063198183366421745e-01
2.455802908822602160e-01
3.216857119396384634e-01
1.321903491268112962e-01
-8.091361266659151397e-02
6.210980776302103129e-02
2.056267595626861122e-01
1.281225643607947218e-01
-3.000523908003555756e-02
7.699848201394006442e-02
-3.815523842595204829e-01
-4.651729172362911550e-03
-2.908107539814377279e-02
1.498002308031540220e-01
8.941591066731691129e-02
-3.599924892428453815e-01
-1.452411895335575971e-02
6.534346746592843702e-02
8.456333011613485773e-02
1.936544461850565890e-01
-2.061457326876792867e-02
3.689479931975458427e-01
1.414426242125066402e-01
-4.704140382565288186e-02
4.569845160598494382e-02
1.317877695591798681e-01
1.791597585915554944e-02
-4.952341566497343861e-02
-2.357986885551326683e-01
-3.638777131701418366e-01
-1.273777746411683572e-02
-8.988598282534472628e-02
2.642717758483785206e-01
1.250437966771007769e-01
3.711424573439434660e-01
2.122298581179476729e-01
1.494911506266441981e-01
1.464292855206784927e-01
3.677273516159460659e-02
-2.349022480124863740e-02
-6.101837902888528758e-02
-4.278557911881407383e-02
8.080403228020550943e-02
1.815051150582342732e-01
2.525943156331114103e-01
2.388689366627923805e-01
-3.819992696069700322e-02
1.972433105198994618e-01
-1.791467186571116532e-01
7.838407030288482846e-02
2.596906819169652464e-02
1.665329224492440030e-01
-8.455854355348029275e-03
1.591777030671838108e-02
1.927764069585904405e-01
1.324325402137713770e-01
2.836841803703252229e-01
1.582184448131652987e-01
9.043115412654027796e-02
1.596837707505963377e-01
3.362741568498275185e-02
7.515327812592388634e-02
-3.526287389621006185e-01
1.108907169083441779e-01
3.353144506838032779e-01
2.351078124594956353e-01
1.559369375488721399e-01
-1.802432312456664354e-02
-2.005617026875030906e-01
-3.464975363692988225e-02
7.535560906831867412e-02
2.220602880778010657e-01
-3.244367405260081133e-02
-5.097491587231395282e-02
-1.586897034639780657e-01
-2.495920617610960512e-01
7.412047485512457401e-02
-7.785049286281765270e-03
-1.095693697590878340e-01
1.532284507075046542e-01
1.024073122012400944e-01
-2.546298147271539025e-01
2.510179520700873620e-02
-1.563190707646613387e-01
-1.026895537401067565e-01
-1.415203071575843186e-01
8.241798592604995810e-02
4.954244115116360897e-03
-1.548159669997930254e-01
6.364493694404782520e-02
-1.146043831741096475e-01
-4.450636322234454156e-01
5.373197001508626253e-03
7.714201454498269273e-02
-2.919664042541741389e-01
-1.469122235969683998e-01
1.723989840797372775e-01
-9.107754017178351646e-02
1.217360703901448071e-01
8.839079679065825479e-02
-2.740589938519183422e-01
2.402780117775717150e-01
4.032611353205899363e-01
-3.832696437264364597e-01
1.700498067347644415e-02
-3.730340226228260891e-01
-5.259011999842873319e-02
8.877471140067941247e-02
-9.500863260468471461e-02
-1.267357705646547650e-01
2.690261966015575559e-02
8.052404600648259414e-02
-2.735255514913316130e-02
1.205980883028070633e-01
-1.498364191986647220e-01
7.887537402154316812e-02
1.683546861395251448e-01
1.000000000000000000e+00
7.923006112425822201e-01
7.704602820400578977e-01
3.152589565403964844e-01
4.236785463189490231e-01
1.225722777704422728e-01
-2.137608036503081677e-01
-1.961590766396182350e-01
-4.547378395692529274e-02
-2.009154822361280679e-01
-1.361046479425749023e-01
-2.791968783175223859e-02
1.775071335358134883e-01
4.554830663011006919e-01
2.939490873390882553e-01
-5.416402153734220515e-02
-1.968952643681731451e-01
1.874164519479699087e-01
-3.170490130967708597e-01
3.007515853233730385e-01
1.894967495429792856e-02
-1.897125045086019979e-01
-1.833325481579890226e-01
1.783414505613184486e-01
-1.666405658526777245e-01
6.606802239713589764e-02
-5.617762323741637420e-02
7.877939102920650249e-02
1.717337848556457422e-02
-1.518483237381691546e-02
-1.702058153867755663e-01
-1.154683195540382162e-03
1.947655912898358654e-01
2.984970884123392190e-02
2.448073491255818579e-01
5.369385067320806698e-02
2.794363649949032080e-01
-2.216795592760384126e-01
-6.945703773577467655e-02
-1.355210139663146351e-01
6.242193006851746995e-02
-2.763059920987475104e-01
-1.730239829756597958e-01
2.490307471321449861e-01
-8.500458168049206120e-02
3.727433985051916560e-02
2.009047176493741205e-01
2.159821530623881880e-01
3.782209342112589634e-01
2.427955737928449431e-01
9.115649426650589138e-02
2.666397156248190847e-01
2.239173459943345212e-01
1.483953669508207007e-01
-1.429939970823594086e-01
-1.491222292252088466e-01
-2.016424101529355750e-01
2.579105591202416128e-02
-1.703386630228206078e-01
-4.541227895503033851e-01
-1.228454688193733324e-01
-2.840153672624644576e-01
-3.413252296831901234e-01
-1.623791980563116522e-01
-1.134018209954272549e-01
-1.336078332020399495e-01
4.730438106618052307e-01
2.107242533925386963e-01
-5.068105724040097848e-02
2.707337267677062398e-01
-3.176413843078466914e-02
1.193418695182127121e-01
-4.263709674466681365e-02
-1.049642101289114185e-02
2.889117182977617992e-01
-7.696851990055963988e-02
-1.047393162219420470e-01
1.266909448726535603e-01
-1.584928689830109871e-01
-5.728207347847424219e-02
-2.300545870259709108e-02
-1.531799689707499801e-01
2.825560979691666419e-01
-2.172410457555389307e-01
1.199664154751182987e-02
-5.238447361790086326e-02
1.289725801118270232e-01
-7.600834077120303955e-02
-2.195810848040432098e-02
1.871661528234264127e-01
-2.174522525848894827e-01
4.319100814839932911e-01
-2.508737457550132624e-02
-4.521088679129832144e-01
2.417767815324662825e-02
-8.462126031692367156e-02
1.372620005045548097e-01
2.333352153535664664e-01
-2.100537199775945052e-01
-1.545390749330635138e-01
-7.990615730761513325e-02
-1.064633518993300387e-01
4.305688312294118220e-02
-1.308234707685820564e-01
1.048705777361394614e-01
-1.743261342533140856e-01
-1.933670887994749232e-01
-2.332658117390032371e-01
2.632474298211826547e-01
2.139149761032431152e-01
5.752666847492318020e-02
-1.218472559127585370e-01
-1.050950501127846104e-01
-1.151958052506470154e-01
-1.195845415810162377e-01
-8.737914042369004930e-02
-5.106367474202213458e-02
-1.368769964528306349e-01
1.133560007729464830e-01
2.080295282938065260e-01
-2.038219434232083349e-01
2.889938582006823520e-01
-3.495988700035796981e-01
1.686697910031964521e-03
1.513525651398295313e-01
1.239863027283563957e-01
1.718552568761720079e-01
-1.899391888323703204e-01
-1.162423010493341020e-02
3.309395867116843859e-01
-1.708559545278541814e-01
-8.376339247812887578e-02
5.404963119221044970e-02
-9.940176025038706398e-02
-4.455864149625541476e-02
-5.748304332501379815e-02
6.553212992194729081e-02
3.132812889410666046e-01
4.549243321020426944e-02
2.312620992483706284e-02
9.509729442328082594e-02
2.333310333598944408e-01
-5.646917309346794270e-03
-7.436463598869380576e-02
-7.450576626530211466e-02
1.137607266451611532e-01
-2.021640237582533750e-02
-1.081333004180354135e-01
-7.720622641592725377e-02
7.756485875654481332e-02
1.433384837556404556e-01
-2.907745738209024239e-02
1.795532725517181016e-01
-1.112373812948710544e-01
1.074905150295201589e-01
5.613539176218500931e-02
-2.753918268092014898e-01
1.028761528933173908e-01
-1.334885087181047203e-01
3.694891847219193837e-01
1.175625946856344133e-02
9.308825864157992125e-02
-1.101288943943168896e-01
-2.085879461279768476e-01
1.364839809298613593e-01
-2.434497652976908566e-01
-2.916980681371242334e-01
1.388923274691299947e-01
2.599981006614917600e-01
-1.367076214696186509e-01
1.362035467439518532e-01
-6.065433322867532645e-02
-1.677542292773533117e-01
1.205858622590370022e-01
1.497977124832576834e-01
-3.254549080290662644e-02
2.688286833097588424e-01
6.479437177587604735e-02
-1.762628831901739968e-01
-8.780299652502714103e-02
8.495366628067063663e-02
-6.355432078320401301e-02
8.198315403874886081e-03
-2.964537527346748289e-02
1.096320611506342579e-01
1.301545229906815870e-01
2.126353984677547548e-01
9.578623519102009987e-02
1.117293731711754973e-01
2.363060473103001380e-01
1.115603821127250234e-01
-2.241674690829160640e-02
1.855100940222969286e-01
3.700467842837048549e-01
-5.027562750617878967e-02
1.656367128054236082e-01
1.235858694653685086e-01
2.966985221117598992e-01
-3.196610224055155269e-01
1.325233933100861683e-01
3.133678827098752753e-03
-2.482068281280785382e-01
-1.700301934520589420e-01
-2.687562375662391201e-01
-2.445848798591122586e-01
2.082306087559008256e-01
1.125223876094490344e-01
-7.506959039542022982e-04
3.580749012367132750e-02
1.907808422510829660e-01
-2.121951554831538467e-01
8.072425991303797121e-02
1.285527606698958214e-01
4.338670950648140234e-01
1.537480457608662310e-01
5.838772377688031257e-02
3.756682002725134778e-02
-7.512373465595609257e-02
-2.607274812557159871e-01
-1.182542269435691851e-01
1.665424325386819296e-02
-2.449452436558436086e-01
1.400622709852312742e-01
-4.165747312122287244e-03
3.020871057537155013e-01
-3.892238766523758303e-02
2.795959335481050245e-01
-9.206913956148785050e-02
-2.544599335167620213e-02
-2.297472972660792034e-01
2.025421407616974645e-01
-2.755224524659827257e-02
1.759085413189247771e-01
5.467423045910044244e-02
-6.986916778356523638e-02
-3.018648631682627204e-01
1.468648329569712807e-01
-1.365390316951949901e-01
-1.952971255133180428e-01
1.779950870976876320e-01
4.371860298333031525e-02
4.612766507195232776e-03
1.614146119072604746e-01
2.149308594370187564e-01
-4.233058789265496946e-01
1.688553602854555302e-01
-6.249308084346548442e-02
-5.526360328207621103e-02
4.359280486690377682e-02
1.629509915685576071e-01
-5.557151999740775165e-03
2.036318347296706133e-01
-3.021524108612158033e-01
-6.500204028095957209e-02
-3.449568154512568791e-02
-1.614961214028831638e-02
-5.612115118359486260e-02
2.517093841307413427e-01
