-1.137690421617804926e-01
-2.602334237702169564e-03
9.563615282214756042e-02
2.423158035683736430e-02
3.861898591383847168e-03
-2.342099137266297204e-02
-9.946720655973728675e-02
-4.969071460864322304e-02
-3.293884421976350785e-02
3.919981909622328314e-02
-4.108819693021599495e-02
6.799237943352968994e-02
5.413302430450139119e-03
-1.994571065015806124e-02
-5.429247386992330088e-02
-1.036419998944808629e-01
-1.295689043443044586e-01
-6.356114989176059327e-02
3.212182600665765275e-02
-2.459290338789015679e-02
-6.392899792281007965e-02
-1.171289100809218275e-02
8.209256648601698236e-02
-6.365941686597685611e-02
4.688145159000923351e-02
-1.246412149452722808e-02
-2.598165066451355587e-01
-7.465587123765404787e-02
-1.811104133522354123e-02
1.638160901537256964e-01
3.813153345026840807e-02
1.476014016186550509e-02
-9.012104903705599190e-02
1.327000558445141642e-01
-4.572306566640280817e-02
-6.254052896939345241e-02
1.524691721806793465e-01
9.575444278612074700e-02
1.217838038086388464e-01
-3.848997312730114556e-02
-1.280033264983594377e-01
8.214344579509483962e-03
2.288008340804578017e-02
-2.853818974719646642e-02
-1.123842190459992535e-01
6.642530472222533955e-02
-5.836899606781606291e-03
-7.351540931291207503e-02
-4.923028606724745571e-02
1.666370469465220938e-01
-5.517761101954886394e-02
-5.643600976830069615e-02
1.984130093744308487e-01
-2.600931304205860231e-02
1.163864180958360320e-02
-2.485956057261345942e-01
-7.845511755312568891e-02
-8.442469674231975474e-02
3.121560441671724154e-02
1.653529387441433629e-01
3.146872604654766398e-02
-1.638694455328313648e-01
-1.586492468247388821e-01
1.966875706177573235e-01
-9.139653324854554728e-02
1.048959319573240928e-01
1.276222513426317762e-01
1.558942037925082624e-01
8.337123301846918744e-02
4.782494415150648215e-02
-1.437234217599045183e-01
-8.601383506962641257e-02
1.430308956336457660e-01
-1.242556355380219774e-01
-6.971001504758725376e-02
8.832511526553996073e-02
-2.077268521992968464e-01
1.210523515180496612e-01
-1.573544198322264775e-01
2.931866095651483942e-02
-2.554172927329405665e-02
9.405844169692180456e-03
-1.822473438774520685e-02
1.503105914457880110e-01
-5.009224397731364825e-02
1.089337988269874768e-01
3.796383710341549172e-02
-3.916600753304864263e-02
-1.298788865513151869e-01
-4.079040430752729762e-02
-1.073365041157921251e-02
-6.444666828318842966e-02
-1.890618236158027668e-02
-9.686468481229193461e-02
3.023195549896434686e-02
-1.804334882390489780e-01
7.925419716171211437e-02
-6.456811449696406302e-02
-7.177198819269464680e-02
-1.110849034880551922e-01
1.124840309376106892e-02
5.123166633100993683e-02
4.075372504751815367e-02
-3.410455411213838411e-02
-8.135056414668299929e-02
-1.437094383739485337e-01
-3.031752345215976002e-02
-1.701298266670646930e-01
-5.673211693539687711e-02
1.004634723249607856e-02
-2.179126330495641944e-02
1.169703293145535061e-01
-1.426902320420810333e-01
-1.876125233107986678e-01
-1.389428400486753812e-01
-2.388781468850172812e-02
2.693753785264309600e-02
-1.741490851374492277e-01
7.193818145183993040e-02
-5.146901496490912525e-02
6.013230370090740656e-02
-1.980222892224066389e-02
4.380647423589746625e-02
-1.881433062274978363e-01
8.031192653658469904e-02
1.467948554000848838e-01
1.447193884568652167e-01
-1.312825367891153616e-01
-4.544494289354009120e-02
6.223328947685283219e-02
-1.921076364008952042e-01
8.134851729812170307e-02
-2.062901258932068726e-03
8.819033777270343655e-02
4.638565422472126082e-02
-1.231223642784086197e-03
2.304810479300148027e-02
1.898971409485796513e-01
-1.893219380552815800e-01
-2.747961764452762704e-02
-6.104987633904313676e-02
1.182464114599174609e-01
-8.199416928626861167e-02
-4.170378112484728061e-02
-1.192276728338207276e-01
1.476687560698940749e-01
5.073804603982616512e-02
-1.549148871434623265e-01
-1.262604772408562059e-01
9.980373076582877909e-03
-1.779507572810058030e-02
2.586789178920928522e-02
-3.889582854234101966e-02
-1.983182900741401258e-02
-6.788911242654740996e-02
-1.124115618128658789e-01
-2.223945011968817692e-02
-1.298026891837525051e-02
-1.269883133669597172e-03
-5.141741142740547700e-03
-9.642251153021169641e-02
1.102194841389280561e-01
2.613007282475187515e-02
2.729705486899759465e-03
4.768491560964457920e-02
-1.110648263252559526e-01
-1.327904936049434936e-01
6.897227213693778169e-02
4.572256985623238124e-02
1.253886912191250202e-01
-5.143506276219533824e-02
1.495396088346673258e-01
-1.842388082508333511e-02
5.523881749193212259e-02
8.919547844375523560e-02
8.188729816999668065e-02
-3.340716440097239726e-02
-1.630760541871290048e-02
8.006495285660743255e-02
-3.292897018810482523e-02
-1.371031925804762908e-01
-6.123846650530975766e-02
8.385249318496030765e-03
4.548269723060316405e-02
9.329474862902971399e-02
-1.551586504006379763e-01
2.033015695724835203e-01
3.063845177002418874e-01
6.277557973847200379e-02
-1.562332826386771817e-02
1.424219690571555327e-02
5.485314159507087908e-03
-8.246923535119426996e-02
-7.242196000486271490e-02
4.522914018594974273e-02
4.331013310975583008e-02
1.579131632985109612e-01
7.352821667995278199e-02
4.551669558497528113e-03
8.452491584556262594e-02
3.068441215636607752e-02
2.823228257029582883e-02
-2.002202438508143487e-02
1.144866312398830528e-02
2.180385055041194620e-01
2.693390324562314198e-01
2.748837405181550619e-01
1.173740878996701043e-01
1.254743071230144669e-01
7.664897059842794291e-03
3.966291226889902266e-02
1.370089986057021758e-01
2.810041653333989961e-02
1.249075855503876537e-01
4.625370591288406608e-02
8.578497397873598163e-02
-1.775181932574197013e-02
-3.896754333512333912e-02
1.472709267118689769e-01
1.874222394359340849e-01
1.175590864013220799e-01
8.395532693806719363e-03
1.443350528969631896e-01
1.368877971858591946e-01
5.607245345944422005e-02
6.978784346604628708e-02
7.508337470269592362e-02
-7.650051097246240300e-03
2.871725076874069929e-02
-7.261751477759698092e-02
-1.937572651238769067e-02
-1.152865500018432632e-01
-4.235738275551010137e-03
-1.437409165662834887e-01
3.678122028651649444e-03
-7.506267975719958796e-02
-2.222073337437866294e-02
-1.093929835499512365e-01
6.896454504686561071e-02
-9.915332176341856707e-03
-1.101374942238297072e-01
-4.221165769775866300e-02
-1.044604305371063802e-01
-1.493711321860551333e-01
-3.991389317946964638e-02
-9.156395873030560850e-02
-1.695091159134513165e-02
-7.023511353111677735e-02
-6.104547004849275593e-02
1.339083940728339750e-01
6.359904067671487415e-02
6.136711386645864880e-02
4.592494255201809983e-01
5.622686307391511207e-01
9.613156991807318974e-01
9.164339715812431786e-01
1.000000000000000000e+00
8.327145030973609474e-01
6.113170714433586728e-01
4.840215575905250645e-01
-3.166529431914583137e-02
-2.831681920547260076e-02
-5.431905618386415058e-02
2.519473111114536867e-01
1.645432685402874184e-01
1.519038631678734652e-01
1.905692144057041446e-02
1.418538128135633236e-01
5.435705328417033549e-02
-2.780697232346794091e-03
-3.982204705087816210e-02
-1.350606725931119689e-01
-8.080479259716938367e-02
8.672803112541023485e-02
4.460463303348669722e-02
2.278413915575404070e-01
2.542775710267408326e-02
9.694637576044769223e-02
6.151018828140279032e-02
-1.698948800523580605e-01
-6.896760120362126212e-02
4.099378626336974696e-02
7.979490828309067363e-02
8.523616445257654883e-03
2.012969565195693242e-02
9.081386168559316130e-02
7.963598541077632036e-04
-8.059034660228029875e-03
1.081723371075729301e-01
-1.504103896095400628e-01
1.832944025141728384e-01
-1.663305823822610052e-01
-1.150880035290474945e-01
1.279222190087459243e-01
9.456057347025396964e-02
1.057378367451048684e-01
-1.134170034815282224e-01
-9.319983677852249071e-02
-6.509013900556159804e-02
3.548459136960113725e-03
-2.409530432454259040e-03
3.303159388198860236e-01
4.266065088542068950e-02
-2.673891735800388789e-02
-9.604589516394543627e-03
-7.450159047541123070e-02
9.210406366480432261e-02
9.764684937360684769e-03
1.367454290508308967e-01
-1.095638903196057418e-01
-4.181189809021918641e-02
-8.211572587674285939e-02
-1.400879290173865643e-01
-1.708793850606274119e-03
3.939286769539306066e-02
4.124628185747603731e-02
4.083972016253110959e-02
-6.116549377532152013e-03
7.771604029616828446e-02
-1.859023762152289261e-01
-8.083760310515511471e-02
1.822284564613843583e-01
-1.212292780426715844e-01
3.659144430453144248e-02
-5.832267188387116330e-02
1.725416291248116629e-01
8.002872109947326701e-03
8.576250101909246859e-02
-7.124879794886601614e-02
7.229930763966488372e-02
5.669295960365139386e-02
-2.415320615698764717e-01
-1.296989505084662209e-01
-3.072702349655763165e-01
-9.362231413962734949e-02
-3.641431172803666870e-03
3.618574584110087933e-04
-1.020880078332905838e-02
1.072692234601719044e-02
-9.239264464640287167e-02
-2.040464638754120597e-02
-2.546433767574352025e-01
8.136195489255609870e-02
-3.406578830589016699e-02
7.112067581188113996e-02
6.509894333366769703e-02
1.265461824029052440e-01
-1.170569607489748004e-01
1.205627340395758890e-02
-1.043430878118920165e-02
2.655883255291155778e-02
-1.441224229451861794e-01
1.531909630703244818e-01
-1.571799796323247733e-01
-1.144383868875106930e-01
4.061241633235824350e-02
8.011471034875015940e-02
2.986119398137711267e-02
2.132103655812396786e-03
1.907174717082018578e-01
1.259653409964312243e-01
-3.362464837249651978e-02
-5.893150816410692994e-02
6.887209895372098378e-02
3.854113898761682422e-02
2.370550066696322164e-02
-3.639339770326360107e-02
-7.825023454025437086e-02
3.554731707381260375e-02
1.499069652472051206e-01
1.875665097186270114e-01
1.802930983042075053e-01
-8.259350894154747144e-03
4.436152571824189192e-03
-3.544225649145334948e-03
-1.098568655037026817e-02
5.543929421424227677e-02
5.897320324437967803e-02
-1.073909188857743446e-01
1.946973904789560117e-01
2.590536241128946759e-01
1.835368071582589578e-02
9.753883285787237623e-02
3.702270817557686694e-02
1.403200642692594147e-01
2.240634762807056438e-02
4.264669357063567007e-02
-1.712696385155794976e-01
1.650428180585626903e-01
-5.910714829310414337e-02
-3.615483132210338402e-02
4.471661049788736020e-02
2.183977275135902396e-01
-3.991843794858997846e-02
2.835508717087163733e-02
-4.223821190984976964e-02
4.588253708232357259e-02
5.227328738816428705e-02
-7.677225905141264739e-02
4.303451041843214114e-02
1.451613149143556325e-01
1.923069631754610320e-01
-8.031079309486209572e-02
-2.301843271664186924e-02
-8.509915606919493669e-02
6.367007323007356501e-02
9.094531837890788839e-02
-9.104161121427323256e-02
-9.156077663559997193e-03
-4.879670710218349098e-04
3.665583932021483637e-02
9.531577483242717475e-02
9.806738452744659384e-02
1.999681914376662262e-01
-1.569061006309610262e-01
-6.306007946762295924e-02
8.519341175146033507e-02
1.417382416538800483e-01
-7.461653582559500154e-03
6.862907007830010286e-02
-7.132230857395026324e-02
-7.406480491650458201e-03
5.829414903672093529e-02
-6.093498944945142937e-02
1.352241951289626098e-01
1.999397069760607271e-01
1.547044959732807867e-01
2.118535629875598070e-02
-4.310318962182721481e-02
6.542108499249356390e-02
-3.413467391767315701e-02
1.522776404260252348e-01
8.239710296174369841e-02
-1.577871023551182805e-01
-9.119407210371108241e-02
1.240126525826163867e-01
-1.863177264508039666e-01
-1.077931826361995665e-01
5.419980283169029828e-02
-1.592877133226764941e-01
1.676927574787273612e-02
-1.136148717762471005e-01
-1.515312378881555344e-01
-9.594089449011728929e-03
1.962598120751093966e-01
-5.316711501606270068e-02
-1.093545167106348137e-01
-2.797313162034869433e-02
-8.292623880838427552e-02
-1.203790201291052853e-01
-1.518167887841586350e-01
1.430222134083783680e-01
-2.712385513935164274e-03
-1.786673837854091743e-02
-1.590901763842996960e-02
-7.779824365647192499e-03
-2.454896458595462738e-01
1.288367635919649423e-01
-1.498554806670043642e-02
2.265081716516208557e-02
-8.661704312038123743e-02
8.217325434830508035e-02
3.568056959942924461e-02
5.163275622351064936e-02
4.070861457849016957e-02
-1.230130742418955175e-01
9.380022308677116866e-03
5.263735313369798802e-02
6.204140458224619015e-02
-9.113991057789977770e-03
-1.741308382271165162e-02
-3.538371429377023397e-02
2.405272574368105126e-02
9.107457192694741466e-02
-8.661840353786016966e-02
-2.282213030087157368e-01
2.299437033308433798e-02
8.153840964749982378e-02
-5.341204806981617037e-02
2.541382585904925634e-02
2.705507436264150134e-01
1.129136051903534832e-01
5.700435437049383020e-02
4.650323384743187960e-02
-6.598654073685326915e-02
3.840603442599876960e-02
2.182875980238442870e-01
8.278083855709257588e-02
7.644408522734381060e-03
3.298418716835039427e-02
2.415639996773479969e-03
2.237204025472549346e-02
-1.917767165810360316e-02
9.110243035282876434e-02
-7.659449805199991523e-02
-2.820296566457829168e-02
9.317419728540311807e-02
2.619685957594363249e-02
6.083730809475740298e-02
-8.511169879348029488e-02
-1.009961977042062448e-01
-3.308774560779394192e-02
-1.172930531197669823e-01
-1.700846962188911904e-01
1.591928611489817902e-01
-5.948100985678355518e-02
1.245612272419583250e-01
1.006393270140311380e-01
1.625675353041148574e-01
5.627820730196154281e-02
-3.235433496585142510e-02
-4.632889455510001524e-03
