1.944919892628419189e-01
2.619222213937567600e-01
7.183863398863893357e-02
2.223146335589969436e-01
1.536224543930538554e-02
2.665383700596404837e-01
4.410772177081404566e-01
-5.356264377465643628e-02
-1.755260447646840027e-01
1.108843738972807025e-01
-2.795327600333165075e-01
2.721808949651108311e-01
5.111328977690096642e-02
-2.504697627435044094e-01
1.847251320249923001e-01
4.188174614117808336e-01
2.796131538091255475e-01
-2.213194318618040279e-01
2.089323739149421925e-03
4.247159158703943393e-02
-5.217851489232065987e-01
2.523155288289561926e-01
-1.764533196674218929e-01
6.647032303476671511e-02
1.485974384852298616e-02
-5.490133414592698186e-02
-2.207401550337625140e-01
2.989062405669352662e-01
-3.108135716729554243e-01
1.730610435889579080e-01
-1.734641324039150889e-01
1.962649313561108944e-01
-1.475562751103322301e-01
2.627488695840868860e-01
-2.422024597864295414e-01
-2.164705049749558480e-03
-5.604926472447749330e-02
-1.283158557661775445e-01
-1.605851972704299413e-01
-4.917204798231311624e-02
-3.766454019916675167e-01
5.527496087341191022e-02
-1.679012444040580976e-01
-8.782768075729426027e-02
-8.285335637009286214e-02
7.847986640515926260e-02
1.889090023183208900e-01
1.149355348911122558e-02
-2.942984301900410937e-01
-1.862507720248192389e-01
-3.553062416764267706e-01
1.495964913389968565e-01
-2.603024536128181743e-01
2.507358922114721334e-01
-3.765638564593909998e-01
1.318460979283992687e-03
-1.512320448359072700e-01
5.447098562721255366e-01
1.592624033363610747e-01
-1.264358618444257620e-01
-2.588264970016481703e-01
-5.830583951874178661e-01
1.135532965372230557e-01
7.553698616201258431e-02
2.009495862392340071e-01
4.333844020979382705e-02
-2.129717280399421875e-01
-5.361617297108649538e-01
-1.403108319032472795e-01
-2.366154639632148948e-01
-4.639855447411109224e-02
-6.602456446245293098e-02
-1.787928152590461950e-01
3.249355708323529990e-02
2.540996663333792149e-01
-4.489112290740707167e-01
-5.691369456693900347e-02
4.661907870108528834e-02
-1.433487424246188136e-01
6.328770734568436307e-01
2.783722932044422338e-01
-2.080447450814897070e-02
7.876743819993374529e-02
6.933712982008248538e-02
4.057751192285765085e-01
2.852174516314300856e-01
-5.833914619647628114e-02
-9.723197268712471808e-02
7.540500037100664188e-02
2.719807862077848748e-01
1.279887160493139442e-01
-3.291428709034307509e-01
1.483728680107465059e-01
1.137716628783030232e-01
-4.185501225536666925e-01
-6.899181761470239982e-01
-3.352699749882329106e-02
-3.654881541112815768e-02
1.099332475193941783e-01
2.774682352632395488e-01
-3.756024370901443754e-02
1.019510353967474359e-01
2.432566918334838901e-01
9.376572340292187169e-02
5.713860838067630343e-02
2.274271797707003440e-01
-1.373890683694821702e-01
9.395794639120906566e-02
2.408948054194898492e-01
2.597114692164682603e-01
3.085860205613519813e-01
-3.904557452662598682e-01
7.565701512554066921e-02
-3.870715652290897951e-02
-1.730410113703522434e-01
-3.982100504577302247e-01
-1.488696482680370858e-01
-5.348185965882691628e-02
-4.014706521841647224e-01
-1.610194464495785238e-01
1.008733280364857987e-01
-2.246154611827955450e-01
5.312075554297346347e-02
-1.198873056485559169e-01
-7.398133246870042257e-02
-1.525158406386587506e-01
3.399654790920532410e-02
-2.399679779511262323e-01
-2.568822038394210153e-02
-1.599228469917646500e-01
1.154819425214795824e-02
-5.681468065197931017e-01
4.822962492128667900e-01
-1.128618188808284545e-01
1.872751729116227393e-01
8.710063951119129122e-02
-8.889253788522098743e-02
1.007124641268583864e-01
-9.660651574149506371e-02
2.449499970212011546e-01
-5.222566786158554242e-02
-1.939106814517397581e-01
-2.047219161647210184e-01
1.495110041937798839e-01
-9.071592023734259547e-02
1.705236016719682834e-01
-4.542540959116669330e-01
-2.168045444218798801e-01
-4.250551686748737512e-01
7.667289126082153274e-03
5.889851115890813033e-02
1.429990875254017468e-01
-3.732146470280184314e-01
-9.504844126442696384e-02
-4.873728610662338839e-02
-1.505242783988890720e-01
-2.938052128408997210e-01
8.972484522917426042e-02
1.292057899015054967e-01
-2.000536724186805781e-01
-2.675407699246463156e-01
-3.978889571521503910e-01
8.484453335554174858e-02
-4.324621142351760261e-02
-2.325607799724066505e-01
9.720411032988097999e-02
-6.098586709668950279e-02
-8.425024586648285907e-02
-2.031541094720660245e-01
4.008941728413305539e-01
-1.832330226282884167e-01
2.903301247458437984e-01
-4.083687470806120559e-03
2.034154737306544114e-01
-2.003147823323998267e-01
5.195742005742379765e-01
-1.235524522965368438e-01
-4.929249304335842630e-01
-6.374161317476723099e-02
2.383220602678653433e-01
-5.818856550060814703e-01
-2.255937486781308399e-01
1.339478824934859091e-01
-1.821397938367352171e-02
3.762725301309152171e-01
1.917126480579477155e-01
8.259930408278381986e-02
5.246574854164621771e-01
2.937828225579167674e-01
-2.663559460130601741e-01
-1.025999003899543821e-01
1.779395141016187898e-01
5.858912341835853521e-02
-1.006014054232066135e-01
-2.167516853826111367e-01
3.949371713720923327e-01
5.045724813691507826e-01
-2.057316896414264351e-01
-5.657873326449154583e-02
4.325715167307667697e-01
-1.295848927100541337e-01
-2.076067216426703554e-01
2.030457218901131899e-01
-4.024651591910922144e-01
2.500230420368737549e-01
1.452013194200380553e-01
-1.517994829549701268e-02
-2.986538471075483869e-01
5.877918397468503281e-02
-1.222829026561191024e-01
-1.906961303972715682e-01
-1.021798973732627597e-01
1.755480503326713460e-01
3.541304487406325419e-01
-1.134283723793070298e-01
1.478276875700433313e-01
-2.146980420418003466e-01
2.185453640165790079e-01
3.247903758308681166e-01
2.995248942310854146e-01
1.091436221075983287e-01
3.820834327909470446e-02
3.758370715616202173e-01
-2.502383457596485741e-02
-1.603076648923821776e-02
7.442041720509491587e-02
6.282362559615345399e-02
3.303310646337226375e-01
2.538638114533570134e-01
-6.820987252334219375e-02
2.927374920410940606e-01
3.188887765410520214e-01
1.138878771314778132e-01
-7.095315162006594900e-02
2.272294985781248347e-02
-1.743562284318169731e-01
-7.817461390650363995e-02
-1.931506930319777104e-01
2.020717592588841260e-01
-2.291860642448277918e-01
-5.256360386512510217e-03
1.832571309912176538e-01
-3.766990085770411528e-02
4.457912634063029844e-01
1.180781078181629695e-01
4.917432250782561298e-01
-8.514857792788076141e-02
1.110551020107818643e-01
6.024661776041459471e-02
8.264376719938407168e-02
1.769896592938705604e-01
4.303984193028992933e-01
1.972745830157440483e-01
2.678883878305368116e-01
9.025568510488679586e-01
8.793586244386163431e-01
1.000000000000000000e+00
7.988028497711630038e-01
2.247882341498227271e-02
1.093991355871346827e-01
2.123448084381321654e-01
9.434226800804615398e-02
1.585558513751274268e-01
-4.386198575882885864e-01
-1.194971959720454446e-01
-4.675521406571714333e-01
-3.081125234522065770e-01
2.576419274349927568e-01
1.671669544455644252e-01
-1.475224947084680938e-01
-7.815731190747535195e-02
1.280022680608922381e-01
-2.244766023017686907e-01
-3.052520148804403477e-01
1.688883902057982528e-02
-1.116484328362182393e-01
1.308452208281478957e-01
4.237633581970948748e-01
1.783375086336914201e-03
2.144347891916722343e-02
-7.038651444325830404e-03
1.227978743104921194e-01
1.555332884598755773e-02
5.495630121139474245e-01
2.698928624826332223e-01
1.402640799913627556e-01
2.836039153377978295e-01
2.500197996602652184e-01
-9.460350174223913777e-02
3.281961321090290928e-01
-1.370804395024681210e-01
1.317004286087138099e-01
-6.585835283842524090e-02
1.138569013037373651e-01
2.071443588436455430e-01
-1.591189677892703436e-01
2.201360069625149241e-01
4.349284437671643855e-01
6.343082750075575149e-02
2.185374782476018074e-01
4.739969552063069691e-01
-1.288347634085893478e-01
-1.091389541342861584e-02
1.547853698997131711e-01
-1.649977955484623615e-01
-5.164182313564217308e-01
1.323158348105557269e-01
-2.746228009963123662e-01
3.301200789934434221e-01
3.132368619898755202e-02
-3.277538620901950250e-01
6.320111207816729859e-01
4.767731834801528512e-01
-2.151572251835336680e-01
-7.582786451672730854e-02
-1.812697636304223814e-01
1.173870735894013417e-01
4.091155138907759392e-02
-1.671887432680390501e-02
-1.275337037449366870e-02
-3.891462464560503376e-01
8.953542427209928989e-02
-1.431749610170265086e-01
-2.218748495861473102e-01
-7.667448474919587309e-02
3.580904209814783634e-01
-3.022606004621311571e-01
9.145689019641366213e-02
2.510618878004793886e-01
3.793851829028989653e-01
-2.655290148897448618e-02
-4.775928546987552939e-03
1.927590636050563189e-01
-1.349375539431058590e-01
1.110373571235074158e-01
-1.754299269133849648e-01
-2.687329047286150518e-01
1.406295716906394710e-01
-3.861933154690543324e-01
-3.142151223612942301e-01
1.374185840839537154e-01
3.245098040287632823e-01
-1.859321545939477127e-01
-1.666067265877298198e-02
1.248186331970224938e-01
3.710664219223154814e-01
-5.703263595733131658e-02
9.123553528408427649e-02
-6.850901789455199342e-02
3.043209283496474127e-01
1.311144106791230501e-01
2.685170896956864395e-01
-4.806514751181370504e-01
-6.346655974657930965e-01
-2.366647544690630989e-01
7.746341909247293767e-02
-1.274051759976480847e-01
1.600471391789171083e-01
8.324912520016489181e-02
-2.112721842760638680e-01
1.534375843693805974e-01
-6.792770553719854054e-02
-1.137747778127527892e-01
-8.754080311327520902e-02
3.661353512615062589e-01
-1.398661436436303140e-01
-1.205946837488934692e-01
-3.066444831204538299e-02
1.169008562330528522e-01
-4.118162393400040533e-02
7.635886914302497663e-02
-9.682284146762500099e-02
-1.691803917289260162e-01
-1.800412405615328115e-01
-1.698806163492921559e-02
2.119692063579256824e-01
3.934457617512304162e-01
5.419041204516829024e-01
9.934254666527651823e-02
2.498846983952379142e-01
5.711986503003224636e-01
-2.853596767095391562e-01
-2.899060755556354466e-02
-2.692671461063731453e-01
-4.643617596060527486e-01
2.115856512431120995e-01
-2.455707427693837874e-01
-5.432847480559578612e-02
8.612547257545387358e-02
-1.771472104788996416e-01
5.588668435324898459e-02
1.029751273871778589e-01
2.358891016147112232e-02
6.278225761465714393e-03
-1.119806542872605198e-01
2.344297731907314941e-01
2.190540394609887809e-01
-3.443344539535926341e-01
-4.432976648059463315e-02
7.719639421636992349e-02
-1.181132138022825129e-01
2.686996451911668471e-01
-5.494515257745279102e-02
-2.994140842471546549e-01
-3.260124288594474368e-02
2.675770940061738545e-01
2.675480013806642507e-02
-1.469147826500512843e-01
-1.217805876050658542e-01
2.248282963519827315e-01
2.348230376389950219e-02
-2.554022889713928324e-01
1.488664711537186769e-01
2.770516509956756288e-02
1.883272521584825887e-01
-2.134432461746194054e-01
-2.051282377243357491e-01
-8.331266132889843246e-02
-9.294142618780629195e-02
3.240698936927132734e-01
4.676468376942270744e-02
-7.457027170384902814e-02
9.604906048443836997e-02
-3.424193484228196249e-01
1.038229570097312648e-01
9.387123460361366037e-03
-6.817164035459988281e-02
-2.252122240069910908e-01
4.138967029287296540e-01
-8.806951023684225777e-02
-1.298895697927283377e-01
2.189354115130359990e-01
-1.575953856603965267e-02
9.771259669158854910e-02
-4.581180124812055943e-01
2.239153970572004271e-01
-1.260496912382523260e-01
-9.656599169517024461e-02
-3.491302939038758990e-01
-2.417606953752818866e-01
-1.994765529370232660e-01
2.427966229155046896e-01
1.029969458758644291e-01
-2.551551892099764712e-02
8.435132363488831442e-02
3.784105857581180898e-01
-2.747298502820069710e-01
1.043680130905739467e-01
1.481901932409820932e-01
-7.982143315867658989e-03
-1.088512743926583204e-01
3.555911439676011088e-01
2.651988611776924243e-01
-1.620898327460582045e-01
2.124352625895566948e-01
-3.227889488475914614e-01
4.000240716744495745e-02
1.364486303313566518e-01
-3.088665271011050706e-01
-9.335468556022204212e-02
-1.614040764232786418e-01
-9.026932335118567630e-02
-4.090932824842803961e-01
5.413358994225796889e-02
-7.040147625480790150e-02
-7.213251362472453479e-03
-3.115443090832228316e-03
-4.243825861942634309e-02
-3.876486604388343360e-01
4.665209375677852877e-01
1.982372284187467748e-01
1.352980918898726570e-01
-2.287534749684319579e-02
3.454562518901981294e-01
-2.476793530265931909e-02
-2.366073142174791866e-01
-3.739014782098077361e-01
6.709021059114113061e-01
1.471718322159944747e-01
-2.849573049921638106e-04
5.685034497805784015e-02
6.496656825387407685e-03
-1.669331243840679324e-01
-3.523364464927641326e-01
1.132967107414652036e-01
2.510880336960604198e-01
5.166109079437413154e-01
-2.544705597591117585e-01
9.442884272639891219e-02
1.794505150599382329e-02
1.038896193231491766e-01
5.548741988059609220e-02
1.263906403937999634e-01
1.050694813141658523e-01
-2.161773006666593000e-01
2.519531005949235958e-01
1.161887052948480381e-01
-9.143347344145161260e-02
1.206880699167236642e-01
3.879633964376684452e-02
-4.749450924697375120e-02
-1.411695929601962107e-01
-3.329979435764782725e-01
-9.771487531565822837e-02
-3.979004634630789461e-01
-2.986262354735503277e-01
8.993138673112485715e-02
9.940405797542270494e-02
8.153934923822296621e-02
2.889514255721369052e-02
-1.360671622151222726e-01
1.056409345532220434e-01
