-1.164579442132045450e-01
1.670203623415573158e-01
-4.765309622680581614e-02
8.823734626404985959e-02
-1.804151458355156556e-01
-1.131698420495794340e-02
-1.116582685520772222e-01
-1.164299198820554632e-01
6.639385913940676343e-02
-6.630966070736807327e-02
-2.286171006322973431e-01
-1.261142674173955924e-01
7.869208624585601053e-02
-3.786107578107094241e-03
2.617811377505159798e-01
-1.994077671076783798e-01
4.645551197083012951e-02
-1.680800308264579490e-01
-2.813134416001585869e-01
2.586162430997336892e-01
-5.949404377489916212e-02
-1.355801414264270477e-01
-3.623662024978814844e-01
5.405091469748881522e-02
-2.822162832560911605e-01
1.198216157202586507e-01
-7.598736390018594189e-02
-3.319006688501547481e-02
-1.397495536062579313e-01
-4.573753481925902503e-02
4.315361142434432501e-02
3.884481651100954447e-01
7.381575420170313762e-02
2.605131674889902271e-01
1.651608362520642914e-01
-1.047568831386457150e-01
1.128516518830947890e-01
-1.401563947062387794e-01
-4.991007610337618722e-02
-9.124739578188510725e-02
-3.943760294385336568e-02
1.765579171900962530e-01
-1.333433831366343525e-01
-2.805340552841629198e-01
-2.574347281812341404e-01
4.293526216128566025e-02
-2.471121634685320423e-01
1.875398171981321194e-01
-7.614770714273137731e-02
1.052069690998878454e-01
1.063656959261370244e-01
2.326388296339975889e-02
1.072919991921391786e-01
-2.049298838913760912e-01
1.452696741743488007e-01
-8.184618548013354589e-02
-2.573215833737942382e-01
7.067953188671941001e-02
-2.112608449390117882e-01
-2.911726061534042898e-01
-1.010452876028369307e-01
7.131488183051717944e-02
2.608593887256487748e-02
-9.305986104374466827e-02
-2.037987952623486199e-01
-1.447874006390497958e-01
-2.376787607283121009e-02
-2.967760217870823980e-04
8.142275012589100802e-02
-2.816960488221704195e-01
1.445730514982347670e-01
-9.580071119304908733e-02
-8.842977833054954662e-02
1.185412533047931483e-01
-1.719319123139730621e-01
-3.664996499947197894e-01
1.861422709955689592e-01
3.333717884038986945e-01
2.539397342193324691e-01
-8.020476012724386816e-02
-2.959995338778035889e-01
-8.755340312574508288e-02
-9.721806615995139123e-02
1.505520483620942651e-01
-2.095565889738296161e-01
1.155243097426165572e-01
2.813544672324827522e-01
-7.889208587451619625e-02
6.932083094497976106e-02
1.239848806104778822e-01
6.112070796851455656e-02
-1.443303829513936376e-01
1.835747909031324454e-01
-1.825451194160964546e-02
-2.053927869979218501e-01
2.549535014537902544e-01
-2.521795569945656235e-02
7.930564337861076285e-02
-1.711403599967866937e-02
-3.258640394548485419e-01
-7.731440100931286086e-02
-9.058286310508911754e-02
4.561339261725848304e-02
-1.841408557012460534e-01
1.234607181159049633e-01
5.330499862058214744e-02
1.214157274040759092e-02
-3.937153230826900135e-02
3.675341060408241628e-02
1.752458866271460955e-02
2.015236499072512177e-01
-1.762262134505341860e-01
1.481770990862600335e-01
-2.628944138308111356e-01
2.982982849661087732e-01
-2.630714367334318071e-01
-1.065775773115596320e-01
1.677263322977745885e-01
-2.126679160619281972e-01
3.118059349130993668e-02
-1.323740847111676833e-01
8.423905822366095641e-02
9.604728111205360075e-02
-2.619806269819987543e-01
1.386301435805955273e-01
-8.910333887476580561e-02
1.272790449840150405e-02
1.713624565408511102e-01
1.144526474066288463e-01
-4.951577810907393379e-02
7.997057553357854454e-02
1.147747541642685776e-01
1.541361495783083180e-01
2.081166167263039657e-01
-1.561414864176395856e-01
-1.294863309561011533e-01
-3.235024055525700382e-01
1.738772656017310292e-01
4.647550530915632860e-01
5.111710756489916407e-02
-1.527809318459687760e-01
2.674078818714106798e-01
-1.375297103085282996e-02
1.122195286182997853e-01
3.804071735973489354e-01
-2.236204957294937734e-01
-1.043818835115052357e-01
1.527185327406839488e-01
-1.527574702358992231e-01
-5.154984600152842655e-02
-2.823714424613964491e-01
4.172605684390585240e-02
-1.591318392654380298e-01
-3.825023047029448009e-02
9.510376110033240404e-02
1.691659637844308006e-01
1.359776672750958593e-01
1.523311142711148425e-01
-3.973015417881190642e-02
9.106939745799001729e-02
-1.394883601354735547e-01
-5.143670119406618807e-02
-6.808110151224490425e-02
-2.252976505831427445e-01
2.630395430589329009e-01
-5.139498869967844968e-02
-3.011410274861933134e-01
6.172722113061959379e-03
6.574177615853381285e-02
9.613864645269488973e-02
1.764202097628993215e-02
3.459510175954711581e-02
-3.605231744132530308e-02
-1.808804324669594232e-01
1.634187291319021684e-01
1.331146711394200766e-01
-6.530271545568258618e-02
2.536199442653687131e-01
-1.119273715212329851e-01
4.965138241682010012e-02
1.655740197911121092e-01
-2.615077152464335697e-01
2.447045615945439012e-01
-1.463561778849658927e-02
-4.194889283314669481e-01
-5.992027680164128609e-03
6.673671524042995573e-03
9.534894960420217669e-02
6.703567578549915473e-02
2.270493855387216708e-01
6.639693486669305533e-02
-3.467013402514165232e-01
-6.654500487820164123e-02
3.478254611362573134e-02
5.804377433912086270e-02
-1.254367346147659268e-01
1.995722080472062954e-01
1.121830135053966254e-01
1.467413422833007131e-01
-6.877404063900037327e-03
-1.386754768919001013e-01
-5.642227667349559994e-02
-1.554503630264877645e-01
1.656849453696372376e-01
5.813606289937806038e-02
6.469149381117292319e-02
3.360691905385668199e-01
-7.757475132597015099e-02
1.358963105635186686e-01
-3.084242304945322352e-02
-1.084096161555697657e-01
3.002926993121570257e-02
2.278678789862405574e-01
-2.596629381472895237e-01
2.021884311105025256e-01
-4.568675025968982339e-02
-7.380814126648467532e-02
6.160859053239521599e-02
-9.383304252814539392e-02
-4.012463914253623296e-03
-2.276684366160915407e-01
-1.877857686144373053e-02
2.595608681362817638e-01
-1.299238284386067532e-01
1.789369763318159334e-01
2.472459253520516848e-02
1.885519731755466166e-01
-2.039608740251426244e-01
-6.266173477301793804e-02
3.532576863789075872e-01
-2.019298109737467373e-01
1.650355077843843610e-01
-1.420714990936081668e-01
6.125375911505476917e-02
-9.268878947727871020e-02
8.475627447225632383e-02
2.985211569175137414e-01
2.623646731611509741e-01
-2.482820264721553594e-01
1.750108701988950868e-02
-1.471029503103331026e-01
1.362794148384635085e-01
-3.609714659869215914e-01
7.234333133407949701e-02
-1.301910100673647243e-02
4.333677128770531128e-01
1.962799433400569671e-01
-3.521137032026826486e-01
-5.979079828549870024e-02
5.011751220236863869e-02
9.802968542306184085e-02
2.617131539544553798e-01
1.003411427376873777e-01
2.116046255847916224e-01
5.851899013545477368e-01
1.000000000000000000e+00
5.432064108025889126e-01
3.995535780000292192e-01
-3.290959355543552050e-03
5.121718552526102752e-02
-1.275082274954950912e-01
1.224685393637737901e-01
5.973628615503503297e-02
7.894398997849808031e-02
4.420296781329314806e-01
5.251283619913824641e-01
4.164101936358993727e-01
3.352811758333450465e-01
-1.688594972079423828e-01
1.066436799759575282e-01
1.915854402818261207e-02
4.844609181587040958e-02
-3.834346893865640121e-02
2.414710751758072371e-01
8.901561837593521820e-02
-2.651026774250552775e-01
9.177246832787607986e-03
1.585654458753579521e-01
-3.670985967438254727e-02
-1.278047910216002503e-01
2.424285318772447240e-01
-3.768895823514659821e-02
-3.008787865325653343e-01
2.464584118647015001e-02
2.984010340113292872e-02
1.216154881615668093e-01
-1.006073597886651128e-01
1.099494818946290392e-01
1.662990919656962691e-02
1.684526214155306900e-01
1.195719086930034925e-01
1.599646742211697226e-01
-4.871244647434254393e-02
-5.278852261107266908e-02
-8.238501273456100282e-02
-1.906594520874547727e-01
-2.154648682505307666e-01
7.773949833393663245e-02
-1.176040713910867300e-02
-1.056556282729372853e-01
-1.402650568581102763e-01
-6.124388275318266850e-02
-4.237197385059802285e-02
-6.357359095212641864e-02
-7.268659090205484286e-02
-6.209755627084515353e-03
-1.940855802417546239e-01
5.199356700017571803e-02
8.984988160813547897e-02
9.358103738182810272e-02
-1.938879629626733547e-01
-4.443895403211422512e-01
-1.484148656394280730e-01
-6.253388100798464022e-02
-2.200442506346511062e-01
5.780949099539760272e-02
6.378927347140092574e-02
1.683128725494459077e-01
-1.048428692925691685e-01
-7.666464401137698670e-02
-1.123953877787688960e-01
8.387817709144770872e-02
-1.368515827284499109e-01
1.053659229233788741e-01
2.311558993858324820e-02
-5.246081899375422408e-02
-1.009817514439117214e-01
1.050778368347610320e-01
-4.302427866943745599e-02
-1.238774649298640257e-01
-9.111204117593568741e-02
-1.556274669937580610e-02
-2.752387210033170328e-01
-7.446190639058386518e-02
-3.579608616981459074e-02
7.094615792119927933e-02
-4.021874519796694858e-01
1.729347396958534067e-01
1.425467329731517352e-01
-3.063806385311083902e-02
5.983005153068586025e-03
-2.766700937247416545e-02
1.779428535657364419e-01
1.302014450390689970e-01
8.906200451038576160e-02
-1.502084320122976657e-01
2.270286135220110357e-01
-3.017087324042965618e-02
2.213289634385153248e-01
1.021133322876185447e-02
-3.854615840309080221e-01
-1.535757685339627920e-01
-1.405754163006819012e-02
-1.044631261383213890e-02
1.954933489073616970e-01
2.932426739235319962e-02
2.215922785634980019e-01
-1.292939911240156003e-01
-8.697040480079858138e-02
5.331535335081807880e-02
-1.588096616215705914e-01
2.719806774549473616e-01
1.957626603702395385e-01
-5.259822436767424420e-02
-1.944221741190212682e-01
-3.989042336939656666e-03
2.259479633513362951e-01
-8.214244293780011141e-02
-5.819620875645355879e-03
1.802924846138697149e-02
-2.767432914122195942e-01
5.302674352077846320e-02
3.050242762431905619e-01
-1.387153089278284936e-02
1.723641643783188071e-01
3.321859913196107961e-01
3.618992790962470840e-01
-1.614476641516654210e-01
3.261999506350125588e-01
-6.204950033809556592e-02
-2.081968096957519665e-01
7.076025810289719720e-02
-8.901672723969844547e-02
-3.549588746207454903e-01
-3.733422129220221319e-01
-6.034993135722059587e-02
8.980972926432477868e-04
-8.330104550082163828e-02
-1.642845192624464018e-02
-1.587740830725277441e-01
-3.265167497653207601e-02
-2.110772711036244254e-01
-7.697973363678915770e-02
3.504546909108599041e-03
-1.196348140305047436e-01
-1.263852568585163982e-01
1.907205124870678392e-01
1.531608856684632536e-01
4.085091092717822031e-02
-2.023234936653270366e-02
-7.324453888343876451e-02
-2.343227295444381963e-01
-1.627609997533092934e-01
-1.743864652719305242e-01
2.085890756066750840e-01
-3.169474201653869200e-02
2.773099748628765626e-01
2.315662773981039257e-02
-3.648151512654885381e-02
-2.053489486843525502e-01
2.202185801049540981e-01
-1.669155520238079504e-01
-1.386773633638651582e-01
-8.014567577039262425e-02
-7.083792577499181675e-02
-2.995346054125364726e-02
-3.164299420459801282e-02
2.131289513810556979e-01
-1.317489877578837121e-01
7.270358197087101182e-02
1.266840491188666873e-01
-1.446231445285072956e-02
4.496282748365090787e-02
-5.433509407359621290e-02
-9.313155707606362438e-03
5.517221468691860600e-03
2.423140376834836407e-01
-1.696869076039206337e-01
-1.172834773164565247e-01
1.075446485041471750e-01
-6.966968737263382061e-02
-1.389799232278654817e-01
5.595046195883753709e-02
1.365426765864461989e-01
5.594958020631995987e-01
-2.686629842742277452e-01
1.343223360859843174e-01
3.952843939282750796e-01
2.362269691304188513e-01
1.803725154618144033e-01
-1.273101398519696781e-01
2.148363364505465056e-01
9.364578531960242314e-02
-1.881027086941982618e-01
1.646379145411785289e-02
3.655295694488669422e-02
6.785527425784487754e-02
-9.579999415069435920e-03
1.528824736034374056e-02
-8.610239611454287290e-02
1.427492724187734430e-01
-7.175729798787256440e-03
-1.281684017799279984e-01
5.959635964874494124e-02
3.110182439353654793e-01
8.135394068495338527e-02
5.354435924756795889e-02
1.203989638085264796e-01
2.705486977609237176e-01
5.951678784611621476e-01
-3.507709763743631637e-01
2.214870589150901015e-02
5.968721459220886066e-02
-1.979560011728211666e-01
2.812667589025551473e-01
-6.674726494387361875e-02
6.787795025577056385e-02
-1.718542042831206484e-01
-5.371891823373256547e-02
1.558365350247992165e-01
-6.285446991833668062e-02
-1.951502387897815216e-01
1.918728301530056579e-01
1.183951394761358494e-01
-2.987266783546416726e-01
-1.350943381675952237e-02
-1.974756461383454231e-01
3.286624614540412104e-01
-1.283469959067916333e-01
1.544537244683406030e-01
-9.635366612168722034e-02
8.378974987062064173e-02
-1.456766742299881179e-01
4.197415677910105308e-02
-5.819323376970620548e-02
6.262780416620869440e-04
-1.430745254638802755e-01
1.296943216500098528e-01
1.693255522683045078e-01
-1.324351332891235411e-02
4.261380757327864338e-02
-1.809762054119581631e-01
1.823193545680242000e-01
2.189524162499046078e-01
9.616683924481049528e-02
1.074833624276088639e-01
-5.287526768865113969e-02
1.963759422880054784e-01
-3.074529211838725185e-01
1.588297417619398133e-01
9.402875198707520699e-02
-8.902950321106002651e-03
-3.783384694073270438e-02
-1.624662960106803555e-01
-8.148431942133782524e-02
1.622144349532346139e-02
1.123621622271765014e-01
-1.618669240940972254e-01
2.631309525972906904e-01
1.641388442715354945e-01
-5.040269486360307583e-02
2.160876026798797325e-02
