-4.420194689600358273e-02
-2.228005008910508011e-01
-3.440707794592548496e-01
-1.392048091723238346e-01
-1.765728162508295174e-01
-8.676196041394070024e-02
-2.235113367934346562e-01
1.396121880024395190e-01
2.396837392148360724e-01
-1.251274345579269642e-01
-2.116293659059520493e-02
2.556597515834421741e-02
3.081796534938207044e-01
-1.428510219799289105e-01
2.999729286336435922e-03
1.528268475951599925e-01
-1.374622025831467587e-01
8.928768981900980783e-02
6.098468732699604405e-02
1.815868982112531782e-01
3.963428070398712921e-01
3.794313082664828030e-01
2.315684957937333699e-01
-4.292631326455059043e-02
-1.007508286481561821e-01
-6.316107285246935765e-02
-1.396717326597638476e-01
5.660589133329420042e-01
1.978923902142586400e-01
5.149406723503246325e-02
-3.192955604828268679e-01
-1.291115608145258220e-01
1.055910656727126057e-01
2.592897277808963938e-02
-1.815900191308452566e-02
1.300275174061419348e-01
8.343693408677788081e-02
-5.319194632172998677e-02
1.204700035484173801e-02
2.104618017335771751e-01
1.711102455942235534e-01
-1.500072353148145521e-01
1.031498125749856776e-01
-3.009430477392596726e-01
1.329023431046037207e-01
1.017352440714590772e-01
6.341253814592702487e-02
8.044382750721802700e-02
-1.035677762613581160e-01
-1.241590366102621606e-01
-1.039728930967686281e-02
2.090857691499340143e-01
1.914205604050425377e-02
-2.590417835141230474e-01
-6.798650528636687729e-02
8.641945991991079046e-02
-4.266451892069887675e-02
1.676979214273495444e-01
-2.151413033891186877e-01
-1.146341128969859263e-01
-1.641351373617062903e-01
-9.916498938964199428e-02
9.298402149781681558e-02
2.996891044096431506e-02
-1.136580052055818080e-01
-4.271935088633586619e-01
8.604018901866455904e-02
-2.190327899075507900e-01
7.937512954794843922e-02
-2.708341350981172471e-02
1.013973800927666230e-01
-8.935571878221306233e-03
2.506263003155317914e-01
9.769338814052158648e-02
1.830273552092349376e-01
-7.746211445212744517e-02
2.048685388674493374e-02
6.179921870807682585e-03
-1.046164761424516892e-01
2.091871208367489521e-01
-2.307301185437451996e-01
-2.338494630996663104e-01
-1.235079475909169333e-01
3.411473361420049311e-01
-1.661018886764934963e-02
1.302972193749555307e-01
-5.631895115108913330e-02
-5.877093340616423855e-02
1.025867224339262612e-01
-2.130528262556845853e-01
-6.824324604543531222e-03
-6.731828919153325097e-02
-3.583675223273937588e-02
1.476087419811857593e-01
4.030672712652297318e-02
1.730141486344595192e-01
-1.003348736621064059e-02
1.412581204361188780e-01
3.394683666061099753e-02
1.886401384130862724e-01
-3.429166398399665500e-02
-6.791502704108849653e-02
6.978068230937212527e-04
-1.825630143570306230e-01
2.566768884186715338e-01
6.037373733900327499e-01
5.345769678128897695e-01
3.261357229540476355e-02
4.735543820796007247e-02
-1.585432018662192785e-02
2.509373102662965649e-01
4.189037066689317856e-01
2.381223501429078401e-03
-3.275297365341141992e-02
4.222760883134335508e-02
2.663636655551862575e-01
-5.431817607415015403e-02
4.340655450221861944e-01
1.477250551239024101e-01
1.825434035869091809e-01
-2.117151317107022757e-01
-2.557651072497481737e-03
1.351642566126293743e-01
2.139172898813332668e-01
-1.667530074573853882e-01
4.473097231291818521e-02
-2.006501563709576497e-01
1.119114052149845218e-01
-1.507191851615922173e-01
-6.851982956174806384e-03
6.597820989253780355e-02
-1.580287873225748319e-01
-3.219731774615445796e-01
-5.236379507172065489e-02
1.129238832067026299e-01
2.498764704616875387e-01
-9.157702278148163733e-02
1.026489231232592322e-02
-2.577602099960895621e-01
-1.768289803287910189e-01
3.198504249238953157e-01
1.662686882897292107e-01
7.632736217792560063e-02
1.583801312674792960e-01
2.100123021434680548e-01
2.038064069461340000e-01
7.844853428526528394e-02
-2.147602259592428231e-01
2.081367908743347178e-02
1.408782925626757554e-01
3.372458044153429230e-02
-8.352298647990340219e-02
-2.389585072830862356e-01
9.714611324936871239e-02
-1.219576248386946005e-01
3.470995705380076901e-02
-1.257307810057273212e-01
-3.172110402601555079e-02
2.077307648856598077e-02
-5.145534188828253253e-02
-8.101891761522768409e-02
-1.314931787686818287e-01
-1.928306151525741863e-01
3.423442055831522196e-02
1.002797633484092399e-01
-2.409790825570131967e-01
1.269828189199947166e-01
-2.343525095358618970e-01
-1.772794821238089791e-01
-4.410861457361825444e-02
-3.390321251744668474e-01
5.021121856285338386e-02
7.784615337093749032e-02
2.467463625156395696e-02
2.980463124776738804e-02
2.790878424339731170e-02
-3.123768249732913338e-01
-1.360962065726159242e-01
-4.895479993911124039e-02
1.209858766035268457e-01
-6.463851939207661268e-02
1.263148007063663869e-01
1.211192178811464903e-01
5.448922769471131744e-02
-1.435184465499413364e-01
-1.890060282887231491e-01
1.095409249794523504e-01
-7.761284295560719193e-02
1.345384991155424148e-01
8.225927607612794346e-03
2.994729091651618380e-02
-8.028370292519308726e-02
2.251964031351223472e-01
-2.338611577904698147e-01
-1.280243378124311382e-01
-8.447466591335545116e-02
-5.684900002613369613e-02
1.261979305914528449e-01
2.529732427585530408e-01
1.764718518721036244e-01
-2.068400879074638876e-01
5.720794197530978259e-02
-7.376689671769696977e-02
6.206415111503280069e-02
-4.447781223033312609e-02
-8.421866304516299750e-02
-1.244229599022643185e-01
1.511565626849896427e-02
7.036270627407037459e-02
9.246409533762220412e-02
1.111359836885102981e-01
2.486539751150453059e-01
-3.178322477008816913e-03
-2.767179850169313934e-02
-1.117458977185759872e-01
9.437137688242407119e-02
-1.726619508955674620e-01
-1.775844426713569591e-03
-4.808836012072510713e-02
-1.425992642091722939e-01
1.046905567856899200e-01
1.465625540118054293e-01
5.815059983942338223e-02
-1.477727328069135260e-01
6.403565919296796971e-02
1.473675393591432348e-01
1.452492382544911254e-01
-8.215018398992215976e-02
1.789132533807345216e-01
-2.676127265623043372e-01
-1.892329851981723252e-02
6.212842711846741639e-02
-1.202055019771485489e-01
-3.185913563378296731e-02
-8.240754815399779776e-02
2.694449688942545107e-01
3.003889084440335422e-01
1.311426955816758499e-01
-8.507853022329337281e-03
2.827259216990750668e-01
2.425679694461991553e-01
2.128097463815072365e-01
2.448196118284708955e-01
1.712101242456876282e-01
1.677385606976533050e-01
-1.375939480122243819e-01
-5.268635130238489422e-02
1.236128049399806555e-01
2.483489545211624017e-01
-9.506954994116452451e-02
-5.740677988220062658e-03
-1.865637729860873673e-01
1.310215436978901804e-01
2.597062535590603516e-01
3.741909766855622266e-01
6.783456270650306541e-01
1.000000000000000000e+00
5.045433869157638362e-01
4.085958000963286763e-01
7.321345000668938452e-02
3.826421163469932440e-01
1.857003679995424816e-01
1.513262223539988682e-01
-2.070615892731383911e-01
-2.478961727477054233e-01
5.945625532329967128e-02
-1.092708979717333106e-01
-1.495864218789756395e-01
-2.531371834004807891e-02
-1.409577619552862815e-01
-2.036481999187422440e-02
1.671589993938877861e-01
2.872143439482849891e-01
-8.069264938673605114e-02
9.457765664182520016e-02
-6.430590271572882155e-02
-2.256735328597652968e-01
-9.304953163943449623e-02
6.571282636403254218e-02
3.792888343934348178e-02
2.092598981087441246e-01
-9.586869434252447142e-02
-7.660359505756828002e-02
-7.124187704023775269e-02
-8.210077050180383806e-02
1.478839752752869330e-01
1.931669353724105587e-01
1.943761768511435561e-01
3.023077729401711378e-01
-1.440420975068111287e-01
1.535038123100953000e-01
1.145137440836999643e-01
-9.717485732829633793e-02
-1.406881589270925770e-01
-1.045350858623764756e-01
3.159259832811859292e-01
-1.828952480698156080e-01
-8.763426677601753034e-02
3.236320328892390297e-01
-8.820037633065126725e-02
-1.046669669034930306e-01
-5.539837084300065773e-02
1.416353613298172998e-01
6.893422798985225641e-02
-6.347729343414248993e-02
-1.029122698611018710e-01
2.275846535600946630e-01
-7.976847989401129879e-02
-1.079509864150389603e-01
2.004766364739958284e-01
-2.272396462757724986e-02
3.157905753245994762e-01
-1.613228434072158657e-01
-3.049126833703816319e-01
1.435030798655609341e-02
1.421544703674433308e-01
3.834683867137710783e-02
-4.055520271394898874e-02
-8.061119683752897280e-02
1.930765107241490808e-01
-2.024982113334642675e-01
2.469658926925630271e-02
-8.798139967555508589e-02
-1.062461608923258444e-01
7.738471173850097751e-02
-2.286244281930678302e-01
-8.449769620398808745e-02
-8.727409068864111497e-02
5.667653180438204930e-02
8.802830387132748458e-02
-2.188613835405242847e-01
4.412663544725842386e-03
-2.210588231638927759e-01
-3.365267572830743514e-01
-6.270001590873730546e-02
2.566649335775136320e-01
-1.892360814049024939e-02
3.928022761466289092e-02
3.120039674084350012e-01
2.604915871203314359e-01
2.305387167178927776e-01
4.706471035833149907e-02
-9.058375134313557953e-02
-3.090125717517708433e-03
1.606125670963962637e-01
-1.504017900915178008e-01
-3.339592049515317795e-02
-1.300572142196597947e-01
-3.515245271232022017e-01
8.429026743653304787e-03
1.835105381676504707e-02
2.439886757175115384e-01
-7.391248965829975981e-02
4.224063922031715684e-02
1.709624247648676709e-01
-1.928755123191788212e-01
6.977291051598719096e-02
1.567104008909173118e-01
-4.982468053121241053e-02
9.762959404125241825e-02
3.817077618702521269e-01
1.191327850187631626e-01
-1.206406465538369666e-01
1.519440594272588596e-01
6.546779899301738946e-03
1.562904779205022687e-01
-9.704338484845544122e-02
-4.447505296711323775e-02
-1.169444632859511918e-01
1.367745103185876061e-02
-2.044808571300060218e-01
-1.346908703184981626e-01
8.708161158984840944e-02
1.891274429422478143e-01
-2.806357215593988097e-01
9.449105573085883614e-02
-7.370776907600437577e-02
-1.553812177940105399e-01
-3.433135750800571095e-01
-7.079189655770972735e-03
-8.484115377715176209e-02
1.426642966735608246e-02
-2.919744332853225766e-01
5.919218362039353060e-02
3.676105375885832527e-01
9.039993472268972874e-02
-1.224565507157698574e-01
-1.077795672491301399e-01
1.186459129234484766e-01
-1.557562069263846438e-01
-1.578188945059662285e-01
-5.137032575215203650e-02
9.099531127636180383e-02
-1.498718529559582291e-01
-6.833814343371194533e-02
-3.247863636066178339e-01
1.335629175681919819e-03
-1.009055548975651279e-01
3.590967305711246782e-01
-5.382941130846824462e-02
3.660106401384735642e-01
1.963844015214674388e-01
-3.970926847563443357e-02
3.514154911728917252e-02
9.277071178004711594e-02
5.883220541422241878e-02
1.922069892230049981e-01
-3.790822682900058666e-02
3.274861835739191207e-01
3.007867043881048419e-01
-2.628613593534126491e-01
1.158061456996670180e-01
-2.024843143516205368e-01
1.373093366771777624e-01
-3.450436725926812886e-02
1.418133268247875889e-01
-2.565049958029705923e-01
-1.567856635826871958e-01
9.623554117973970312e-03
9.318715730529358865e-02
-1.049070949894144629e-02
1.027241714717839066e-01
-1.510731373394279820e-01
-2.854299091939342670e-02
1.260112770204055710e-01
1.259970209476047875e-01
-3.029124057332578321e-02
2.421429576463892883e-02
-2.628028253553532090e-01
8.549114153346462283e-03
3.138809174801232560e-01
9.484569775599039840e-03
3.690631940424621976e-02
2.954180910127671492e-02
1.715830339002126226e-01
2.091542518542092721e-01
-8.711325226917648878e-02
-2.870581309704516304e-01
-7.011943709046107066e-03
-1.062963420327114328e-01
-2.555031480279980061e-01
-1.629672294626545448e-01
1.226773859891643476e-01
1.191872845994398633e-01
-2.653388838108163839e-01
3.094645277115867441e-02
-3.874854280904312942e-01
2.064064189854936948e-01
-2.134250689237039145e-01
6.198665791514247625e-02
-1.314421694320214995e-01
4.997343111683028027e-02
2.493031396338190285e-03
2.704247391132019729e-01
1.393294044492091044e-01
3.110311759524130859e-01
8.736712880856857544e-02
1.809689732711139143e-01
1.522581382619164758e-01
2.159844287764256868e-02
-2.838452928823761434e-01
-1.277523840822932244e-01
2.242298978578075030e-01
-6.347312340472084646e-02
2.923001471610018887e-01
-8.517237248616285616e-02
-1.920665548236419606e-01
4.083413436063769164e-01
9.188612988239867885e-02
-1.022656732906991051e-01
-1.328673681522763717e-01
-2.293247456181911614e-01
3.588189937021799697e-02
1.683854046195626952e-01
-1.479215063708941846e-01
-2.242530528041556878e-02
4.389810513503095840e-02
1.506247415141976631e-01
-2.020645681266932878e-02
1.049375252856788454e-01
-1.422870825069117752e-02
-5.263483446384625147e-02
-7.768444573921834406e-02
-3.066688534481409878e-01
-1.668243628894899022e-01
2.410115044641783846e-02
1.134856359244328095e-01
2.382773990306850664e-01
-5.026480447939047913e-01
5.151720753999115138e-02
2.075823095775388150e-01
2.224910160653056357e-01
1.001084669956915224e-01
6.940481400480107144e-02
1.196744535165625012e-01
-2.119959263897647217e-02
1.856221199462499694e-01
-3.541882259843587288e-02
6.647821965426411496e-03
6.355498267255830537e-03
1.790583132217461459e-01
-1.788475145214467599e-01
-1.499149307950681798e-01
-2.217169788130601005e-01
-3.224668604983050441e-02
1.176643189149936992e-02
1.673217432825674367e-01
-1.079238483641683372e-01
4.803929554410066999e-02
4.055087786244737091e-01
-2.316974409436286242e-01
1.499175809381876889e-01
