-9.452553433498100954e-02
-1.766037561411730461e-01
-9.570861626581993187e-02
3.001881949100871153e-02
-1.071434977496874275e-01
3.354148161730341471e-02
-1.900182965123659862e-01
-1.816991749810211720e-01
1.443383403049652847e-01
4.520638917731233455e-03
-1.213210026198034558e-01
1.955268667717520725e-01
2.063534776363855627e-01
-9.229653066211603030e-02
-3.840563918318719294e-02
-5.225729465245191468e-02
2.280605558727138160e-01
6.226042479860450368e-02
-9.076024991463194080e-02
1.288736697480406812e-01
1.436598281121891085e-01
5.405913830609349741e-02
3.127641786259955370e-01
4.904423621444577164e-02
7.199822176347615843e-02
2.245685661204844807e-01
2.170965550943909084e-01
1.227699537566185745e-01
-5.938599916178517041e-02
-2.280700790937663647e-01
-3.206571708941473309e-02
-2.440493648385354264e-01
-1.569762552653043708e-01
1.038867048293814488e-01
-2.308429154043271647e-01
-2.303554964823547324e-01
1.281718202723843014e-01
-2.599074925861991625e-01
-7.521594285864054152e-03
3.178821310746075129e-02
4.244676168433948044e-02
-1.022985259798519786e-01
1.132077838955759391e-01
-5.809134523388204130e-02
-5.277045491608235717e-02
-1.305933395963235488e-01
8.634486097076250755e-02
-1.700946231352505056e-01
-2.558454609894853654e-02
-1.446566386857335296e-01
1.107207683366365353e-01
3.552144616040075475e-01
1.895883579748562642e-02
3.318807701470896654e-01
1.302766492897036998e-01
1.184991588789704141e-02
-3.032359631380188159e-02
8.015722869791383487e-02
1.069363119162303061e-01
-5.530762114898803150e-02
-3.810808833268105461e-02
-1.224921247268810770e-01
-8.708136240946698359e-02
2.632374640918177036e-02
-1.899589181929901144e-02
-2.272888917293249267e-01
-1.303874995681947868e-01
-7.378072151916136023e-02
-9.503384014114624190e-02
1.445591568152956308e-01
1.740662943326118720e-02
1.487675130756297981e-01
4.485463884433777554e-02
8.903153009102825199e-02
-1.776799210425564490e-01
-1.679894112431326858e-01
-2.236340061615154154e-02
4.847489195996852046e-02
-1.167456253998083206e-02
1.551977793790812769e-03
-1.804896927689396691e-01
1.937279191705848780e-01
-1.669639632754684189e-01
1.387850726327494455e-01
5.066333095889580251e-02
-1.089924428748990370e-01
5.603467825049299883e-02
-1.245885466035872163e-01
1.454438919109989903e-01
1.400827432191053545e-01
2.769359024252873724e-01
1.784775666425914703e-02
2.503955825180209649e-01
9.685727595848730997e-02
-9.327155189100282129e-02
1.116468338558744555e-01
-7.096624848523479245e-02
-1.129401430754179217e-02
-2.196071816920982800e-01
-3.065471328193686631e-02
1.082958632754372486e-01
8.142274175093278110e-02
4.073490017297352189e-02
4.641880503232351934e-02
-2.890331280612666587e-02
4.818689687445839448e-02
1.264400975863189946e-01
1.658641873353170482e-01
1.104742568245703216e-01
2.321547526922640436e-01
7.593323327576206525e-03
2.095202003524060108e-01
-4.923879289444546385e-03
6.095321455215464007e-02
1.949493148665055464e-01
-3.815640120763491572e-02
-3.584718708640074331e-02
-1.476320988761388175e-01
1.099702828563039504e-03
-4.623668285296248653e-02
5.171341798374489568e-02
7.966842768661306501e-03
1.060984508761563666e-01
1.708934032294501595e-02
-1.213771402707281566e-01
1.784561031085342420e-01
2.480843472128074212e-01
9.231417347190290501e-02
3.123555647928924137e-03
1.256443629543839979e-01
-2.395456358016528897e-02
1.626278016703528589e-02
-1.349360993469519432e-01
-1.938651573655230526e-02
1.590519759516830778e-01
-8.489039643689762216e-02
-8.490716437818950080e-02
-1.172927289410504864e-01
-5.984563945323067430e-02
-1.908165420130535361e-01
-3.757556064166763243e-01
-3.822935313977360999e-02
-1.010005793287099274e-01
-7.301144763854656994e-02
1.440477577757354466e-01
-5.167418301023350008e-02
1.772549638269318648e-02
1.684269880998809643e-01
2.185318274491758819e-02
1.985707166065315832e-01
-7.490416122110952167e-03
6.184876084723654049e-02
8.684638381535242369e-02
2.786895235749084487e-01
-7.273876557010180988e-02
9.137409670990426225e-02
-1.673846469671246284e-01
3.942275889411629708e-02
1.197800994486541287e-01
-1.893511333089610907e-02
-4.146550533981726433e-02
2.292593498003060726e-01
1.732275949175671181e-02
1.868136149799280166e-01
-7.892979737620171854e-02
-5.746820494243371630e-02
2.508286552481590048e-01
-2.850763494157669900e-02
2.094921315269499262e-01
-1.955816398693835945e-01
1.089976825160610535e-01
9.135454183504866654e-02
9.730734635480629835e-02
6.778952720291812721e-03
2.215457885295987472e-01
-7.728572703967802326e-02
3.967557978784919115e-02
2.246766477775743261e-04
6.681435458945698957e-02
-9.386996044540957262e-02
1.558874436744409064e-01
7.560412710146985349e-02
-1.371122722222741785e-01
1.728315983883152995e-01
-2.202223581877968961e-01
-1.330013538013541663e-01
-1.433976486343807866e-01
7.317753739116750200e-02
-1.002324540724904289e-01
-1.623717660594562739e-01
1.504490691923008640e-02
-2.938569009323251380e-01
-8.591296655646391348e-03
2.251707109524553330e-02
4.260727526092206868e-02
-1.390512132857275318e-01
1.192370325605551784e-01
4.835175911881846311e-02
3.651685110261100597e-02
-7.922088569510678246e-02
2.044245981276034407e-01
1.469103602996489066e-01
1.528698873109167466e-01
1.195641980752155595e-02
-1.320762837565896686e-01
-8.791283749290704219e-02
-1.365668315104424935e-01
-4.930549217492611463e-02
-1.687405993032488893e-01
1.036514337314017875e-01
-2.742030620106140557e-02
2.984527601598325336e-02
2.445583318932086636e-01
7.557173984325633864e-02
-6.220904661637736283e-02
-1.144125161512810906e-01
1.027945840762126001e-01
-9.135429369637167174e-02
2.000045521166885290e-02
3.272953117369889475e-02
2.017531656588849448e-02
1.169493181326628981e-02
1.998877586827886577e-01
1.409685201291916989e-01
-2.560469746858956563e-02
7.781078896591553384e-02
-1.600813410634933653e-01
8.478881172844834890e-02
4.046410224348833545e-02
-6.550585438993461462e-02
-1.569417843783123545e-01
-8.237250901403635195e-02
3.749291414589332044e-02
-9.487179485592085737e-03
6.418800450782852218e-02
7.834897116151670615e-02
1.324415373857512623e-01
-1.648601234787638306e-03
7.936082099623871511e-02
-3.354674687568871827e-02
4.102252848858728429e-02
6.339165727621853819e-02
2.929143619503944418e-01
1.708037032010157052e-01
5.210134764729121987e-02
-1.345116171423690887e-01
7.907206016114425029e-02
2.242342188739222253e-01
-8.511799590880327060e-02
2.788545389691903797e-01
-1.457010128236888580e-01
1.106511554676588988e-01
3.918774775605828042e-02
3.628723910134654118e-01
4.371324317682726557e-01
9.708814897361370821e-01
1.000000000000000000e+00
5.778578226592918643e-01
3.509099088084862150e-01
5.402119328564209538e-02
-3.043679051515749828e-02
1.142077363513483018e-01
-5.979383436520641776e-02
-5.131337303761701607e-02
1.672836307026363475e-02
1.767203380545226965e-01
4.735514791037770573e-03
5.859279381241565277e-02
1.432794188995289431e-01
-4.726277147117625456e-03
7.418572773274169363e-02
1.988039523903888384e-01
3.406597497487715703e-02
8.212174382296030806e-02
2.991827428805658023e-02
6.137498858239920016e-03
6.630047491616433697e-02
-8.154441517471225712e-03
-1.696422835409278421e-02
1.778771426189958427e-01
-1.001818741837910837e-01
1.750067153191115221e-01
-1.544255816045666529e-01
-1.740954891872569139e-03
1.409674944196982471e-01
-2.092014659549248923e-02
1.455657551876234912e-01
1.829596525005438845e-01
-1.200398078050637363e-01
-1.133206392531443396e-01
-5.647857400124170479e-02
-7.683331087050083129e-03
1.511456528659584908e-01
-9.392609809632175566e-02
1.388502924687740336e-01
1.726342118407219184e-01
-4.760465548291318433e-02
3.113220003193032086e-03
1.334858973935635906e-01
1.266323555864075634e-01
-1.714462409337403348e-01
3.015123400710265078e-02
1.400404797659215717e-01
-1.716309945878322918e-01
1.426018256062589751e-01
-2.487244506517341802e-01
-8.191586927614155633e-02
1.763051516550392661e-01
-1.275010076317787677e-01
5.917925864793812524e-02
6.101789836345893059e-02
7.678554048809525800e-02
-6.826225929406731785e-02
1.620604218698213084e-01
2.838707772291424597e-02
5.386872007976387794e-02
1.524468339544574232e-02
9.394829103848913177e-02
1.867019059378189627e-01
3.009204362292007828e-01
-7.236267281544001007e-02
-1.965304139669497019e-01
-1.413219141520234423e-01
-9.303085810108360776e-02
-1.689848901415042515e-01
-3.070656273514922943e-02
1.785545525273113665e-01
7.588533922540464938e-02
-6.098791088036580044e-02
1.582964392237894147e-01
2.670226939513453135e-01
1.159112068269905482e-01
2.588700005575289564e-02
-1.192481921160296332e-01
2.690217284875891582e-02
-9.842183684250359332e-02
-6.624459294149132038e-02
-2.279776166519351388e-01
1.793079310262058468e-01
7.076326014439229817e-02
1.201299148369626701e-01
5.517387890721432014e-02
-1.685203490526589187e-01
8.391932917974521955e-02
-4.805994710659374641e-02
-7.723216072758350148e-02
-7.435825731950582163e-02
3.623326550522317088e-05
-1.901799869736173765e-01
-6.494329309703268660e-02
9.572765352975566577e-02
-8.260992421085965043e-02
-5.921225422215667389e-02
-5.857694048697256045e-02
-8.518788484257958094e-02
1.373697726311799878e-02
-7.370579276821886960e-02
5.917437395545287193e-02
1.344831233858498620e-01
3.967376392231327098e-01
1.950595709591346205e-01
2.115211512373509767e-02
1.080840523752396171e-01
1.327791632254094467e-01
-1.154521587466605242e-01
-3.868462865856462513e-02
-1.360633579231392346e-02
1.717621892649800119e-03
-2.042830084124135359e-01
5.105834188740683739e-03
-2.950487506399349438e-02
-1.949621590710955976e-01
-2.226467513256323236e-02
-1.315824325380487159e-01
1.139734143879199413e-01
-2.839921051428391519e-03
-5.919789033963008401e-02
1.904858788070781100e-02
-3.562474026335635431e-03
7.545709071768673393e-02
-5.239457578140755550e-02
-1.031795996076610017e-01
9.990222008131065257e-03
4.584466876520523065e-02
2.464533007530187239e-02
-3.986029892325117230e-02
-2.546808380896849466e-01
1.880389623386847231e-01
-1.388791227601695599e-01
8.835121230901875344e-02
1.123673515166593029e-01
-1.984369214322674324e-01
3.445375148850160496e-02
1.209083918427950877e-01
-1.219919943616934871e-01
7.876516914036310602e-02
-4.247478985745448653e-03
1.228244550731213691e-01
4.372429700594391427e-02
6.170363883742051303e-02
2.864063170987895535e-01
1.870916270604681131e-01
1.109695327322926944e-01
1.085730027963932448e-01
-1.284317583536579432e-01
1.468576685218975497e-01
8.734012822389361497e-02
-3.427978864524120622e-02
-1.488478119201857852e-01
-1.067011131095729481e-01
-1.132521427987703555e-01
-6.442328742701526612e-02
-1.337153303808367444e-01
4.257868651564774426e-02
-1.191341697202655120e-01
1.296551956221049795e-01
1.335643627227645625e-01
-5.587877099268609427e-02
-7.387148123224092366e-02
-7.386135920749203887e-02
-5.851051155648755164e-02
-1.561089369673333317e-02
2.968135762811165979e-01
8.938777777590531382e-02
-1.579023953847504547e-01
1.405796272009635917e-01
-1.023812614271167182e-01
2.727210937165087945e-02
1.614766069228302237e-01
1.907967919320113781e-01
6.720718505037812096e-02
2.088669256863591450e-01
-1.079741446387189885e-01
1.162714041999445697e-01
4.163812817729861497e-03
-3.465517612038380990e-02
-7.487916578413990332e-02
-6.218370227966080882e-02
-2.595593759771367415e-01
-2.222125361048001846e-01
-9.114385475877048726e-04
1.596116132659889664e-01
4.517131732972549246e-02
-9.268341653652030498e-02
1.697458840800399882e-01
-1.520227725220205939e-01
2.451454254332956495e-01
3.489618049380419779e-02
-1.671516248032668961e-01
-1.460597694025593807e-01
-1.516024253652281661e-01
2.699068362772907154e-02
1.609397265015211631e-01
-1.353506872769034419e-01
-1.839374563793369777e-01
1.298852918326326433e-01
1.276904366420389125e-01
1.471352816227496640e-01
4.735001717870232496e-02
-2.350718966141984723e-01
-2.981738629181165945e-02
4.837531199644470870e-02
5.785070206754236444e-02
-1.218985988902130391e-01
-1.074754550676148973e-01
-1.100064348337306819e-01
8.457948146198319972e-02
-7.031233305659499895e-03
-4.303349830101570878e-02
-4.916101102507110243e-02
1.099032601307941420e-01
5.291246782429748045e-03
-2.466077585374214579e-02
9.498280508636375297e-02
8.512430957413988364e-02
4.883969993536817905e-02
-7.253148474788956301e-02
2.356320843200512827e-02
-1.715824560349256400e-02
2.137156798642317335e-01
-1.894635177024866363e-02
-9.561296791073702062e-02
2.354596935163824345e-01
1.458218949926665640e-02
6.937389484056107058e-02
-1.495944215876479633e-01
-1.080729144874828795e-01
-1.572445403512905127e-01
-6.045743054583363474e-02
1.412139918016089291e-01
-5.948931519341146834e-02
8.000578317628810610e-02
-3.370541905827282858e-01
-1.996431149680587963e-02
1.393419693534262427e-01
-1.075515768081282547e-01
7.920935936972343938e-02
-6.948203081095007116e-02
-4.346931162479535787e-02
-1.068724520156771052e-01
2.770793276306038333e-01
-5.691754102849394537e-02
-3.947599851782009756e-02
1.328719158621823326e-01
1.405527795278460612e-02
-2.291502582002657301e-02
-1.495028639151924632e-01
-9.408596686346280824e-02
1.416971345837972525e-02
-2.949203241554483323e-01
-2.538962814270373514e-01
-1.548302469996257758e-01
