-2.339657646014667303e-01
-1.533516636690756552e-01
1.633913537349817313e-01
-6.331073421380134514e-02
2.188525731389469320e-01
-1.934462830830857294e-01
-2.596486891656182849e-01
-1.178031050063449992e-01
-3.886922455676064536e-02
2.932082188628152841e-01
2.011748369670182668e-01
-2.051080574114017563e-01
1.625919915315881814e-01
5.336049078593105288e-02
-7.022047914049582562e-02
-5.217148235217958785e-01
1.815271871256100567e-01
-2.428132492232041861e-01
8.700458734016536244e-02
-2.982653133634750181e-02
2.612502296909877120e-02
-2.030877392643380686e-01
-6.446740591690719446e-02
-2.400478065986322296e-02
2.802910861560634070e-01
3.694175019565415323e-03
7.526984852718505981e-02
1.066167948430246787e-01
2.349630665776645047e-02
3.253297813868211708e-01
-2.400043289244313260e-01
-1.990588816895693391e-01
9.424795691121899688e-02
-1.327051984660294615e-01
-2.741988637695051412e-01
-5.654057265324526071e-02
-1.275325727557146405e-01
-5.620796667654238965e-02
2.414056439663647691e-01
-7.880940464621379038e-02
-2.597688031747197313e-02
1.931685024904674364e-01
1.246388944748519911e-01
6.559191010360058971e-02
-1.511930144208002147e-01
-1.981887622257136605e-01
2.474387539370878353e-01
-3.297438077098010512e-01
-2.491200503378535880e-01
-1.989430468871109248e-01
1.460257433401883354e-01
-1.070094552787899528e-01
-7.269798201914765001e-02
-6.559835542932934693e-02
1.586456274643504305e-01
2.749692418761627843e-01
-4.556446924177565833e-02
1.392134194129857581e-02
-7.253086489924769759e-03
1.513560767391904094e-01
-2.428659246333353394e-01
-1.397523195346241920e-01
2.319068696264555973e-01
3.999693339923952873e-02
2.835537954056583931e-01
-2.995095379310540595e-01
-7.289007090650961862e-02
3.837356917776983678e-02
3.817780161969566710e-01
-7.878372492776598845e-02
-8.365808338785274412e-02
4.812650870542448667e-01
-4.808912946999026328e-02
2.533870569954790875e-01
-5.969188278496700972e-02
-7.958200475517641925e-02
-1.469142142657851591e-01
-7.521300704391484238e-02
-5.325977795546128490e-01
9.142280097241126113e-02
2.461211061812004219e-01
-1.173837609625424383e-01
5.243652859148932588e-02
4.788083263678045987e-02
-1.353962466270492715e-01
-2.590351551907963401e-01
1.230916144493782727e-01
4.115798897115426902e-01
-2.100714601840345322e-02
-1.190371768786823437e-01
-1.418532000344869815e-01
2.015415905451434786e-01
-3.346397287454385694e-01
-7.320879712019635888e-02
-3.346547545927826550e-01
-2.065116581639849791e-01
-2.477425115537511824e-01
-9.819108862850219055e-02
-7.208758899178434321e-02
-8.392424037198906173e-02
2.875901021957633086e-01
-2.433381139761585932e-01
1.414731458606842407e-01
1.284197830963780818e-01
3.379847539949446672e-02
3.269701238464937654e-01
7.820307151140884483e-02
-2.140095899655681394e-02
1.604512542447181778e-01
-1.197475088463022946e-01
-2.629503639512537627e-01
-2.953262622678373694e-01
5.967556865853845816e-02
1.164768896449444591e-01
-9.553775373863224174e-02
1.472161663178571389e-02
-5.370258832236495250e-01
2.275345186066458913e-01
-9.669760886139662504e-02
3.315467736887686007e-02
3.587993683966383268e-02
-1.814071225416677147e-01
3.131012906554308528e-01
6.350378451851690365e-02
-3.348704858632438608e-01
1.416866061985984637e-01
-2.194331203747413306e-01
-1.950484669790376602e-01
-4.316001232753085004e-01
-1.455452707813469360e-01
-8.314321485226980335e-02
1.371899100211019240e-01
2.359388044403381290e-01
1.584963027142198833e-01
2.255509015565153666e-02
-4.083729201596210390e-02
-1.774061731456759161e-01
9.564145526586802226e-02
-1.302398353206424275e-01
2.759681274396391659e-02
5.061990816222074890e-02
-1.559291904324378863e-01
3.228661647646070831e-02
-2.624354317073260279e-01
2.359355573123347316e-01
-6.802770352688902733e-02
4.438816137507712312e-01
-3.489292431896485192e-01
-6.953949224803043436e-03
2.400502617032365116e-01
-1.317687998985507536e-01
-2.758793603217821744e-01
-2.098851088777209106e-01
-3.995644075674176787e-01
-8.779445653488598955e-02
7.570086510974761984e-02
1.839420396128862156e-01
9.944068057106843217e-02
-1.959380055025687906e-01
-1.555816010806448102e-01
-1.946228557829332226e-02
-2.327226096646225484e-01
1.976767013177984089e-01
7.156574422762305987e-02
1.761471281389010157e-01
2.828986916780172611e-02
8.051403780447484448e-02
8.254403362720386106e-02
3.287467600720654914e-01
-1.524797617032687125e-01
-1.511739988472847185e-01
1.715946368399596245e-01
-8.592114973316994364e-02
5.158869306529745291e-02
3.762499909055704861e-01
2.848056518227294887e-01
3.930757956445371515e-01
1.867198258410057154e-01
2.310353704810195474e-01
2.149595421355725566e-01
1.712469837798216987e-01
3.912686223543217212e-03
2.146279972987618634e-01
-1.727186191096351520e-01
-1.203206345609295624e-01
-1.602894383634242276e-02
-1.421978395638739123e-01
-5.342404720635816895e-02
2.515188010598446433e-01
-4.755830136386070967e-02
2.399805926464620640e-02
-2.864012065255510612e-03
-1.536182029032629459e-01
-8.511856057459080398e-04
1.187363053760983334e-01
8.361797822550835757e-02
8.799448886043298446e-02
-2.752882801735135887e-01
-2.737636392719411740e-02
8.141522763065703328e-02
-1.211071356689992634e-01
-1.224762065701091585e-01
-8.667764161880532614e-02
-6.317172422273045762e-02
-2.565766051118408258e-03
-1.572984099863463936e-01
-5.170309992166857022e-02
4.440606504177748715e-01
-4.023661913648200056e-02
3.124248997559202212e-02
-3.831070063299762962e-02
-7.603626646380495790e-02
-2.396660086001561885e-02
-1.703464245789917397e-01
4.251261607773896417e-02
1.091635054116327080e-01
-8.085376866253668471e-02
1.202051028563394242e-01
2.571355592814071889e-01
-1.552984870944145168e-01
1.172759757788677526e-01
8.065124405748552716e-02
-1.334878160284904969e-01
-1.848772438315479660e-01
9.150185622694033405e-02
4.935364107931988764e-02
-1.301188009993217987e-01
2.826188820345337249e-01
-2.365226785866022391e-02
-2.124567089323314492e-02
-5.165555516017528680e-03
-8.661547965802537941e-02
2.910943550129263882e-02
-2.467342733498092411e-01
1.189668926049960856e-01
1.864192664220677698e-01
-3.980539070898733156e-01
4.042784380123937149e-02
1.828777141437996911e-02
-1.670502202197732267e-02
2.290783655410691746e-02
-2.558465938204240731e-02
-8.355427697619885810e-03
-6.564494006961366090e-02
-3.330338047946890950e-02
1.264355861777404499e-01
1.170033882470515180e-01
6.382751912606732247e-02
3.653423313497621283e-01
-6.823931765448916498e-02
4.506183117616436445e-02
2.330651964148410249e-01
2.403676082353428944e-01
-1.241029028640360105e-01
3.362699965013280501e-01
9.336388038527970723e-01
1.000000000000000000e+00
3.983480205172935107e-01
1.803463846087732803e-01
2.224506045903985318e-01
3.456978861641213929e-01
-7.757068539393682793e-02
-3.413387675355179784e-02
-4.865501833042474439e-02
-4.799623692469892622e-02
5.005739384647930196e-02
-1.124004017338550987e-01
-3.241865472862253284e-03
-1.438278254580220572e-01
-3.216683292516208104e-01
2.314739849316989617e-01
-1.198058297336914574e-01
3.085076903045735897e-01
-9.790073778807914517e-02
-1.619207885308742156e-01
-1.992407839003143832e-01
2.059020611612661159e-02
1.410467766580612847e-01
1.582373825842583737e-01
-8.127880065581515046e-02
6.484458622692583496e-02
-2.021248546718807104e-01
1.560153191102943149e-01
-1.975144459717280976e-01
4.935457480252240792e-02
3.845918689288487218e-03
-1.793152832998829160e-01
-1.432753073596520765e-01
-6.105823746090513482e-02
1.380403768280297760e-01
1.858322397083334021e-01
3.522631189781006422e-01
-3.032911061082104176e-01
4.239761261554206295e-01
-5.684482515856444096e-02
1.766983090279085344e-01
2.381636903200366751e-01
7.549345306948031242e-02
8.626252669069763013e-02
-1.099058993808734314e-01
1.881658342130587344e-02
3.164398505037873677e-01
-1.342916351525782204e-01
-1.681546251608413423e-01
-1.279430673322627388e-01
-1.476786862695703695e-01
6.750755632024321717e-02
-2.766844317107785556e-01
3.244021048698892407e-01
6.743673535147223785e-02
-3.715621762439152986e-01
-2.109637864661898510e-01
3.304169843375007742e-01
2.830349789503329161e-01
3.608333725184376117e-02
1.399694575150637610e-01
1.249268682021473370e-01
-1.743626758917979358e-01
7.998042909905765663e-02
1.025342257847149802e-02
2.445014768525587689e-01
-4.149698207831817136e-03
-7.448506042046867948e-02
6.834548057353538597e-02
3.617102578116618838e-01
-1.364150331873032473e-01
3.280655711423416387e-02
-1.799612885547206831e-01
1.247594616016858282e-01
-1.892464963761529007e-01
2.181994577808170355e-01
3.523488596136529760e-01
1.146094612519497763e-01
1.687745742394693438e-01
2.306938081907284610e-01
-1.917443095654827734e-01
-1.330406699864737641e-01
3.779416290937938627e-01
2.760297095318580696e-01
5.024498334091122287e-02
3.219924132596668070e-02
-2.505164528780165836e-02
7.473048816394711746e-02
1.170664626949250303e-01
-2.800008524438605401e-02
3.883201368648792062e-01
1.626609443881830430e-01
-6.270855490184026881e-02
-1.219969502620006779e-01
4.255060032204225351e-01
2.680116175720574367e-01
-1.020113462722287839e-01
5.603774346261747308e-02
3.249910415022645438e-01
-1.339580742165459026e-01
-2.145968574358374514e-01
3.156500385593694613e-01
-2.229936728180845207e-01
2.697669248193128033e-01
4.236444326658113102e-01
3.083390314392033815e-01
-2.873162990790031901e-01
2.585160903601696480e-01
-2.030692333575452313e-01
-1.544565731149329657e-01
-2.473947703844851798e-02
1.309051592468459813e-01
4.538862366043302510e-01
-8.782822255204636441e-02
-1.455715875831890826e-01
1.902911801424801708e-01
-1.730302146497098292e-01
4.439632191719738996e-02
9.770201178420087618e-02
1.575257983517477367e-01
-8.018463069130436771e-02
-6.145865087562797646e-02
-2.349247875501954130e-01
-1.671247819090947440e-01
-1.311137752875509710e-01
1.116512586752462927e-01
-1.927826175355296101e-02
3.068218455806357992e-01
4.583939720675478391e-02
2.543144143049158035e-01
1.660470438361174028e-01
-1.630036469705310465e-01
-5.792012820234034021e-02
2.235286026232372603e-01
-8.032843738086654917e-02
-8.994410766310834138e-02
-1.325848012281211630e-01
1.788398345498207545e-02
-1.094823107775201448e-01
2.005131294739344663e-02
1.229717892549593988e-01
3.121844410631485420e-02
-1.558149901449391306e-01
-1.377842739773207092e-01
2.956471590257974680e-01
-4.401810480925387736e-01
-2.667299372652974232e-01
3.590502194693519916e-02
3.100169416817936258e-02
-2.354945811923655208e-01
-8.924566059539182361e-02
-2.760444412733529130e-03
8.310675963829970703e-02
5.021404412629022485e-01
2.340508533755579212e-01
-7.690366970247088096e-02
-1.214544252164178120e-02
1.139215194025383765e-01
-7.564190201248208179e-02
1.749931301887490409e-01
-2.255441826536544736e-01
6.035616680740533285e-02
2.471138513433114858e-01
-1.142551782279231307e-02
-3.594511123577072143e-01
1.056824117089605747e-01
2.174481866501707661e-01
-2.639240202505348156e-03
1.388104299349391668e-01
1.492994668090400212e-01
-8.407360509547021771e-03
3.610887861909259922e-01
1.954266259832900324e-02
1.164182077436312496e-01
1.414899991811007299e-02
1.330895094496961362e-01
-1.853777236031991515e-01
-1.451275400163951068e-01
8.091254063478571512e-02
-3.577373144838173757e-02
1.241197382417113942e-01
-1.518784736422922610e-01
-1.081616282547547825e-01
7.470451113993807624e-02
1.489163926464441290e-01
1.150727155172937555e-01
1.663891788356869628e-01
-5.931745567121834428e-01
3.359026058398085213e-01
3.526779848651000471e-01
-9.852666632950921044e-02
6.025631281162045078e-02
-2.922498696774457616e-01
-9.289053152048909467e-02
4.908144138587297589e-01
7.642976669252322941e-02
1.204652745854026125e-01
-2.014686202682081373e-01
5.230754960405291643e-01
-2.988871519900744220e-02
-1.529569151347134892e-02
-5.563815246405237613e-02
1.228632762511655124e-01
-3.925654394467829184e-02
-2.193074786469216553e-02
-3.259897005857725905e-02
-7.828144208382566138e-02
-3.306793156920841414e-01
-3.415599795562271890e-01
2.665854143401402143e-01
-1.185981596076320504e-01
2.134310016141620636e-01
1.909336409637173160e-01
2.352588420433054939e-01
-1.637624097887314112e-01
1.774789947698306447e-01
8.924059361968335324e-02
-1.405515549871351189e-01
3.312165394990250478e-02
-1.755422049075990865e-01
-6.213483524182560058e-02
-1.588998725202212525e-01
2.306044169410307876e-01
-1.799659366004133509e-01
1.711250363056184831e-01
-7.025483976883263593e-02
-3.467069043119851979e-01
-2.512411993419116363e-01
8.284478350536929325e-02
3.207236590526481579e-01
2.742976411815599702e-01
2.511436426413006795e-01
2.097196604603893122e-01
2.671969322157405347e-01
8.956887009238170827e-02
6.791161968335832078e-02
5.130468716229352050e-02
3.924593767229250796e-02
7.067979194413936961e-02
-2.143375344855050213e-01
1.711593325598394222e-01
-1.852287386308657247e-01
2.387394703845870797e-02
9.837552173167357639e-02
1.498271752038378424e-01
-1.323415015566801745e-01
1.307599941118123832e-01
-6.560156075088587058e-02
-1.632646469080410445e-01
-3.710304568868011410e-01
-2.669899167020369293e-02
-1.483969558831222668e-01
-3.794154723136164975e-01
7.729763645990489485e-02
-3.091605875093069722e-01
3.270560761774005121e-01
-4.333670824910039743e-01
