1.409637328417527868e-01
4.239899147990731920e-02
-8.356766292836505239e-02
-4.097021741186935850e-01
-3.454144483189753867e-01
2.557661748252441913e-02
-6.356986260130968736e-02
-4.423897788959958444e-01
-2.480438433155987832e-01
1.883798361359434459e-01
1.771105466780977244e-01
-3.401479733838409097e-02
-1.779009089396961507e-01
-3.452547231801645355e-01
-2.503278436026118992e-01
-1.903778369698843342e-01
1.457372330767204016e-01
-7.078045527420219474e-02
-1.069288883702462604e-02
-8.527170726918385443e-03
-6.040479739779179395e-03
9.215115253005393137e-02
3.422363208736161622e-01
2.021468598751246792e-01
5.042112929935174126e-01
4.569105054233793539e-01
1.089314972863876657e-01
6.120885964928666351e-02
1.215073511199542683e-01
8.135967338121728731e-02
9.207244067448476510e-02
-4.704540091363881293e-01
-2.611874200999788620e-01
-2.428813516010702722e-01
-5.821115561750407341e-01
3.672559463085802584e-02
8.146148689143045685e-02
6.568940650123700209e-02
-2.594638447506814050e-01
3.160694796143681540e-01
5.307559249461081263e-01
-2.144316038671312263e-01
6.118466418233765858e-02
3.106645693863198110e-01
-1.798905907363025913e-01
1.070330932389579326e-01
1.512370875889902933e-01
2.758585436204872288e-01
-2.185666323339957584e-01
-2.598331298155929225e-01
-1.698859151591139149e-01
-8.276326182069240756e-02
8.421991075819684064e-03
7.153587321091477158e-02
7.822272356059459253e-02
1.409422675895825594e-01
7.779459054681930885e-02
-1.219224603539408591e-01
5.925921197737618051e-01
-2.259147848113212120e-01
-2.849631796815080276e-01
-7.701716476780187670e-02
1.407873027981386138e-01
-3.043784881393446409e-03
8.793971363527569585e-02
3.654084537180048442e-01
1.101722657412166212e-01
-3.587401518145855728e-01
-9.864980036070894465e-02
-6.589110987249714446e-01
2.239124874741626747e-01
-2.728053518878206241e-01
-1.032568637229471509e-01
2.212940120962259005e-01
-3.045773351555316477e-01
3.674862893188948210e-01
-3.139927087267082029e-01
3.567136590104780236e-01
6.046630800032385539e-02
-5.986956507914478059e-02
1.512770079514318133e-01
-8.305008974895337903e-02
-3.853592428085384491e-01
3.186108794178100362e-02
2.405774377604072423e-01
1.653886925014351750e-01
1.607406149644333426e-01
1.819341879311856328e-02
1.009717549123623041e-02
3.391233302818328910e-01
2.349838815150294760e-02
1.246521415438264918e-01
-1.115732814579689786e-01
1.367419507350030039e-01
1.159993760773488508e-01
7.894220861192230432e-02
-1.605938203503036454e-01
2.259690153149384317e-01
-1.080889406117112456e-01
-4.185508047483674776e-01
-7.984961037810237028e-02
3.242108324131651731e-01
-2.554728252804679481e-02
-4.703317103833325463e-01
3.678949872131051513e-01
-4.655875947497871148e-01
1.738632252764190159e-02
1.042797095253304440e-01
3.384136284669906486e-02
1.442024524835439359e-01
1.160958429610157855e-01
4.069617266855367343e-02
1.294787143140054275e-01
8.433996994026544914e-04
2.676008163422902708e-01
1.215596011379278807e-01
-4.556215531736700353e-01
1.463266751893003634e-02
4.478722050780033909e-02
-3.455583084556233808e-02
-1.096712108754944043e-01
-3.753711146440970592e-01
-5.083858013220109162e-02
-3.270205409999123458e-01
-2.959764346089319154e-01
-5.049833576368834009e-01
3.436245198686986857e-01
-1.186575151126125494e-01
4.248977400446052322e-01
8.581426592871484182e-02
3.576522246826231433e-01
4.055997797149303585e-02
-8.067461916371572450e-02
-2.431950875394870218e-02
-1.211418259260768349e-01
-9.316071784753393592e-02
-2.191823961776033780e-01
3.774407977392277291e-02
1.445928090704942104e-01
3.938067653191892892e-01
2.120000009578217048e-01
2.344878875120108841e-01
-3.342562654600028660e-01
1.063512011049606854e-02
-9.330362427851310314e-02
7.686846833320046257e-02
5.251314616210743802e-01
3.078526090188787867e-01
-8.507177255874945332e-02
1.223423444443995228e-01
-1.216689634892499927e-01
-1.881639291069808206e-01
-8.910108474229756770e-02
-4.961080635810299205e-02
-2.286205213623030696e-01
3.064427085335335033e-01
2.262009331244306809e-01
-2.200874819261753046e-01
2.266440122055055351e-01
-1.071044227648710809e-03
-3.710045971548636135e-01
-3.501215749859246662e-01
-7.049773130014518052e-02
9.698735979797799833e-02
2.027722932734692951e-01
-5.053566242209347470e-01
1.182125838580446869e-01
1.615820487277469242e-01
4.947808509199941862e-01
-7.707215363259005414e-02
-4.415723390108935303e-02
-1.027654373970360996e-01
1.549680560739472579e-01
-1.652513835250304097e-01
2.345080227137665008e-01
-1.718513664317966039e-01
1.193916954031945532e-01
-1.738427713539694741e-04
-1.729658546144131337e-01
-1.526330716632913476e-01
-8.551161389190274631e-02
-5.352206827464821570e-01
2.051092873496742353e-01
1.137251677801198041e-01
-1.236465869254087524e-01
-1.474429892418533672e-01
-3.549917783426346785e-01
7.892429649926892971e-03
-2.116240624379890634e-01
-2.880563847050366527e-02
-2.359876014260849086e-01
-1.497545014897564697e-01
4.156511839274017184e-02
-8.658415157948959329e-02
-2.546899594176351700e-01
-1.684385181740467308e-01
1.333691366427059710e-01
2.950950572611882872e-01
-4.601513130691532033e-02
-2.819908856200201326e-03
-8.698672401894358419e-02
-1.083620737770507603e-01
-5.757355012069453881e-02
-1.268839064028357555e-01
-2.673860468146602720e-01
-2.261006517912889091e-03
-1.398010258072640288e-01
6.871356963150218600e-02
-1.353045178217456845e-01
-2.551818582196971885e-01
7.162499839243914590e-02
-8.855214011043697347e-03
-1.198003377733738856e-01
3.187050800521786798e-01
-4.614040473739465867e-03
-3.487575359931793795e-02
-2.036633570324698425e-02
3.281572855053958848e-02
1.024866280310856304e-01
2.828656581329906938e-01
3.724460466442525153e-01
1.590164801685666970e-02
-4.080745667519560804e-01
1.148375470841287299e-01
-7.238907357255254527e-02
-4.090239831692326078e-01
2.218542358528579062e-01
-4.574788292433419334e-01
-1.032058650093516383e-01
1.161301017128161528e-01
-7.327913450782251592e-02
-1.786209889022389863e-01
2.126463920751937853e-01
-2.629239200160064516e-01
-9.904142510860853080e-03
-5.149161286949096444e-02
7.049786557019559197e-02
4.228120820409034253e-02
7.944214056628166876e-02
5.573080037717998980e-01
6.727588061732955316e-01
8.532020308506277351e-01
2.601831577200003909e-01
2.275645866114944793e-01
1.076597342526359191e-01
7.320703241814684181e-02
1.307543277998140518e-01
-1.863562602185931671e-01
-1.874644654544145028e-01
8.629933056181120221e-02
-2.199547430146568672e-02
-1.140582222396402112e-01
4.841266165915126263e-01
2.964689752142041779e-01
9.906247042833038474e-01
9.226624340847898731e-01
1.000000000000000000e+00
4.129879049970235916e-01
1.848601691505363520e-01
3.284098542743560389e-01
1.681999974120964095e-02
1.943469565642013674e-01
-1.767237574131507727e-01
-3.520560403117203307e-01
-3.210761284961669570e-01
-5.525411852353952213e-02
-2.165461307145770398e-01
2.782671003991836756e-01
5.814534517167056771e-02
4.314749276488207275e-01
-1.414327020712136673e-01
-3.242757502927713920e-01
-3.018612289676221860e-01
-3.606986988043018871e-01
-9.800535106152074086e-03
3.133288894003707914e-01
-3.478767854107093355e-02
3.761507544726975794e-01
-7.212769241561867162e-02
4.458506097675424829e-01
1.903209608745942139e-01
1.973471254085840954e-01
5.080152425457164916e-02
6.231213841364924982e-02
-1.186783494602268278e-02
-1.006566595382867302e-01
-3.409604592326683902e-03
-1.914982666902451669e-01
4.850406367556219789e-01
4.303491695024367486e-02
3.083433703195910813e-01
-2.041663345932545337e-01
1.457047158983522106e-01
-5.552894330719108096e-01
-1.142804268053678740e-01
1.934056169882327481e-01
1.057356121388288578e-01
-2.802099020263683626e-01
5.858955826052563154e-01
-2.136188983120939078e-01
4.295909280149220327e-02
-9.326952301876874352e-02
8.136564248237695366e-04
4.184650078957703467e-01
-2.925402912111582654e-02
1.517006091601947118e-02
1.519242917000252491e-01
4.993889653418929347e-02
-1.876896364729963851e-01
2.359134692038210857e-01
-9.950310763105792503e-03
1.078114963531501547e-01
7.498200021117130964e-02
-7.344358493699139345e-02
-3.260569659755992444e-01
-1.802696413660421493e-01
4.940041106331975462e-01
1.030147369715166961e-01
-1.497453745251541013e-01
-7.129815952073094432e-02
-1.140044496222212128e-01
-3.991329509203160597e-02
-5.143936285153443561e-02
-1.028119206333759778e-01
1.298581764667966765e-01
-1.088983469368791646e-01
1.891449655787532172e-02
-4.366459995984492415e-02
-1.916224817728775787e-01
-1.673463177608381092e-01
3.293377266934428560e-01
3.515377275003898905e-02
5.861374858899123796e-02
4.243041765923503128e-01
7.456440295839832089e-02
5.368401549929143757e-01
1.782782125669181705e-01
-8.769681081060162753e-02
6.070415008348876984e-02
5.394682221158663554e-02
-1.510675576889746775e-02
5.456709869054627848e-01
-2.319714851043512827e-01
4.907942012009054548e-03
-1.200129942830455675e-02
-8.318246905096605970e-02
2.780222503273599433e-02
-2.288253372687252402e-02
3.587006370172617364e-01
2.218484167501778015e-01
-6.024861570888433854e-02
3.698106301234369564e-01
2.990513105677726213e-01
-4.719444403314882602e-02
1.308368987394758765e-01
-6.911858915566432282e-02
-2.922941720419678924e-01
-1.840698447008962402e-01
6.331010321610412994e-01
4.054501703032970528e-01
2.613503871260790257e-02
-1.734444523837022356e-01
1.517208572286638246e-01
-2.341696330147362837e-01
8.698716342658030531e-05
6.510672789424799545e-01
2.791987180993518725e-01
-2.055972715436296949e-01
4.761964164322282089e-01
-8.186893797386235808e-03
-1.021112844224510291e-01
4.308793777530052216e-01
-6.660233734579479488e-03
1.270401693906187957e-01
2.493414500537424749e-01
5.847407990593359722e-02
7.103931923244426183e-02
-6.769288502878996472e-02
4.258914784985505797e-01
8.752331536580028326e-02
-6.936678308283658612e-02
8.895682503891524928e-02
-1.119982641018950897e-01
1.870398533186142798e-01
-8.008150176265568798e-02
2.504669815305211600e-01
-2.726806815931088757e-01
-1.787300163090694725e-03
-3.392899728283652050e-02
-5.058146042151009242e-02
5.095021619653920114e-03
-3.164266507947839369e-01
6.959552013361880105e-03
1.018956022445445114e-01
-3.834975986563993189e-02
-1.091824446503613794e-01
-1.767045234746523474e-01
-1.274096337043259530e-02
-8.239063383688387254e-02
3.071248123533140695e-02
-1.575412526279100223e-01
-6.214740052626385181e-01
-4.539961233343603464e-02
-2.306178598451470163e-01
2.283656275361985177e-01
-1.651181639128598000e-01
-2.648475782856983818e-01
-2.740259587159208365e-01
-4.760107673777912163e-02
1.441495638653275679e-01
-3.375967270328942421e-02
-3.696059060877722735e-01
-1.632922675202234664e-01
1.436784652902199644e-01
6.754514270737482784e-02
-1.634071544571698564e-01
1.498184380702488779e-02
2.598489102351163593e-01
1.303138229066937506e-02
4.753529875933353854e-01
-8.683414803321036490e-02
3.332119968047593528e-02
-1.466972872230413727e-01
3.573324507888877566e-01
-2.661329923933439257e-01
1.071415661620091220e-01
2.889603888838243595e-01
8.625370489970085597e-02
-4.978879755170851351e-01
2.468163963605818634e-01
-2.977997669108983780e-01
-2.393228327869559042e-03
-3.219156982509671083e-01
-1.781092348255073898e-01
-2.897238163028276747e-01
2.054287289952430873e-01
3.219652577792676829e-02
1.852011547942949143e-01
3.158477302607027304e-01
-1.088162835303601028e-01
-3.919037465814452781e-01
-3.115398649683348009e-01
-1.351500691954803102e-01
-7.258395963040872312e-01
3.342160419484526690e-01
8.606876922765543947e-02
1.371966070683217076e-01
-2.590222360362666020e-03
4.198848929199475721e-01
3.144971852573810733e-01
5.384114098526206205e-02
-3.737207993528641192e-01
1.803262626694163498e-02
1.286871768199465416e-01
4.818862310922078507e-02
7.687587151727379164e-02
-4.173200380964591227e-01
-5.216898032060783841e-01
2.858152047298377907e-01
-8.322879479526699986e-02
1.167057282141271274e-02
3.398421695661479891e-02
1.917117325924165561e-01
-2.989809873346387925e-01
-5.326105011899134184e-02
-3.806335995493529967e-01
5.735743959512493075e-04
-1.900737000647375885e-01
-8.748015405248676934e-02
1.817349977632411739e-01
-3.989768581959243221e-01
2.822114370385365306e-02
-2.735469407915613327e-01
3.770756954959220142e-01
3.793606321032182982e-01
3.295012321703098546e-01
1.313890456547999463e-01
2.489766103521029450e-01
-1.556770372182969819e-01
5.125103514246191760e-02
1.327062245375426053e-01
-2.183357819118524612e-01
-4.378522739997854907e-01
-2.602438212883445567e-03
-3.498294527522150532e-01
-7.370879875307900786e-02
-6.322529780057863091e-02
-4.030699361677591575e-01
3.991076062925111301e-02
-7.192391653520628647e-02
3.453964530888802703e-02
-2.263793622074435422e-02
1.740281747280430502e-01
-4.697961195127915990e-01
-1.615965191159109138e-01
2.536429504503282528e-01
8.127278867423204378e-02
5.502247765514061140e-01
-6.263022038091409227e-02
-4.790987745135310422e-02
-1.698498955757976950e-02
3.979243364779964098e-01
5.483244998634271283e-01
-2.566098373492709528e-01
-2.878436397596466634e-01
-4.073174713978781059e-01
1.299336962575181782e-02
1.244457426136058240e-02
-2.455428098044109553e-01
6.554554648590306398e-02
5.595448664233051983e-02
1.930388609570163616e-01
