-2.847251497865840308e-01
-1.572145632984678632e-01
9.048899752748999770e-02
-1.148088163751292967e-01
3.449034816546406312e-01
3.646328785126415339e-02
8.838044374259455827e-02
-1.045303665281400174e-01
1.267706063584033739e-02
-1.119968516758547070e-02
1.661596224950104839e-01
-6.276758007679960304e-03
5.658189938812481501e-02
1.785974122518169810e-02
-7.258396021160068434e-02
-1.465626538395717049e-01
-1.369737881381243548e-02
-1.297327985718451648e-01
7.613033388763029707e-02
-1.278222134365687990e-01
-2.869114392592471696e-01
-1.037806741974583169e-01
-7.906955652148248137e-02
1.977919979473219403e-01
2.274093819681341777e-01
1.020784339309784433e-01
-3.616160741324968564e-01
1.199897780166506306e-01
1.552309038907703775e-01
9.314739426190841998e-03
4.356134603989687479e-03
2.075709383483105297e-01
-1.108822592426797482e-01
-7.355201350560160167e-02
3.318871212275856936e-02
-1.547786761006512447e-02
2.596601612371130831e-03
6.674777003450117763e-02
-1.203177250641174478e-01
5.715764481309713874e-02
-9.482013258719729221e-02
3.143787243116969443e-01
1.228237317298015580e-01
3.430560794447354289e-02
-2.112657944273896859e-01
-6.610320020831689236e-02
2.887416113671922857e-01
-5.757179328511958377e-02
1.247887407160737788e-01
-6.200242551164149296e-02
8.558542490020039015e-03
-1.407392528638431728e-01
-6.215944094375543127e-02
-1.723231677536149198e-01
-1.279025758149809622e-01
1.848011007471146994e-01
-3.078403787508471878e-01
-1.563223417763363529e-02
-1.869607480863309801e-01
1.881738488248705099e-01
-2.506147630945980698e-01
-1.754218576190035295e-01
-7.139804292354101634e-02
1.589698620262575829e-02
-1.760483974647621408e-01
-3.808166055143498430e-02
-1.032607280899652952e-01
3.706846412393158437e-03
-2.490207241394601714e-02
-1.262186931374990329e-01
-1.204784719948427535e-01
1.615584021344722565e-01
-3.059272818609561420e-02
1.600768052700557997e-01
3.745749261057838841e-02
-9.513789495003655006e-02
4.493378849187750629e-02
-2.330453495318983437e-01
2.076802252989137232e-01
-1.035507372102834611e-01
-2.061331668714637758e-02
1.305041817933558050e-02
-6.771263944804077617e-02
1.926047738838099210e-01
-7.293460495598631799e-02
-1.432098588268848616e-01
-2.213245877390967731e-01
8.616684027601198559e-02
-4.178078314504142521e-02
-8.176907455826236404e-02
5.931551548388376560e-02
9.034615856946020401e-03
1.499081836907026899e-01
1.758907101721756683e-01
-2.184407979969226754e-01
4.297393081850212765e-02
1.168532230469334632e-01
4.858795571085094966e-02
-3.155198966630738400e-01
6.015059319709603093e-03
4.321869173175997558e-02
3.053667408286409729e-02
-1.906985921076272961e-01
1.371986834578022285e-01
-1.050438435768722284e-01
1.887364164487696228e-01
1.891377757194112330e-01
4.147012692527089761e-02
-7.485544836927400525e-02
8.751600694315822548e-02
-1.948049130180188326e-01
-9.304431150742793755e-02
-1.032942982047484887e-01
-1.031250633633146313e-01
-1.857240142035840036e-01
-2.033914315254488070e-01
-3.203043013604404965e-02
3.992255230937318267e-01
-1.082982976502039757e-01
-1.491887090042380293e-01
-8.678374935644948829e-02
-7.539217479965876906e-03
3.586846785845565488e-02
-3.147497898448008424e-01
7.002852198935990979e-02
1.756297276924602135e-01
9.916624756081897363e-02
1.290078584995340595e-02
-2.648462277446048674e-01
-1.237141577055732855e-01
-1.845461677514929066e-01
-1.906970480510390142e-01
1.508744666173910121e-01
-3.574260628842088755e-02
-1.577288523227495520e-01
2.303150281860762427e-01
-1.136718566188501395e-01
2.309647556262941215e-01
-6.943021648260870593e-02
-3.026385986016205242e-03
-1.158173392902119986e-01
2.904982383712930577e-02
8.219090853706161048e-02
1.426855228958618521e-02
-2.477256534494223228e-01
1.590517236083057728e-01
-8.621369656141679438e-02
2.071694905448504681e-02
2.362947260485418963e-02
-1.057794796092380446e-01
3.005705774765212723e-01
1.931923438172631902e-01
1.645728738805050384e-01
-5.988048098777581929e-02
-1.179428245487028626e-01
-3.394501742846792874e-02
-9.046162331302395887e-02
1.766129778022283714e-02
8.383300384758791968e-02
1.788197924692022933e-01
-6.704176543919276865e-02
-1.096889366779873060e-01
-1.873816211734399551e-01
2.541458380492147562e-01
3.797510485983465744e-02
-5.985679626132950869e-03
1.749821077997646412e-01
-2.922048178124034834e-01
-9.749420906578203094e-02
-1.646094053662053303e-01
-3.642354781127436075e-02
-1.608523759075973225e-01
-1.993107563100658952e-01
5.497669741733664933e-02
-2.911523554722847754e-02
-2.650165452201046490e-01
-9.237358391478377173e-02
5.975801873602654829e-02
1.917317249313818528e-01
2.204944690082467351e-01
1.573042857836846609e-01
1.791138480944503286e-01
-1.349975675591289226e-01
-7.677084763724734140e-02
1.290606314909711616e-01
1.402188478337648148e-01
-1.657312839107221436e-01
-5.193186541207292506e-02
1.277851186227299193e-02
-1.133279427906779130e-01
-2.828557573896377589e-02
1.118441388102645040e-01
2.761900818340829421e-03
3.985977763715945477e-01
-9.906603168580266350e-02
2.311735903926309954e-01
-5.424935603172672399e-02
8.698985802639391807e-03
-1.512712577400239788e-01
1.092519022449870286e-01
-6.392305598704198233e-02
2.601502629908957268e-02
-1.304891774709480978e-01
5.110112546966942559e-02
7.045227905280249114e-02
2.388537029334635367e-02
1.160497368778830724e-01
-1.316899186850809256e-01
-1.328290215356106307e-01
-1.364001553377156839e-01
-3.972751394344165889e-03
-1.836932448632459455e-02
7.251308218230582969e-02
-8.486158819729783254e-02
6.735442333686435246e-02
-1.413988792279715079e-01
3.007932999510790628e-01
-4.571530024397417458e-02
-1.429895189673535162e-02
1.686471687327114888e-01
5.671085537245323244e-02
-7.227605242486989656e-02
1.244445428565675998e-01
-1.271831968958010428e-01
1.600026191179771407e-01
1.898732297888449383e-01
-2.289477029041351100e-02
-7.572903863873504948e-02
9.449244282541968687e-02
8.728117592876590003e-02
3.604012525371062814e-02
7.818695289705400453e-02
-9.460288980467232434e-02
1.975841525477032568e-01
-1.723479127774995567e-01
-3.065048646801237786e-01
-7.224869408316814123e-02
-5.411619375341765459e-02
1.539784985596724665e-01
2.560187044963663783e-01
2.802017652731745440e-02
-1.204968366555509290e-01
-1.755468381918586507e-01
8.786753457684310167e-03
-3.966880406676957793e-02
5.495641156412440186e-03
3.472781780332122592e-01
-2.178758078191926351e-01
-1.133086109371525541e-01
5.566256394235282595e-02
8.698922785104012956e-02
-9.873100066915831141e-02
-1.724195387605974850e-01
1.499964349421611109e-01
5.503692879755770484e-01
1.000000000000000000e+00
6.628502347465836664e-01
2.244045383078082517e-02
2.752123057224091507e-02
-7.976731864845584830e-02
-2.822321594035686609e-01
2.334959838405759880e-01
3.593025659960265572e-01
6.281150474214701462e-02
3.090220834438091035e-01
-4.823282271297713031e-02
2.399131443489283810e-01
9.725199744860477113e-02
1.882135374453677290e-01
-1.219148340250360285e-01
3.562421271550249291e-02
-2.191319312760844351e-01
-3.740973945523948935e-02
4.650365878164359340e-02
-1.318466191108861874e-01
5.950873652248921120e-02
4.833299406055341363e-03
1.713457451044339495e-05
1.083141489896606163e-01
-5.083493163616815969e-03
1.326723490634988288e-03
-4.087730111056231408e-02
-9.985759127795061640e-02
-4.794571094183951859e-02
-1.299274218225984490e-01
3.202726462828398707e-02
4.790710288358183966e-02
-4.348092293570925138e-02
-1.723939729601093318e-01
8.230497407363350504e-02
2.361933366092043018e-01
1.377149645883672391e-01
2.323055806192484904e-02
-1.002381189862805999e-01
4.156922211956579766e-02
5.948542468571732522e-02
6.192183034170081236e-03
2.538007838663473015e-01
-8.797564330580240344e-02
-1.653623455990947400e-01
5.297006947457565465e-03
9.468115593658274487e-02
-7.484839364568803000e-02
-8.677073134441720681e-02
-1.009510066727986877e-01
1.023429303996546968e-01
-1.259879575475921776e-01
-7.161239292864882144e-02
2.077882252988619283e-02
3.175872512457856289e-01
-4.218937030114709719e-02
1.226457692941272104e-01
1.403034696550136962e-01
2.710102304447759361e-02
-1.543038013143474274e-01
1.673539120728820967e-02
5.883473885374616852e-02
1.768493259647786198e-01
-4.642230453656642775e-02
5.914197228006743551e-02
-6.843108672111213042e-02
5.064916254223750941e-02
-8.231023832784212235e-02
-6.461560908047939145e-02
3.832671679703748141e-02
-1.274888419177418464e-01
-1.331332689171768058e-01
-5.236410158515032720e-02
2.613999615740431604e-01
-3.722769953967037387e-02
1.119176324776754473e-02
8.242272676103443163e-02
-1.202478606472583700e-01
-1.063885600371955453e-01
-2.228699266797144057e-04
-2.078577547870936459e-01
2.444529392837506698e-01
8.226168699788179162e-02
1.875497046076010990e-02
-1.628503249960354116e-01
-1.866110085848524114e-01
1.173445770109847290e-02
-1.187981877726153324e-01
1.481621609289164934e-02
-5.510591576351126560e-04
-1.502676557774807950e-02
-8.559217498517845968e-02
4.895600215239858527e-02
-1.450626747123192617e-01
-5.843236554254835347e-02
1.346428210891309207e-01
-1.041653195041747637e-01
-1.660155117055261143e-01
1.108143894320311740e-01
2.779866973020219539e-02
1.986954222611815868e-01
-4.159514934599105318e-02
-1.798459320911900972e-01
9.083794722731028393e-02
1.222173666880826681e-01
1.903319942037967963e-02
-2.175750346505682942e-01
-2.678717609431247038e-01
-2.254980844257731820e-01
-2.459720971190773597e-01
-1.148899597541358508e-01
8.991044749850532480e-03
-2.513519122085873247e-01
-9.602859865603496914e-02
6.204327916067196164e-02
7.960601952778759149e-02
4.895018528015611381e-02
-5.118562987196121836e-03
7.605682209597099119e-02
3.346240640927135995e-02
1.390319587811147117e-01
6.600286509085206976e-02
2.359309383648462016e-02
-9.810827221654136454e-02
-4.695807996629056680e-01
2.472858943069596374e-02
2.076325056184668838e-01
7.066864738770797100e-03
9.669896482274205340e-02
-1.929952604881440825e-02
2.509623088529168711e-01
1.618058428872404253e-01
4.267894777645585280e-02
-4.303258063742299716e-02
-2.508472474000469563e-02
5.351618940092101734e-02
-3.133014795860131207e-02
-3.048564205035261473e-02
-9.297945198726187410e-02
-2.602879928263271414e-01
-2.880422717087385842e-01
-2.695563091799620392e-01
4.370657623433962108e-02
-1.459544920273485313e-01
-9.354123913269698359e-03
1.781395253067583340e-01
2.250501793042720133e-01
-1.585191962374550012e-01
-3.780880041437266470e-02
5.009819311610487491e-02
9.441854950575852279e-02
-2.321906564391047478e-01
1.499287755694725666e-01
1.612136052373038253e-01
-1.803351704084923957e-02
9.088073733381137054e-02
-3.381186852298614931e-02
-2.615624453971988617e-01
9.224835735725013530e-02
3.064099381612548356e-01
-7.479904173525789984e-03
2.456205496317314663e-01
-5.447371583022053709e-02
-2.047052844561734752e-01
2.610475242884635616e-01
1.269802568243908469e-01
-6.945462432628367322e-02
-3.609687166194235769e-02
1.245389259865771758e-01
5.266517888719304125e-02
5.912815109353975612e-02
-8.638179561990898259e-02
-7.485429041245096615e-02
1.096270167829675735e-01
2.202769288215506993e-01
-9.268969135156901462e-02
1.254338314147732114e-01
-1.535476620988059371e-01
3.829048784506237034e-04
1.953256380542798543e-01
-6.730690986508687523e-02
2.667996941819134604e-01
2.766179195014963899e-01
-8.640844405447291321e-02
-3.444908372147641173e-02
-5.534514083154967040e-02
-3.401297450755589868e-01
-2.154732339557774434e-01
-1.149207345881501363e-01
-5.635637913287098316e-02
-6.904367233697634998e-02
1.200801234427942010e-01
-3.421362269446675403e-02
-1.741583783271747482e-02
-8.605566958868365868e-02
-4.888369050789023729e-02
7.675953967792190254e-03
-6.207174438216709472e-02
-1.790567640778983616e-01
8.115513814975268414e-02
-7.476875454723114212e-02
3.331196210432989246e-02
6.336721720752988563e-02
2.469727822381631022e-01
2.121636523313797859e-02
-2.525950841751400389e-01
7.464802254431260331e-02
3.929622035806989988e-03
-1.453206933211708130e-01
3.357470521966086086e-01
-1.292452563434574181e-02
-4.439807093943849009e-02
2.848941690960854131e-02
2.947629320729744928e-01
-1.555008382977128394e-02
2.720577766007760134e-01
1.153900306192441189e-01
-3.577952012661053671e-01
7.567648515164684953e-02
-1.341583062311346441e-01
4.639798788842264959e-02
1.802119349129125206e-02
7.709200224669136847e-02
-5.442189649598775519e-02
-8.115799322296747553e-02
-1.605757842719137962e-01
-3.127223794389119571e-01
-9.122777689370503706e-02
-7.526880531027464738e-02
-7.678774813588772064e-02
-3.245156508059577477e-02
8.989952841263823546e-02
-1.545692829204413921e-01
-2.215209370093704777e-01
8.527939327329497887e-02
-1.238748514874523504e-01
-6.427121165590349294e-02
1.057709009311383758e-01
5.352749476627000069e-02
9.662919790253123031e-02
-1.654441411646196403e-01
-5.362305586952952063e-02
-4.306097726539852982e-02
7.449991209761772093e-02
1.171531930410722178e-01
-1.057966285924938910e-01
-9.988231412792440700e-02
2.458427700431546278e-02
3.744489644620553892e-01
1.822134252581356639e-01
2.798168892636575533e-01
-1.456403946414373263e-01
-1.423691333368228007e-01
3.254727952707628380e-01
3.023768316383318999e-01
5.514890493068849014e-02
-2.222340897805070038e-03
