5.840304371710119957e-02
-3.070122977935726624e-02
5.816744638337679324e-02
-2.401875874027924879e-02
8.931746935679184263e-02
-8.560679991305480963e-02
1.252860474157124204e-01
-1.154191472718094774e-01
1.907089994974909830e-01
6.246735080630613085e-02
-1.456361120525034025e-01
-1.101651901633424972e-03
4.233930028307167706e-03
2.082316544846935236e-01
9.377260303816316311e-02
8.347258106994997692e-03
1.926242088597856367e-02
-1.271520509642648511e-02
-2.796556128189202003e-02
-2.479509691016175965e-01
-1.002270843941464873e-01
1.879197930378620138e-02
-2.276228207350867450e-01
-3.709410501780258801e-02
-3.262662785327169468e-02
1.277861185794390286e-01
1.760259620209861375e-01
1.307159546361686027e-02
-7.981486134997903270e-02
3.479101776961535109e-02
5.534711496973485773e-02
1.238593080211215919e-01
-2.422048038916569668e-01
6.219478184697409956e-02
-2.286725932773081907e-02
1.368571220927607412e-01
2.536351752509133362e-01
-6.426633130691800089e-02
1.271381376759258552e-01
1.421720177780206595e-01
5.658987859408348697e-02
-1.032247786575528903e-01
3.258393317855557900e-03
-3.775211132489185439e-02
-2.666365490525838267e-01
-8.124380117645386978e-02
3.123961915546481088e-02
1.219745293513263412e-01
3.236545484590716559e-02
7.763385598469403626e-02
8.665601498007495518e-02
8.906986985815205926e-02
-5.367333509044948381e-02
2.091559131880516009e-02
-8.039186414427162974e-02
-4.190768262591122728e-02
1.021716917668662877e-01
6.260253149574038396e-03
-5.976849543727147385e-02
-1.047562201506184038e-01
-9.668629942214063133e-02
2.033918837397670765e-01
8.323852394215722206e-02
-3.925910114706564202e-02
-2.171050974687757928e-01
-1.923270281937121684e-01
-1.299259867508043009e-01
7.246555267707070758e-02
9.436013740094967295e-02
3.567012469437384065e-02
4.567894020726886301e-02
1.188567183414742517e-01
1.316763576542783754e-01
-5.156947976328418726e-02
-4.543845381923793808e-02
2.967439484931683885e-02
6.333237278200744280e-02
-1.541099087425751857e-01
-4.370305619751759657e-02
5.971689147352989696e-02
1.683110494864104023e-01
9.497415901983827236e-02
-6.033553165184482592e-02
-4.667838157418832679e-02
4.308899335449851292e-02
2.268985017025244577e-01
2.126233292843551226e-01
-3.544737103389739713e-02
-1.202111207033073476e-01
9.456987825725759935e-04
6.080361393033748008e-02
-2.139023969346857609e-02
-1.619192038527652033e-01
5.738699362536141962e-02
-6.930200953824822152e-02
-7.640288882906687284e-02
-1.065486990289554181e-01
-1.285832748348616772e-01
-1.812653906847914997e-01
-7.746939269456058590e-03
4.495962825136548546e-02
-1.233639854012988785e-01
1.414393151344454647e-01
1.057423089669208213e-02
1.506572639685306580e-01
1.140255256535106093e-01
8.365408469961689575e-02
8.859194462249754543e-02
-1.107845795814003664e-01
7.733722340903544492e-04
-1.948292729024977618e-02
-6.069994143666292835e-02
7.022401272259311267e-02
7.135674382792903114e-02
5.680622540487204747e-02
1.149241067717496623e-01
1.566644934505878259e-02
4.512540070321258839e-02
-1.012164235592679373e-01
1.078025412362503127e-01
-9.722622456798035717e-02
8.285587890185516086e-03
-7.709004179008591140e-02
1.366671688395408035e-01
1.182273880974456515e-01
-7.226922744882526006e-02
2.684079039570254691e-02
-1.590858463194468053e-01
1.640946315025490765e-01
-5.624833424907261376e-03
-1.207110618825706361e-01
7.919471500117969409e-02
-6.486020772070610896e-02
-5.955521979130859456e-02
2.926756537061085683e-02
8.906811676735749972e-02
6.076559510018911953e-02
1.520040862659168684e-02
1.651767766240465618e-01
1.039933528732102652e-01
-6.441439428094755670e-02
5.349181264723085194e-02
-6.710133590819994387e-02
3.659013351765307703e-02
1.509477697131848123e-02
1.659463608317127484e-02
-5.084284466421762870e-03
-1.053171256604231026e-01
-5.908883775458306092e-02
6.211769698217936564e-02
5.120786462373384806e-02
3.270689588055254032e-02
3.619154077763720584e-02
8.562232356298723080e-04
-3.115964524745401878e-02
1.110267253617350930e-01
1.229132476579612304e-01
5.502208928805614463e-02
-3.770757327275649912e-02
5.192212865347226036e-02
-1.255299699112458200e-01
-3.316065802340767421e-01
-1.143578721549145909e-02
4.503766662219597233e-02
4.500400145682722369e-02
-6.521013241435175134e-02
8.537429134389670771e-02
8.278220288309921793e-02
-2.560393945563112922e-02
-1.446329697332688069e-01
-2.518068248004798892e-01
2.754009874342786685e-02
1.323597219393067015e-01
-8.083381775985662432e-02
1.776977126645576943e-01
8.548432386290942542e-02
1.717563342295501394e-01
-6.110914781880924518e-02
4.644098992553888361e-02
-5.828534509822633214e-02
-6.803642968608870911e-02
3.506738148316532189e-01
-8.366845779311470055e-02
1.054720551495417491e-01
3.208927368215501452e-02
-4.488830284904281320e-02
-1.158273885230515776e-01
-4.894050175051559842e-02
5.190190137476372728e-02
-1.303311169266691688e-02
3.179167643824539619e-02
-1.711337518286489834e-01
1.331823053078148508e-02
-1.797867893954018317e-02
6.028535178495113278e-02
1.600760861415623237e-01
-1.555184514077501828e-02
-7.645992288672365245e-02
8.688602334805420324e-02
1.277281011770160443e-02
-6.527426889667490954e-03
1.590633541349583679e-01
1.019909992070975324e-01
-3.799874569262742113e-02
1.684503230572726717e-01
1.245142671125939043e-01
-1.366278325495396719e-02
1.227872122523946813e-01
-3.282459417463702567e-02
1.113886289705164345e-01
-3.873155435903363059e-02
1.116418936189306904e-02
-8.710298729721581423e-02
8.906949366524548328e-02
-4.285873209137968515e-02
3.442629061573328209e-02
8.475417459434514411e-02
-1.499392989864628822e-01
1.404214647529369864e-01
-5.381909160979251455e-02
-3.374484991822641194e-02
2.084324863599413408e-02
1.304635583282055811e-02
-5.940713286805607979e-02
-5.232769290716031418e-02
2.727100109102257100e-02
1.938866811338271212e-01
2.561278273203101280e-02
-1.838980041517598862e-01
7.362774850480091615e-02
-2.719402719964033807e-02
8.272332133672807841e-02
1.043846268064660965e-01
1.481424491684387446e-01
-4.999119376339681425e-02
1.629286738131387798e-03
2.195281601912766334e-01
8.627674391117780284e-02
1.444596375292094559e-01
9.950042976762479147e-03
-9.837873561094960528e-02
4.261064472697752292e-02
7.662427791598135085e-02
7.359622494744505472e-02
2.541818904882446883e-01
1.079662664780185605e-01
1.006091624326516665e-01
-7.879712791675520800e-02
-6.803111089041913306e-02
-1.453452214275907650e-01
1.101345574426520202e-01
2.970072900950531669e-01
3.001095099853494097e-01
8.661003028075535404e-02
4.732730592296280903e-01
8.727167319053696914e-01
1.000000000000000000e+00
8.427858327945247918e-01
4.107878254613699376e-01
-3.918798144090838986e-02
1.135494951055588397e-01
8.585502919918404363e-02
1.211038951601144525e-01
4.425634313122468050e-02
-1.473990201856151261e-01
-1.014193085342017936e-01
2.101481047435143842e-02
1.072753480907885082e-01
-6.619188190319429121e-02
7.459098893106709538e-02
1.190486490554625298e-01
1.981393712917895594e-02
1.472843762413524396e-02
2.431975382649122774e-01
8.777312009120689928e-02
2.686886659532614768e-02
4.581890284939532827e-03
1.573920275826965753e-01
-2.408318205343563945e-02
3.418384506608946466e-02
7.898568769659447542e-02
-1.578225961717534820e-01
-2.392707210323078704e-01
-1.203510878361401804e-01
1.764390469864790534e-02
-3.401331213308897428e-02
-7.835091433490984358e-02
-3.110920016109474176e-02
4.983562986098336034e-02
1.245660535227497284e-01
1.660675683446707074e-01
7.918819961100113458e-04
-6.059040275825625793e-02
-2.176860182116270026e-01
1.396450127165600741e-01
-2.536297612726299416e-02
-6.424719773226682251e-02
-4.894562012542012785e-02
2.034289568976133111e-02
-2.048786919979552271e-02
7.002523449212871842e-02
3.343938717792327431e-02
-1.479937557074622045e-01
-1.564101770216472509e-01
-1.910737374916044937e-02
7.424714774320172184e-02
-5.089991079866386381e-03
-1.167611642269092143e-01
-5.805052409950955256e-02
-1.812059202004084879e-01
2.638659931978898018e-02
3.235700676098409584e-02
-1.363681531488223631e-01
-1.233840710830992199e-01
-1.606338834282413849e-02
6.032293559833606239e-02
-2.322470254948673721e-02
9.524749338873851612e-02
5.391192749022095942e-02
-5.055435852894238358e-02
2.097899207608707600e-02
1.335427216594313182e-01
9.480764580707498612e-02
1.131112597172107270e-01
6.425721818523293105e-02
-1.321516879659868637e-01
-9.187393316578881808e-02
-1.273775177107830392e-01
-9.436583803956487271e-02
-1.156240910816906525e-01
-1.575753612411375515e-01
-4.801366796108236940e-02
-8.140244221853666640e-02
8.217295902031424015e-02
2.089705473563232829e-01
8.268691469989512821e-02
-1.413713194421270802e-01
-5.269003153271933915e-02
-7.967318692646768730e-02
-1.669468372330931358e-02
-1.455061456746088999e-01
2.795876623979041964e-02
-2.861261387502925246e-01
-2.798085758273450435e-02
3.795379092289831446e-02
-4.121125664712924769e-02
-1.054196622016619067e-01
-2.042528278708176381e-01
-1.129519286649092735e-01
-3.825592325375386238e-02
-1.396207424678489184e-01
-1.154277834531715757e-01
-4.103006954729689765e-02
-5.481573795679129529e-02
-1.073716535544809447e-01
-3.147483362200992341e-02
-2.078408451674489121e-01
-1.055242411574990741e-03
-1.491357157234494100e-02
1.577678830768180704e-02
7.755830123959243927e-02
-9.664441223467027178e-03
-2.308659605647940261e-01
-3.044390992187932798e-02
-2.638945176467992482e-02
-1.047590553205875880e-01
3.773325529401801159e-02
-3.182527610547032648e-02
-1.041104978033743078e-01
1.223317503014241386e-01
-9.692705000541770866e-02
3.071569759559373766e-02
-6.787271606921742306e-02
-1.742245608844751950e-02
1.783034154711196917e-01
5.210774056625284978e-02
-2.532391318433665876e-03
-1.263340856808050083e-01
-6.270545996610633888e-02
-4.993171165414532486e-02
-8.263212089938047622e-02
7.788770453524523907e-02
-1.030444615912474021e-01
-2.184723106468895032e-02
5.474560238013698871e-02
-2.648836447661589641e-02
2.698687730785036265e-02
-1.072329952632727207e-02
8.579770102225721395e-02
1.025218996543568045e-01
-1.133486150923254387e-01
-4.348646176697559124e-02
-1.646838418331178500e-01
-1.965605342350505019e-02
-2.736818037943370471e-03
-5.858923719414916437e-02
6.442999207479034596e-02
-3.629235312790016210e-02
1.817336942414809337e-02
1.155052139181495137e-02
-1.942132682273656555e-02
1.090321617926663239e-01
-3.442103868632181551e-03
-6.644587065178132745e-02
6.325432348575178720e-02
-3.378656611819420060e-03
-4.635865003952716751e-02
-7.517744546585990173e-02
-2.108687332892830724e-01
-5.726315197740614038e-02
-5.376703433011782718e-02
-1.476630931616351450e-01
7.793017142809302578e-02
-1.139393498925482945e-01
9.499165715140862887e-02
-2.791133844500995331e-02
5.084984478830630039e-02
4.049452868971822883e-02
-2.730867192862552681e-02
-7.576499145354337328e-02
-3.030537781134804223e-02
-1.017110219936529086e-01
-5.095482200745228563e-02
6.035072930355808024e-02
-9.373137709631997050e-02
3.886759859266934042e-02
1.046225073451116094e-01
-7.069565968172711323e-02
-1.143754908718434132e-01
1.709915529717370014e-02
-3.282185200374377471e-02
1.170589097420139946e-01
-1.059591283815437129e-01
-6.181888101278266295e-02
-2.800413095512136463e-01
2.158040588357657830e-01
-4.743744150179739910e-02
-5.693994983524730547e-02
-7.051854614470624318e-03
1.157149741499885337e-01
4.033975839723415863e-02
-1.553769584916986080e-01
-6.384660428170294000e-02
-7.489410964257804670e-02
-9.540747147263611491e-03
1.504169135273688840e-01
-1.504437347279849180e-01
-8.305969544662400450e-02
-2.615366930295350278e-01
-3.412308540747978347e-02
1.360147289478603194e-01
-7.671225224302113954e-02
6.373408458526644282e-02
4.832693414700341139e-02
-2.084152374557499132e-02
9.270886235526912267e-02
3.719297720503713517e-02
-1.342129820023418574e-01
5.476153312504659400e-03
-2.630734061192817053e-01
-1.788085993164731380e-02
5.475005044285065348e-02
2.765599179713365899e-02
1.514762291031256786e-02
-5.761563004606268246e-02
-1.533779246036121209e-02
1.780303928730444119e-03
-3.716510567735952647e-02
2.138976643644770748e-01
-2.569849780335843603e-02
-1.994793163029077165e-01
-1.985736177921492915e-02
-7.160636061258103535e-02
-2.602437096822765236e-02
-8.980828476522516313e-02
-9.976970310682117815e-02
1.270817397552408690e-01
4.067356255664072995e-02
-1.986356293272314652e-02
-2.426834592568348145e-02
-1.545652068403619711e-02
4.887959129322104468e-02
-8.484220774524178776e-02
-5.927251870612616075e-02
-1.251788912907993712e-01
-9.227046637141407548e-02
2.818651535204305669e-02
-1.079828037298656285e-01
-1.152901925243500353e-01
2.716005133950883874e-02
-3.383598415800113252e-02
1.065950556700149127e-01
-2.380729430952448558e-02
-3.447619891367905559e-02
4.803426618801243282e-03
-1.907061346975729224e-02
5.716274046870178233e-02
-1.931385930361747064e-02
-3.204021044429371246e-02
1.815907999330928224e-01
1.698829825064660914e-03
1.476704539226700308e-02
4.860858732821604633e-02
1.079425802166950610e-01
7.354083766380499834e-03
6.549873488373331165e-02
8.849470362714866034e-02
8.201717709739511641e-02
6.073597855486202735e-02
-1.414934361996774415e-01
-2.667339907626731232e-02
-1.107105412327792776e-01
