-2.730724418266375908e-01
8.346767191173953826e-02
-5.612623108801979149e-02
1.067240326083282731e-01
-2.813537981023095380e-01
2.119648628300493942e-01
3.219715063000541666e-01
4.450222870899260830e-01
-3.080521131286420022e-01
3.943642865643217088e-01
-7.875058833053043272e-02
4.246683968300524747e-01
2.277861508818384007e-01
-1.736258479951203471e-01
-5.603477844985099710e-01
-3.424496661426671418e-01
1.862217957176165450e-02
5.976099854810447420e-02
-2.317510618312300930e-01
-2.262135292587626745e-01
-3.460273285294516721e-01
1.250604680211881981e-01
6.474649690326715612e-02
-8.895015600596496708e-02
-5.846076784424749651e-01
-2.757101625984203792e-03
-9.009322962399297571e-03
1.108511185163322255e-01
2.100251098707830999e-01
-1.414943326426371939e-01
3.760490922704171068e-02
1.954883946776236336e-01
2.468217979072922785e-01
-1.503775029247288453e-01
-1.739228134817570881e-01
-3.324557307558315689e-01
1.767638713340974888e-01
1.159649844706989869e-02
-1.550645332992508230e-01
1.069255244907843239e-01
-7.900805700328893122e-02
2.018775104340912729e-01
-1.752589065935539203e-01
-1.076040174789375803e-01
4.250718293190348662e-01
-1.934572612233496358e-01
3.035882960861007174e-01
-1.962601720818619166e-01
1.662400755514183703e-01
1.208046868572701521e-01
6.340552574633201433e-02
-3.483750758918329193e-01
1.691684114917078041e-01
2.357356849320717262e-01
-2.013791111450124460e-01
2.643081138885061340e-02
-1.814508544116360811e-01
6.980081128794705936e-02
-7.339672497916856220e-02
-4.553041494312144444e-01
8.838561876135400674e-02
-4.332048678126889513e-03
-1.075125789039158702e-01
9.963989659031327606e-02
-1.460545408183620275e-01
1.242158976383147539e-01
-3.401973801813071990e-02
2.170038176435593741e-02
-7.707893036629166750e-02
7.668611706446801235e-02
3.212807168088339244e-02
-8.925914493189077148e-02
-1.026567260419031322e-03
2.049802863902507599e-01
1.901576535407267510e-01
-7.538939530862218130e-02
-5.260341303734062945e-01
-3.014435502353438046e-01
1.285106215150703668e-01
-2.441019887986171921e-02
-1.068607743543999594e-01
-5.866695503773990822e-02
2.310573024457314439e-01
-2.422823463551193324e-01
-2.043628697745636380e-01
-2.485583766000641071e-01
1.176687674103075454e-01
3.454061822325538156e-01
2.051452082859196446e-01
3.171748169100339076e-01
-2.246991209110414667e-01
-2.143615778295266117e-01
3.985803057282594763e-01
9.467667743360923260e-02
-1.133572545612727966e-01
-3.410262748619914963e-01
-3.587237634645940032e-02
-2.433120525210523064e-02
-1.570658787329262673e-01
-2.272564724431445221e-02
4.864163670508340337e-02
-1.446877313739061699e-01
2.109097821134522099e-01
-1.036669813311949240e-01
3.767024432842716597e-02
-2.272894920568254706e-01
2.611639014260443981e-01
-4.777134888579490091e-01
-1.762357313213900323e-01
8.874164418725838388e-02
-1.819244491022385113e-01
6.110685839424651045e-01
-2.656894707520859322e-01
1.848278880128467194e-01
-2.705153467647077314e-01
-5.479965086765823529e-03
7.172418964778658201e-02
1.390020386619953974e-01
-1.267045271529105566e-01
-3.213680371256632529e-01
-1.794362482307696738e-01
3.799804426114885003e-01
-4.619739105069857188e-01
-3.025605123412752340e-01
9.356156116872754724e-02
-7.540521580702176652e-02
-2.687786101692431553e-02
-8.557218886396851867e-03
-7.499809163593976202e-02
-3.658503318395612269e-01
1.425478817428459631e-02
1.191206348906428680e-01
-2.024096180980579363e-01
4.742814722499706648e-02
-7.817534850907801799e-03
-1.892338859112527583e-01
2.361377984649779271e-01
-1.784270992992731675e-01
1.292065629535543714e-01
-2.551661236934500976e-01
-4.899250230606161383e-02
-1.460316293579053681e-01
2.137785821743906356e-01
2.315916703235868235e-01
-1.389537957180888295e-01
-3.804282843106512879e-01
2.908596353497939352e-02
5.800723310388691822e-02
-1.532170382021354749e-01
1.932880082484728368e-01
3.153574857861127928e-02
3.904549090706988662e-02
1.447782161624437680e-02
2.312955750689830170e-01
3.039640189719673702e-02
6.102160268909968821e-02
-8.204541969710564542e-02
-9.100942944799005063e-02
5.013927616142827698e-02
7.093243125808952609e-02
3.603739086662552937e-01
-2.325744612177128023e-01
3.533222584025541568e-02
4.538698884646464454e-02
-2.271353018604230223e-01
4.272909341119951465e-02
1.227247950429862372e-01
-2.704140739384925940e-01
2.801349237730276776e-01
-2.698888808337790435e-01
-3.470826472160973286e-01
7.181409851273723444e-02
-3.984983397222046503e-02
-3.115310352243529368e-01
-3.665011879961138641e-01
7.352430489787749324e-02
3.334572529594920232e-02
1.888074531785426113e-01
-8.966637622558427945e-03
-3.435192756176412843e-01
4.315643526576925515e-01
-3.373022271510203729e-01
3.636205136826367035e-01
2.932569737346235050e-01
2.932404155972554993e-01
7.129950451425259850e-02
2.087213137465795398e-01
3.245938310863856202e-01
1.664524554550420310e-01
2.416844004336167473e-01
-3.411853975356124447e-01
-1.616221063115858281e-01
1.702001285366016026e-01
-7.151363550429641613e-02
-1.879340738713179415e-01
-1.552729378387213144e-02
-2.132271653710121617e-02
7.263071958093814118e-02
-3.724952319825913100e-02
1.354110338798455715e-01
-9.872567429709404319e-02
-3.182486538329271780e-02
2.199561066110932439e-01
-1.214340085894563825e-01
-1.547461079012711904e-01
-1.254550490031178522e-01
3.325886102276549572e-01
-2.116490789921424698e-01
2.856212522233335105e-01
-1.032102933578914195e-02
1.354246651901495069e-01
-2.527691778590617222e-01
6.932948851799111134e-01
1.100988025084062294e-01
4.997096835152179950e-01
2.542037661567599360e-01
-2.901136815458024709e-01
2.983179013956224757e-02
2.236283451539719247e-01
-4.615788369912598998e-01
-1.974498017085283552e-01
-2.759487068999495474e-01
-2.003904772190990835e-01
-1.382606757296849509e-01
2.276256820361011179e-01
8.867709766971805518e-02
8.095296978748137140e-02
-1.073298615629770664e-01
3.444966113752116060e-02
6.299389060602118839e-02
-3.595944003250679810e-02
-1.176196814504216204e-01
2.712806239825452659e-01
-4.815415614042926201e-02
1.066259992529524775e-01
-3.319171987429831994e-01
1.163596717330030311e-01
3.562058743952458140e-01
1.075096177256474050e-01
1.020259781323706733e-01
2.707928710966517882e-01
-2.698385556637660290e-02
6.899848418480841739e-01
-2.077424430460530769e-01
1.674901587471419873e-01
6.401234690372401004e-02
4.395465727546511714e-02
-1.982956638314109232e-01
-5.779952762653051829e-02
-2.953585997917843597e-01
-2.870367710932172911e-01
6.241933922019587272e-02
1.000000000000000000e+00
2.418645615105774194e-01
3.952018134427978113e-01
8.695452062450332864e-01
3.499601389749704139e-01
4.052234601742710218e-01
5.119382535368719456e-01
1.111425702086426687e-01
4.282819934544361828e-01
1.824425406225407553e-01
-1.676992553701598665e-01
-2.593423421198499598e-02
1.834297264865438759e-01
1.462167122897437832e-01
1.231427018582249011e-01
-6.549541727915599021e-02
-2.152113968206243177e-01
-2.876051526939086833e-01
8.806974614014899394e-02
-1.426445980484764287e-01
-1.131577683289576447e-01
2.148868147440066156e-01
-1.553033635107600730e-01
1.576886186305509474e-01
1.260804505417315868e-01
1.655080875239172966e-01
3.024658474018965260e-01
-1.550308664106911372e-01
1.766898576412462285e-01
-5.077124889050252943e-01
-3.785130541700464923e-01
1.120503137208730404e-01
1.915819659983255818e-01
1.267072598197061251e-01
4.152206385191629656e-01
-1.398352012738514893e-01
2.382832074416932622e-01
-5.355513763991701787e-02
-5.013285673246746788e-01
5.194764448489365138e-01
2.341347907281804142e-01
3.072205074428970839e-01
1.460918140929402254e-01
-2.234820486130699446e-01
9.974802240853702928e-02
1.026535250493271351e-01
-1.168594199429146864e-02
-6.363977396279241194e-02
1.094630801561749384e-01
3.314723857606783897e-01
1.241925339666113404e-01
1.317022762950699477e-01
-2.487984985515959702e-01
1.074878381961087565e-01
-1.179624461291350346e-01
3.579326117017004871e-01
-2.570049628681237222e-02
-1.449414846357284514e-01
-3.978286870367794825e-01
-1.290156535836008977e-01
5.625100878245153924e-01
-3.849574872387784286e-01
-1.264550503775126455e-01
2.622059796071186666e-01
2.522341126647603682e-01
-2.809243982199723932e-01
-9.863481703915312482e-02
1.932791733351328922e-01
2.959095776510206610e-02
1.301570971825960210e-01
1.790977459289093965e-01
-4.933985611494766388e-02
1.975793646084351290e-02
-1.199302265640176945e-01
2.391259047674633154e-01
7.518391220677360376e-02
5.704767693634710951e-02
-1.655965589493254841e-01
4.511229763837107942e-01
3.909540206890098624e-01
-2.523074502858742019e-01
3.679214582894164698e-01
1.681679069611760335e-01
-4.279635514627707082e-01
2.994897610514832276e-01
4.843171121388914480e-01
6.034742288149397282e-01
2.252646976553655256e-01
3.478369275485663770e-01
2.217729635364933949e-01
2.012294722404017744e-01
2.446885379884830292e-01
4.671473914050243148e-01
2.108740788714675019e-01
-1.688218603762651759e-01
1.674506936963468529e-02
-1.088330929745920522e-01
3.077289044401941842e-01
2.704949617641353235e-02
1.438791153095617115e-01
-1.790722888268289070e-01
6.658903230708339283e-02
-2.328191178673235939e-01
1.736498060904003715e-01
2.096768313977569187e-01
-6.251192383569334488e-02
-8.031462363268243587e-02
3.647574059898400778e-01
-7.984743669726232507e-02
-3.454667507411366550e-02
5.270234948031642386e-01
1.416714317114290550e-02
-2.723926405047624177e-01
2.542433139155284016e-01
-1.524907509941054173e-01
2.882815713295392435e-01
3.647243950921014721e-01
2.564248204261645459e-01
-8.816288485668714869e-02
-2.967986308579888544e-01
2.651119864639663384e-02
-1.373437846603663970e-01
-2.608119725965434843e-01
2.442746899312264464e-01
2.865446292087917568e-01
2.211551182776928248e-01
-1.380791447517578374e-01
3.846057489784708572e-02
-1.462258739564302468e-01
9.319978397844844165e-02
3.533191428087694708e-01
2.900976124550136981e-01
-1.645132944352107884e-01
9.787555576871691254e-02
8.335020453680838659e-02
-5.659366572734340073e-01
2.757815579777770920e-01
1.269719248315190896e-01
-2.998757792806224232e-01
-1.540503262719052913e-01
-1.903352417600099877e-01
2.079983169543060395e-01
-2.990284146637224305e-01
-2.162321738396343063e-02
-1.526177057859671171e-01
-1.470874239846478859e-01
3.212523302957007720e-01
-2.150092988324518381e-02
-2.959736780326254757e-01
8.599489016977275579e-02
-2.445335698305762251e-01
-2.815145593502024757e-01
3.809737686172484650e-02
2.383108643542236893e-01
1.051701476883619285e-01
-1.206644275084645529e-01
-1.837119393543399648e-01
-5.847142567363990823e-02
-2.665343607531686643e-01
-1.064176377847749627e-01
1.806093328265504505e-01
-1.144701069643455082e-01
-2.388102866532689980e-02
1.722878722636918616e-02
2.901648454022056831e-02
-1.630512493566362298e-01
-4.920169717093962614e-02
4.084721727305873351e-01
-1.537256766566845456e-01
-2.176577825842987424e-01
-1.092753118545108787e-01
4.857354146204475032e-01
-3.734452434954641659e-02
-1.565927634696376858e-01
1.105751073574429318e-02
-8.788856913162200468e-02
4.943898007560305896e-02
4.534023777420771728e-02
1.250241562460555900e-01
1.429170028780437918e-01
2.536559742353785007e-01
6.771514197014356917e-02
-5.545576434841802821e-02
2.636703701956765733e-01
5.616097514053344231e-01
-4.590398569928091366e-01
-2.710439189077455957e-01
-1.672946909502729673e-01
-4.334870584330251519e-01
-3.547978442098485841e-02
-2.483581459211678995e-03
4.737791522463538629e-02
-2.108458547514140691e-01
6.035993318511977124e-02
2.403151307004497764e-02
2.125495066787361775e-01
-1.183531449228429665e-03
-1.251447718243999252e-01
2.258038322867808242e-02
2.324083932815681486e-01
4.269300254121325966e-01
1.471569635435622525e-01
-2.182622072868037333e-01
-3.083908012351311775e-02
-8.271315360923554849e-02
-3.991533652424351097e-01
-3.759571786017358586e-02
-2.155824541610426304e-01
-1.433160745875961262e-01
-3.068465195706222490e-02
8.193226913113481336e-02
-2.111024531921531222e-01
1.646819389337442902e-02
-3.200349015442010558e-01
1.222818350368820028e-01
-2.789094308778585288e-02
9.433324978965422491e-02
4.140756998824918211e-01
1.786991098369044573e-01
-5.703276799560534627e-02
-9.252734942708663868e-02
-1.063276235428133876e-01
-6.281055162545215453e-02
-1.228344918969059008e-01
-3.269496140991162703e-02
1.692000905443822451e-02
-1.596963314968728176e-01
1.054695640619793678e-01
3.573520468526154015e-01
-2.611625421474457753e-01
3.846760901709080915e-01
2.426314265185000041e-01
-1.309811157245673874e-01
-4.351711979623401616e-02
4.248947112860113756e-02
1.361093717732030917e-01
-1.175174092863395386e-01
1.157015885341252937e-01
-3.268749988475511126e-02
1.714269024927290164e-01
3.010396311839101946e-01
1.292958088532499272e-01
-2.878648649868835729e-01
1.789739796630102908e-01
1.139687596034805600e-01
1.563174451369559945e-02
5.432683053542985974e-01
-1.386760297681625120e-01
-2.502602037703416937e-01
-2.119854394028770350e-01
5.951763015128578443e-02
-2.226191831159931023e-01
-5.984867790242354157e-02
-1.616298092940077757e-01
-2.548912845706148844e-01
-6.149352197011123677e-02
1.540408449870230845e-01
-3.105164705229498945e-02
2.435620033302297038e-01
-4.262799101642979205e-02
