3.262177492610063290e-02
1.857756443178026351e-01
6.749778270191891805e-02
8.095766847849966696e-02
1.481171532784241081e-02
7.467796252752975650e-02
7.093110792345934390e-02
-1.583193599724568024e-01
-3.041820971092297921e-03
4.456399663958919566e-02
-1.969602782917053430e-01
-1.010485018747798447e-01
-1.632180090949037210e-01
6.221085861870696149e-02
-8.171825639262134122e-02
3.229320494948431652e-02
1.584547319481376393e-01
3.667197938591330170e-02
-9.300012216717365443e-02
-8.489790365779815995e-02
6.298322917193366691e-03
-2.863053101118872342e-03
-1.143418276044926296e-01
-1.429642026230907789e-02
-4.651716944380688418e-02
5.551813304444459807e-02
-2.097527486573348351e-02
-2.435090533331170717e-02
-1.286025144406592047e-01
-4.113190667694335140e-02
-5.323632089447289523e-02
-1.640361899950726621e-01
5.402839349732095620e-02
-1.184515364080176575e-01
1.163749873735545060e-01
4.125945643846452154e-02
-8.602800130393229924e-03
4.418677794482497173e-02
-8.705040710992614870e-05
-1.623466112933422412e-01
2.197336375575300801e-02
-1.180696030879849062e-01
1.079612497118355441e-01
-4.790054745268915171e-02
-1.267283197527009631e-01
1.707373127165735284e-03
-1.211723300365912803e-01
1.646924959702709412e-01
1.852022959786131240e-01
1.457276265083626843e-01
-4.472490258173536515e-02
4.769536033520336421e-02
-4.859107313613986005e-03
-1.023818609018356945e-01
6.977801540594805174e-02
4.964713337237131735e-02
-4.547771295581252982e-02
5.946383975416603962e-02
-2.368511111064143804e-01
2.502305743255645587e-01
1.684530751031616536e-01
-1.325005052827822605e-01
2.617249806023069780e-01
-1.829157511372354050e-01
-1.425437876457726905e-01
2.138402468482441254e-01
6.881752559697315585e-02
-1.375927604545069440e-02
-8.636988014961595461e-02
4.227985187200576644e-02
-1.248758543820153166e-01
3.387116908800817394e-01
-1.703949548686796711e-01
-4.530696794042267384e-02
8.513534189344958147e-02
5.888093378854685617e-02
-2.422093262351007747e-02
1.566543499878648993e-01
1.149322695291212504e-01
-7.403536301501430217e-02
7.363375336905546298e-02
8.616725098520076898e-02
3.520135509163652837e-02
-3.617819506963838080e-03
-1.219257803771639781e-01
6.849765457371713440e-02
7.634570160224489477e-02
-3.770488696386021382e-02
-8.319271857296602068e-02
-1.787088552071759429e-01
5.184691882394112245e-02
-1.267701895555659389e-02
-3.749000721516707740e-02
-4.910948900214377050e-02
3.915357357524184012e-01
8.814077140576635772e-02
2.680401022155738666e-02
1.022549824307363575e-01
1.055714195047874754e-01
-1.325750502205809700e-01
-6.404021777955642980e-02
-5.788107335398860742e-02
-1.260537096282040026e-01
1.030004460489942208e-01
2.830630467424672184e-02
5.502323979365918161e-02
-9.393678414951676242e-03
-7.560986315900557198e-02
-5.573883621435712921e-02
-6.422799555307541486e-02
8.425380069736912447e-02
3.126456604184299493e-02
-4.226239313798765135e-02
-1.345177772219283974e-01
1.395548298185244895e-01
-1.198283360034688022e-01
-2.036150321635864235e-02
-7.054147413626202234e-02
1.870267084574438188e-01
-1.289597772756322369e-01
8.174600099869372069e-03
-1.556200227561819471e-01
-7.947342333627266386e-02
2.754497792110811166e-02
-7.212485580790622963e-02
-8.574761018731091866e-02
-4.065675249232421351e-02
-7.913277787690095252e-03
-3.092365515027375306e-02
1.148692743817949780e-01
1.203461690429925707e-01
-6.079565738049073909e-02
-1.596294007120001579e-01
3.255651279682131999e-02
2.352771653141985109e-01
5.799280830161023664e-03
-4.233394079665032950e-02
5.966457371411093558e-02
1.337276358634379714e-01
9.557733358282907710e-02
-1.226946423378333026e-02
-2.758966249135115789e-01
-1.547115079608075150e-01
-8.260155298005818214e-02
3.476095867525341027e-02
1.112118949998544826e-01
2.241123643840405022e-02
2.350585998217732519e-03
-2.833510121346727653e-02
-1.129017980019528244e-01
1.912908358718500360e-02
2.068803736276404182e-01
6.122556803585572915e-02
-5.705229358003423290e-02
5.853770643256693551e-02
-8.444160988720202099e-02
1.872999771250071777e-01
-2.002458135497195979e-01
-4.290145908572916972e-02
-1.115021736434608501e-01
1.300389436813273805e-02
8.362895280291955669e-02
2.279938399360499079e-01
1.254211003468922725e-01
-1.945446899441783187e-02
-5.193607837993716864e-02
-1.424356726291238218e-01
-1.181701545551833155e-01
-1.758113961824268046e-01
2.909312445323945090e-02
-1.401394303481838521e-01
5.731385266491236669e-02
6.632227506506033383e-03
-1.565670989865217966e-01
-2.059655944434080413e-02
9.013742753955182596e-02
8.521001329419823633e-02
-2.275692296740489673e-01
-4.589798900424930245e-02
9.713584221605321700e-02
-3.184063212630341283e-02
-4.180131056463658179e-02
-6.235692652014580839e-02
9.982003044142924442e-02
9.721759583051180209e-03
-6.673486034963668767e-02
1.438383531811066596e-01
2.191254516723808998e-01
-1.618152248620570444e-01
-1.058786025306427958e-01
-1.678263503417114569e-02
1.167398318241092275e-01
4.505561588037940851e-02
2.858346542628419085e-02
5.508301704234537521e-02
-4.045987448458470553e-02
1.330243690128468381e-01
2.847268859673139987e-03
1.402659169703326381e-01
7.403969914150869414e-02
1.036361295899343032e-01
-1.023509590858050627e-01
-3.812700873431587589e-02
-9.114299828255593983e-02
-3.122324129742827872e-02
-9.569032492989565375e-02
1.699879345196078917e-01
-1.159829059430417114e-01
-1.641696373552933852e-01
-1.224983739031486156e-02
-9.754894936701472008e-02
-3.537014618930490184e-01
1.383098125226188968e-01
2.799822021416823598e-02
-7.657779196741117123e-02
3.683502865008719818e-02
-1.379977544605886022e-02
7.008233233155966579e-02
-1.194471529596929510e-01
-1.994687655667636700e-02
-1.526593995389722951e-02
1.960931985505069697e-01
-7.401199052909558651e-02
1.779577307629173488e-01
4.410852158390208416e-02
6.003654621391734530e-02
-5.427490255620306958e-02
1.676691403806071234e-01
-9.357014612384707830e-02
8.292067844301213853e-02
-2.061035641513316585e-01
-2.211242616753520962e-01
1.481322205786441415e-01
5.919109883041287490e-02
-2.137133209000298961e-01
1.837394739194221083e-01
-9.299089546999693423e-02
1.388825570275816212e-01
-5.920849393412132289e-02
-9.633876592976799158e-02
7.514220497523553532e-02
-1.541249847286307040e-01
-1.396918897293542294e-01
-8.133394960675952023e-02
1.038321489246106788e-01
6.168533454392829268e-02
1.010906020578628022e-04
7.001714437976051808e-02
1.132242885166707264e-02
1.905656630071124735e-01
4.927524929029721001e-02
2.148912357716547400e-02
6.527568025204451285e-02
1.452983947547803467e-01
3.311300212425707379e-01
8.237666912755723381e-01
1.000000000000000000e+00
6.934646801203194766e-01
1.299820592794221907e-01
2.268202238567893492e-01
1.479021537938407793e-01
9.979234269815956404e-02
5.142501576004682856e-02
1.278759520846416697e-01
4.007646551222275866e-01
-1.572365570726212691e-01
7.397471183013965002e-02
-5.285468237142435660e-02
-1.870416720710378622e-01
6.972386374106329110e-02
-1.609362428208960596e-02
1.595756757341044302e-02
1.460888517794171060e-01
-1.990036128716063113e-01
-6.693957983954095664e-03
1.311728345797680551e-01
-6.950340789102633920e-02
-7.737563308195370519e-03
6.717831104658045227e-02
-4.645423232076597436e-02
-1.783536786927997775e-01
1.953437132699898174e-02
-5.057465030783156457e-02
1.233844925353827643e-01
5.146763258579259079e-03
-5.496930594527254382e-02
-9.571817718132671904e-02
1.771504596867191084e-01
-6.460123183269053659e-02
1.739800036975315545e-02
6.799033288032220457e-02
2.167664329506822640e-01
8.976313194643721627e-02
-5.986143085270079905e-02
-1.631264532909862675e-01
-3.930932376693673652e-02
-3.334749667518629307e-02
-2.392710424807152902e-01
-9.936753370867118518e-02
7.145868948616627622e-03
-9.668100623679215522e-02
-1.136082297546516309e-02
-3.102015002484911910e-02
1.652057522847161231e-01
-6.294279674740515911e-03
-1.506949496702740532e-01
3.196622203017143032e-02
-6.672036939137712674e-02
-1.158602438567843951e-01
3.473184455696255030e-02
9.243094544631715037e-02
-8.054912510661984062e-03
1.013814621763030055e-01
3.276789671417875728e-03
-4.365246178298640145e-02
4.004236174559103190e-02
1.686142194191637272e-02
-2.394430344116190573e-02
1.072973088127312791e-01
1.292251181352356004e-01
-7.588574780391864338e-02
6.031555268797370722e-02
-5.928333175596778998e-02
-4.668963563120213239e-02
1.809126524008381701e-03
1.466255024717913746e-01
4.478183370926425849e-02
8.175927018686326986e-02
6.289924555748778456e-02
1.605333681932733791e-01
-1.085752011324970789e-01
-5.891928986713352440e-02
1.404682168066706018e-02
1.458837302975775074e-01
-1.157802901288091796e-01
-1.264365957778602056e-01
1.186417235631704627e-03
1.362071580862408704e-01
4.819242449844506060e-02
-6.369770648050111783e-02
1.680185610223527692e-01
1.285071035746120915e-01
-1.037332235827878590e-01
1.236955723616670472e-01
2.598132638138026529e-01
6.787249381614587906e-02
2.559286701403519059e-03
-6.244623914706325801e-02
7.870806085964821008e-02
-2.785450210639665164e-02
-1.243438479633022925e-01
2.004894792904690082e-01
-9.969824229136038662e-02
5.940859073057661727e-02
1.157970600845705314e-02
-6.350572567232275201e-02
-1.117760661243249187e-01
-4.423785343713246970e-02
-1.102667539321390278e-01
1.424600280263460007e-02
-1.445621769227036502e-01
1.017689507285423900e-01
1.065970392412761564e-01
-2.251213234112523776e-01
-1.567135767106485889e-01
-4.533747230147842922e-02
2.320794963290003510e-01
-1.942742662363207973e-01
-4.783253055578823298e-02
3.411319186121514191e-02
6.419789910177739478e-02
1.369767264005368745e-01
5.846483194207593992e-03
8.998610681426387481e-02
-4.958143988052685601e-03
5.366400070014734625e-02
3.503139265889942261e-02
-4.819421513198823837e-02
-1.239083867916917353e-01
1.210013871837896937e-01
-4.415439083940585901e-02
-3.075804793303547890e-02
3.687715124027376307e-02
-6.248165686087497200e-02
8.114747072245727388e-02
-3.231941816993403379e-03
-2.313206290085877484e-02
-4.838985125193564357e-02
-8.101861254742208363e-02
5.026982076873138389e-02
-1.392429427145711329e-01
-1.093433557512519388e-02
-2.436646134389254190e-02
1.563181926568451008e-01
-1.338397885165091283e-01
9.168606568321836792e-02
-3.663156942590439780e-02
-1.720559729138189387e-01
-5.808927897196178650e-03
3.728534592854879093e-02
-3.032102662386613502e-03
-1.552217908010697089e-01
3.612468794865682925e-02
2.177955146580788648e-02
-1.287513333242254754e-01
-1.382137018856394728e-01
-4.821665129369871738e-03
-1.194775831432560859e-01
-7.959389644393621843e-02
4.298581929180604611e-02
-8.155268722059448583e-02
5.607331130864000313e-02
1.540017377643473351e-01
-3.306295303506078670e-02
-5.476902937753677647e-02
-5.480645417963947658e-04
-1.086658967026166676e-02
-2.593808719801410714e-03
7.217378562067889615e-03
1.324324512307456514e-01
-5.784494184835307917e-03
2.121897915446215588e-01
-2.083646058642678670e-02
-2.278739301665663741e-02
2.697553781958754102e-02
7.161490669992159885e-02
6.855364622179899170e-02
-1.186247528716698058e-01
1.272013761794770215e-01
-5.252578529143420855e-02
5.876336571640791012e-02
1.936269215722861703e-01
1.184812913828860031e-01
-1.001809277190278819e-01
5.105327811999660348e-02
-1.667121370114992354e-02
-1.964719511270353602e-01
-1.685414847350776013e-02
-8.575251121275119515e-02
-8.712486908791386431e-02
-2.179842190054515627e-01
-1.217246289831640377e-01
3.001791981754967087e-02
9.564984639843714109e-02
9.181938275461001830e-02
1.539932394514171576e-01
7.465043546654231976e-02
1.004944922109658745e-01
-8.660364220434245419e-02
-7.687271960063984944e-02
-7.011493445045850759e-02
-1.641026978380294432e-01
2.496939920718486694e-01
-3.671495975908728449e-02
-1.019244916645452581e-01
8.016881622512702851e-03
1.033601165691348384e-01
-8.694860497259858378e-02
4.500870066155880644e-02
-1.806842498784799397e-03
1.166492753964632201e-01
-1.497704272109314227e-01
1.110618522946273806e-01
-2.194123340211291684e-02
6.507788554695029259e-02
-6.893519734997595461e-02
1.074084753069223935e-01
-2.103290118103732717e-02
7.483205417362788492e-02
-8.792581658951734158e-02
5.491066081247239147e-03
1.307696816201416035e-01
-3.609840953714402167e-02
-9.570613577931283422e-02
-3.336171664141469179e-02
-8.962424103885861804e-03
-1.675398428795002725e-01
-1.168038496147860011e-02
1.922643038978520125e-01
8.639067941935120454e-02
-1.986872164987693867e-01
8.074640217048502377e-02
1.764642056151893845e-01
-2.283886562878891247e-01
3.792168750212811940e-02
3.088063673188834804e-02
-5.952865975436777424e-02
-4.407553447013530523e-02
1.211682020694877793e-01
-1.030590347182188254e-01
7.390334483282691436e-02
1.050348372510715583e-01
-1.045541288571189831e-01
2.105557847918108905e-02
-6.237403536869776804e-02
-3.848877166608311896e-03
1.071961354451561460e-01
-2.041650982089227295e-01
-5.113497019605144772e-02
7.767863554348124200e-02
-1.351911492845185858e-01
1.179906169677717373e-02
-7.131194525982496694e-03
1.950510157754077600e-01
-2.241892896879415786e-01
2.042283610602812355e-02
1.805965204751814046e-01
2.511781022092979820e-01
1.790056094734252812e-01
-7.144811090322172875e-02
-3.822639249121480287e-02
1.919146807027398149e-01
