2.883025639079734304e-01
-3.795268934486202284e-01
-1.790539279963192926e-02
2.603603752614158107e-01
-1.042917824671693028e-01
-1.428030329740428983e-01
-7.650902731640665810e-02
-3.551197558075521177e-01
-5.625163022719325417e-02
-3.120789992218840347e-01
8.515952545002396235e-02
-1.666663357850106109e-01
1.146260183109261942e-02
3.498411103356248164e-01
-2.832455262698995169e-01
1.426073838455298171e-01
-3.863464528285359949e-03
-2.421471923404993482e-02
4.642744046867756658e-01
3.727431763644569185e-01
-4.674946496211961067e-02
1.927809869930665887e-01
-2.950256832033504306e-01
2.335596299578143464e-01
-8.145220177935957873e-02
3.619658854161488248e-01
-4.467364723710453567e-01
-4.580121856543259429e-03
-2.257818313633978835e-01
3.377896374801666601e-01
4.312109817787156962e-01
-2.359515576179352370e-01
-1.343469497028254855e-01
2.142245887029931573e-01
1.098867330688016453e-01
1.659065971813745988e-01
-6.867853354865462168e-02
-2.227738764375240543e-01
-1.173163625769471641e-02
-2.315093857960230372e-01
2.379545514567072695e-01
2.923251454791516157e-01
-2.534493128030627096e-01
-3.820575747362838781e-01
-1.915906548612070215e-01
2.553422702312967418e-01
1.438575775398813206e-01
-2.332947857351974352e-01
-3.384707950217829553e-01
-2.720596281009135531e-01
-3.118236028838957674e-01
-1.837856115023746295e-01
-5.289970018380087818e-02
-2.891431134088563448e-01
1.455689906879405193e-01
-1.065327974882073273e-02
1.229183282192520266e-01
-1.178673370572715373e-01
3.975837949302551966e-02
1.689048966728297907e-01
-6.419063638525616122e-01
-1.543905796570242406e-01
2.844492058675260893e-01
1.090485378799464500e-01
3.195590461727608744e-01
1.271339453969475841e-01
-3.688650008208942399e-01
-3.857645044636785481e-01
-3.592602662810359671e-01
-3.171014808494344028e-01
9.540405766224314965e-02
2.725100755737548675e-02
-2.768197646747924123e-01
-4.001737945722487200e-01
-1.700703181049013080e-01
1.508601745827514162e-01
1.126283086266646055e-01
1.555445131293013185e-02
-2.288469995506432417e-02
-1.402815302373231487e-01
1.021238788695079669e-01
-1.385626499535105860e-01
-3.266813732306014795e-02
3.167325423302213006e-01
-2.191012333868675166e-01
5.908513596312064964e-01
-1.611449467511294753e-01
-3.780747763524051619e-01
-5.526069104819106292e-02
-9.931457054648040739e-02
-4.108025519817948834e-01
-2.924078338048507475e-01
8.366055184130839761e-02
3.037782837192434249e-01
-3.110590074328391588e-02
-1.022150196435733099e-01
-1.640683987484416184e-01
3.251056679420548656e-01
2.163697587341870954e-01
-5.932095058099300794e-02
3.521793192070325762e-02
-1.312334180368008307e-01
-7.707010932623056809e-02
1.980953914615699585e-01
2.254287708917088739e-01
-2.590613343146891956e-01
7.064724071058776922e-02
-2.053949523942247279e-01
-2.135974853431615583e-01
-3.096980029316078187e-01
1.806566887960845136e-01
1.544653957384228005e-01
-1.288948701160648747e-01
4.280434687475290212e-01
-2.204183305561674688e-01
2.477658452058619509e-01
-3.231532226471652280e-01
-1.470160265059924642e-01
1.765100387825183637e-01
-1.383936440963200454e-01
-1.983003437505448108e-01
-1.196232938096480347e-01
-4.993161151824962452e-02
8.432493921949402171e-02
3.746673297983895701e-01
-1.755682688915496115e-01
9.187360092772527131e-02
1.231985866978296297e-02
-5.690566761391149114e-02
2.315260931337968786e-01
-3.989273627573713954e-02
-1.448254106309586342e-01
-3.650537804124914798e-01
1.041037350748597184e-01
-1.415576412331704392e-01
3.619821988106864952e-01
-1.447415091954231681e-01
1.564878664593274404e-01
1.458249469824938749e-01
4.564001864812728959e-01
-2.181345000942041812e-01
-1.123391239172587402e-01
-1.871974032410098354e-01
-1.520773060082630523e-01
-1.047724373992657276e-01
5.284739334485498707e-01
-4.514010299223175093e-01
6.421543263942085245e-02
1.057253249208078838e-01
1.140966045169337084e-01
9.224027819886598811e-02
-1.210665646470452522e-01
4.938380402488633247e-02
6.528574373521046220e-03
6.061798552327071201e-04
8.074323938407858281e-02
-4.423302338888046581e-02
1.384832283030784650e-01
-1.930753787645658470e-01
-2.320913239438285314e-01
4.204055436936846579e-01
-2.102329107208845971e-02
1.275900206141515336e-01
-1.697921033334051991e-02
2.017596236003886268e-01
1.669704963023508626e-01
-1.755471950800276404e-01
-1.605337730990670231e-01
1.799626505485264205e-01
-6.223796229165935029e-02
1.455868493516224715e-01
-1.426311027246100205e-01
5.988272133263752295e-01
2.398078086378468143e-01
3.455130607661513475e-01
2.258541168629722151e-01
-1.175287653863589937e-01
-1.248030206342609361e-01
1.189902988216401392e-01
1.449267554978785899e-01
3.863948744988107142e-01
-1.693292787533596799e-01
3.696653620258297801e-01
-1.746099350823285875e-03
-4.642183478473487640e-02
-7.173892457061338546e-02
2.749490212186103122e-01
-2.286383698947958010e-01
-1.515114535905226212e-01
5.088532434933752402e-01
-3.465008876312182517e-02
5.091243849394017779e-02
1.771749861172354501e-01
-1.415499564239438290e-01
-3.936191525903088295e-01
3.955418224063081412e-01
-1.337926801472367686e-02
2.123441796886756938e-01
-3.010667327265892368e-01
-1.270564641333418177e-01
1.227751665815335347e-01
-1.631265974446612643e-01
5.492729371939700928e-02
4.770711290064603982e-02
4.398716536340710470e-01
-3.093308072403968545e-01
-3.124593562508842237e-01
1.654131547400426172e-01
-4.278365454792925487e-02
1.128413081225732584e-01
3.317423653438560383e-01
-4.346331848061274483e-02
-1.986671871677317402e-01
2.269423880163335683e-01
-2.868019833789027251e-01
-1.797538829258486515e-01
4.199933790421421231e-01
-9.454408398113411938e-02
-4.979873835353855471e-02
7.549948194929900769e-02
-3.616545883939818740e-02
2.058794540728357270e-01
-3.147143450191093872e-01
-2.174807534630164574e-01
-1.908773788268353366e-01
4.460100035861064849e-01
-4.607755892075359599e-02
1.554475817225624557e-01
-5.387521722663604073e-01
-6.717044133440396303e-01
1.331724978769676044e-03
1.659060056792805993e-01
2.983547251862599808e-02
1.809452203522191049e-01
2.407863441271664573e-01
-2.243270906214367977e-01
-1.169184939738526913e-01
-8.430384529332310417e-02
2.665388191382463967e-01
-1.642013034587152254e-01
9.523755084124717329e-02
-5.064318424080908043e-01
1.926861955913967694e-01
-3.605505339182846214e-01
-4.263919686010224364e-02
-6.203288517198229067e-03
-2.191766723831045371e-01
-1.345063732076210994e-01
-1.713142791951815791e-01
3.532605138014628943e-01
8.781690881678737293e-02
8.910443818973795560e-02
4.170285570518914575e-01
4.950477014377095974e-01
5.389008189837601881e-01
4.886013429146560672e-01
1.000000000000000000e+00
6.181972358150168434e-01
7.112040094898177678e-01
1.083179415838611270e-01
1.716739032558038391e-01
1.862006553741035464e-01
-9.584379937026045460e-02
-3.294826275895601508e-01
-3.511169203638249414e-02
-3.025290136862938684e-01
2.777694785850229331e-01
-3.338496096342710717e-01
-1.225009476890962512e-01
-2.614915000257161948e-01
2.769533840567972582e-01
1.226417434512232507e-01
2.498956556095349169e-01
1.093549696362913493e-01
-2.352986616988766433e-01
3.692879510323035519e-02
-7.271736699591054010e-02
-3.017104815518665759e-02
-3.129004456691879543e-01
-3.712570116867891512e-01
8.281373805807436261e-02
1.883928165182816583e-01
1.028368126208214078e-01
2.641936647848855402e-01
-1.457225511664029865e-03
-8.597680284972027132e-02
4.943333571062697579e-02
-2.801150380915170060e-02
2.017658047652648792e-02
3.381600167736215634e-01
-1.611886295639520031e-02
-2.507760929253371462e-01
2.935538915333603671e-01
-1.946042624526890252e-01
-1.485340933100721406e-01
3.962825610113198671e-01
5.374876758992773729e-01
4.179098436399086292e-01
1.598924602632101899e-01
3.945832508063797373e-01
5.187188708817496163e-01
3.940400174693055591e-01
-4.582065885011576967e-02
-2.420039324542884174e-01
2.775149014136011894e-01
-2.878795622577384195e-01
1.182091439907066027e-01
6.610718694878432722e-02
-2.808265828170321554e-01
-7.434461949846626894e-02
-4.579456541164154265e-02
-6.758780489562704608e-02
1.413184953313792180e-01
-1.166538260209987188e-01
1.807272527567851950e-01
-1.455478036094479295e-02
3.046093741260707047e-02
-3.971879303159714936e-01
6.769770526576721070e-02
-3.049574679821303591e-01
-8.683147757915936349e-02
4.947088906273284376e-02
5.837610545028669717e-01
-4.011338183773324739e-01
1.937918069884033978e-01
-1.526275748782970638e-03
-2.492064307463358608e-01
2.415177695807842195e-01
-1.033972214954759772e-01
-1.811845324000565249e-01
4.285845237768365901e-01
2.215232775017401401e-01
-2.756382689435693534e-01
-7.251154919969509099e-04
1.061337244589111994e-01
2.498803375185422726e-01
-1.166283756120454901e-01
3.952839885505516349e-01
-4.955303899534058143e-01
-2.746337545457598270e-02
-1.752229977239561365e-01
-1.126156055416978677e-02
-2.797964204072283523e-01
-2.627822445464396695e-01
3.021681222412971879e-01
-2.724640564157352896e-01
-1.153159973232014690e-01
4.688037546104897313e-01
8.849704963297921889e-02
5.099699309843933603e-01
-3.713724100073712564e-01
3.257358617074240792e-01
3.606757108428890746e-01
3.943448108925172724e-01
1.194201559907848570e-01
4.144309722893129710e-01
4.293632826264967561e-01
1.052218847619990072e-01
1.333844054396678136e-01
2.245706733318887927e-01
4.946741470485770814e-02
-5.881787425980550266e-02
4.317981772089790615e-01
7.409458363060783537e-02
1.459402306844903296e-01
-7.481085857915975579e-02
1.378265772615800411e-01
-6.457525569878155847e-02
-1.191285868637364798e-01
-1.689594178799414814e-01
-6.629134619083547342e-02
-2.314268850381823450e-01
-1.666109137782569583e-01
2.890189820080942273e-01
2.515441580605574656e-01
-2.589827847981984177e-01
-1.415884435611683700e-01
-1.060267384900811238e-01
-6.440909264494116583e-03
3.282695504603195813e-01
-1.216627539845398231e-02
-2.299973454861387323e-01
-1.918942783280932693e-02
1.299826529550043019e-01
1.783059233136102817e-01
-1.089273652085855602e-02
-5.846145391610966385e-02
-3.346117958793248248e-01
1.008753750357838097e-01
6.042645748309714154e-02
1.133730915370151776e-01
-5.627766214724108651e-02
-2.911421774280570918e-01
-8.219982758159447012e-02
4.970448548662152050e-02
3.947521735905472062e-01
2.277871165557899258e-01
1.966750504423347146e-01
-6.033204283405959635e-03
1.340093103770838567e-01
2.916710765468372712e-01
2.446070538239416836e-01
-4.687350480963096144e-01
-2.921933220695248357e-02
-1.581880903347036849e-01
3.638902665145540838e-01
-4.742195683441677856e-01
-3.055176062158698191e-01
-2.127721922821275702e-01
1.513006824899605363e-01
5.453324694157157815e-02
1.923136479811746458e-01
2.897365000393798962e-01
-3.591038202685747915e-01
1.761416600871529570e-01
7.417406693218370206e-02
1.754362034624915578e-01
2.779374245634460075e-02
2.163320076905060618e-01
7.813454698192608128e-02
9.621000682461211886e-03
7.809600831720739378e-02
1.202277565342166898e-01
-3.700663374046557763e-01
-4.816250499168126670e-02
-3.318513263021059811e-02
1.921688064737610557e-01
-1.376864560745701127e-01
7.715000655300778554e-02
-7.668397659476944295e-02
1.268509303332052418e-01
-1.494526225126994456e-01
-5.603744668134922335e-01
4.056819908554955001e-01
2.894419820416488376e-02
3.564807836571624589e-01
-1.962422387752657538e-01
7.915758453900113845e-02
1.143948430349811113e-01
-2.913448684689931012e-01
2.868086714446365093e-01
3.814917524241582258e-01
-3.102205778222755783e-01
-7.175358964105206516e-02
3.020977444085408137e-01
-1.827528569924209423e-01
-3.242037958569712330e-01
1.549124270052001373e-01
7.152804735819987859e-03
-3.548406935578583554e-01
-1.237098029360046147e-01
-1.826792124843975018e-01
-1.061741521157465729e-01
-2.513472141891326950e-01
-1.014901906316482000e-01
-1.545294377794023122e-01
8.274791295972766525e-02
-1.337493212080716753e-01
7.388622993309783282e-02
-4.102343666738725303e-01
3.190437133942237470e-03
1.251090056127122374e-01
-1.417675717453536766e-01
1.941415378264176594e-01
-9.918644780775422165e-02
2.619393705737426692e-01
1.927912508545470346e-02
-1.933698122053779389e-01
-1.655668569939836368e-02
-2.250869539673415742e-01
8.441236348360277655e-03
-1.617412492229109156e-01
1.626229697179603362e-01
-1.276317858575566344e-01
3.924818667313629272e-01
8.388686725742153238e-02
-3.601541157708806201e-02
1.517380352833230112e-02
2.876626200715314829e-01
-3.335147330512678449e-02
1.982948327525760682e-02
-3.242383417437780802e-01
-1.348078484280716416e-01
-3.554958508576731013e-01
2.371045740531273760e-01
-1.166605985996362338e-01
2.809540380473941196e-02
2.630024920646471531e-01
-7.539653029484195967e-02
-2.507250605637429894e-02
-1.350431147306224433e-01
2.546970890943285881e-01
2.635730633628434738e-01
-3.990472239823057987e-01
1.311783468641234962e-01
-2.375654426727587254e-01
3.522231119204118910e-01
1.474780536953867183e-01
-1.642172130518018414e-01
1.194109359033797835e-01
-6.748956069074593667e-02
-9.950286729061021129e-02
3.240144577760578626e-02
2.361310651250305218e-02
-2.267257079199565539e-01
-2.663274594153851593e-01
-3.500449327205373273e-01
2.401401676866533053e-01
-3.266657207198424284e-02
-3.610618250323327505e-01
-3.607205981701116504e-01
4.277374092471062372e-01
