-3.425984439040941631e-01
-1.216186021211118906e-01
-4.208085338231158379e-01
-9.829540167493783231e-02
-4.039496357314458774e-01
-3.111622560537603555e-01
4.348355859799051815e-01
-1.783104439093692040e-01
1.241657811285202251e-01
-2.691818177632500642e-01
-2.716335393161115608e-01
-2.489328062188385648e-01
-2.814338129647236952e-01
-3.810809377762879313e-01
-1.339158110799445744e-01
-6.244118766119132607e-02
-4.158739809377661606e-02
-1.935321870666823485e-01
9.808109378910470633e-02
-3.574671888485351778e-01
-2.526975411296696755e-02
-2.685167383710144184e-01
7.338930084058530035e-02
4.426625660325680944e-02
-1.366828363548990011e-01
-6.616359640427187452e-03
-3.758564850898364340e-01
1.606469266919407779e-01
-1.128802107003625266e-01
5.921638226266108529e-02
-3.525885009835073580e-01
2.066128747046863667e-01
-3.732031150371203365e-01
1.770768243701079797e-02
-3.414107064310944462e-01
-2.787698195007261570e-01
-1.930178365584877265e-01
-4.406027079229375976e-01
2.103873617838241533e-02
-2.773127803685295767e-01
-4.887225880055227206e-02
-3.788526832962876845e-01
-3.574521012365712846e-01
-7.346961338572509381e-02
-2.536125580862501339e-02
-1.211808331734434419e-01
-4.065065374572347512e-01
-7.965551820283531259e-02
-1.567504904393781928e-01
1.330887525522028714e-01
3.889661062940867886e-01
3.218069872685520166e-02
-1.472981299740697136e-01
-2.300432912985754252e-01
1.392613705334207024e-02
-2.222368466920661978e-01
-3.503662999474078943e-02
-1.554740204614863675e-01
-4.378834981191855880e-01
-4.043441227282704165e-01
-9.212284038152335208e-02
-1.480022639130654238e-01
-4.086129475406359846e-01
2.818307772659758292e-01
6.971451224146112124e-02
1.920408374525135742e-01
-2.577114447656778107e-01
-3.573099658001405166e-01
-1.465976719298573705e-01
9.605945444031870062e-02
-3.011318172440791488e-02
2.057029630187272029e-01
-8.953791179368657260e-02
-3.135742531523525445e-01
-5.140620645053252113e-01
2.113277760372898328e-01
-2.095903154154163117e-01
-3.027488359840163068e-01
8.354460266555963077e-02
-2.159734045317891482e-01
-1.881692748388550385e-01
-7.176045948991437162e-02
-6.116206689092341248e-02
-3.452362239143502154e-01
4.962194363468193092e-01
6.463281582041688345e-02
1.762298572363056315e-01
-1.501903405867423824e-01
2.423851362531163067e-01
8.348567755809629606e-03
-9.340437918292379682e-03
4.182905131561384660e-01
1.302794501874874056e-01
-3.370552483971840374e-01
-1.709369200176491244e-01
-3.397593705889720983e-01
-4.774389509824870093e-01
-4.585900672205105444e-01
-3.617199702663866923e-01
-7.843008623923740374e-02
-1.569953227331016832e-01
3.162624240953945121e-01
-2.131028450151100928e-01
-2.685812873856550653e-01
-3.616304494557765481e-01
1.358441293135591310e-01
6.955134653783226484e-02
-2.294320191113996543e-01
-1.504967159075608907e-01
-5.965348731402728144e-02
-4.336324810309266642e-01
1.608552368329810023e-01
-2.104627000876999054e-01
1.093407714869770592e-01
-6.041730179345992935e-02
3.995230101091253316e-01
-2.558715711858814898e-02
-1.503381328031854203e-01
3.044866315595539108e-01
5.030379745366124478e-02
2.101886914200148948e-01
1.035703105782246822e-02
-1.348804366749809802e-01
3.747132611782567901e-02
-1.588244094601395928e-01
-2.140719838894522553e-01
1.728411529181682338e-01
-8.996885162333728703e-02
1.832722014880697747e-01
-2.144618882872950383e-01
3.870580488117837670e-02
-1.965215561551158785e-01
-3.989311525456504248e-02
-2.366883545616200665e-02
3.927103412192636811e-01
5.523279144114683348e-01
-2.689267906093511032e-02
2.309045238765499719e-01
3.060244305777372054e-01
6.090231462195586642e-01
-4.326502354297590003e-01
-2.455107734537199937e-01
-2.519237028403565892e-01
3.329526181019037412e-01
-1.080509842381019991e-01
1.744247865225966032e-01
-2.374651533335900844e-01
7.409437998554277982e-01
-3.657978883885690258e-01
1.764007835638228480e-02
-1.066248595571996499e-01
1.750124960484974734e-01
-2.691746536916587718e-01
1.333281446212788712e-01
-1.701753722983957440e-01
3.452220415557254868e-02
-5.619397661367531854e-02
2.690895708291996535e-01
-2.610776606035707936e-01
1.488520402552217722e-02
2.323655738572845408e-01
2.051623788154666450e-01
-1.739200114970938238e-01
4.956292480652694371e-02
2.421882423893328279e-02
-2.965569348735156222e-02
-3.252124928508347557e-01
-1.738940145987170893e-01
5.388709948418648477e-01
4.894801755531965615e-01
-3.980584779627898695e-01
-2.965224184069186752e-01
2.660204669571866187e-01
-1.461003408402323511e-01
-2.941203748120986838e-01
5.225721189275165518e-02
-8.448674579155868170e-02
1.232728686197157447e-01
-2.123091411868809897e-01
-1.633016137334930562e-01
3.356432292931640360e-01
1.708548922211778898e-01
1.703716236410190155e-01
5.892295929487134654e-01
-2.016969026337886439e-01
1.124077760757334066e-01
-3.478915257735814559e-01
-2.733305625089713087e-01
-2.366440925508223325e-01
1.718855741227960643e-01
5.690395763560719689e-02
-3.870905367652972134e-02
-2.343000344866132678e-01
-2.986122133453620875e-01
-4.513225118076169551e-01
7.900894382901726271e-03
-2.336571086209579262e-01
-9.432964716448203127e-03
-2.357172307661506705e-01
1.958020224764029094e-01
5.067960594513362116e-01
2.089427316198055329e-01
6.743023646692118955e-01
4.353746558063129740e-02
1.308204675014775220e-01
-1.769237289703059490e-01
-8.537574560880011043e-02
-1.433572824999835293e-01
-3.682320390136509802e-01
-3.056883596374857515e-01
-2.552470207595120000e-01
3.647212272498750463e-01
-1.881925718664134994e-01
-4.800435857036610549e-02
-5.648294848372736182e-02
-1.842959621257213021e-01
1.926777022646354032e-01
-4.837018416338256799e-01
1.665587104542736729e-01
2.007785387245198117e-01
9.398665867902998572e-02
1.949030200768565868e-01
1.655005041212848083e-01
2.202918810497553337e-01
-1.242696765763498662e-01
2.609909318097279329e-01
1.424004848728406547e-01
-2.762490918183584804e-02
-2.680042705908927680e-01
-2.978077677076427232e-01
-2.523604669267611178e-01
7.734602423235346913e-02
6.223301874454224836e-02
2.033811566381638902e-01
-6.754567867920734103e-02
3.647755368854310731e-01
2.847278851901510199e-01
7.668218649788983987e-02
-1.287389082309790267e-01
4.253469199173687820e-01
2.603520167927010909e-01
1.223686627923016024e-01
-2.402127451942879799e-01
3.561645904777580723e-02
-5.282817936934595116e-01
-1.173462400534056593e-01
-2.255395457037238580e-02
-2.804341219189874709e-02
5.543634417075241072e-02
2.980084139310913427e-01
-6.767148484581159140e-02
-3.901669276679107234e-01
1.290456904099956392e-01
9.136470824067358665e-01
5.053902748888888796e-01
4.749306267813587223e-01
1.000000000000000000e+00
8.066083401038514067e-01
-1.629868137508925445e-04
-5.305327805354860538e-02
3.563923340333264439e-02
9.670049757790108447e-02
1.321475712200514963e-01
-1.778016100314057032e-02
2.619494963513213648e-01
-1.777296530625770699e-01
5.132365623479667738e-01
2.952239087998773798e-02
3.386330314923271523e-01
-8.284400339713718364e-02
-2.105962623176636794e-01
-6.919365182827592713e-03
4.480997378833680156e-02
-4.025601789285769561e-02
3.749566681321311323e-01
-3.391637086856713612e-01
6.748256162517206336e-02
-2.318501536688373846e-02
6.360793864291843791e-01
1.151225707571546242e-01
2.057227804652710934e-01
1.549467535292090581e-01
-2.442089967261945604e-01
1.721580290049557205e-01
-8.620950733435253990e-03
9.800635447391216337e-02
-1.730541412305788285e-01
2.625113764556775142e-01
5.809881010175602101e-02
-1.832040230722300211e-01
3.195076126797054550e-01
1.839787494229334630e-01
-8.974280307786651478e-02
-3.174487296076983212e-01
7.135995450688197017e-02
5.900521336967335523e-02
-9.417897191932149414e-02
-1.068496376076900900e-01
-1.100304158170746227e-01
5.497443256385595722e-01
3.527438352926220433e-01
-1.313105626149771998e-01
5.003590447316041967e-01
6.538160891762799798e-01
3.336050238778623944e-01
-9.324272838123094653e-02
6.847607008739760026e-01
-9.375968060335947152e-02
-2.579161685729351450e-01
6.008896324889449053e-02
2.411286511986909520e-01
3.891906763850963569e-01
3.327158565839699600e-01
1.435527252955643429e-01
-2.669763088016888219e-01
-2.392207828859468088e-01
1.544847317716130930e-01
1.039274218325985100e-01
-1.864853482661457326e-02
6.049771474096629076e-01
1.699032058761348885e-01
1.439394071504061512e-01
2.259069586300679888e-02
-1.256966588829179499e-01
3.927948073482143143e-02
1.120299533023088878e-01
-5.774027092249402887e-02
-2.122629783297421725e-03
4.314379820975206004e-01
2.768321363284869663e-01
1.261267436716703438e-01
3.689175304289661894e-01
9.808790266570747984e-02
-4.320050817768684298e-02
-3.292552691179106428e-01
-3.278186885024683694e-01
5.410616529881513426e-01
1.794887733764186089e-01
-1.219855358493574654e-01
5.687913307514533279e-02
4.895405750794944444e-01
-3.875541093468586051e-02
1.285658609281120079e-01
-1.517779562026815021e-01
2.594006163227894901e-01
-4.326779475793766649e-01
5.862395149806413908e-02
-2.038215247150893528e-01
2.172707211534664548e-02
-1.657227760301393793e-01
4.012673549385752381e-01
3.164200802544281932e-01
3.007238294415796043e-01
3.846061739246635358e-02
1.907025674095131906e-01
1.244948412438045410e-01
-1.087605973747797841e-02
-1.986175305455732121e-01
-3.693841322008670214e-01
-8.258262527822241017e-02
1.751902757706213509e-01
2.209114709155419326e-02
9.485377060340756394e-02
6.834317938528654268e-02
-2.480038856333779684e-01
-8.796102939153487010e-02
-5.259754994397056738e-01
-4.586929517961408909e-01
-3.682628553078797773e-01
5.888205799544520003e-02
4.641552716032608106e-01
1.088158264047093121e-01
-4.411318905441195815e-02
-3.119415335816508872e-01
-3.855370338667927776e-01
-1.241553023681600670e-01
2.181676040287938018e-02
3.392872506765921559e-01
-1.662257148213344693e-01
8.686907268139608396e-02
2.227801535924179288e-01
-1.089986106559837353e-01
-1.417790891202026782e-01
2.658271057883960231e-01
-1.138521695290678308e-03
-7.582760696521706478e-02
-8.292097067836485570e-04
-2.154121164191106774e-01
-3.656314713049119147e-01
-2.169622439932318222e-02
-1.884287125553707198e-01
-1.262374105631010879e-01
2.915163402127011333e-02
-6.491599100167958492e-01
-4.576096552688831975e-01
-7.973344111732651174e-03
-2.698234240554828745e-01
-1.954204230664527142e-01
3.034689076094017335e-02
3.265833936421007333e-02
-1.107321848388256175e-01
2.168964948491983735e-01
-1.431696676724773243e-01
2.366351667340437503e-01
-3.651861830906636963e-01
-3.824256038264859936e-01
-2.093326334327903770e-01
-4.599552408660861902e-01
-4.836832658450538336e-01
-1.435998682748521882e-01
-2.349722000347896911e-01
-9.423719424653111132e-02
-1.087669544090333895e-01
-1.033205621828955922e-01
-1.916430069298023509e-01
3.019918734484215994e-01
-3.412520454108874390e-01
-8.530178600344170969e-02
-2.925090695407014385e-01
-3.014858481694439596e-01
2.955292661038340096e-01
4.839397967757332747e-02
2.500618113840695489e-02
-1.674523299569436775e-03
5.150077804036560375e-02
-3.632081808877100637e-01
-4.113474529159233395e-01
-4.702767634607677438e-01
1.144780480387387334e-01
-5.898606324578078985e-02
3.666974628862910025e-03
-3.194481663512808156e-01
-1.807059154241850985e-01
-3.350808932520770167e-01
-1.062879943000230865e-01
-3.714188291980363155e-01
-1.750568005170717034e-01
-1.288752902694595588e-02
-2.005381695865631614e-02
1.076189237337459859e-01
7.582267175583311258e-02
3.342517237955476284e-01
-7.950946147904815187e-02
-2.295344012563527436e-01
6.036559645651469463e-02
2.769447649095526168e-02
7.666555111151704405e-02
-1.811382643884399124e-01
-2.251706862681668309e-02
-1.091991358965466730e-01
-1.389783311247458630e-01
2.550552590283399201e-01
-2.829736333505131762e-01
-4.325732900782698898e-01
-1.369988013887077916e-01
9.648436205355367945e-02
-1.906639838715451507e-01
-5.772446586361567461e-03
-2.463583740480999873e-01
-4.056721260943770002e-02
-1.293270913502582720e-01
2.762620468085362213e-01
9.474185946943740333e-02
-1.451271622800534011e-01
2.982149597424484377e-01
-9.654214868544738759e-02
-2.210136526516203181e-01
-2.230886949319449419e-01
-3.745474461337447991e-01
1.220765665363140323e-01
2.043898322486188968e-01
-3.527524954755031361e-01
-2.994774066480641525e-02
-1.855864166974287577e-01
-3.516710832150838489e-02
-1.783632174160474093e-01
-3.063220423893459610e-01
-4.925389610856494016e-02
2.555008604155287188e-02
-2.405163715657554491e-01
-2.409874892015483883e-01
-3.034810099691753055e-02
-2.424036113001458437e-01
9.941737130152616952e-02
3.516594716406375165e-02
2.770575640449811639e-01
-8.882890078451272098e-02
-1.634207785002360358e-01
1.253856342278468761e-01
-1.810219583736444038e-01
-2.557596474207628479e-01
-5.418873140266389221e-01
-2.154372759333271770e-01
-1.738661263763834619e-01
1.880525180566824661e-01
-1.750999843108501375e-01
-3.526414839896992864e-02
-1.159436491966604199e-01
3.441181721487692191e-01
4.126765689413398608e-01
-1.580505144826609976e-01
-6.877475770056133697e-02
-5.996255391014228275e-02
-1.817243973028141446e-01
1.126957516805865284e-01
-1.275621002858070840e-01
1.457275566027015357e-01
-3.111816317937813325e-01
8.920690221523956687e-02
3.785844093243560526e-01
5.817892891762286439e-02
-1.574975627796697530e-01
