2.221223042210297427e-01
3.997730210527453143e-01
1.691092999736187596e-01
-4.470017103298752903e-01
-1.815461648711685569e-02
3.116621079974829511e-01
3.392645418909408517e-01
3.429516603199876390e-01
5.339807924672266420e-02
-3.278593993183735456e-01
-1.121003332023888105e-01
-1.695705375932634873e-01
1.131000730420355926e-01
-3.370155454871509582e-01
-2.122865553628827118e-01
-1.171201466087095910e-01
-3.814963338523089109e-01
-1.076602717740503673e-01
-2.569220795865332155e-02
-1.429507010105059983e-01
-2.820602627089379144e-01
3.240660591401888224e-01
2.532695759889139631e-03
-9.845782107492664914e-02
-3.018157280303344070e-01
6.938219302480633233e-02
1.883890481878023604e-01
1.184798849932215264e-01
-2.218990892315781116e-01
-1.985175586396076275e-02
-1.539557864187028335e-01
3.332143017117681350e-01
-1.902607003092500471e-02
-1.117809907532068964e-01
-1.424587688300138488e-01
1.676032205639392536e-01
-8.790633138447902228e-02
5.756138713221076869e-02
-2.669054799338462999e-02
4.280826302347224832e-01
1.876324540349011971e-01
4.963523259060707848e-02
-3.172259961466201150e-01
-2.945221376032030047e-01
3.212943791523362735e-01
-2.045887236119787456e-01
5.195633165509033757e-01
-2.971325891994567869e-01
-1.140304286522395537e-02
-2.348686390304060567e-01
-3.551539810431116884e-01
-2.229701721000933445e-01
7.607537054595145398e-02
1.688352739425518501e-01
-2.677611322668715377e-01
-9.508385984078493447e-02
-5.004170875607559799e-01
2.955022901540335090e-01
-8.765900153835118336e-02
-1.874943958015217182e-01
4.359908513600858071e-01
1.386936708251843287e-01
4.706922935006319642e-01
-7.269947268730042600e-02
8.830892264949688486e-02
-2.286574283411359765e-01
1.630439183603544506e-01
-2.639585531569584864e-01
-8.999781120682386060e-02
2.876174574684576268e-01
-7.037713597360843731e-02
-3.312130864467634495e-01
1.024898004285681313e-01
-2.087971979182600968e-01
-3.041297532679652083e-01
1.545152246909801130e-01
4.078627283018493310e-02
-1.330412848074893385e-02
2.240920946944571224e-01
4.429849655649439333e-01
-2.155554080870672740e-01
3.584627845026418513e-01
5.013528683919283857e-01
5.310432061247896858e-03
-1.588053941969991556e-01
4.706026100458200745e-02
2.251708877490743443e-01
2.303446917101203972e-01
-1.085369014032931401e-01
2.040492447212287341e-01
1.003099639891392447e-01
1.871124296783955865e-01
1.711731599691785621e-01
3.058276477459511145e-01
4.362573816727777221e-01
1.678382654285096587e-01
-5.740279691159798359e-02
2.494612142516516307e-01
-6.317932085573244594e-01
2.116787150227080194e-01
6.020506357613825132e-02
-1.380724431800113283e-01
1.735083184840417458e-01
1.023156857654128477e-01
-2.046289073584335316e-01
1.272520639439781998e-01
-4.003958094158755476e-01
-4.641977967919557746e-01
3.213254777782056926e-01
-8.690625195019555105e-02
7.356736441825670325e-02
-1.694604464089878026e-01
1.161285582011625794e-02
-1.071109316050018884e-01
-4.339706935100184348e-01
-3.864851775735109740e-01
-9.845608167537447941e-02
2.949030798279856369e-01
2.546848449559226957e-01
-2.647270631434468433e-02
-7.479993468580174998e-01
-3.421477486541166790e-01
-1.047622210582575680e-01
-7.063548375098990806e-02
-2.878013836690870852e-01
-5.412722211354275420e-02
-1.325179797460961928e-01
2.164117450671760590e-01
3.072143574396335453e-01
-7.194678756953010179e-02
2.177508187098430026e-01
-4.490037598959483733e-01
3.551512139313749983e-01
-3.062769661496995144e-01
-1.281449482464733780e-01
-5.107545978111711210e-02
-8.403139626305410059e-02
3.985716794777300898e-01
-1.227658020556519208e-01
-3.472581738400565832e-01
3.333046589922347702e-02
-1.345485470411683475e-02
-4.289381872432970755e-01
3.240277437340369215e-01
3.192861477142954624e-02
-1.257591682873098471e-01
2.210528318113159363e-01
-2.987444862932522316e-01
1.578790271653487676e-01
1.211681510068432846e-02
9.177463377285062507e-02
2.134767749362858347e-01
-1.192441644617925761e-01
-4.200815817671582630e-01
-1.344910779646752430e-01
1.847584141054460227e-01
1.705946105711346195e-01
7.366841389576123111e-02
2.815662291770536507e-01
-1.259382011543983548e-01
2.688648635634934836e-01
-8.278725131400016535e-02
-5.785871226226758229e-02
-2.419538807779061107e-01
5.091403238102201190e-01
5.355926422452713526e-02
2.044175547421550887e-01
1.567551966307089428e-01
-3.004595346473567033e-02
-8.329140400570425595e-02
2.743124356741248882e-01
-1.950231389773832147e-01
-2.086200768052488552e-01
-1.838305802852859827e-01
-3.301507208514557062e-02
-2.615396772908719636e-01
-3.798356415413339793e-01
2.278589169378255480e-02
-7.617246506130206929e-02
-7.393994542615386911e-02
7.685859849522269985e-03
-4.811583416013572034e-02
8.281659199695519391e-02
5.990893515847445228e-01
4.586107557273492175e-01
1.662377751698769848e-02
-5.730692351954799757e-02
2.068068569141973123e-01
4.340101929527465097e-01
-2.727161043548499003e-02
1.867374207218864060e-02
-4.871123670617189538e-01
-2.093770122849508350e-02
-2.419967920361244251e-01
-1.076845627990927062e-01
-4.267900296631257362e-01
1.133445674922402002e-01
5.213780638869888184e-01
6.789492934121536469e-03
-5.152566222675825092e-02
-6.558250996738072824e-02
-2.114088955082465693e-01
1.243010932075357400e-01
6.344039015735337961e-02
1.892175470595779674e-01
5.285854239188404469e-01
-2.271777661783030977e-01
-2.195760657009505623e-01
2.715834735333546579e-01
2.724362634301925046e-01
1.920486988692421057e-02
1.874969547725812702e-01
6.910473030783707837e-02
-2.087902410791818951e-03
-2.668063481941120862e-01
-2.617501956061019097e-01
-1.256731957735315042e-01
-1.214940806936072731e-01
3.688320211895224771e-02
-1.214819015143732590e-02
1.171157256243970657e-01
1.287603551024383008e-01
-4.504566606224121722e-02
5.439998155379641709e-01
1.461925832065249023e-02
2.473441994922684350e-02
6.864991456649938151e-01
-2.480299579705372848e-01
2.766067446821887654e-01
-1.559360369471989860e-01
5.518114772355061509e-02
-6.676200909102472658e-02
-6.056757057007443323e-03
-1.145983529248555122e-01
2.118986626480856561e-02
-1.710553337283887976e-01
9.022411817310777016e-02
1.743419934412718808e-01
-1.150725009053843277e-02
-3.122697983403158739e-01
-1.470687358916933085e-01
-3.915319653217388257e-02
-4.450384266813874057e-02
2.400064076182673312e-01
7.408302844701396273e-02
-1.511901206311943857e-01
-5.940351495696205575e-02
2.776755079177636865e-01
1.725458018679770222e-01
-7.224677955482609881e-02
-1.568944511169968470e-01
1.463116719027725554e-01
-6.716425313374371764e-02
-9.472961761476247911e-02
8.850681605757934056e-01
1.000000000000000000e+00
6.884028298515316724e-01
8.365016608924991104e-01
4.421314020236018494e-01
5.470735703191027532e-01
-5.590326852183651052e-02
2.531640319909748693e-01
2.362514645593897511e-01
-2.542078793417682503e-01
-1.805930630119011726e-01
-6.414245131759456486e-02
-8.735471499630444170e-02
-6.918578210445344712e-02
7.514820499934481146e-02
4.212266185541470309e-03
4.538943486350036083e-01
-1.913621154432963156e-01
2.016868742584236596e-01
4.277671744634681250e-01
-5.135485530875463778e-02
8.191990272966771791e-02
-1.612576462087133844e-01
2.640492108635807966e-01
1.770699029994255713e-01
-2.629918709248937336e-01
-1.328295264822197397e-01
-6.602779420906873531e-02
9.448052930619251985e-03
-2.967923284601976103e-02
-1.015670782234972397e-01
-2.039048728123095747e-02
-9.864220238201468205e-02
-1.635351388535188077e-01
-2.161388546324733151e-01
2.390366539538844697e-03
-1.945394972163612679e-01
-4.179878473017861751e-02
1.896293051583164690e-01
1.539673870965335423e-01
2.727817218309253056e-01
-5.100519796438452991e-01
-1.824599356675410955e-01
5.511790833938022827e-01
2.713584795443975684e-01
5.499474807883791144e-02
-2.208577958254464568e-01
9.419902913284952661e-02
1.721669462650255167e-01
1.305796772339992140e-01
1.533584048329647287e-01
3.725935342431923591e-01
1.757385395428605890e-01
1.849659680839622067e-01
2.005358751896562097e-01
-1.006117139173496322e-01
1.188480226595829414e-01
3.189808473205050232e-01
4.186180082500428612e-01
2.515687362733225532e-02
-1.414403270440558191e-01
5.578330002908905849e-02
5.866825000561824710e-02
-4.334809954354902350e-01
-9.492598260813213396e-02
-1.881087265050900847e-01
-2.640822832007238552e-01
9.123270249458846626e-02
-1.369282530126632869e-01
5.662604515910922842e-01
-1.458112967922397252e-01
-1.662854921530228791e-01
-8.496985867898687594e-02
2.289220278367810543e-02
-3.262071058305363036e-02
4.219706427958361261e-01
4.636377635567492383e-01
2.668041600151512260e-01
-1.051374689213739888e-01
2.015340218132714023e-01
-1.836166476413768622e-01
-6.485349480143547396e-01
-1.350537346413266671e-01
1.490928659466246864e-01
6.751482566275460173e-02
1.260274839265372038e-01
1.406027021511093988e-01
6.735070876544301255e-01
2.053587223126480954e-01
-8.919371176385767694e-03
4.636322211861258064e-02
5.671368649325875949e-02
1.214939542660454924e-01
-4.277269026768480975e-01
2.590120008606134339e-01
-1.855183574235522506e-02
5.722348761960600189e-02
1.247032709597692586e-02
-1.381155912631599758e-01
2.867911251115084353e-02
2.491763202866728311e-01
2.105814709686876576e-02
1.904411810779696734e-01
-2.312669786527470905e-01
4.123366532980216048e-01
6.577759521571373558e-01
2.752563952267667591e-01
-3.877119482831216657e-01
-2.299602249369152047e-03
-9.916162544854113803e-02
-1.502144822192949536e-01
-3.215070422327327426e-01
1.030725154426121309e-01
-1.249280063741361191e-01
-2.388280875048017227e-01
3.714709044683708883e-02
2.166481425090265867e-01
7.789153492968248216e-02
1.074619554266502131e-01
2.250783852719291378e-01
-1.762226090267201006e-01
4.965447517033330649e-02
1.309701086443693097e-01
-5.503956857792462187e-02
2.856866468609144394e-01
2.341310978599361603e-01
-2.047113800165563935e-01
3.475215907662264608e-03
-2.090594981445667022e-01
-1.482365947375134940e-01
-3.205773215289275391e-01
1.676088466413990230e-01
-5.094669660534321132e-01
9.268060027120736399e-02
1.928846269071909647e-01
-1.609066038437028390e-01
5.751566153464033465e-02
-4.035174612504028452e-02
-2.226821440451201839e-01
2.612150967990790051e-01
6.526922634491387487e-02
4.122844424515108019e-01
4.424965977104726722e-01
-4.553484967437882586e-02
3.259946343411358471e-01
1.948425836916784504e-01
-1.554231890780334580e-02
-1.877524032912175622e-02
-5.084344372360594111e-02
-2.023063995908287449e-01
-3.037140440209337711e-01
-3.196361991924086959e-02
3.348063312780226730e-01
-6.677359615516335056e-01
3.590581923771063444e-01
-3.846938620909872153e-01
1.715803643290127745e-01
8.332788632869473668e-04
-3.405831665601021241e-01
-2.914184446629712877e-01
1.175776538747984878e-01
9.075028437009591276e-02
1.067587102298129392e-01
3.165282519003329575e-01
6.813503720459166552e-03
-1.955069320363790886e-01
3.022196929292234047e-01
-3.827708484971346081e-01
-4.608621299073948907e-01
-8.553393445699810638e-01
2.197453502003179626e-01
7.172637088925729043e-02
2.186914705173132467e-01
-2.903140080060316319e-01
-2.603478510725084627e-01
-9.030169117065965645e-02
1.113926880778300238e-01
2.444856212670349915e-01
-6.652329201625381550e-02
-1.191056166364545948e-01
-4.739461343389592823e-02
2.671167369766681565e-01
3.199714337553799526e-01
-2.188353042205207558e-02
1.240227068487005924e-01
-1.752638514484644305e-01
2.674874955712656099e-01
3.270055382955568413e-01
-1.795506525527875430e-01
1.048098596225018331e-01
-1.203884204001381963e-01
1.102054142977385853e-01
-5.020974149958055965e-02
8.915080119862853203e-02
1.389251711196727301e-01
1.151674328932509039e-01
1.027149220576636102e-01
-5.225942865013853966e-01
1.013722617317525665e-01
-5.002652065926881803e-02
-1.809432685626543857e-01
-1.833098480552737275e-01
1.280783931801751374e-01
4.804051632513882397e-02
-2.226995406417667522e-01
-2.573453786636741292e-01
-5.645316786770205458e-02
-3.517609706403598824e-01
-2.742529634209606715e-01
-4.430086348509794381e-02
-3.307848132800622620e-01
-1.116352485047897164e-01
2.108763952722364499e-01
-2.626839332292175699e-01
-3.584763984916994328e-01
-1.076596972627386593e-02
-8.189442896868143196e-02
-3.114565053730171673e-01
-1.340945691842079235e-01
8.358970121781904294e-02
6.142560431706549362e-02
5.060593733053702081e-01
-4.671663364796097007e-01
-1.926243661631356907e-01
3.041931345562602917e-01
-3.561227052706366081e-01
-3.815275627195413577e-01
-4.923794037306400972e-01
7.518935450082760152e-02
-4.542339850339516816e-01
-3.045659581110446434e-02
3.802828821634702261e-01
1.308484192954518510e-01
-4.563149671095297760e-02
-3.261793999572870639e-01
-8.217330873331611663e-02
1.780611073594263669e-02
-9.915290609363679175e-02
-2.252887300200374365e-01
-1.137999913452659474e-02
1.172314862999268154e-01
4.617789611308756315e-02
2.801515338909051356e-01
-2.403837791899791909e-01
2.289674737152342654e-01
-2.608216832042716676e-02
-7.463225951930618773e-02
1.913960296210945322e-01
1.067590536382906768e-01
1.040181288678298094e-01
-1.802128816102772230e-02
-2.548670541142032953e-01
-2.231147354264076399e-01
-2.620922830919100166e-01
3.430075587112334234e-02
1.992304074949382761e-02
-4.016758058629156525e-02
-1.260666349343897708e-01
