-1.049783872918405303e-01
4.259533861329879191e-03
3.297853839220449279e-02
-1.006396151849102277e-01
-1.099785713666494025e-01
-1.438183816685989214e-01
-1.254792667059728417e-01
1.458212382444360466e-01
1.734664610958203124e-01
1.181755327678870870e-01
-4.258625267020266225e-02
-3.356795493440972028e-02
2.834021940624857627e-02
-1.003159841268946306e-01
-1.677911474935865621e-01
-4.118149807386985162e-02
-1.371339399536848080e-01
1.375938407681898401e-01
3.122718753130302935e-02
-1.500541245213379837e-01
1.722534617603231066e-01
6.805888744585701644e-02
1.646958089814964388e-01
-1.163393307828515105e-01
-7.451430602720558738e-02
-1.897212714471434858e-01
-4.936819715272226100e-02
-2.455353593372412990e-01
5.951817338250969119e-02
-2.076313512390757787e-01
1.050857466177294863e-01
9.449159358690877031e-02
-1.483826200983006660e-01
1.441581690323508191e-01
-1.491690742499722222e-01
-3.257384950059525885e-01
-1.173106041006153760e-01
-6.355630616617670425e-02
-6.364308869878415598e-02
-1.062153427045684079e-01
-1.244387390836018265e-01
1.233072124961223509e-01
5.549863746637971607e-02
6.081998823268425225e-02
1.106714084645668006e-01
5.273279928314075771e-02
1.584325288698280182e-02
-2.240935883745480070e-02
-2.720312955404952104e-02
-1.450259418682486694e-02
3.292275267027680672e-03
1.241844148203699767e-02
-1.665927293943867404e-01
-9.779568172195540754e-02
7.294206094094478864e-03
1.908338969765989712e-01
1.238980760059888997e-01
2.020943907083198321e-01
1.331482935341501417e-01
-1.998424855574517170e-02
-1.442619724552236249e-01
-9.244930714669796767e-02
-3.713581937629524543e-02
1.206838998027079390e-02
-3.687300741195297799e-02
-5.404713767499082916e-02
-3.919903894880371470e-02
1.045469893282416768e-01
5.813069497220114262e-02
-6.523995307933969090e-02
4.794987690332164210e-02
1.536477506931365478e-01
1.645733592659826827e-01
-1.315045302363579416e-01
-8.494309862057482230e-02
-2.016945445383652724e-01
8.799263300572564284e-02
5.241712081094907633e-02
4.350963854603887709e-02
-6.029938594566615004e-03
-8.693963073640716133e-02
3.308534962026115148e-03
-2.118103943695862426e-02
2.340862870117618733e-01
-6.830813941627303289e-04
1.482504401106702341e-01
5.574978956576102235e-02
-2.038636508487348953e-01
6.785852179313792143e-02
-2.382330893222863594e-02
-2.757339593081735707e-01
-8.596241219455934279e-02
-1.205474956256219338e-01
6.845916590805783963e-02
-8.363391629117040982e-02
1.386746866442193360e-01
9.261631951468776713e-02
-3.578900073239869584e-01
8.084198982102090703e-02
-8.100828663463417734e-02
6.921475350810364635e-02
-2.834499595686272855e-01
7.537110692781330556e-02
-1.912145597342503056e-01
-1.825688985630047334e-01
3.127450190436469879e-01
1.848389917523449999e-01
1.295725789878517942e-01
-1.207197006546304255e-02
-2.323108538613743394e-03
-8.460076912140733485e-02
1.731083074477383077e-01
6.796198442696899794e-03
1.614026213317545921e-01
7.264794888328685030e-02
-1.033821294765933513e-01
8.558040404286153258e-02
-1.657860008242733607e-01
-3.641099584648237186e-02
-1.478964987334370762e-01
1.454680133293939082e-01
-8.876201268041228332e-02
1.094330820374259799e-01
-1.745096035530541712e-01
-8.027030412365154799e-02
6.754530768748444325e-02
-1.016890564817824055e-01
8.488566115685554359e-02
-4.936989707015586315e-02
8.127991720748325988e-02
-3.522846411511829437e-03
5.587983734371157474e-02
1.632594787867636121e-01
1.433380738632519281e-02
-2.015144491424906426e-01
8.353438379531442914e-02
-2.677927515835336683e-02
2.849915219489627671e-01
-2.321775250454134742e-01
1.807297775526376382e-01
-8.404173741347768789e-02
5.644372092359992155e-02
-9.285934324845134327e-03
9.817706003394674474e-02
1.953260595568660080e-02
-1.157084779223471471e-01
-3.592845782061215854e-02
-1.496301676442124695e-01
1.316432685210194853e-01
-1.359377300174315073e-01
1.535239043428616446e-01
-4.489868967981797132e-02
-7.944945132205724625e-02
-3.042665713506411893e-02
-1.960670397013490052e-01
2.559435235876074410e-02
-2.148577236567719151e-01
-8.999358235528380490e-02
1.598901263579829979e-01
-5.977275184493919397e-02
3.516278958669648291e-02
-1.640933335935642057e-01
3.879446947428623615e-01
7.294569336341297228e-02
-1.316891444395732469e-01
1.543697297127124279e-01
-1.141281508990777405e-01
-7.439185215007618202e-02
9.458069092552602586e-02
7.636219765918425550e-02
1.115876327318646860e-01
-1.177932148259145662e-01
1.303596951071985810e-01
1.403095842544056782e-01
-1.226624883538910971e-01
7.803319383670866138e-02
2.634600360304816327e-03
6.028687288460794769e-02
5.412023061435027732e-02
2.533842038990055112e-01
4.982314777545486517e-02
-4.175571758338697537e-02
3.487845956649210746e-04
1.472426112207700644e-01
8.435676133344746641e-02
9.032041986235858633e-02
-1.458169169845373314e-01
2.372745573355876381e-01
1.335751974029602829e-01
-1.961127892652494292e-02
3.302510931421675372e-02
1.464846104949190098e-01
1.000924204021299245e-03
-5.583938773447438830e-02
1.098088449361867974e-01
-3.812149458784597905e-02
1.280370732352694059e-02
1.029832294442405427e-01
-1.500453306253648478e-01
7.229269098617481515e-02
-2.205643304345120126e-02
-5.169427576867202667e-02
-7.612010970262873821e-02
8.086432284186259589e-02
-1.651331736279118001e-01
-3.991110509995126482e-02
-4.632290300477334005e-02
-1.430900674514416597e-02
-4.583945096930667346e-02
1.832905832218557560e-02
2.120476111525808061e-01
3.198717416012496206e-02
-7.752727742478505990e-02
-4.157127856104827351e-02
1.885528860048552857e-01
1.540609617149341082e-01
-1.579119465349933943e-02
1.009092640164040988e-01
-3.068880713174942237e-02
2.833276155883622804e-01
1.959065740014929655e-02
-9.928383631312709401e-02
4.394736513127642241e-02
-7.725120399784367320e-02
3.461478555805296009e-02
-1.616798575564308005e-01
1.108464255668731857e-01
-6.721844456004318069e-02
5.462537932336815338e-02
1.990300873693926983e-02
-4.159035714593550120e-02
-5.722000691108426046e-02
1.268639294801937600e-01
1.386181640979292917e-01
-4.851746450856415926e-02
-8.366640589918515614e-02
1.777886487664019632e-01
-5.609325624233338359e-02
-6.018097873131175030e-02
1.216101941716674247e-02
1.837963980604384942e-02
1.036854679112539646e-01
-9.169229312989060632e-02
-1.455171907630377071e-01
1.191494027155823865e-01
3.794473227859027631e-01
3.111876613885645737e-01
8.888200544482290077e-02
-5.228203856470989286e-02
-2.307636732704350657e-01
1.210858429376734588e-02
-5.645016697777999193e-02
8.019615412175125357e-02
3.482213797941356992e-01
7.505869901051319681e-01
1.000000000000000000e+00
8.621700726207732757e-01
2.210993679083152752e-01
3.587595325156665849e-02
1.263447590211060900e-01
3.720764378268937023e-02
1.209591851646818761e-01
6.485924324260759766e-02
-1.544408046211139807e-01
1.520738556807314512e-01
3.692572761311167101e-02
2.560591390392625774e-02
-6.608081993415022837e-02
1.723434441826686425e-02
-4.396973781580035961e-02
-9.862212436816909442e-03
-1.638478961350416374e-01
5.087068835368688258e-02
2.331944072886613095e-01
1.159479957253603533e-02
8.791322211396371267e-02
-3.127997392428841922e-02
3.486448978195842707e-02
1.832194439891580151e-01
-1.338780896223007721e-01
-5.344105241988422739e-02
6.520594198858735424e-02
-6.903490690034909394e-02
7.818252516240517536e-02
9.456039504836989684e-02
9.026099082487347566e-04
-2.268798229120514987e-01
-3.313675451821627288e-02
3.628298846605505085e-02
-2.624493419475859221e-02
2.504800116847006458e-02
1.826355165740530251e-01
9.206669242967353839e-02
2.341015343773318880e-01
2.358289035406362089e-01
-1.738786225907722194e-01
7.070972441550887888e-02
-6.132962687487517744e-02
-6.182844936006939331e-03
-1.201199041688066071e-01
-1.971610403968960812e-01
-5.009560482761959976e-02
1.072271424926323630e-01
1.026000776075355891e-01
1.244405541536839754e-03
-5.381607648990692494e-02
-7.171096431858128839e-02
5.242751630452383710e-02
-8.682921686795577743e-02
3.826046761734838014e-02
-5.483836267592429037e-02
-9.395392223409289312e-02
1.868880400142735598e-01
-3.446641206726906714e-02
8.270474542101483029e-02
-8.750043506119939418e-02
1.606622810972970494e-01
1.693765858462074891e-01
4.121559669492127348e-02
-1.752945800472495153e-01
-6.809145066111525757e-02
7.054553419124555413e-02
-6.861803984012919411e-02
1.350783473177807337e-01
2.171495226988625141e-02
3.070922937580503609e-01
-1.576134474356526427e-01
-2.596653615038662100e-01
1.948448522828458429e-01
-2.530383092657577659e-01
-1.245752832486143463e-01
-1.522420746717539630e-01
-2.039390213967234855e-01
-7.131815581702143081e-02
6.772578738872833681e-02
2.058969765353638182e-01
5.737336037565923808e-02
2.029286372359064838e-01
1.647348628637869683e-01
1.287671016536416080e-01
1.344512827591284876e-01
-8.566268181144408300e-02
5.867662310130963843e-02
-1.641797738822996580e-02
2.039440898086098963e-01
1.190971981753716630e-01
-2.525877219642750499e-02
3.942456392768835249e-02
-1.948201714201928114e-01
-2.234136511420914684e-01
-1.570583535900852423e-01
1.387724241566473948e-01
5.110133961305332595e-02
6.655742431298719564e-02
9.731612372357135998e-02
-6.867237984382092153e-02
1.171570646656857062e-01
-5.378848583294991437e-02
1.316389034358228516e-01
-5.061812804245718195e-02
5.239774310500505683e-02
-7.824912418093117605e-02
-1.016158857735272869e-01
-1.611283941289558264e-01
-8.787932013252144903e-02
-2.250375210729733955e-01
7.379886475374279609e-02
-7.706353615988045802e-02
-1.926578474824772458e-01
-1.094456484965665999e-01
2.046379576463285693e-02
7.112422959063822991e-02
-1.013167702789699448e-01
6.521402267618885140e-02
-9.289517879571640435e-02
-5.654693091664735050e-02
-3.445395875904515015e-01
3.473057960357622265e-01
-1.085939547637130159e-01
-1.820313031634555045e-01
-2.925852146390143238e-01
-1.747521369373572220e-01
1.253492519638421121e-01
-9.826063195587934895e-02
1.109496390192727701e-02
-6.486124714517807130e-03
-4.550852513152672807e-02
3.967144882499201164e-01
1.672110628748495198e-01
-3.916928304638356978e-02
-2.871917650578291181e-01
-1.019359847332459157e-01
2.139338145842925032e-01
-1.037030614232481579e-01
-1.615141896746912220e-01
1.602099261966813681e-01
-2.117436322089958078e-01
-1.135684611797019121e-02
-1.834840467753125481e-01
-6.014477352092865992e-02
-2.087427047763416518e-02
5.286511478798381486e-02
-1.620221316532679534e-01
-6.391427631013252286e-02
-8.505012162800805464e-02
-7.010706531791774040e-03
-9.291667050640887993e-02
1.158348258365774347e-01
-1.319891737382308285e-02
1.196033633754518960e-01
-2.296487832678699714e-01
1.435629189785551096e-01
7.061097873528629498e-02
9.497111608326276599e-02
1.736332264913007795e-01
-1.441948709112143845e-01
1.815301849165474046e-01
4.515648200674171608e-02
1.157333595862432424e-01
3.565365035945678995e-01
4.828908839154354149e-02
-2.027635172633437954e-01
-3.651540472148066298e-03
-2.602297018830200190e-02
-1.087075891245210812e-01
-2.074400959004852607e-01
-2.739632436714792632e-02
-1.133562225813549568e-01
-1.458329675550431026e-01
-2.555813973292433289e-02
3.238831955287800601e-02
1.079467596270994034e-01
-4.537700385775212536e-02
-7.562725283878697635e-03
2.725478639052477097e-03
1.838675474153384504e-01
-3.926183146058270790e-02
-1.439222014807741146e-01
-4.540248467153979589e-02
6.220269995532829582e-02
-8.748770309727645772e-03
5.516477712179862491e-02
1.986874235044629872e-02
-4.283569236728513446e-02
-9.806851780447168807e-03
1.408574685045029251e-01
-1.928910358077925991e-01
2.203838252665877087e-02
-8.520592788201572509e-02
4.652257118776888939e-02
-2.404992691730696019e-01
-2.259856454747627419e-02
-4.722542610179077810e-02
3.333909203060874543e-02
-3.865674123778763821e-02
1.333263130304897515e-01
-1.102343364315511581e-01
-2.470297070328207611e-01
-4.934943914760610978e-02
-7.172577197645170488e-02
-9.680310480445377189e-03
-1.000088821029156000e-01
-1.030326291378417108e-01
-1.247556733983425960e-02
1.232685810244145003e-01
1.785673594567422640e-01
5.954577236267973722e-02
2.606879239993082492e-02
1.416562444887924099e-01
2.166459234908002796e-01
-6.526197033268024694e-02
6.927110919676665590e-02
-1.605363091652046992e-01
-7.464701064965131860e-02
1.925201703016937715e-01
6.077500577280890021e-02
-8.158049462081394532e-02
2.031746683296958150e-02
1.858814154867650947e-02
3.066474856791385206e-01
-9.672031574194379921e-02
5.432154422026360535e-02
1.111108689108540049e-01
3.173176497668539486e-01
9.454619811744176261e-02
1.050011078718708912e-01
1.551908428794958050e-01
1.588892633448265035e-01
6.235335105472307460e-02
-2.088461446501863883e-01
8.549898995101180843e-02
6.834923421966788461e-03
2.897395072062425997e-02
6.978893426178957304e-02
-1.674368936026351395e-01
2.049108313889915281e-02
-1.312783936226982473e-01
2.053815814480866933e-02
9.272278675231445527e-03
2.151505509809088779e-01
8.697975560423934493e-02
1.069860184333788593e-02
-1.380077878101189717e-02
2.510689392311851037e-02
1.567667494152199803e-01
-6.859354573538521682e-02
-1.468751694744995229e-01
1.803159170480848617e-01
-1.450923925757447164e-01
8.577704511930842046e-02
-7.260673066332942738e-02
1.271671663412395070e-01
