-1.147890874940831613e-02
1.231481164170977229e-02
-1.827802078963881860e-01
1.220040688371723109e-01
8.581681406823338243e-02
-9.724019103286110632e-02
7.205238985823687534e-03
1.369932284296927760e-01
1.333534191460118701e-01
-4.096930451246393740e-02
1.011016415976590116e-01
-1.127822391833054189e-01
-1.069290435337860584e-01
5.049559840914034231e-02
-3.468010220765392615e-02
2.096208218528328171e-02
-2.222312272944101941e-01
6.184646976735055923e-02
1.354351531025885236e-01
2.738423795514220022e-02
-1.551801841539193240e-02
-9.548421601031670258e-02
4.229127978704917690e-02
-7.650124824265752688e-02
8.361775822190091467e-02
6.446294968616143872e-02
3.273860020226471157e-01
-6.296979362414642512e-02
1.542267264538766391e-01
1.627922092271563703e-01
-1.605808480237647384e-01
-2.256638419787273392e-02
-1.084111952945401441e-01
-3.482251195929105675e-02
3.472761169386653912e-02
-1.810142455088885050e-01
3.230501830628707688e-02
3.437057070366737743e-02
1.651204064623540968e-01
-1.529595089567133692e-01
-1.781064408077454031e-01
-3.784567751370782746e-02
2.302689552425190023e-01
2.580653901114496884e-01
1.855218827105848886e-02
8.095119367056070880e-02
-9.629888833734896736e-02
-6.510313326264532963e-02
1.149936003866970369e-01
-1.126309420345194962e-01
-3.522474444356558931e-02
1.432375522195546667e-02
-3.391270941914112727e-03
1.190962452304930169e-01
-1.966836029140105191e-01
-5.062189072751242108e-02
-1.802817268591983338e-02
-2.707463361500428087e-02
-6.517363261216332915e-02
1.234602338562748036e-01
-3.352165211461374805e-01
-1.215268568867352850e-01
-2.995416365859285834e-01
-3.592557696670599376e-02
-2.569665502020278547e-01
-7.325542512123896233e-02
-1.717476191276514630e-01
1.303542414856921627e-01
7.890887809536024922e-02
3.156828539103859743e-01
1.834125290718059131e-01
-1.026994383311793796e-01
-1.179752132921263810e-02
1.703005695590360247e-01
-8.180197795794331636e-03
-1.137100002423011708e-01
-2.910795662644850568e-01
-2.158659003352583206e-01
-2.473481796872219196e-02
1.288320287263214348e-02
-1.518748254440744350e-01
2.024037605249541169e-02
6.408580352175339764e-03
-3.251485834339883779e-02
5.207830270547824519e-02
-1.880113560474068121e-02
-7.982911693898128713e-02
1.049215190659073399e-01
-1.322557702956409786e-01
-7.047808177029556143e-02
4.428479288000462810e-02
2.418261926117540317e-01
-2.097830829469981562e-01
-1.269582853092143804e-01
-3.714367283705263811e-02
-1.328996829168410387e-01
1.954587898308104421e-01
9.672762779587180948e-02
4.225931884468442368e-02
9.644379826361228203e-02
4.869646511472211503e-02
-1.312608491435672195e-02
6.503617579693660861e-03
-5.285756175557723702e-02
-6.266274617523212576e-02
8.392876057628928174e-03
1.309162374343149637e-01
7.116076085198709544e-02
-6.447303898809815526e-02
1.076839819134637471e-01
3.105782654841983126e-01
2.826413819001237782e-01
1.447971277961607739e-01
2.599602738942421998e-01
1.144033266696096590e-01
5.640426509693766827e-02
-9.276707355915249364e-02
4.163299883528188972e-02
2.039916845136514195e-02
-7.949696272263834240e-02
-3.114927740046105273e-02
-3.934142762756460965e-02
-7.703581700076513397e-03
-2.919767978222685776e-03
1.045494636914528520e-02
2.141010942769738107e-02
6.990117556699033952e-02
1.102255093314030293e-01
2.701532074923612692e-02
1.632912921676005769e-01
5.659652058202888775e-02
-1.198470443296051346e-01
9.506733107598232257e-02
1.390000820711394802e-01
5.803619295710700510e-02
-8.912184005865056435e-02
-1.265875737802042711e-01
-6.682916509590457188e-02
3.781341354631426871e-02
1.590313573096420463e-03
3.357466314194739593e-02
-1.208767395806346727e-02
-9.672569651067396135e-02
1.047981423748756656e-02
-1.535732583950780716e-01
7.068476692589194255e-02
3.887660127969422286e-02
-1.587873245650595622e-01
1.470194309553548087e-02
-1.763664651618973012e-01
-2.362559657809405397e-02
3.790117551731007201e-02
-1.724221811447473884e-02
1.467044104580726704e-02
4.160300942000314146e-03
1.864137210487909480e-01
1.001148706979239078e-01
1.795941159363419470e-01
-3.476770090167474042e-02
-1.510928840368492287e-01
-5.087121392236365613e-02
-1.310981226390477324e-02
1.028961088014520957e-02
2.299295790498367409e-01
1.241130149690985590e-01
1.771325252489615587e-01
-9.759261559475393422e-02
3.986624756481483428e-02
3.930315164840777337e-02
-4.083032356648528399e-02
-1.399573501238340206e-02
1.085216521635894854e-01
3.427276465115222659e-02
-1.032966762200057675e-01
4.536125603036830767e-03
-1.472024434482624607e-02
1.191779951897032758e-01
2.883479157346886534e-01
-1.944347391452963536e-01
-5.784810928985904821e-02
-4.484976958740859859e-02
-7.608123390982905396e-03
-8.613310160174421359e-03
-7.235357861817540148e-02
-7.307797795383759454e-02
1.241766601436804507e-01
1.167073882028684118e-01
-1.305603261631954892e-01
-2.260206612518779468e-02
2.561765149040284295e-01
9.877272766520218961e-02
7.439646770615579441e-02
1.310781630231816208e-01
1.083987842089188108e-02
-1.264905944217288580e-01
1.769554613520853414e-01
-2.428591180112660841e-01
-6.226652570273200071e-02
-9.103979738664794152e-02
-1.092327596075809010e-01
2.851286518621921548e-02
-5.631633178921217203e-02
9.462032817921883776e-02
7.547149384419252205e-02
5.715307340829447330e-02
5.700817154180813640e-02
-3.408198778100769016e-02
-4.708934378291263628e-02
6.245207944408061318e-02
5.648830608298316402e-02
-2.962534404577614119e-02
-5.255584743223949695e-02
-1.853041083278718082e-01
2.226200020054846032e-02
9.099314980101535361e-03
1.004254002327021472e-01
4.265933248785425819e-02
1.696274991951150779e-01
-4.176513988845339392e-02
-2.642491350645805384e-02
-4.754523407683602237e-02
2.037221526682991002e-01
1.711134441265388662e-01
5.619817235966852176e-02
2.515589888311170474e-01
-6.532011224460665400e-02
-5.211267551719584584e-02
-2.038469462792286968e-01
-1.402769975399484614e-01
6.850187373323077256e-02
-1.467844384535923682e-02
1.078449175313156844e-01
9.210735180349977069e-02
1.520270639070545882e-01
1.192749745481786888e-01
-1.004994681359546865e-01
-4.810724893097276245e-02
-1.382475103404083860e-01
5.951493481772768268e-02
3.438592556883511564e-02
6.711107602610594247e-02
1.156439615703909740e-01
-1.130858079827588847e-01
8.009442522838874923e-02
-1.980897778282423860e-01
1.910674224978067826e-02
1.948757004604067741e-02
9.348249902979530179e-02
1.606548907991068587e-01
1.692442703752392030e-01
4.150238967722916228e-02
-8.530751570952899154e-02
1.696758238791873652e-01
6.899109821104768003e-02
2.361536873164136185e-01
7.581240567759415239e-01
1.000000000000000000e+00
5.742052457227712070e-01
1.291078489413447772e-01
-9.178496015369340746e-03
-1.408573749833583744e-01
7.420765667730629643e-03
1.826186547322874720e-01
-4.493419728037123528e-02
5.421809090645992452e-02
4.640825839836701383e-01
1.785321914477100980e-01
-1.393266785449818190e-01
-1.563068780211224473e-01
-6.829647416433293206e-02
-1.191862368883416234e-01
2.613986984937052838e-01
1.389798306311146592e-01
-8.086630246157655577e-02
-4.402492771293212148e-02
1.828975911260930509e-01
4.659477256652025945e-01
6.865588299043831610e-02
-8.603561712461642308e-02
7.991420923597943038e-02
1.209912922902494081e-01
-1.358590400197120518e-01
-1.278670805148838796e-01
6.606590198612104226e-02
-9.985112126893723461e-02
-4.312163234620616098e-02
6.993859510083426378e-02
-5.247429856105433749e-02
-2.000603873443796560e-02
-1.990842261605725028e-01
1.279525528274431077e-02
1.288545314877987125e-01
-5.892209217668671617e-02
1.418394017394521978e-01
-1.334532881720128517e-01
1.049953116274220458e-02
-8.888879295065439667e-02
-3.334219576911650468e-02
1.900973640541404053e-01
-2.251469517636489059e-01
1.461540757101580934e-01
3.476693229265335333e-03
-1.034152269798404161e-01
-8.829007182350745442e-02
1.182126289779604350e-01
1.393538042524385678e-01
-6.093279570538944617e-02
-2.033712101577672127e-01
-5.579802519083025547e-02
-3.135311692197847999e-02
9.232326519234611284e-02
8.620416261270667790e-02
-2.512658872627181531e-02
2.532636692565672365e-01
1.632070466571268752e-01
-2.715640591615384528e-02
-1.296274175975374310e-01
-2.529304671656747439e-01
-1.887989435593469822e-01
2.980748788698021207e-02
-6.372611952751522368e-02
7.858976881184699670e-02
1.409290322042288379e-01
2.266513171878918320e-01
7.850669219991286696e-03
1.769668219585471547e-01
-5.185853480600202681e-02
8.364079051964140588e-02
-8.727663873232600900e-02
4.331189360711670822e-02
1.124796684146325138e-01
-9.611107053447828785e-02
7.149360942366098093e-02
-6.441500364924045152e-02
7.540366879202378692e-02
-6.560093748918610634e-02
-3.870660692795269142e-02
-8.301877466677982931e-02
-1.341773764228804122e-01
-3.071768952186586590e-02
6.793874000577358740e-02
-8.929179541236009765e-02
6.762503946993715653e-02
-2.511997345042207147e-02
-1.459495284321699754e-02
1.607343686370180658e-01
5.820361494851408746e-02
-9.158306638103085040e-02
8.769520177060954880e-02
1.039435066610152891e-01
1.693176640156788815e-01
4.312907550308864996e-02
6.944988279585936897e-02
-1.379161450070550410e-01
8.619252529607500379e-02
-1.066741173760168554e-01
-6.325514764219086761e-02
-2.837763654154683568e-01
2.079585742347917487e-01
-4.851538343024104638e-02
-1.503748368310180335e-02
-6.052059476170694452e-02
1.850892239080610679e-01
-2.194194532281921461e-01
1.347726632399724213e-02
-1.178013411962105517e-01
-4.454352114927645490e-03
1.210262386147691743e-01
1.613505723791818780e-01
1.513422651352797632e-01
3.927071290787029212e-02
-2.970295537486392079e-02
3.258851441181267322e-02
-1.028541110054516927e-01
8.573196185727009755e-02
2.488679396819708511e-01
-1.273588712782156573e-01
2.708464450884735808e-02
7.774506754565903288e-03
-1.041297678528752824e-01
-1.700446453704639871e-01
6.637685260247458419e-02
-1.530929058452879798e-01
-1.713157390697866989e-01
1.340898545379417273e-01
-1.400856598401636899e-01
-1.885272581751872012e-02
-1.481956923066537757e-01
-3.763268075770021676e-02
-3.193441527166890640e-04
1.837621813722876696e-01
1.825299749760074530e-01
6.863056157083343052e-03
-1.611688341504422528e-01
-1.978492112233190200e-02
-1.387745977755726612e-01
-7.117803775561612478e-02
2.555469914238803902e-02
6.007210981361592317e-02
9.104682480336245831e-03
-2.495319358428691181e-01
8.885124570146436807e-02
2.808963807771129306e-01
2.066355448632382352e-01
-3.242361772295333094e-02
7.417252455246657605e-02
7.117792894580621255e-02
-5.342152217708528994e-02
6.307015503648628896e-03
-1.806327025467349343e-02
2.803214139863394877e-02
-1.101048485402624511e-01
-2.106760643948633605e-01
1.503553120530334852e-01
9.145414617268650403e-02
-3.764387808720928708e-02
-6.203806064838401912e-02
6.362773030342054603e-02
-1.253855529086875531e-01
-1.356268539804137696e-01
5.620320986956128112e-02
3.973081745401641635e-02
1.624471340124095109e-02
-6.516126656555372432e-02
1.340708319680180005e-01
-2.173272008283042567e-01
-1.087297013139780499e-01
3.705550040500710240e-01
-1.073586772487053059e-01
4.924904105636340734e-03
1.336196148190095245e-01
1.300156507395964223e-01
3.250322565014102105e-02
8.241017735845125591e-02
-3.401656718884681768e-02
1.516540957258673827e-01
-1.757276502035794441e-01
-2.130918225130095378e-01
-3.857499232975215159e-02
8.513723498884023799e-02
-1.032905765533788794e-01
9.237492415442931371e-02
8.491162641433043501e-02
8.358980700735293978e-02
1.850534338889250549e-02
4.696491453698315582e-02
-4.759028119946145940e-02
-1.608379359692800993e-03
-1.060389288749905984e-01
9.790681402125890609e-02
-6.260953178912011252e-02
1.035186047124790620e-02
-7.495527256123572790e-02
3.343312992813010642e-02
-5.807522344460643721e-02
1.890699648084530615e-01
-1.913447608516537501e-01
-1.557221230485036634e-01
1.331528571859301457e-01
1.036029394093043038e-01
1.272532789832955813e-01
-4.688464816061061434e-03
-4.315189005671132144e-02
-9.554117715972143543e-02
-1.968229755347417065e-02
2.404746998528327628e-01
-2.190176811680643112e-02
-4.229921040087062517e-02
-1.233228415220346263e-01
-8.758669390533463384e-02
5.386890953133355309e-02
-1.752073636631791831e-01
8.099471287102039119e-02
2.734486941753497963e-02
1.376569645365361139e-01
-3.685693354474946226e-02
8.658048054104901248e-02
4.780639686330365873e-02
4.153793926583539825e-02
7.498596800939774654e-02
-7.513526856008374832e-02
2.030399181970928835e-01
5.929315378854572993e-02
-7.411226918553343035e-02
1.942293831977932317e-01
1.310925090118207070e-01
2.412292419343284311e-02
1.992431486487186987e-01
-1.018999077485597676e-01
-5.039187024913562712e-02
7.516041088911903922e-02
1.347216709498846587e-01
-1.287845291864623057e-02
7.430153703902613038e-02
1.095597485986850028e-01
-5.567024157437179543e-02
2.245959154324195517e-01
-4.132325356011941342e-02
-1.402276674157506009e-01
1.649987001705832124e-01
6.518620780656389502e-02
6.260980624982423470e-02
1.235750034781808449e-01
9.404300830369445585e-02
-9.922390581617866745e-02
1.160489216322091038e-01
2.484177657841603049e-01
2.137869503282164782e-02
-8.923972033661490763e-03
-2.169591103164490442e-01
-9.644905458009558896e-02
8.649139860870765084e-02
