-2.965666859624297921e-02
-7.235243012966406650e-02
1.777102319446839940e-01
-4.447988153332849137e-02
2.112763948063725323e-03
2.851957529957678192e-02
5.047513441248031585e-01
-9.621437784408710947e-02
-3.068055836098219913e-02
3.100906998487942268e-01
1.830293216792843458e-01
2.039628199030910360e-01
-4.940225633382618886e-01
2.524919394726508060e-01
-1.748197588453373752e-01
-2.792825136918291110e-02
9.067915255344521919e-02
-1.127373373247528426e-01
-2.452959643936645784e-01
-1.188775203077353931e-01
-2.662843044184426966e-01
-6.282458983523554752e-02
1.662464004621660718e-01
9.309635874149252421e-02
-4.581946583686664631e-01
2.097147701941950160e-01
-4.055200348266425198e-02
2.239997790580318393e-01
1.808173235001502843e-01
5.836530396231622529e-03
-7.135865674098293421e-02
-1.493638768328688082e-02
1.058252356919370529e-01
2.857560866984441006e-01
1.241075184289238825e-01
-3.708147563382968581e-01
-1.378342566639769451e-01
-2.150075105243702892e-02
-1.024528318415137383e-02
4.701353527349483308e-01
-2.268766424574687468e-01
3.778263916481189311e-01
-8.347410247747696910e-02
1.576206238016204242e-01
2.076520418166156179e-01
-6.007986660739996626e-02
3.406345425184810205e-01
-3.125191403371837540e-01
4.442079583971459966e-01
1.440829722785268718e-01
-1.499648982902356334e-02
1.371209944673318637e-01
5.371846387041533805e-02
-1.389443599803049691e-02
2.735479228741521385e-01
4.112321368381008369e-01
1.832096736569196471e-01
-1.468430056716358845e-01
5.102371692538731907e-02
-1.097232706102835853e-01
-1.853785897684055439e-01
-9.203938216566961983e-02
-3.616781737347755654e-01
-4.286399676034598899e-02
1.384710861856457420e-01
6.748324250813317327e-02
4.970461930975168807e-02
6.744668130750539059e-02
-6.740977984419006808e-02
2.422998796816472344e-02
1.360555899103986777e-01
-3.457897749205238735e-01
-4.493222895133633932e-01
-6.770064760991847952e-02
1.604829413348355174e-02
2.436592023574442878e-01
5.941526560736368201e-02
3.357354692316998346e-01
-2.954930467508936620e-01
-1.071687184698133094e-01
1.069503931084604398e-01
1.816675703320755897e-01
-4.183103199863957150e-02
-1.150608596249499682e-01
-1.798767163772951871e-02
1.321351650173037962e-01
-8.872789460107735615e-03
6.332258986244151400e-01
2.233793350535833167e-01
-5.936306622389552201e-01
1.386819493659406100e-01
1.351850032791978851e-01
4.284645124930624299e-02
-1.064512588253313796e-01
2.706015227301876089e-02
8.459942400983856692e-02
-5.976751709552422659e-02
5.374954604651082518e-02
6.592255182976126948e-02
2.569596009030141182e-01
-1.538204577639425419e-01
-1.116399728650891432e-01
-2.075130405153360891e-01
8.704622114096299823e-02
1.240884937158471674e-01
2.069837262687760360e-01
2.202897403948831951e-03
3.432932992363171842e-01
-4.279302163142466309e-02
-2.537093866408673404e-01
5.396667790457062436e-02
-1.532795354448940051e-01
2.961137266130581952e-02
-5.873788408601587907e-02
1.358895307415484699e-01
4.407756568895800781e-02
-1.740195308291521692e-01
-5.693603770447143442e-02
-2.901206489813025202e-01
1.049768323866990261e-01
2.805291732870023383e-02
2.690167686813225642e-02
-7.695815241626798378e-03
9.723628445228572892e-02
-2.297286803275491451e-01
2.484977361389696104e-01
1.242049288955587305e-01
1.813133567418593883e-01
-3.312416031743862233e-01
-4.807872210234489033e-03
9.149139249217937142e-02
-3.114984650422653045e-02
1.264843542859255031e-03
1.070745881989553089e-01
-2.404033329239307071e-01
-1.711834045997174258e-01
2.946921536719038781e-01
-1.937195911941235471e-01
-4.839188746875719427e-02
-2.626592605155859683e-01
1.379195125707168568e-01
2.323278513091706354e-01
2.235969498116766596e-01
7.320617282961079664e-02
1.079426327311758110e-01
-1.072741925929081436e-01
1.201851224103292204e-01
1.325177000048979314e-01
-1.404561424204489595e-01
3.073638654021934591e-01
-1.920982273965939069e-01
2.965322711668911815e-01
-3.525682876816822464e-01
1.015627852780390805e-01
1.858542711798577829e-01
2.188274625665054540e-01
-2.863712368486537874e-01
-1.712823913652654351e-01
-8.335266816572937942e-02
-1.174634662510130878e-01
-4.417139952308180711e-03
-4.235766150888817250e-02
-4.066852372825575934e-02
2.881469808462297499e-02
-4.093646405528832133e-02
-1.468699948577722623e-03
-8.827011012624165487e-02
-1.182878912516081987e-01
-4.515559425779419600e-01
3.622260572879158480e-01
2.071518476440953882e-01
-3.499794977597677770e-01
1.610867974729891794e-01
-3.168011864375944175e-01
3.911343666485911363e-02
2.289377399721913564e-01
-7.780947631550370891e-02
1.443839689147068395e-01
-1.127284354670679556e-01
1.273849241725284465e-01
-9.710302338828262492e-02
-2.654855220948059702e-01
-2.797535654445128528e-01
-2.355385399515411704e-01
-1.016920280494390538e-01
-9.063602494529750253e-02
2.782198720538611725e-01
2.660741337944745877e-01
-1.762293361954375970e-01
-2.462757061862601848e-01
3.771610585663309201e-01
-3.723330162661786513e-02
-1.372073648273917090e-01
4.128981740407253742e-01
1.674584476557937351e-01
-2.831267993407793893e-01
3.199725380611943559e-01
-3.397156104673443311e-01
-2.541874430279094654e-01
-2.802065969624445083e-02
1.890186160288665207e-01
7.403682397503832946e-02
7.032445594303603220e-02
6.278236443975232506e-02
4.418194641315837529e-02
2.545032488824113814e-01
-1.041766133939876354e-01
-1.123091205990790487e-01
1.564234433977808036e-01
1.702400388374561979e-01
-2.245828386991463865e-01
1.181249773708096217e-02
-2.340732443677618485e-02
-5.360181344869779929e-01
-1.107536021920551977e-01
-4.931617928092686953e-01
1.250011235797452991e-01
2.035480242746567359e-01
4.309624458991197921e-02
-3.094560601324367610e-01
-1.748037105832525029e-01
-2.508778204702800246e-02
2.772018548463135029e-02
2.361585405805043114e-01
3.983501771475691372e-02
-2.294128229166557398e-01
-3.003368378696321117e-01
-1.857426650012843072e-01
1.189174923105195125e-01
-1.368102771121808281e-02
-8.928111153560534807e-03
-7.338946774876436985e-02
-6.281218007853299479e-02
2.541509638847772590e-01
1.807136929037575779e-01
-3.921050085377643379e-02
-3.443540204378575109e-01
-1.976334389425998470e-02
2.521762629296796579e-02
1.804866538625654049e-01
1.643197059583333119e-01
-2.555479673623515802e-01
-1.416160175109128505e-01
-1.043822587624497339e-01
1.975492205760660813e-01
-3.222263638016580334e-01
3.592466687219917909e-01
-9.922142575298374678e-02
-1.401140258186764909e-01
-1.791077213298291615e-01
7.653995414013764487e-02
-2.250610712330378682e-01
2.687076396544462176e-01
2.850374911221499885e-01
3.547999636047948213e-01
8.064816092609942144e-01
1.000000000000000000e+00
-1.467731239415941691e-01
3.010389052904979823e-01
6.240897138550326462e-01
3.000289560409046263e-01
-2.444882376794104972e-01
3.401247053830800948e-01
2.314619570568365314e-01
2.711371645182266699e-01
-1.173746478813118693e-01
1.109383763123837768e-01
-1.214563544985103744e-01
3.610252856327588605e-02
3.092871460955003982e-01
-3.635098267316269061e-01
7.053115518498248582e-02
-5.147179656620984312e-02
6.414363589446482605e-02
8.493351948811332652e-02
4.966025334599870611e-01
2.423863574533539622e-01
2.875747709952911624e-01
-3.366485424710685126e-01
8.382085689417244356e-02
2.619724822046615165e-01
-5.418947094993371155e-02
-3.070093936076621066e-01
2.839225931824427840e-01
-5.952613970503253804e-02
1.638561155193882790e-01
-4.385856457040732126e-01
4.148818636329532072e-01
-1.507074816210612379e-02
1.184167271645484992e-01
1.052417507222699056e-01
1.889188851505854139e-01
9.870263821101400714e-02
-5.890876323253035896e-02
1.569018095455593509e-01
-1.161199044231785577e-01
-1.711904599231628687e-01
-7.607202662439412066e-02
-1.067360735855394094e-01
-9.667739430205891937e-02
-2.697034327174961388e-01
-2.091243179753616011e-01
-1.904726966531934129e-01
-5.648225107995558103e-01
1.545328697275045182e-01
1.153824619933605140e-02
5.635166598471030158e-02
-7.317509666943698698e-02
2.352309756122048998e-02
2.211345052601582650e-01
6.775973540671897943e-02
1.066370838115921621e-01
-8.233815714364887961e-02
4.988870087373866585e-02
-9.991166040651949798e-02
-2.490418200793034220e-01
-2.686076475642829031e-01
-4.585323407967642484e-01
-1.253726579861745294e-01
-9.897382522521179504e-02
2.779085338825223461e-01
-5.469729442690231952e-02
4.708262069099419800e-01
7.972135257670846797e-02
2.540078458983522844e-02
1.191788146736554865e-01
2.028320133302754791e-01
-1.545473386840008900e-01
3.339794382021518682e-01
2.398935748384880551e-01
4.158338292199854902e-02
2.667289066613366955e-01
2.310543048252797771e-01
3.062978640902030980e-02
2.194567658957063405e-01
-2.426756351771382908e-02
1.467033302841077025e-01
9.799969005511388609e-02
-9.179734572832476402e-02
-5.798441445544895781e-03
9.709911765424937558e-02
-1.017695756017871350e-01
-1.755818403393549221e-01
-1.968391290241652269e-01
2.908419172620795301e-01
1.682006782656736699e-01
6.267678475795995796e-01
1.926743472812321167e-01
2.023602307320312640e-03
3.090410023854631410e-03
-2.408812556971006436e-01
-3.408649025763776236e-02
-5.551132934431662891e-02
2.626166888414935285e-01
-8.412720194939687923e-02
-1.212060357249236803e-01
3.021276776532131891e-01
1.602101638513574733e-01
1.605030482830851757e-01
1.099882679957978615e-01
-5.868943856163678224e-02
1.658624000155510189e-02
-5.631646541159819608e-02
-1.625936151588560363e-01
-1.194636779827177309e-01
-2.364560748589983885e-01
4.082675695214653122e-01
2.286352581180527421e-01
-1.757060779627971914e-01
-2.624436594159545999e-01
-5.056651202765985106e-03
-1.833534932239179460e-02
-2.511947472198439169e-02
1.566225163428310030e-01
5.819629971171492999e-02
-3.735762431595494176e-02
1.238656443869413752e-02
-1.610730588871015292e-02
8.256986278119477982e-03
-1.167618727067069734e-01
-1.396467938667970143e-01
1.527183553840804064e-01
-2.154400724837252645e-01
-4.715711102259841914e-01
1.384935367393826389e-01
-2.033195850822478168e-01
-4.742030367795053714e-01
-8.414802464867617016e-02
1.349178130799878750e-01
3.065924674573280301e-02
2.923673420594906022e-02
-1.719617074951318436e-01
1.177066781447330956e-01
1.479352343769772815e-01
-9.394604061590357269e-02
-4.795976801744938900e-02
5.741801657523822218e-03
-9.245303584721720203e-02
8.644059838581778787e-02
3.433807857609142561e-02
3.536947997089376905e-01
-1.947717963411512432e-01
2.894624988209550942e-01
-1.130357828393555170e-01
1.693401710239295366e-01
-1.198940389732181949e-01
-1.346994284360407933e-02
-8.170517277613315033e-02
1.161854855925855828e-01
3.907806295160274473e-02
1.959747229964650672e-01
-1.772421312896730328e-01
2.991891022996974181e-01
-8.380950401933860705e-02
6.065038068505043123e-01
1.386050183275280012e-01
-3.102887674692439979e-01
-3.416549304001242349e-01
-8.520939587362559575e-02
3.353318108067167569e-01
-5.771539966881531879e-04
-1.119127301622486886e-01
-8.487561015607236747e-02
-2.673084068478743247e-01
2.767014888284680119e-01
2.679705873309888853e-01
-2.580522334592779132e-01
-1.547397876500799241e-01
-2.046003235110084861e-01
2.048506422837332308e-01
2.142391199597543372e-01
7.648643043291715460e-02
-1.692325466218102814e-01
1.167736659486269535e-01
-1.698972829562540865e-02
-2.548925066671461209e-02
-2.186929396932601327e-02
3.772174826812751958e-01
-1.839430509579837725e-01
2.054656953370518346e-01
-2.415248595714841739e-02
-1.411688186051097138e-01
-1.165013399968036489e-01
3.075584251227785337e-01
2.126427883403370633e-01
1.699470268069159795e-01
-1.045427478257982684e-01
-7.913326029491656033e-02
1.000236674267690196e-01
2.708828609606782067e-01
-3.723135408696400250e-01
-7.949590358671891968e-03
-1.400933307182096743e-01
8.102300478573269682e-02
1.518147154512843877e-01
2.596111291580928127e-01
-1.092126455429729727e-02
-1.065868888498646833e-01
1.139818500866535828e-02
2.543678800705924670e-01
1.771357948703687320e-03
1.013817377356480837e-01
-4.216650687738104364e-01
-1.019493110655018131e-01
1.843920023086725313e-01
1.229226171754073116e-01
1.823607934667523522e-01
1.150032084963919510e-01
1.176737129165253554e-01
-1.208485754484042024e-01
1.258710571791526456e-01
1.186082163456498584e-01
5.847923442734800220e-02
-3.430611867419314925e-02
-2.186981940229211149e-02
-1.389818951370354605e-01
-4.813998638119762474e-02
4.052376715033403215e-02
2.037713852850862317e-01
-1.297360237581877407e-01
-2.237261440350843678e-01
-1.137755108756801498e-01
-8.627989236493174841e-03
1.200882889322048841e-01
-2.423494895003890370e-01
-1.027583923913647779e-01
5.484038362324732130e-02
1.981335467544954321e-01
2.858617382545728183e-02
-1.320171990800257100e-01
-4.157780959494818962e-01
-7.641106967917535298e-02
-2.032969188562515073e-01
-3.741448020474271718e-01
2.106117556452364870e-01
-1.055581760999239060e-01
3.118456417731993446e-02
-1.109882645226212133e-01
-5.699946558730188684e-02
1.683854158689765124e-01
1.668910960140913835e-01
-1.152262111989101750e-01
-9.643895383713410596e-02
4.603241446590151942e-02
-2.961317653405814987e-01
1.204759961911322091e-01
3.980328813530548127e-01
-2.591340325568902703e-01
-2.468253907340171027e-01
2.574431453372004741e-01
1.737773212516333377e-01
-3.437845142224577738e-02
