3.931084122030567007e-01
-4.112057657675961819e-02
-2.469150624484519052e-01
4.208729447207371077e-02
-1.328300838769334580e-01
-2.968680757984535346e-01
8.799048701395709160e-03
-2.794517940147923651e-01
1.430643759579860730e-01
-8.146900512128427141e-02
2.551404510404916559e-01
-4.846415405600924126e-02
-5.139028934686922234e-01
-3.954094813850983492e-01
-3.780656644560885238e-01
-5.240039577346922162e-01
-1.914449206205689480e-01
4.979162478668048286e-01
-8.458025426443122052e-02
-1.418398078137637630e-01
1.292259108120039357e-01
-1.904088423796776106e-02
-9.556576089012482067e-03
-3.725002731465855421e-02
4.057613394427504044e-02
-4.881935301533837229e-02
1.507150520909467661e-01
4.274373027188947682e-02
9.566079274984830294e-02
1.552046277759916715e-01
1.433084630775833257e-01
-1.938930961484805204e-01
-2.153185075918372104e-01
1.907677017029429378e-01
1.499772433151608797e-01
-1.361342476334948259e-01
-1.416123570293425227e-01
6.400093785537207258e-02
-2.075720924536416379e-01
-3.535355686680367870e-02
-2.845212463230569269e-02
6.220362481782386321e-02
1.941730776889179569e-02
2.706483656476198485e-01
-3.274099978934391642e-02
-1.841842104209691078e-01
6.859265955808298287e-02
-4.769474001581661127e-02
7.998875328861870804e-02
-5.756171568196361693e-02
6.407549991365693587e-02
-4.546098693664090730e-03
-5.836181769039094913e-02
2.341952548194594363e-01
7.163132844508432462e-02
2.039196459808405582e-01
-1.415784237582895233e-01
3.431875328245517082e-02
3.203534118669511543e-01
6.967819577479966719e-02
-2.788462740257005024e-01
-2.627678053982118178e-01
3.565361151168122689e-01
-2.551356226007184258e-02
-4.077915241243437738e-01
-2.138076932685576970e-01
-8.161721194168194971e-02
-2.441492351475731473e-02
2.954572519126015887e-02
6.928098912606538151e-02
2.152924655607806603e-01
-7.875028072113289535e-02
-1.519516113088911421e-02
-2.728950170206603798e-01
2.606195931340056227e-01
-1.739942180673951788e-01
5.481930314984813368e-02
2.809782018994672614e-01
-1.379622486392777514e-01
-2.968410111458207878e-01
-1.586955659050975354e-01
-3.081640018288906227e-02
3.319805478892213224e-01
-1.779671441501628759e-01
1.295001665930753942e-01
4.021051749052417246e-01
8.716461440645381642e-02
3.443767258547429932e-01
3.038993433353785467e-01
-6.622083897199804170e-02
-4.012047774634373010e-01
9.616704341158969355e-03
-5.202591136600772520e-02
-2.041017961483934662e-01
-2.777195638225452567e-01
3.902546094035638236e-01
7.630545582143163919e-02
2.409906033244712531e-01
1.888356022543728405e-02
1.545765778302227167e-01
4.268528524202014340e-02
2.438307265878708052e-01
-2.754179277091103328e-01
-2.324214568116218238e-01
8.674054209979861763e-02
-1.847346520003467496e-01
-5.402837615984544817e-01
-3.846808312106984873e-02
3.007016070814181111e-02
-1.205838378385018644e-01
-2.206499939800149190e-01
-5.269679232694682858e-01
4.092340002234138296e-01
9.510221905137138110e-02
-4.823328898737923587e-01
2.663104987812499047e-01
4.611161537916321218e-01
2.342738381827698946e-01
1.284092560616060252e-01
-2.764530121524115189e-02
-1.093769518125488893e-01
-1.255518200459976863e-01
-1.096429341805685159e-01
1.138678645153639590e-01
1.805667876176222653e-01
-2.093619657811046086e-01
3.040179525859670329e-01
2.337657504973044142e-01
9.202136937269925210e-02
4.916373440535279360e-01
-1.741373390768000684e-01
7.008212383215900454e-02
-8.119802645131986296e-02
3.889989945791418741e-02
9.061683777360557412e-02
4.054088193550425823e-01
4.551578208262859609e-02
-2.205131963898357139e-01
1.654187538755618470e-01
-1.758201795702917236e-01
9.612766629338813720e-03
2.823090887364481105e-01
8.908329449892497809e-02
-1.248185518819979190e-01
2.626084017272713872e-02
-7.290522284708532419e-02
-1.899361776084645681e-01
-2.264805445308330223e-01
-1.070348600141356188e-01
-2.070423144303082108e-01
-3.533523853026699357e-01
4.194575135955396633e-02
8.661848263586166552e-02
2.744133939247136306e-02
2.098870200142840536e-01
6.074875687921744705e-01
3.651617206704894925e-02
3.422811327757665500e-01
-1.706799144971490878e-01
6.733673276879853509e-02
4.248179134917473010e-01
5.059513282530306300e-02
3.282680567574670083e-01
6.857261644727687816e-03
1.905489398662329331e-02
8.536247225335960587e-02
-1.661606576490774201e-01
-4.798032577767173956e-01
5.435054894263451758e-02
-2.532783855458053401e-01
1.285835784301635198e-01
-2.922548945608753335e-01
-9.915811199892694827e-02
-6.847984176422018399e-01
-3.184536368622399582e-02
5.731675297500876676e-02
-1.003292732996521330e-01
1.964472674501211227e-02
1.647561100580267890e-01
1.647437835316484245e-01
4.909558052243472720e-02
-1.518266621470209243e-01
2.747790613569623397e-01
2.172316418206416896e-02
2.045759670693556975e-03
-1.789700756985434515e-01
-8.205280888004988504e-02
3.226767383182539972e-01
1.919421918996675747e-01
1.911145636326183617e-01
-8.495240987098504060e-02
9.009685335946199247e-02
2.516512421783378417e-01
-2.548982722059425221e-01
1.087922465739552119e-01
1.923059527758205767e-01
8.719144825606167659e-02
-5.686186739811108226e-02
-8.817048122401043367e-03
-1.099267904919727368e-01
-3.824520932340899626e-01
-3.517438501720041577e-01
2.801939861164426948e-01
5.423871880144246621e-02
-3.971593549200214818e-02
1.403686312888278442e-01
4.046640842600772170e-01
2.988463381765251153e-03
1.722001661490092372e-01
2.223191130529979798e-01
-4.940637047087695181e-03
2.899123251644917243e-01
1.505160130530185103e-01
2.923988014729889118e-01
8.984595532219161185e-02
-4.349103425261608563e-02
3.417234504809911755e-01
-4.917555394983488259e-01
5.764600418439396190e-01
2.552188294932477008e-01
1.112503052201046921e-01
3.161657018148050780e-01
2.933184041357063121e-01
-2.142420844069936881e-01
-2.726365379793400101e-01
-3.904860976872839839e-02
3.628502097859785946e-01
-1.041930434523567206e-01
-2.410360456132093487e-02
-2.515525046652301033e-01
-6.486725499192917688e-02
-1.870900512379123082e-01
-1.630644671464283671e-02
9.014282445090220086e-03
-1.344715831975877851e-01
1.747306896497979600e-01
-1.441428864459738113e-01
-4.470796785230091164e-02
2.000071985149859954e-01
-1.063237756023180797e-01
2.244807321658937593e-01
-1.138883391528107136e-01
3.073559601045212641e-01
4.214880578666525823e-02
-1.452133383319533788e-01
5.985838967765294560e-01
3.531747838962802453e-03
2.486839159392492671e-01
-4.871135110030267584e-02
4.203031077464258747e-01
-3.718303003600278434e-01
2.427009321501613984e-02
6.844712103299598061e-02
3.196586116699479674e-01
4.737904934417445091e-01
1.000000000000000000e+00
9.782484678603750039e-01
5.232977700396692633e-01
5.071294242201458413e-01
2.207505143005379089e-01
2.186249256623407911e-01
3.427602257913767159e-01
-1.047418753265604713e-01
1.061937093212653449e-01
-2.807598544486977071e-02
3.477136111665828366e-01
-4.004717719107390717e-01
5.109058441821858754e-01
-2.315202473990495280e-01
6.519812519519685434e-02
1.368801725364351962e-01
1.329419178005044125e-02
4.553449914593137859e-01
-3.343098993555006504e-01
2.528515653353050063e-01
1.726302682303173033e-03
-1.951650881812638239e-01
2.550974306300238248e-01
2.983353919110028410e-02
3.529362131557284028e-03
1.026838169264515654e-01
3.824047788311806251e-01
5.332362494219809734e-02
3.393320664355576471e-02
-1.066045279048565830e-01
1.988212672797419478e-01
1.190202512043548461e-01
-2.016404663069794878e-01
3.027907001544771215e-01
2.990014223253938119e-02
-1.931787405413863679e-01
-1.954608671138044484e-01
-2.511811309767383316e-01
6.738732826746161864e-02
-1.067082259269493683e-01
8.681251354013568011e-02
-1.713634785661873328e-01
1.712074639233857054e-01
-1.192675219413523446e-01
3.625047785433809788e-01
-2.067381784915102716e-01
-2.906874498234426341e-01
2.481951069917999741e-01
-4.918894379902167269e-01
1.925864424670575281e-01
-4.045868878482827141e-02
4.266221802882348875e-03
-1.577367769739112247e-01
9.723162408405185142e-02
3.087216139155216643e-01
-3.678215746055742974e-01
-2.756461027108343398e-01
-7.871852637480201142e-01
-3.406731329438182354e-01
-1.482090245326304068e-01
-1.028840518637982177e-01
2.702052653825526840e-01
1.362095120012951077e-01
2.549225391965850851e-02
1.870922996359997703e-01
-7.126632006022136367e-02
-1.345395392487418462e-01
-1.954646894241303667e-01
2.709929831638545061e-01
-1.238862824042255562e-01
3.178905758901602319e-01
8.956114990632657591e-02
2.550550767361116633e-01
1.304646442352204727e-01
-1.254741598947018422e-01
4.179545194265333885e-01
3.860512141475105907e-02
-5.929559330354030461e-02
-1.655254306045247092e-01
-5.421971866667259915e-02
-7.888676983094859707e-02
9.517108648284272610e-02
3.230877937163249142e-02
-3.117869713735437753e-01
-1.785659486464722667e-01
-1.236660723351898777e-01
4.599567699290441763e-02
-2.080907615822137902e-01
2.592148248160687229e-01
-3.296149412367103682e-01
-9.800330444548480124e-02
4.778287272569713418e-01
-1.125376263517745452e-02
1.386189828433548044e-01
-3.932048855017208355e-01
-3.332345645422503388e-02
-1.034452102643803606e-01
-2.114948010505420251e-01
-2.460041748281961149e-01
3.967827340433008332e-02
-8.328807802914484082e-02
5.447036978344552693e-01
2.172205353571996789e-01
-2.473050661059441324e-01
1.039993886296825543e-01
-1.279825891523563575e-01
2.625933198279021830e-01
3.152447999540245599e-02
2.921804259962972883e-01
1.344691755823949064e-01
-1.099510455553301125e-01
-3.071604288850520587e-02
3.851603097082501037e-01
2.451965475852700138e-01
-3.517862358742172568e-01
4.640133015695618868e-02
2.001810015767829798e-01
-4.586982304228365975e-02
1.926555725098304250e-01
2.120539498253428135e-01
-5.068120961481140802e-02
3.621230860230962301e-01
-2.431431631215943134e-01
-2.413191662706363171e-03
3.983972404727819522e-02
3.316336741278728684e-01
-2.506867228273904624e-01
3.738286064139892950e-01
9.590926735559396343e-02
1.243020534741746536e-01
1.399174307129623096e-01
3.312711761558128926e-03
2.616597232328610745e-01
1.264377560336224504e-01
2.416373490849184069e-01
-6.094323702531209003e-02
1.151235227775042752e-01
3.555273735401239255e-01
2.524804742347183661e-01
-1.065124699159829130e-01
1.851705991278683461e-01
-6.962026015118943922e-02
2.197995312605718066e-01
1.103867559640085150e-01
-1.287568323080949817e-01
-1.869360462208920493e-01
-2.644150829388608459e-01
2.294367281356513022e-01
4.958188244514168119e-02
1.998655400009720362e-01
2.892233290799536283e-01
4.670113039451027903e-02
3.138664454929209202e-01
-2.940413812915552705e-01
2.063915454336638367e-01
3.176385556461633897e-01
-1.130422399582413917e-01
-2.480554899118682932e-01
-1.688074424172048005e-01
2.236403993596461082e-01
5.296911247604039336e-02
-5.103658167639403553e-02
-9.890385917318662845e-02
-1.705975147393552771e-01
-5.648064239968234035e-02
4.009093648076680200e-02
1.204086598591904145e-01
-2.426542705809517364e-01
-1.039348529147840899e-01
-4.830624888531039884e-01
-1.564323259971388547e-01
-1.089353894911596066e-01
3.823707662228303938e-02
-3.616338072291272465e-02
4.251069434631851718e-02
-4.301047874162718110e-02
1.011160200686693073e-01
-1.356906811303990306e-03
2.583402443425498185e-01
-6.249598487303899145e-04
-3.288516775134899262e-01
1.030045892004133878e-01
6.507094811195401896e-02
-3.269058432593379138e-01
-3.247331611207306956e-01
-2.333142892413210823e-01
-3.182354002481330713e-01
-4.045849199046003264e-01
-3.887021236948604574e-01
-2.179706984830060701e-01
2.072653180966501918e-01
2.559558563509715112e-01
-8.658103746603000583e-02
-1.471865893590755814e-01
-6.211402622905976695e-02
-4.623873281134179281e-01
3.112629955314795693e-01
4.152276353548171872e-02
2.296298994445125363e-01
2.114817903556924159e-02
-1.372674920822727629e-01
-9.090545559930728048e-02
1.785753164426084894e-01
-4.486882151113778805e-02
3.150936385636443626e-02
2.431754588638312953e-01
2.070159143630594945e-01
1.367923908880510145e-02
-1.874451984123247650e-01
-2.084988322619477086e-01
-3.244274990699521632e-01
-3.309818067634853200e-01
6.741447651329984803e-02
-1.701311203470888544e-01
9.826040856927854839e-02
-2.552145734005747957e-01
1.512499359018887601e-01
4.011569437537674254e-01
9.641743863425276950e-02
1.833815018026370147e-01
-1.244691947592774656e-01
-3.222849872528384813e-02
1.328023367158123469e-01
-8.141910794746563818e-02
1.228913121973544686e-02
9.759650125107659224e-02
1.043167985393853546e-02
-2.015772315457027564e-02
3.077652549008928068e-02
-4.670916559595403861e-01
1.288294106330446775e-01
4.036194276101966461e-01
-1.030866247082925097e-01
7.765670587901166155e-02
8.072948113931949221e-02
-2.460949175314862125e-01
-3.003606830890633850e-01
-1.455504702690286756e-01
-1.660815107699760082e-02
1.479146786118920760e-02
2.459334908497883831e-01
-2.870578895879278836e-01
-2.575497706880973681e-01
-1.559755003269042428e-01
-2.379028233419729910e-01
-2.242702599364967408e-01
-9.180583722475560426e-02
-4.207171274237563735e-02
-8.826925227427440124e-02
-1.088989292187606678e-01
1.131117142743375131e-01
1.588736886761692724e-01
-1.265790384660365753e-01
6.632859409207617074e-02
1.761080611713803645e-01
-1.024963120273182128e-02
2.609661029433314461e-01
