-4.848013916538416318e-02
3.371412866496169974e-02
2.741552753047941590e-02
4.368709225764541015e-01
-2.449917520874599630e-01
7.647530280138703507e-02
-1.537376349214426008e-01
-7.466699397415138550e-02
1.607482210342636442e-01
2.359161832630590483e-01
6.495570228147096170e-02
-2.661481579016641286e-01
-3.384806765163849707e-01
2.230975735967236362e-01
-9.193556015245338275e-02
2.010256171005501691e-01
-3.635415293110818014e-01
1.170004908335642441e-01
6.553914186737708203e-02
1.819563831707947735e-02
2.313744880796024250e-01
-1.556059375578900672e-01
2.765755124590973391e-01
-3.861892629245728958e-01
-3.140846764400308244e-02
-9.528270918821971081e-02
-3.797250741990730871e-01
9.002893291003513654e-02
-2.399694156209024598e-01
-1.541173139346003751e-01
-4.756469204946026097e-02
1.506934601790554384e-01
-1.831568144328476339e-02
4.507004921712403495e-02
-2.676481876495853673e-01
-1.347487746439535450e-01
-1.479920664257972085e-01
-3.050854247365323291e-01
-2.264005999363028765e-01
3.740919958860685485e-02
8.880495152451139962e-02
3.504354475845027767e-02
7.691260567810266624e-02
-4.415146012880032111e-02
-1.295868886615266780e-01
-1.100951642722471230e-01
3.625587709200241149e-02
6.034771708101607096e-02
1.402270880289219479e-01
9.605172860941849078e-02
-1.809562560289390276e-01
-3.233663421269165061e-01
3.726539961594838579e-01
2.749466463332502775e-01
9.154359460847302787e-02
-2.990130499307589451e-01
-1.139765202808874084e-01
9.540352434121238123e-02
-2.691773061420236757e-01
-6.277249757719405299e-02
1.561119794372881342e-01
1.374004857247763667e-01
-1.155830242168331273e-01
-5.706451264260922751e-02
1.667889765853613343e-02
1.813636255501681060e-01
6.695488828031975759e-02
-1.843963225774943870e-01
-1.453021701002705779e-01
2.207118106932320911e-01
1.429778660194385431e-01
-5.504910158774931755e-02
3.625084325467998192e-01
2.644831878200084446e-02
1.030185743146042054e-01
5.945161728088766556e-02
-9.996405745357732353e-02
-2.852219945008335755e-01
9.870275896652633274e-02
4.621009376104084909e-02
4.060584357426232915e-01
-9.291254612486128661e-02
1.339627768588466106e-01
-1.128328356469591315e-01
-7.891752299009668903e-02
9.607294775322861025e-02
-3.419613415001620527e-01
-1.693896412173493959e-01
4.064267086311080246e-01
-6.869786753058652884e-02
-1.880086293523119956e-02
6.114081441096004266e-01
6.165040211264080638e-02
1.937188264938158599e-01
1.556200713907535949e-01
2.237394693941288093e-01
3.841802196679288128e-01
-6.389270895071820500e-02
1.934991873584280264e-01
-6.756420304788618436e-02
-1.904237978469488501e-01
1.618875787399844460e-02
6.756225118604705648e-02
3.821291326752721540e-01
-5.873200180959031041e-02
-2.929067255054721916e-02
1.642634905001617296e-01
-4.491168180578276048e-01
-2.080627516690902457e-01
-1.995074311411468848e-01
-4.304355499874183699e-02
-2.684783081308932395e-01
5.689142547644959053e-02
3.938579021199449248e-01
-2.139800090944771749e-01
-7.954475104183274248e-02
-2.953044223319198358e-01
1.819507410212934384e-01
1.582978328096976417e-01
8.264877923838430396e-02
4.630845542103212420e-02
1.491290480373444749e-01
-1.229968784322206660e-01
1.575068889950000939e-01
2.738755640066990460e-01
1.445090314963938805e-01
-1.744376989773945485e-03
2.813265517237577562e-01
-7.809769756297289811e-02
-3.530718178660677362e-03
8.474015396812639711e-02
2.859707444798841036e-02
2.609776970688277853e-01
-1.910795252225179486e-01
-1.285693004343192170e-01
-3.812560287243182411e-01
2.302037974808956444e-01
-3.247705292663406046e-02
-1.280772530265453513e-01
7.556006663715945926e-02
3.319507529239548727e-02
1.901692130802241226e-02
-2.294258293641446844e-01
-2.689120386884212288e-01
3.256757506235236632e-01
-2.704865287839897450e-02
2.636273056572966400e-01
-2.258244047352119532e-01
-1.301933476288281988e-01
-1.245613263691255496e-01
2.172447824586067056e-03
-3.000990749059215812e-01
-1.965365281606176462e-01
3.508110417584320850e-01
-1.177991771507024277e-01
-1.056527986384535323e-01
1.677504677743175965e-01
-1.001834178664726405e-01
2.924889747817120411e-01
-2.421403225251088642e-01
-1.247180726502418319e-01
-8.163962650031930668e-02
5.643120678438396515e-02
-2.129123917014903167e-01
-1.839904303327413448e-01
2.348506844449770870e-01
1.348432768188556896e-01
-3.926308966965678937e-02
-2.788765862068099954e-01
2.112573573030998575e-02
-1.445965491005835879e-01
-1.390980795840994488e-01
1.523198330805877465e-01
-1.700834881721883379e-02
-1.059235422149019806e-01
-5.563336263398863668e-01
1.302772258634416272e-02
3.390690119683801435e-02
-1.777794419250990077e-01
1.134529822073402638e-01
5.969157544127914189e-02
-4.660760319869100554e-02
7.901323980153321380e-02
9.049185959768966947e-02
-2.716663675712805912e-02
2.372664042361346259e-01
2.752773036850307276e-01
-1.743240504393390178e-01
-7.553226874345105035e-02
-2.217337404405894663e-01
9.669130251939198062e-02
-2.228787218501697767e-02
-1.941238590388151553e-01
-1.498586471441300944e-02
3.573866629645476856e-01
7.616437887351787395e-02
1.073641394182848763e-01
1.741762978128959596e-02
1.545946030140817225e-02
-6.789849667014169476e-02
7.499471338654925892e-03
-9.963811546707573852e-02
-2.963518242659622937e-01
-1.079616619530348598e-01
3.068061246565058631e-01
-5.597917683457055704e-02
-1.400568293112422757e-01
1.560502334486856268e-01
1.733977104051656615e-01
-2.290895565282512758e-01
5.771340145412198058e-02
1.861165724380647035e-01
-1.620002959228477590e-01
-4.998633582210825210e-01
1.598234863685992491e-01
7.144991948507996293e-02
1.685010455324451387e-02
-3.766595174193740347e-01
-2.212937333878765844e-01
2.102051188304385476e-01
-1.077048998647333125e-02
-8.652341713585930127e-02
2.559261005208839368e-01
-3.829403323679668736e-01
5.220151462368319978e-02
2.722656987032481823e-01
1.501406384919010406e-01
4.844899499296872331e-02
-1.606776063839472912e-01
-2.252196066442563593e-01
2.016865495155869270e-01
2.051669038012139401e-01
-1.999468807488332667e-01
1.223214845993384897e-01
6.069536406595257838e-02
-9.149367745214803671e-02
-1.584247700078100785e-01
9.370667152678571754e-02
5.742570403976669097e-02
9.973251789552413371e-02
1.319561751382857251e-01
8.592593039631707397e-02
-2.064998610424858827e-01
1.154420444889157349e-01
1.212521347395763560e-01
2.320116365361126476e-01
-9.189526859580390838e-02
8.446039774486593932e-02
-3.646957839021088277e-01
4.677772637470918593e-02
3.952890092653000287e-01
1.818813325641024659e-01
6.004182461489343536e-01
1.182747839269791962e-01
5.268249949355703343e-01
2.756666921512939683e-01
1.000000000000000000e+00
5.930387496687636872e-01
6.061719271725714009e-01
2.750161302004207609e-01
2.084485951679508065e-01
3.825655354041455729e-03
-5.360842435054190974e-02
-1.397041920580707752e-01
2.579392932543576045e-01
7.190972391295011312e-02
4.477026601265620687e-01
5.427465310813257837e-02
2.385512324014719271e-02
-2.945369150724287330e-02
2.971773641193856674e-01
2.133424746355877880e-02
1.348389795373501621e-01
-1.980233119314949997e-01
-5.596818497409301874e-02
1.252324418288919827e-01
4.216384696764882006e-02
2.110035866623369630e-02
-1.265924408301640214e-01
1.213873162934178858e-02
7.174791577318334612e-02
1.150924946102555024e-02
6.990342129704583130e-01
-5.661579982167037201e-02
-2.987148426909454479e-01
-4.447826170930522550e-03
-1.070817514136821746e-01
2.166705221924727642e-01
2.425282130084864540e-01
2.477150617907941388e-01
1.592153627053462805e-01
2.277502550209567767e-01
-1.662045394290567468e-01
2.045356891661224141e-01
1.104861731958174109e-01
5.326726018864161305e-02
2.263657479030383168e-01
-1.942326193190497263e-01
1.347133331900325914e-01
-1.058869623387071052e-01
5.486803987609187860e-01
-7.312108916111142998e-02
-2.487262029901869398e-01
-2.151373501500808139e-01
-1.600021494040447800e-01
3.963601631822529225e-01
2.622154460812279875e-01
-1.636507954566865930e-01
6.361163081105053636e-03
-2.997916073623329777e-02
5.089442874450751664e-02
1.464809686031517677e-01
1.960663524643168065e-01
3.875949807428786809e-01
1.703588207360844931e-01
-1.213027579498571346e-01
1.155073308210621125e-01
-3.019251864689614321e-03
1.614206311643751335e-01
1.332863200136700510e-01
-7.867454613598005853e-02
-1.546055422763240039e-01
-1.540336481763440735e-01
-1.541591909576024433e-01
-3.658381145382495481e-01
1.030700648638082223e-01
4.000377944133525765e-01
-1.055959355324627702e-01
1.811066581496311931e-02
6.854187738317858714e-02
-1.831877300804074793e-01
-1.386698929202550556e-01
-3.241652552887747674e-01
3.055618366147571860e-02
4.329612547691789881e-02
-1.879184503200642398e-01
-8.615885210820987961e-02
-9.098838406728879113e-02
-2.937592377516991260e-02
-2.710594723322234945e-01
-2.877528508138781360e-01
2.317714392679866009e-01
5.495694020866860596e-02
-3.966625291465720737e-01
-1.001696502395823529e-01
6.178468645736052978e-02
2.600725168510358842e-01
2.936391110672723070e-01
-2.342697699534172090e-02
-9.675371414291134009e-02
-1.365441246600744563e-01
-1.635209873695526450e-01
2.338108772086854859e-01
3.941206529228036270e-02
-1.878478949971903456e-01
-1.937235822781336048e-01
3.589734769109455548e-01
-1.491309602844256288e-01
2.711940627512759994e-01
6.047030331536565884e-01
2.869543472923703487e-01
8.972127060318969838e-02
2.283930867323900049e-01
-9.998038225605600238e-02
6.221879930345411425e-02
-6.741483669328804385e-02
3.141404270904949586e-02
-1.146390381622905963e-01
8.225391846886674629e-02
-1.785646270748802444e-01
4.537997709931083923e-02
-1.544573585826303497e-01
9.023970257946960227e-02
5.453003977176028999e-02
1.916363326887744745e-01
-3.615726475984788572e-03
1.286307668961344242e-01
-2.121036578812839912e-01
1.861259711930339511e-01
5.943047354708472230e-02
-1.341521888274572749e-01
1.183650688542141477e-01
-1.845296953446602939e-01
-4.596175279353265086e-02
-6.179446448554317545e-02
1.516514887634167474e-01
-2.799055409438910846e-01
9.211084875315364573e-02
-8.059788781332070245e-03
2.102608030951026719e-01
1.343149678721788920e-01
-1.029391145347948733e-01
-4.348574075804154809e-02
1.284256203499686000e-01
-1.031179280951430646e-02
-2.493020478783284088e-01
1.616075772604559924e-01
4.171445882471093713e-01
-2.579959820081269561e-01
-3.842017899289417171e-01
1.629083546688583628e-01
-2.831464587189453375e-01
4.433042461473361839e-02
-1.562562847374752428e-01
-1.752719796428735544e-01
1.310814696384145217e-01
2.154496630667057933e-01
2.270692541473844639e-01
1.589361959027422166e-01
-1.255803645210102903e-01
1.129213796640098078e-01
1.270622488177077999e-02
-1.543293187574517611e-01
-2.925569774769432030e-03
3.477373800899108414e-01
-1.305998574503173526e-01
-4.565397168956709106e-01
-9.410195500389392786e-02
-2.728752129637636026e-01
-3.191760061179511887e-02
-1.216192653862231687e-01
5.673225756144788939e-02
-2.020779619432464327e-02
-5.550196468977101893e-02
3.497317113622276374e-01
-1.923022881519294569e-01
-1.183585502359563585e-01
-6.872122958576190599e-02
2.154255326148075966e-01
-7.005556817663398383e-02
1.435758736045876782e-01
1.648482879034332549e-01
2.217109831900493724e-02
-8.118994197014466063e-02
2.747260431277823156e-01
2.229011366383754633e-01
-6.088088919766153351e-02
1.589013523128866567e-01
-7.362559032184615507e-03
-5.477283845409146312e-02
2.653957967090340708e-01
6.215289157502142808e-02
-1.288255118067600513e-01
5.783589738561693838e-02
-2.633480360929004727e-01
-5.320377871795314156e-02
-7.095815160403809441e-02
-2.324587174409832868e-01
1.475633573078807825e-01
-3.483507735481445877e-01
-1.830057064817101065e-01
-2.485196666510119945e-01
-1.794579869038036568e-01
-3.972135148008919536e-01
3.607344686827908264e-02
-2.104105449033639996e-01
2.981995240220651835e-02
-3.503715929550128005e-01
-4.802753844976289451e-04
-2.020018469392359239e-01
-3.081018133634761888e-02
1.016218005680194908e-01
-3.233021592261034471e-01
1.804407665321237919e-01
-4.274713400951974385e-01
2.891159666468362532e-01
-4.216309822587069323e-01
-1.580374290351501537e-02
-8.585846234224549234e-02
-5.422836840264954467e-02
3.833248295082232193e-01
2.336510124874179306e-01
4.233872974759023827e-02
1.181744506924780891e-01
-5.947612628936042034e-01
-1.830132295890454508e-01
3.953777010870128672e-01
-8.608316333627000216e-02
7.886866804181276447e-02
9.459868499709109257e-02
5.237466493683552715e-02
-6.854943759907512410e-03
-3.213167728297471881e-01
-1.502215612636277897e-01
2.808098598534087831e-01
-1.920591757561374846e-01
1.777536101778021682e-01
-3.262774988494051565e-01
8.573021840028680063e-02
2.118778488321088893e-01
5.463609969557546575e-02
-8.485810667547886987e-02
1.282910649218982346e-01
-3.435763326135093942e-01
1.703536233357724750e-01
-5.320398585003014574e-02
-2.555639655705427837e-01
2.399284302732978547e-01
-3.605492959815275733e-01
1.964342821700457847e-02
1.713513783925734724e-01
-9.104010990463570763e-02
2.070257117558162163e-01
-2.298689835221333702e-02
-6.242859042873658004e-02
-1.208272105010090303e-01
-7.742230453434401083e-02
-2.194580488898567258e-02
1.862025958789880475e-01
-2.302408282207608625e-01
1.009903430056155738e-01
-1.084775572706227487e-01
