-3.011418220905553444e-01
-2.543622618380535494e-01
-3.110338632037954777e-03
4.601678032258278012e-02
1.559847956401378966e-01
8.092605925330928485e-02
-9.065646576847695426e-02
5.663773291257617748e-02
-8.934336026345654491e-02
-6.238762905095551758e-02
8.465877176709744878e-02
1.176268616555497526e-01
-3.431442222527631564e-02
2.213652575327684779e-01
-1.609758709670498222e-01
-1.032475577677655909e-01
4.939385795697522757e-02
2.812029983397114352e-02
3.445039350306607351e-01
-5.785013140461795628e-02
-2.229972694384816864e-02
2.559556423327902785e-01
-9.237196897205848800e-02
-1.439746813270033898e-01
-2.207976360346681696e-02
-5.992969456190275906e-02
-1.353487309667853779e-02
-1.971747204523410513e-01
-3.896437380649134252e-02
-2.478274352170123929e-01
7.203189105807421277e-02
1.620391364113268617e-01
-2.652903462158102688e-01
1.278258535577977972e-01
-2.483659753417796490e-01
-1.293859430066923444e-01
-9.378337057476464345e-02
3.296316846645929582e-02
-4.525825117181873913e-02
-9.148114150110223108e-02
-6.549703875141762999e-02
3.350918162657770538e-02
-1.867460604855560313e-01
1.326567960418987002e-01
-3.679336315880719216e-02
2.091538705129281778e-02
-1.897539903605715284e-01
3.479196574916570417e-01
-4.075987950384962061e-02
-1.383030114597455229e-01
-2.283615545199734441e-03
-6.233101823133434943e-02
-4.661748480336696393e-02
-1.118425586269260058e-01
1.081020608879376121e-01
7.093031355455474418e-02
8.094449613351842321e-02
-6.702550094291033489e-02
-1.883572277468217315e-01
8.391838783583915884e-02
-1.178367875044141061e-01
2.278261215046629984e-01
5.943236371990516520e-02
-1.848788340924284734e-01
-1.193840141870075866e-01
1.982320893282880914e-01
1.150221074480331229e-01
3.320761879625274554e-02
-1.500474897721321976e-01
-2.610890842651300003e-01
2.703255255675173635e-02
-5.397333254208074721e-02
1.345205213609465822e-01
1.231784407471331888e-01
4.383540972894754001e-02
-5.202530515710514919e-02
-3.963620666683723703e-01
-1.379370474281415848e-01
4.942436693671826281e-03
3.206119281604137561e-02
3.471969146173709692e-02
-6.390737694069387534e-03
8.224057741989287962e-02
-1.549431713329887383e-01
1.573517991241982217e-01
-9.517585414550919221e-02
-8.533442931942955556e-03
-3.013021649535976287e-01
1.815103402296741053e-01
2.719088453666111960e-01
2.030450555547866354e-01
-7.580786016049054221e-02
-1.049913869103155650e-01
-7.809434466536721575e-02
1.362161339644401004e-01
-1.891249650489463252e-01
1.400202600922516027e-01
-1.138115924564040149e-01
4.646760167104001422e-03
1.367992052195683150e-01
-4.494303218522455179e-02
-8.375352286875154678e-03
-2.206554158082405515e-01
-1.898327337336580545e-01
1.203950808663959704e-01
3.558093387303469524e-02
-7.653010402871278373e-02
-2.199158406396385379e-01
2.144391403343121616e-01
1.410041320497740780e-01
5.512706264406999623e-02
3.321630055948918692e-01
7.547495662533965088e-02
1.780546830276531212e-01
-1.286950552643264523e-01
1.244283939069798228e-01
-1.132900765502705548e-01
-4.070693356376611782e-02
2.729846995363007650e-02
-1.203454773030616098e-01
-8.196496040697419383e-02
1.437181359352615873e-01
-6.879016245991974310e-02
-3.391794162420303654e-02
6.088875707557904471e-02
-3.191361050134007560e-02
-1.343517460200246635e-02
-2.261586658782102632e-01
5.187498952100701166e-02
1.083708344016851843e-01
9.773954239489855700e-02
-1.351599117266381600e-01
-1.388593845658150083e-01
-2.839797062177418785e-01
3.959658800234713838e-02
-2.120293818170265569e-03
-2.197227472712079410e-02
-1.285665496789173134e-01
2.099363052887340819e-01
-7.734173776854859350e-02
2.347249978148224225e-01
-5.256608723524974075e-02
1.748038815370041299e-02
1.201774924911192116e-01
1.202667185572869474e-01
-1.565516462828310251e-01
-6.465331197510347516e-02
-1.318672896990585597e-01
2.659179434931840946e-01
-3.494333505434425724e-02
1.852360403307300452e-01
-8.793708752472766121e-02
-2.351823202443906538e-02
-1.110320715252231527e-01
7.096686996864205732e-02
-6.344597560311995843e-02
-1.309990451396015609e-01
1.209441036842565792e-01
-2.354956271356501152e-01
-2.783536833252472364e-01
4.145999597507622064e-02
1.452721906959957565e-01
-2.857312007476564900e-02
3.277434612358774702e-02
2.005575154769173862e-01
1.475201839151294436e-01
9.201261502929649824e-03
2.796640400878525057e-01
-1.299152903527993341e-01
-2.461630845389099417e-02
1.780867965932771690e-01
-7.607164626728778710e-03
1.039845787931168719e-01
8.457602563900873394e-02
2.097836095310737781e-01
1.366550880770885379e-01
-9.847454681144963973e-02
6.980939000944648247e-03
-4.689760109576489311e-02
5.564299932818012051e-02
4.948511084818588146e-02
-1.013736876311131657e-01
1.381764579862956345e-02
1.174668156096805582e-01
2.197791811598096279e-01
7.789327371967433300e-02
2.126287314438404449e-02
1.873831884170547024e-01
1.015778499716927796e-01
1.250252555242439357e-03
-2.103059803663066829e-01
-3.274783741726015884e-02
6.573670324915589780e-02
-2.115120473530149869e-01
-8.802421309452071116e-03
4.232012254195943735e-02
2.191385693945591823e-02
8.503503415719103342e-02
-2.166087639577062574e-01
-6.275444290354360855e-02
2.409915012801377709e-01
-4.143492045945753460e-02
1.147082703292592459e-01
-1.934565241803791469e-01
1.551147492207524958e-01
-1.337870219388207216e-01
8.629471438966074964e-03
-1.060443180459146595e-01
-3.109405336811920176e-02
1.000672002323444582e-01
3.724185308205014283e-02
-7.179127452137955279e-02
1.231453238196519862e-01
-2.220975370248558581e-02
2.100530280020439511e-01
3.833356205596815530e-02
-8.751721524949880593e-02
-1.988457335838773599e-01
5.771428068745747958e-02
-7.385541045619742340e-02
-1.559176969709779592e-01
-2.408361799066550957e-01
-4.351947014886738108e-04
-9.986941561185948280e-02
2.351228928967806150e-02
-1.712915038937811996e-01
-9.322420293929950530e-02
-2.366360235358042352e-01
3.809148669127929848e-02
8.959876932998053767e-02
-2.495764221979486497e-02
1.512571754719349848e-01
5.759403637091006084e-02
4.770613795312391575e-02
-2.272921198983325272e-02
-8.282226165073106050e-02
1.068062456249690845e-01
2.060080958948066476e-01
6.086169025731295174e-02
-2.832804531691960129e-02
2.257409483316241416e-01
2.003069945087752601e-01
4.633814841784443250e-01
2.938595940173962529e-01
1.744906871283019301e-01
-7.877565930386078510e-03
2.120540115916880464e-01
1.407383271354408494e-01
7.595016007032945327e-02
-1.140717551698085253e-02
-2.159503976892508323e-02
9.660247299879329286e-02
2.589976220365173415e-02
1.821603309274738569e-01
3.628224681604171331e-01
1.000000000000000000e+00
8.587857551885230700e-01
5.820456423051419970e-01
1.512143846140288905e-01
1.997937398714913770e-01
1.495995627378105541e-01
3.262386152558620356e-02
4.015354447815352307e-02
-3.960030931288867351e-02
1.130867533866153352e-01
1.403727126353425218e-02
1.254841620217463788e-02
4.346891322267824875e-02
1.325827820698513571e-01
-2.091716648690984115e-01
-4.243837593532208408e-02
-6.954170483522470469e-02
-6.746357486866094710e-02
-1.251242928743203087e-01
-8.586344146494286067e-02
2.758678592740400337e-02
1.250670931490299176e-01
-2.274991658124005667e-01
6.648183850209161104e-03
-1.918595352854630398e-01
-4.999732660122924860e-02
4.583968952892192306e-02
9.635578071562250768e-02
-1.069709547557633617e-01
1.308803208590592904e-01
-1.136134648523270813e-01
1.680915115171294216e-01
-1.968124726231512134e-01
-8.572936692209537357e-02
1.056337253946180443e-01
8.529919075245667726e-02
-3.753236522224516480e-02
7.210307927917815329e-02
6.243689473881321172e-02
-1.311279091296452537e-01
2.589364643312239700e-01
1.687881422869644821e-01
-3.140851491494568021e-02
-1.432557224408266550e-02
2.473860291790976329e-01
1.030743110801186496e-01
-2.337763465699858045e-01
-1.002023243034679406e-01
6.235100594127934021e-02
-1.246601965504643278e-01
-8.611013374811363197e-02
1.297523420236420533e-01
2.558239460858428588e-03
-1.223274303781868577e-01
1.963450745530568864e-01
-8.843542688503995552e-02
-5.305456833053344423e-02
4.620597090685680391e-02
1.872856600237216562e-01
-1.790725063125862271e-01
-7.568417635732486992e-02
-5.473428282438039250e-02
-6.749141965585260527e-02
-2.135572857850169537e-01
-2.250493493159094194e-01
1.231567482871167296e-01
7.224406498050968579e-03
-7.282941312714931448e-02
-1.630168611497772591e-01
1.631547896354187399e-01
6.129475806620425515e-02
-2.222793590388654761e-01
-1.514960110573095875e-01
-3.893916017104225719e-02
1.025969986934544831e-01
-5.576746663619156635e-02
-3.422416243132564428e-02
-7.088075104953611705e-02
-7.525188651737128864e-02
-2.008222609778643752e-01
1.684653079524673844e-02
3.149062081447658035e-02
2.991363289568713113e-01
1.967937436544338059e-01
-8.917357912750591142e-02
-4.446769572851963503e-02
5.432985276484399162e-02
1.336100590487475370e-01
4.472699560331054244e-03
8.610698554273613081e-02
2.653605875544153281e-01
2.595678748725265828e-01
2.529249051169951343e-02
7.430223153121491564e-02
7.713027608317389594e-02
1.168997652113411695e-01
5.536557534720558393e-02
-4.277525562455082413e-03
-2.260130338561950614e-01
-3.750613796037823716e-02
1.836513868839072250e-01
-3.039777494054007323e-01
-1.234786370823259816e-01
6.963208226817804714e-02
2.005087879560288680e-02
2.187174870744263144e-01
-1.565418393407031483e-01
1.550162585238780422e-01
-1.782481880209321398e-02
-1.324725243013949727e-01
1.062982118050861680e-01
8.794205827558724056e-03
1.624398549970896555e-01
1.747103023286337431e-01
-7.073554885638481948e-02
-1.521066097533227968e-01
-2.491664295725646433e-02
-3.260696559001485806e-02
-1.004795639498387849e-01
-1.019879820003826154e-01
-2.391070410759622011e-01
2.521305914493150446e-01
2.155000868166956907e-01
-2.470940426334579040e-02
-1.616458754398726050e-01
-3.010640404851396695e-02
2.842622432622006756e-01
8.814120880700368477e-02
-7.553134758796160864e-02
-8.069152361956045960e-02
2.125566613246311978e-02
-2.135153139543642942e-01
1.165363296857026554e-01
2.930941402628716927e-02
2.272261077197153811e-01
1.204166398868923987e-01
-8.404474895717842231e-02
-2.572444810848604213e-01
8.999650905174401416e-02
-9.419110200107674857e-02
-1.340702219716999842e-03
-1.304063307477913158e-01
-5.582124186810136918e-02
1.078732627457256038e-01
8.610410889672119594e-02
-2.624168487523697441e-02
2.360926467920002048e-02
-4.870413222544258541e-02
-7.147751951923712876e-02
-4.083090434731263818e-02
-1.979759433511542599e-01
2.896570529526656251e-02
-7.119234621490835857e-02
-6.020653517312826719e-02
-1.638989667292650165e-01
3.779866681748770066e-03
2.172034898018591620e-01
-2.613679824951534170e-01
2.563318533999831561e-01
-5.234809982483978885e-02
-2.010093225191111055e-01
-6.546595934138141337e-02
-6.190756319321143175e-02
-1.041396037289133852e-01
1.121728207940794475e-01
-2.822629946805488982e-02
-6.654574216691218347e-02
1.274518326932766177e-01
5.502105785352868345e-02
5.149765191700984845e-02
-1.251647292962796976e-01
-1.629224137304108658e-02
-1.150874046367272724e-01
-3.364512161359670128e-01
4.881370397837277164e-02
-1.724979395497090173e-01
1.720955260506305540e-01
-2.135321846321372730e-01
-2.319169413522710610e-01
1.227514636779435120e-01
1.586018339728713922e-01
-8.488119729733012431e-02
-3.467159294118236923e-02
1.638574094628172939e-02
1.006936354505306580e-01
1.824126943860673589e-01
8.413268983756573560e-02
3.156487001619914801e-02
1.588200467762128920e-01
-1.700880372650969141e-01
3.767802155037165979e-01
2.425956048057704983e-01
2.741160334945902943e-01
3.637776660389216432e-01
-1.935250302466033287e-02
9.838201899903142866e-02
1.714933626935098987e-01
1.059226760610295776e-01
3.002273113927936624e-02
-1.962839956271741071e-01
4.179551486146448197e-02
-1.831678866476723344e-01
-2.775744193376977753e-01
-1.377011145538599990e-01
-1.649113657340508425e-03
7.033409766084774972e-02
-3.107598515712960488e-02
-6.818252252656506474e-02
-1.362442297818364789e-01
5.578400416714053567e-02
-1.270928866103372690e-01
-8.455197401440504856e-02
6.267049370630592420e-02
1.361274502097056804e-01
-2.300807332095231583e-01
1.502738766195765574e-01
1.369037661269986716e-01
-8.777923253716427010e-02
2.567099485518258353e-02
1.121839896107767846e-02
7.555248150823463960e-02
-1.923321182710880373e-01
-1.097588088078402385e-01
-1.944620988624909119e-01
9.117503833299445137e-02
-1.504101882790709159e-02
-4.463536835060080699e-02
-7.902265022342923328e-02
-8.542181557002888337e-02
1.154554104866117870e-01
1.018766281094021786e-01
-1.659623246951572872e-01
1.492605731432684046e-01
1.270884075403130690e-02
1.469871306311812120e-01
2.766746390464334127e-01
-2.889065275870581276e-03
-4.348433571649251705e-02
-6.277598171458499861e-03
-1.349193619338746597e-01
1.425078408006316966e-01
4.825781202408004761e-02
1.233645806153492869e-01
-1.653894392078472664e-02
-6.243578443033117459e-02
1.319266387250521075e-02
-1.175358187362280926e-01
4.351116134133399538e-02
3.444490846928523198e-02
-1.894360076383124203e-01
4.089155116669819789e-01
-8.191543385215599438e-02
1.715536281280715669e-01
2.941136874838717330e-01
-1.946240181925422141e-01
-2.279614196458173148e-01
9.268042619663822979e-02
