-2.558695870090288982e-01
3.051522550980667603e-01
4.512935494562367658e-03
-3.707525369462817411e-01
9.832645674664537705e-02
-1.342905346041282366e-01
3.355750479726336555e-01
-2.535428097441782547e-01
-3.087546574586746417e-01
2.941598773868745603e-02
2.117539829423440434e-01
1.856576640622860097e-01
-6.601943255569453495e-02
8.217238699667185620e-02
4.414517905990335001e-01
1.393919149515886469e-01
-5.620843832857122524e-02
2.220112197747689531e-01
3.009362570192511410e-01
8.253656624056411595e-02
-1.097354594490410479e-01
-4.098911716394559174e-02
1.589062463348156207e-01
1.763716894468762841e-01
-1.540758268142323473e-01
1.167592878871363538e-01
2.725352330955377878e-01
1.214710728128879369e-01
-3.730048451817097321e-02
2.834301937100319746e-01
1.048236823605258744e-01
4.680301603157642210e-01
2.715492970910569070e-01
-2.287192371502064225e-01
2.059787782395395006e-01
1.520466049778927131e-01
1.267955756446422499e-01
5.906874658435638803e-02
-8.948889538940095478e-02
1.060215285852961209e-01
-2.545570379796793792e-01
6.309772550866420138e-02
1.892474461148081211e-01
-1.091394867833410907e-02
2.334647772212178896e-01
5.700084007021702370e-02
3.672762695709916314e-02
-1.984311031003506143e-01
2.045802944167506576e-01
-1.422447068137978887e-01
1.768724533316145750e-02
1.334762989245282250e-01
-1.594380134317627817e-01
-1.466686233575218157e-01
5.029853497721232802e-01
-1.134400563596101308e-01
-7.430819854430885385e-02
1.645996255661394680e-01
1.026137213446319252e-01
9.484374944466526791e-02
1.200987705332093453e-01
-1.350194251509227901e-02
-2.180247965670658317e-01
4.269619390409871290e-02
2.750882444245285052e-01
1.658130861121765998e-01
1.544975941686560772e-01
3.455065532785896176e-02
1.048877855794721065e-01
3.534988292793153630e-01
6.291415282781082086e-01
-1.646303208268422025e-01
3.193938616588585799e-01
9.572285134521897609e-02
-1.955361023153280586e-01
1.816822238915485332e-01
2.154136207133134362e-01
-2.620907964270751678e-01
2.947867788741446171e-01
1.151647460552100016e-01
-5.025759639061732481e-02
1.186614272574694762e-01
1.082557955900265156e-01
-1.777142283365886199e-01
-1.014307209258800274e-01
4.602282479460065474e-03
3.065563258447722567e-02
-4.690258950271023464e-01
-6.182327017374702333e-02
2.590071991814221208e-01
-2.204108595718780317e-01
-7.143832120197410318e-02
-1.203926782435757459e-01
-1.326197244064530011e-02
-7.822987034121209327e-02
-2.794302668689281899e-01
-6.201275547275851563e-02
-1.064354213329078841e-01
7.077213592693067101e-02
-5.409391847107004880e-02
-8.751608009003931932e-02
-2.376586399640608083e-01
1.325919175479070844e-01
-2.152192548205398848e-01
2.539419198005490874e-01
-2.428163147949877754e-01
6.627989203201688218e-02
2.309905401943043203e-03
-1.371197834795522819e-01
-1.314296933597807471e-01
1.613242488955239085e-01
-3.865622631491874017e-01
-2.736201917119988059e-01
-1.010617269596017498e-01
1.828049349216728792e-01
-5.778360646075592078e-02
-7.510417622634464607e-02
-1.918401888025762780e-01
7.305441880590676784e-02
-3.564547300931218687e-02
-1.925151288600541188e-01
-2.308540944410443149e-02
6.884182464884101849e-02
9.061589642314497872e-02
-2.210708879518739900e-01
8.988612989132299669e-02
-1.571653544844051620e-01
-9.760566595454447936e-02
1.968505955269698182e-01
2.188007692901920154e-01
-2.200610014153252525e-01
-1.181840049484118721e-01
-1.472209058132179817e-02
-1.415722273877575987e-01
3.760580846499278485e-01
-1.682652971524252195e-01
-3.025234576259778763e-01
4.224722682029481702e-03
-2.414355559812008389e-01
-1.482521277005948990e-01
4.436435358954579633e-02
1.854768731873989995e-01
5.036755310074153558e-02
4.703786626146626015e-01
3.244436238420220220e-02
-1.209570480189265870e-02
1.419368307163057230e-01
2.581309188822281664e-01
3.784693682207226212e-02
1.659924799692458486e-01
-9.970820503292376902e-02
1.684208091053575884e-01
-2.409262682573754255e-01
-8.429916343586915661e-02
9.553818352514842349e-02
-1.129058748134482981e-01
-8.069482516259006422e-02
6.799007995874739585e-02
-1.312497144257227244e-01
-1.038892355342322694e-02
2.485710470284714646e-01
1.538771333985497480e-01
-2.690767576413096163e-01
-4.231410069992245365e-02
-1.614451003254421535e-01
2.958291900436657018e-01
8.192067288537099520e-03
-4.078762359845753971e-01
5.104754301397915195e-02
-2.350927128352569284e-01
1.547873463747972689e-01
-9.063225957028853141e-02
-3.436567823324265109e-02
-2.230569634814665581e-01
-4.987874726343121713e-03
1.053457644136337502e-02
-3.423835536057562301e-01
3.395616542252403169e-01
4.069578812618750985e-01
8.468736735291375328e-02
1.968369798400139981e-01
6.214443446037556246e-02
2.030338915389760523e-01
-9.176471209882755553e-02
-2.460163183808975473e-01
-8.810953910654166499e-02
1.153096210106636411e-02
-1.333754986357861827e-01
-2.823474530763182486e-02
-3.669355747827085512e-01
-2.542224359310262249e-01
-1.569029606364722232e-02
2.395656626847546544e-01
1.634387687530250710e-01
-9.660317233852806773e-02
-1.265561247758517638e-01
-3.015525453525340072e-01
7.690413131858803500e-03
-2.179177190598814429e-01
-1.750531785118709894e-03
2.260276466257406802e-01
-2.138144251514214611e-01
4.516315562945251438e-02
3.349545970813924689e-02
2.090029331185658951e-02
-1.172614612494274067e-01
-8.118203790875266890e-02
-2.325103511747798890e-01
-2.919545166896112542e-01
1.224682897093481160e-01
1.185197309689509648e-01
-2.481355200023196983e-02
-1.035291451690159154e-01
-3.117858217739384943e-02
-2.138060889405768161e-01
1.114271751499621571e-02
-1.348731857520849564e-01
-9.773128041151604717e-02
-3.794572464052453631e-01
-6.694466099327060771e-02
-2.490125029452111907e-02
1.573017333842981480e-01
-2.950964102027344160e-01
1.091801181820107464e-02
-1.713303913884938606e-02
-2.373583205359887927e-01
-1.007657519870370499e-01
9.854847494829398202e-02
-2.114242500679207881e-01
-1.362032246570189231e-01
-4.998169500493691852e-02
3.154965167553518135e-02
-1.766302536795967271e-01
3.418746982363389253e-01
1.757949083652168287e-01
-6.677771542569078955e-02
-1.301078648292742224e-01
-2.733530968040417952e-01
6.381997542448514249e-01
9.424618661922666563e-02
3.897414498354460632e-01
1.841208933858821395e-01
2.831098172344926889e-01
1.452943965847478813e-01
-2.263492449506340209e-01
3.403137308681425943e-01
6.713458140328883161e-02
2.417356205116084900e-02
5.859175662979434346e-02
2.129999763909308230e-01
-3.123454810722459118e-01
-4.257296857927337919e-01
2.778878068077569319e-01
-1.514977694082058832e-02
4.088764579204363647e-01
1.000000000000000000e+00
8.819080021090979216e-01
7.965768442232854518e-01
2.538618605864293998e-01
-2.566870061207547973e-02
6.230210879650687622e-02
6.746389294952367943e-02
-1.428996770682818551e-01
-8.949768808426225575e-02
-1.272226082991775586e-01
-6.449308396883231265e-02
1.297552757519507272e-01
1.986307594955424860e-01
2.627573596046390847e-01
2.397839159948186305e-01
3.171064251401448097e-01
-5.002630904798496259e-01
1.600215727141161559e-01
-9.942749168141226668e-02
-4.315538469035414271e-01
5.636218953729615205e-02
2.803776554515587938e-01
9.457444282163772475e-02
4.903059429870890162e-02
9.268240316291162517e-02
1.652912490715700566e-01
1.285818503260832690e-01
-1.815904569441951222e-01
7.025499328540273092e-02
3.168936947094054823e-01
1.929257604548877680e-01
-3.586394766997531847e-02
-2.492916922949582059e-01
3.573112146105186238e-01
7.864942322396666075e-02
7.915037473690367253e-02
3.625979618038672331e-02
-5.602152020135513222e-02
-2.358153796499065993e-02
1.394908996510106081e-01
1.370392078163747696e-01
-4.499542225069598500e-02
-8.786252054202384199e-02
2.449722343911156508e-01
3.942798880341630979e-02
1.009139332730644295e-02
-2.750274709862475797e-01
-9.980986620122887787e-02
-2.535001711422514483e-03
-5.994600476036097136e-01
-1.334687087830927765e-01
1.332603499052224631e-02
2.803514766649597423e-01
-2.477881323558072113e-01
6.868674780687164527e-02
1.101079314780662871e-01
3.581836829747113427e-02
-6.715820887794880789e-02
2.003192279013350785e-01
-1.464881631302779319e-01
2.729183295551113608e-01
2.462826119061452615e-02
-1.155704063757800326e-01
2.725251526798589397e-01
-1.936089460427087294e-01
3.023041788263566496e-02
-1.579477607662593819e-02
-1.761571213742025299e-01
-3.064764673623276425e-01
-3.397636174565033529e-01
-1.526297780879734001e-01
-1.075414987151822668e-02
2.398057558390202237e-01
-6.817701670241846368e-02
1.124110611107850821e-02
1.761097840140458115e-01
1.950955742970568729e-01
1.303213885843438891e-01
-1.530044707413641489e-03
-2.898950556833168046e-01
-2.013020192471796088e-01
-7.408002065531291702e-01
-2.041567497786150043e-01
3.479660718218560711e-01
-5.374702998667292390e-03
7.053312016910319449e-02
4.837561577451644779e-02
3.820145697904263060e-01
-1.288553041837587343e-01
-6.451903072713995350e-04
-1.403096818406577018e-01
1.055835211635474252e-01
-1.198191587078319409e-01
-9.810378759650072167e-02
-3.631998557700947816e-01
-1.342711443650133063e-01
1.854909729240956096e-01
1.144550308757187260e-02
-8.399195185801200739e-03
1.328659461357374061e-01
-2.312346602076028879e-01
2.125443477439831474e-01
-5.174752134679683202e-02
-1.052276995035971996e-01
1.290545123645987224e-01
-1.635075960138995255e-01
-1.722461288528727708e-01
7.918254666966231814e-02
-1.485446794553940408e-01
-5.664679569393497871e-02
2.080012691301062755e-01
2.210348121876808680e-01
6.596726669028971091e-02
8.360294172497133303e-02
3.999034501388960133e-02
-6.850409448096847487e-02
1.477746240535299238e-01
7.889726199893451475e-02
-1.606229273173465644e-01
2.546569087609711901e-01
1.550066355507738469e-02
3.366464455655746035e-02
6.467820068268420597e-02
-3.852827460284549265e-03
-1.728383001486012982e-01
-2.176483903842833245e-01
5.046301355510623282e-02
-1.646318298982588912e-01
-6.956411033622780793e-02
7.417934963900204605e-03
1.048160708459493357e-01
1.216827671957317197e-01
-7.568447603990781369e-02
2.175977721822390243e-01
-8.943991968538217430e-02
2.311616170842807350e-01
1.830995101198648611e-01
-3.326131685495279933e-01
2.204136432606796647e-01
-1.207643541918032443e-01
-3.669881592196593822e-01
-9.459747694951292640e-02
2.336292759402222585e-01
-3.334406127640262008e-01
-1.880018543050816227e-01
2.877161843700193344e-01
-1.017078879797636698e-01
-1.133110131718506469e-01
-2.364160476805815259e-01
-3.428090034410590237e-01
-5.867818857636331042e-02
1.320246511008658641e-01
1.159309251914075328e-01
9.831685211095507471e-02
8.594884634824960512e-03
1.280571804759579949e-02
-4.377022641916268331e-01
-2.072179852178113457e-01
-1.485388066325418477e-01
-5.517340629672039254e-02
1.022755078064480627e-01
-8.531807504418548183e-02
-3.692805362971764427e-01
3.006486458232552339e-01
-5.460577061009220384e-02
1.224432948596324705e-01
-1.434569723966007404e-01
-1.584647360411070016e-01
-2.566806894494372271e-01
2.066632494710525514e-01
-1.306639844905056747e-01
-2.665028389138431389e-02
1.090382944477434057e-01
-3.383468125213291433e-01
2.591222712255446536e-01
-7.154243748856317642e-02
-5.698267719365344985e-02
6.788736895968462692e-02
-3.076883942098493363e-02
-4.696235645745319709e-02
1.211348579089276817e-01
-1.803145308436006067e-01
4.350406449110689189e-01
-3.625911215314415320e-02
5.556833081279136111e-02
3.327313769825783751e-01
9.928670628393278241e-02
1.022472155754716033e-01
9.560429640458166511e-02
4.545373660954478146e-01
7.521567784318700101e-02
-2.534243201771206599e-02
3.165790760649313945e-02
2.404112011477980149e-01
2.069127286669641963e-01
3.607818509500593934e-02
3.860417934836364862e-01
-7.536690186966886473e-02
4.643896967644811635e-02
-5.828688725555965927e-02
-3.230894521142462783e-01
1.440524197005364770e-01
2.505785086748913426e-01
1.575927843373890747e-01
-1.513779064850139661e-02
-2.278728674504058582e-01
-2.561176305951789467e-01
-9.126069282484988721e-02
4.633565706093581427e-02
-1.518005648596029433e-01
1.805411045046091956e-01
9.235709439827756440e-02
2.447107909554553928e-01
-2.774634035492104175e-02
5.351498327596389271e-02
2.222402947361968861e-01
1.472874140639222340e-01
2.124060553773019777e-01
5.543660839950637770e-02
2.318340965103210527e-01
3.244598684926858767e-01
3.167075067916548248e-01
9.964032106240540421e-02
-1.016774767912562022e-01
-4.919178135610015150e-03
-2.418917586788739138e-01
-2.210803777774104639e-01
-9.356830689597146755e-03
1.891708073618553476e-01
2.036659969275387838e-01
2.063740933682510770e-01
2.015978552799382040e-01
-1.108755179789155665e-01
-1.959307827487123677e-01
2.508536991470782795e-01
1.041275178581143324e-01
-1.638037923370633808e-01
4.590768084107559877e-01
2.387165154887355145e-01
1.438218768346011950e-02
-1.174457653430645704e-01
1.019734386603882992e-01
-1.955254801437570147e-02
-3.422339665642337714e-01
-2.467083818309714904e-01
-2.632071423149417999e-01
1.202217140344076368e-01
1.097867320355220416e-01
1.370786661292641428e-01
2.042929211106834508e-01
2.589100138182389155e-01
-3.730327579720790765e-02
2.559672322923443599e-01
1.695266318763470337e-01
4.543618546966719518e-01
3.072658592309360226e-01
2.132470032251571335e-01
