-2.520556669918269654e-01
1.125673327403099722e-01
1.704126504055580582e-01
-6.050281251604573696e-02
6.926753771572521923e-03
-1.056938203396608766e-01
-4.260316970744120607e-02
-9.082526452766704825e-03
1.663444336137451796e-01
3.254246408123741535e-03
-1.523022756013090451e-01
8.450845354895490658e-02
-4.846936182221036477e-02
-1.484149528715977551e-01
-6.585118934074846164e-02
-1.920308748751024530e-01
-1.547285397221438985e-01
-6.839051394309159093e-02
-1.227403423603471849e-01
-2.140185303977133052e-02
-2.650443065738713466e-01
-1.717156235063754116e-03
2.858232237628944850e-01
-1.714736775491116361e-01
-2.219908581650905863e-02
1.042590504747766267e-01
1.232621574440935369e-01
1.084975047322690317e-01
-1.154786650007349758e-01
1.828569965850557200e-01
-2.217191076538196359e-01
-8.896805773218702251e-02
-4.395374578076317179e-02
-1.892519258451432623e-02
-3.473458360540791247e-03
-3.019987371453760061e-01
1.677240928286589106e-01
2.523161508354051508e-01
-1.132468607553433898e-01
2.204167870315094369e-01
-2.720052930334098187e-02
2.337268440548266324e-01
-2.390905963053432948e-01
1.330437796726977040e-01
2.051614551701868294e-01
-3.648985213849053472e-02
-2.005979014071078703e-01
-1.527900410200164483e-01
1.462588669748808856e-01
-2.162431287767989097e-01
1.737669853294766809e-01
9.811047500621623407e-04
-1.952666748508958064e-02
4.373486509931188287e-02
-4.181206406624950883e-02
-1.961426938100302997e-01
4.558646370301752682e-02
-4.488632347543643902e-02
1.571539437500493394e-02
1.753543479899380420e-01
-5.076156097038581755e-02
1.807592573123235624e-01
-6.576590045858235478e-02
-3.152458114469253864e-02
-2.225651120071933664e-01
-1.297632906456123447e-01
1.537725079512160531e-01
-7.237311960948723810e-02
-3.215093196924847380e-02
-1.353358504599950773e-01
3.572034349553429022e-01
-1.386013427983118773e-01
1.234479077241796702e-01
9.910643604007984830e-02
-6.451125632227668050e-02
-1.180809714795580667e-01
-6.505006707577963565e-02
-4.696080706813059169e-02
-1.713573765797180570e-01
-3.655926569829950901e-01
-1.447036679860312369e-01
-1.518752183009081935e-01
3.176150512042463098e-02
-3.880724945389781022e-02
-2.069570049596417688e-02
-1.533020333623725806e-01
-5.111656393099645729e-02
-3.623242554277587013e-01
2.007149797377252853e-01
-1.826103548143754793e-02
-2.732411350602809708e-01
-5.114111309785485115e-02
1.883368604364502319e-01
7.461669811117745132e-02
1.348840817073500842e-01
-9.843858784498854542e-02
-3.974629006891250427e-02
-7.344912087253666066e-02
2.467297119921441906e-01
-5.441823327617682088e-02
2.119137776588295510e-02
5.286946779703203397e-02
5.689440017510997288e-02
4.563654230805967021e-02
2.194141200535124903e-01
1.172322043255582258e-01
-9.294710518128965204e-02
9.019926133378237953e-02
-4.159723967228622782e-02
6.426590655604590141e-02
5.508092106546169653e-02
-6.876869048917307568e-03
-1.140812282409973399e-01
-4.340490486192499775e-02
-2.547283804833814225e-01
1.292282621064887345e-02
-1.672035486625017275e-01
2.835662439195576479e-01
1.992303477194585226e-01
2.477217359152771303e-01
-8.266931212641519255e-02
1.198758707863517015e-01
-3.298368823866053290e-02
6.706947161550444458e-02
-3.142659754264686637e-03
1.144890522243266207e-01
4.199601827543528870e-02
-2.387719743893525204e-02
-6.329342916550721732e-02
-4.986998941743061436e-02
1.820000224197372007e-01
-3.947730820677221586e-01
1.549768784723825656e-02
-1.304894448400140960e-01
5.212198686822799160e-02
3.492989024028891453e-03
8.010560282889485351e-02
-1.986716660038009008e-01
1.124950012958140372e-01
-5.345560119632871560e-02
2.968024539182484434e-02
2.235267242495579676e-02
1.569376796663803780e-02
-5.586687878379207814e-03
-9.941767689971016397e-02
8.122489753339384722e-02
-1.464958158474199135e-01
6.500209542964016651e-02
-1.275986619527537114e-01
1.261070915132093961e-01
1.497240111914347194e-01
-7.831086693515558472e-03
1.800479669319826614e-01
1.458919274725720139e-01
-3.014813984839143091e-02
-9.882233364852441304e-02
-2.094369022341454611e-01
-1.155753958096486511e-02
-1.195940195836692893e-01
2.000053005736124323e-01
1.505441819187889607e-01
9.680358480932577114e-02
-1.850055023209395315e-04
-4.835336504063868224e-02
3.010923163784756662e-02
-1.035669708422207735e-01
1.100038128113054042e-01
9.065506599096574691e-02
2.671518956711237403e-01
3.255132630248289138e-02
-2.402227852535654962e-01
1.901006102674236697e-01
4.456668623595783085e-02
-1.842238967585020093e-01
1.005006458534902503e-01
-3.365105423263532042e-02
2.255974041174344316e-02
3.872232449832544235e-03
1.238467348520628543e-02
-2.295415308769809259e-01
-4.310382936988564617e-02
2.255005054506093592e-02
-2.529507425958013034e-01
-8.375725895887746464e-02
-2.585993374296534711e-02
-1.384359299536295773e-01
2.222122069777569264e-01
3.646158698281068422e-02
-1.136787201074687254e-01
-1.361070095312787165e-02
2.722728670736764833e-01
-1.286775679189069155e-01
5.457281369749316519e-02
3.499460972084934493e-03
-1.745243229241924543e-01
-8.511785165597654523e-02
-1.323792496153679103e-02
-2.097466782938411656e-01
-1.434761374210211660e-01
1.725569506907274620e-01
2.011145876820489287e-01
-2.621706116064148606e-01
-1.872593876732719653e-01
1.187288135102251563e-01
8.149689891154221488e-02
-1.931049065678419052e-01
1.718078495179946041e-01
2.531977283338558982e-01
2.850169817168073383e-01
1.594168088898524904e-01
-1.560183535108854436e-01
1.325547478502584198e-01
2.247511407146735030e-02
5.367027684645048896e-02
-1.551568363431327646e-01
-7.345491222328730252e-02
6.512098337271601811e-02
-1.980688795609621966e-01
-1.070576038722564211e-01
-4.433843574476593191e-02
-3.040977979025265981e-02
3.594991688371951960e-02
1.839243198497214904e-01
1.345226383956568961e-01
-5.038100148847524801e-02
-5.787202675741738578e-02
1.027476406700234823e-01
2.258327158182563132e-01
6.794328367903729182e-02
1.142399743409623983e-02
6.109859642934412777e-03
3.541789129382295898e-02
-1.051604561243708602e-01
5.587527170839603347e-02
2.093168933893015463e-02
-2.192931251515339852e-01
7.662790015342703376e-02
-1.321323461853024794e-01
-7.612958174357981056e-02
-1.156498285714798180e-01
-7.569510833465603605e-02
1.306912036771399332e-01
-1.287912638592028647e-01
-6.097535576663799806e-02
-1.663714197386030602e-02
6.130537919798569740e-02
1.272192968662662349e-01
-8.752667493114020536e-03
2.585493456464439954e-01
-2.164375525414252432e-01
2.438273328618521252e-01
1.720698342723520069e-01
-1.390487014232580920e-01
-1.478770637092889639e-01
4.925419771941681457e-01
1.000000000000000000e+00
7.545224228924694021e-01
3.617668919545172779e-01
2.792438303775641173e-01
1.038798612152330020e-01
7.996187958654024652e-02
-8.486684574127856262e-02
1.406731042150680400e-01
5.300129512237650858e-02
-7.405508912317103343e-02
-1.144371753620748722e-01
1.535037876856411299e-01
1.570532224576479952e-01
2.487480259550947925e-01
1.229026746749957016e-01
1.798712936290640940e-01
1.848769398196636327e-01
6.892045281582397098e-02
-5.459198833446123056e-02
-5.115399831387727747e-02
-1.978543774102362318e-01
-6.715391091478513375e-02
1.555850609558128428e-01
-1.798655788004933642e-01
4.753013175412758584e-01
-1.077498412763407409e-01
1.342987911907861098e-01
5.210263421800682970e-02
1.681741196766774193e-01
-6.744070479962089616e-03
-4.980083075301574430e-02
-1.986127884406404392e-02
-1.120503151944308162e-01
5.775239975027159078e-02
-2.056547987299044492e-02
5.846919986280006698e-02
2.944704861893808132e-02
5.202381728388293103e-02
-2.816957140003069071e-01
1.192731339958880421e-01
1.323325208893303129e-01
-4.458424514284053952e-02
1.883259177076216095e-01
1.346224688486327148e-01
-2.721602414684162197e-01
-2.462852723128228227e-02
1.216593451631863415e-01
2.788779334261426088e-02
-5.357282827077380905e-02
-2.305936094042450035e-01
1.947742095034721566e-01
-1.116487873321998919e-01
-1.617414262450865281e-01
5.520984820160122070e-02
1.319933439586489787e-01
-1.673194777362414787e-01
1.327108914619851837e-02
-3.321816947068072928e-02
-1.361356205580261935e-01
-2.223359292705491194e-02
7.365896287397429021e-02
-1.230206724105118860e-01
1.618674344355458539e-02
-1.464725240565649400e-01
-1.046083837453619797e-01
1.248096377631834238e-02
-2.340618415520867232e-02
-7.982888494890269526e-02
1.988251100088485324e-02
-1.216691205797357095e-01
-9.236851857894202988e-02
8.423975585265268406e-02
2.050364987716546128e-01
-2.405869987670835458e-02
2.077667340599041457e-01
2.029355235248944123e-01
-1.054786195361864243e-01
3.827291798738616802e-01
-1.700238658569134254e-01
1.212771556097080785e-03
1.449076960674593462e-01
1.538466799041809420e-02
2.390969240234289694e-01
-2.000419124567378582e-01
3.879711116940918331e-02
-1.342116589128511395e-01
2.826299113516041184e-03
1.459565702176689184e-01
4.048185008494652459e-01
1.380921244706334039e-01
-1.554255701502657849e-01
5.025492510251843709e-02
2.291930443020364153e-02
8.102644167715113491e-03
3.114748078863617889e-02
1.434298446989278608e-01
-7.057573460677322996e-02
2.907782190836250558e-01
1.103249396063143983e-01
-2.047313106395718119e-01
-1.260161058578741500e-01
-1.724607865741703827e-01
-8.907976153288642285e-02
3.739323405858898525e-02
3.251565035593930730e-01
1.644883822846961996e-01
-7.563241710443989463e-02
2.019968096669743363e-01
-1.168485621273046143e-01
-1.524162351047387842e-01
4.164428739968346199e-02
2.272201494957749035e-01
-2.477323074494840530e-02
8.561671257354585424e-03
-4.962185660883523808e-02
4.685764154968795336e-02
9.428658978194148776e-02
-4.674496629202499337e-02
2.736270374751084145e-01
-1.760990503902209736e-01
2.767202478818408737e-02
2.813926375543369107e-01
-1.733484641250371827e-01
1.728267144215747397e-01
1.311072911655821460e-01
-2.462540047758188522e-01
-5.093787140535132457e-02
6.443522694440236009e-02
2.077666501366500287e-02
6.327975523302596661e-02
1.236437242804317993e-01
-1.378967563321873702e-01
-2.093371286213352445e-02
2.423340002759151735e-01
-1.191129851622944325e-01
2.810359349403175958e-02
-1.111745651575614668e-01
-4.708834141263047030e-02
-2.864958943926599333e-01
1.343175490069076772e-01
-1.937777371554726957e-01
-4.494149477846690055e-02
1.981339747500154846e-02
3.770948658018422051e-02
-1.188797567924203546e-01
-2.045369030904368307e-02
-1.415528500193840092e-02
-1.880818393465763516e-02
-1.340142762789025277e-01
-6.194117868199639637e-02
-1.952979062079718831e-01
-9.060805253437840059e-03
-1.360225943474800345e-02
-8.420073260943604365e-02
-3.935730261019398935e-02
-1.667651884392109402e-02
-3.611096055648999603e-01
3.514884427115341770e-02
6.065289507347333686e-02
1.707509418558759984e-01
-2.623030111966000444e-01
1.932589056966305952e-01
-1.045754156293825926e-01
4.174960501556033987e-02
3.428788150370186139e-01
9.919921325244432375e-02
9.995899753353276393e-04
-1.760619183553210551e-02
-1.843294779375403702e-01
4.802346115580723163e-02
-2.145720297702959911e-01
9.851148725380683147e-02
-1.790563805590033447e-02
1.676330757897168122e-01
3.660182874341885023e-02
7.493688525957685476e-02
1.036505449028627263e-01
1.635390163442113076e-01
-9.123305303198986360e-02
-4.832876170750642630e-02
2.785292971797970630e-03
-1.136169730377194764e-01
-5.557848447000501152e-02
4.161393969432537060e-03
-6.238791990357031580e-02
-4.932110336004703194e-02
1.970590151123835232e-01
-4.737098133177169990e-02
5.423497539220530073e-02
5.472243846298715034e-03
1.543976420244428382e-01
2.892141346724467210e-01
-9.622319092206775559e-02
-4.880910199000394051e-02
-2.923252514724913320e-01
7.919830187678562894e-03
-1.236760702658149663e-01
-3.785811999341672646e-02
6.562753820456000697e-02
-1.724575370585842704e-01
-9.617182785789218924e-02
4.142506253357890467e-01
1.240019767566423875e-01
-3.657104879192405456e-01
2.915118769896519330e-02
3.909583500451638272e-01
-8.188137926529071020e-02
-1.039270890700785960e-01
1.425124666031108434e-01
-1.431372285673309652e-01
4.241634457847590772e-02
-1.687139601405141243e-01
-8.241308261194996154e-02
7.907585387660344411e-02
-6.069266168125057870e-02
-4.547124661021772346e-02
1.590948011283374042e-01
-1.966536426871141052e-01
-6.654011854915702073e-02
1.562211422717117160e-01
-6.895863077665971563e-02
-4.790494038114744696e-02
-7.158517320681850871e-02
-1.358535845006853260e-01
2.351812032633163185e-01
1.186749221524708159e-01
-3.598261219548383461e-02
3.318298833006049896e-03
5.275325259085811291e-02
7.819043654233812091e-02
1.086054860573609088e-01
2.060136904777416789e-01
-4.462006379562215991e-02
-1.901019802764239708e-01
7.959238019367913253e-02
1.324895508957500689e-01
-8.311686025289572941e-03
-1.244390549812971758e-01
-1.695092504300580449e-01
1.299408586699617452e-01
-1.028765946759263722e-01
-1.911665747980452468e-02
-1.978392684297633139e-03
3.330307764285883598e-02
-3.509621910376430759e-02
-2.467837475798689006e-01
1.998551595494341415e-01
1.880772261757436004e-01
2.902478363069438405e-01
6.042453194928455729e-02
2.493115547279899091e-02
8.921797977029122251e-02
5.877458153626787191e-04
2.095790840213393111e-02
-1.008510766751630032e-02
-1.197932589415643539e-01
1.649863535690437649e-03
