1.472489111771217718e-01
-4.348860578015822237e-02
-1.170169827039405919e-01
6.726646692496938973e-02
-3.324208375897568651e-02
1.347635959319750387e-01
-6.668207264762773812e-02
6.488255428674408187e-02
1.357389163606794735e-01
9.180021445123828783e-02
2.624671255974415085e-01
5.194085165348766298e-01
5.676556713229262419e-02
-1.003588147271110426e-01
-2.229791524701413008e-01
7.363355489096080897e-02
-5.878281957050224618e-03
1.197373718537982495e-01
-4.184155509809073942e-02
5.282140283106715427e-03
2.152410130450901349e-01
1.326368597328763943e-01
1.393305290746651437e-01
1.649804432100343832e-01
7.270849009709766386e-02
1.002436826715983748e-01
-7.511272116633875562e-02
2.558373441076653432e-01
8.261337411400179742e-02
2.465003991338104300e-02
-2.365095241060023723e-01
-3.290197047588509782e-02
-1.544490822026014024e-03
1.650108375545113540e-02
3.127608221743835679e-04
-1.262678112030783117e-01
7.190807131426651955e-02
1.449019654209518330e-03
9.231922174367249156e-02
5.080609148459106633e-02
9.054386371244189935e-02
1.412541863681049392e-01
9.431513279637043778e-02
4.257091832487112232e-02
-1.229452517087522428e-01
-5.958976879055021686e-02
-2.289833062594742036e-02
1.004814289384793891e-01
2.841299324500833404e-02
1.001085341363667502e-01
1.774024323439583328e-01
1.695541673838272534e-01
3.058032514154471193e-01
-1.157084403331691408e-01
3.103037891624946254e-02
-2.194382768811691808e-01
-4.263846300763454028e-02
-8.707722352745793370e-02
-1.566332484194697672e-02
7.922458953093178269e-02
1.496958489968716610e-01
-5.616413007438108423e-02
4.974806492738393510e-02
-4.811074990154728948e-02
-1.100975441856924808e-01
-1.365629337323525094e-01
-1.489289695862816010e-01
2.742100618017509484e-01
-7.844571048739828849e-04
-4.709125266348154065e-02
1.025444578460716488e-01
-6.141980615534173987e-02
-1.114799151918649395e-01
2.483239464106764063e-02
-1.054670040613953919e-01
1.657576701725893831e-01
8.581558112111687536e-03
2.432329801867621211e-01
-5.558042241439074133e-02
-1.613578799262604599e-02
-1.511426349928144675e-01
2.765141672890160662e-01
1.746318923765497189e-01
-6.407101657658832716e-02
2.450718950446553468e-01
-2.731312260779106965e-02
1.815520633903764530e-02
-7.581234780910317550e-02
-2.761716821661407417e-01
2.001345003257488375e-01
3.870446946091953278e-01
8.189721627653427649e-02
-8.205555212464042680e-02
-1.375875668747821023e-01
5.586362394446862945e-02
-1.640152396178443661e-01
-1.778871991030287480e-01
1.491543620898269085e-01
-1.798268757745988614e-02
9.586991797756844527e-03
-1.703159219345749820e-01
1.361542626311774973e-01
1.494788371750386397e-02
5.364530412375489304e-02
1.495620747179947918e-01
6.771088322142473914e-02
-1.775042832669208870e-01
2.464907693300438796e-02
1.922179238148855884e-01
7.976544448296050971e-02
1.258487880425581684e-01
-9.786385819935186636e-02
1.680383531241278483e-01
1.509016431711499573e-01
3.193115850389799393e-02
2.613233434693668089e-01
-1.057164465483031723e-01
1.273313392930525423e-01
-2.973703815217951241e-01
7.300384477073385003e-02
-2.898055643591049280e-01
-1.699836930685470204e-01
-9.854105538243938811e-02
1.246320098538972743e-01
-1.294807512191803178e-01
2.005149888823551732e-02
7.468182122528566058e-02
1.729436942682145983e-01
9.110974617199184278e-02
5.334418159071743076e-02
5.876330408004018513e-03
2.996859071102253233e-02
-2.238855193566849644e-01
-1.434360788835779554e-01
1.464889780139899157e-02
1.109998733053117227e-02
-8.233876920662004661e-02
2.881446652881763382e-01
4.276856039648930380e-02
1.745056213344305107e-01
-7.480772663900162045e-02
2.556358904772358664e-02
2.362949968846335229e-03
-1.219299976089106841e-01
-5.240137736254189826e-02
-2.025421820769524595e-01
-1.011650013693327493e-01
2.137557937767101471e-02
-8.236323497334083199e-02
-1.163754860766889054e-01
-2.693073841682123992e-02
-1.429181148221378983e-01
1.454522471678258433e-01
1.168026935758181700e-01
4.140131721493312544e-01
1.622742525255393697e-01
-1.093922901119900731e-01
-4.419751115560054816e-02
3.322858645473575345e-02
1.688798992739447002e-01
-8.058289150259015376e-02
2.296980845422820217e-01
4.720291295614042343e-02
5.704062896320590687e-02
-1.069983564397588433e-01
-3.634316737000022057e-02
-1.654451375612562419e-02
1.566284382421080645e-01
-3.214653073741482146e-03
2.306751907474400773e-02
1.781349006970803228e-01
-4.223252587537622282e-02
1.939880456318529289e-01
1.407781421299229563e-01
-7.730287350596201125e-03
-1.002042959532945844e-02
1.074161046457040303e-01
-8.358581111706540889e-02
-3.308471944478839077e-01
-1.318604304978443845e-02
1.277425229201824101e-02
1.848608700676974415e-01
1.455089126534863109e-01
-2.533047164238724780e-01
2.041429338764760015e-01
3.532752657434312660e-02
7.240981514707146849e-02
2.051987235068511439e-01
3.783176183479090848e-02
-2.501720246726536062e-02
1.120883037821355649e-01
-1.496575358494200980e-01
2.298087073771534414e-02
-8.687935074038923011e-02
-9.218134024765449464e-02
2.183812780030651435e-01
-1.910772768953037659e-01
2.461151257845157481e-01
2.118039890749622012e-01
-1.250943371169103147e-01
2.096262850353781126e-01
-5.789034591599080681e-02
-1.972172312071868508e-02
9.619739188881012981e-02
4.147092177045713091e-01
1.591857982768984242e-02
1.611227364452350597e-01
-1.011748919977661504e-01
-1.693118324096114513e-01
-1.927136444926654535e-01
-4.022702512392167112e-02
9.107895080506933638e-02
2.956808738558316940e-01
3.842117212967249840e-01
1.605852920566049613e-01
9.631662112507273499e-02
-1.460993667051563027e-01
3.009792521799209419e-01
1.975048366343985506e-01
2.307533425275191397e-01
6.771447434531883969e-02
3.001213556535711410e-02
1.779005148386321733e-01
5.764827074476830404e-02
6.663531233417208099e-02
-1.497447155739656255e-02
3.527730100805959168e-01
-5.610592957343482449e-03
-1.122296367105288760e-02
-1.049950926151362873e-01
-2.041873165634612575e-02
-2.524829314716512396e-01
4.254913085662282574e-02
-1.743983546448288624e-01
2.109905301690545229e-02
-2.831690118974865000e-01
-7.415277835507413928e-02
8.467941234541648265e-02
-1.615071323630969113e-01
-2.535836602719762078e-01
9.951267886182905975e-02
1.455615356207106970e-01
1.096812494785784631e-01
7.239275230720892962e-02
1.060035029023574746e-03
5.514431635473680121e-02
-1.120329679133853507e-01
-1.151450455751836383e-01
6.729336021541951207e-02
1.005821007093754688e-01
1.378368232856731768e-01
3.198856629086505726e-02
-1.053617678920877425e-02
1.983938397514135310e-01
2.286994719834341550e-01
1.000000000000000000e+00
5.162568763593339272e-01
2.011886950206991653e-01
2.827510623347979576e-02
-1.118357872726896129e-01
-3.191514441055082196e-02
8.463622861210494397e-02
3.221869924593718463e-03
1.122206335904421121e-01
-8.765588555658196390e-02
9.147753516540305108e-02
-3.031689388254372175e-01
4.739262045574091364e-02
2.967526630357826267e-01
-1.435945697038973901e-01
-1.002396052788803206e-02
2.417444103021447188e-01
2.465298100043139540e-01
7.304144120516098404e-02
9.820854013049530595e-02
-7.925155855111876146e-02
1.960080713666398078e-01
-4.473530662886249926e-02
-4.494474523038545499e-02
1.949659139534573316e-01
-2.105042792866192863e-02
1.910693370790041493e-02
3.180360045170841921e-01
-8.518618725180525375e-02
1.979594244296821737e-01
2.616195407542090123e-01
-6.540406483264446513e-02
-1.602395367988050101e-01
-1.315777754009037348e-01
-1.398283863693883244e-01
-2.466192825837675295e-01
5.593665010071720289e-02
8.974269260541338500e-02
-1.403270205684821470e-01
-2.627404375072163178e-01
-2.641109317328558248e-01
-2.315004316529815365e-01
4.108072340916649884e-02
7.045521202185470178e-02
8.031017142928889574e-02
3.822800895839322671e-02
7.853481339805830352e-02
1.783313490728499207e-01
-8.542047280035397483e-02
-4.225126390125961973e-02
1.723863181578632331e-01
-2.243178682756993003e-01
-1.026337097464765924e-01
3.082969941880864817e-01
-1.108868385121880434e-01
-1.438379230577589186e-02
-7.838806443181868533e-02
2.788064561870731151e-01
-1.009589632948065530e-01
7.679498539853783778e-02
8.072396288292602029e-02
5.362037721075505782e-03
-5.279658097042103961e-03
-2.701063185925617893e-01
7.353488934493591922e-02
-5.388486149773982770e-02
8.680727202612670279e-02
-2.629948654336549119e-01
-9.210379008279757918e-02
1.400588345401804213e-01
7.891400798943929915e-03
-1.928645317663385261e-01
3.099102702750928806e-01
3.935305306059525693e-02
3.038240621543603637e-01
1.912451312198098774e-01
-2.479420186278672930e-02
8.173300775174723032e-02
2.172866079689381724e-01
1.761930671185682751e-01
-1.949104175834721897e-01
-1.523670365026960280e-02
5.861426228583977577e-02
4.912787429169797326e-02
-2.932710966143790010e-01
1.915130910535310371e-01
-2.874880974886829255e-01
9.088706656997236344e-02
-1.302620608187138596e-01
-7.333261843392936685e-02
-3.480339995344681192e-01
-1.292580013894234492e-01
8.752351011421169447e-02
-3.483926972471141411e-03
-1.334392197436977574e-02
1.251927865047564870e-01
-5.019235633377731182e-02
1.113815350236365270e-01
-3.004508613240181036e-01
-9.106102077384892191e-02
-2.176588361994596377e-01
-3.463415479668421199e-02
-1.069133729676843315e-02
-4.075484971813275042e-02
-1.647144248889575724e-01
-1.440708446575406088e-01
-2.200158352032238057e-02
2.635788888653229148e-02
3.248827381662612590e-02
-9.107470314597523875e-02
-1.735409092553249211e-01
-4.433862817001085754e-02
1.792425308747986612e-01
-2.183583123773802925e-01
1.886237635061330242e-02
-1.844570750678822535e-01
-1.190488548253685469e-02
-2.709952414589593128e-01
-1.128297955723116808e-01
-4.538762676926182821e-02
-8.969418788634049566e-02
3.360945793567058915e-01
-9.653335782270601462e-02
2.779447977550287829e-01
-2.366180301255163265e-01
-7.683745240532456611e-02
-2.271506911233151793e-01
3.139734333143253120e-01
-2.296790109701787874e-01
1.203365072996624568e-01
2.512976152214932979e-01
-7.054722245783850987e-02
-2.591465577707255385e-01
-8.655413358454477901e-02
-8.766022900469484791e-02
-1.251441513801110905e-01
1.585836335019957452e-02
2.159080287064479020e-01
-8.679663457549535721e-02
2.186217025684186466e-01
7.044089769470164575e-02
-7.186565545705407565e-02
2.972727938098176925e-01
5.448319897183182686e-02
5.105499230348076872e-02
3.127429429560837221e-02
9.909007010641505964e-02
-2.174495480627697264e-01
3.774451163838721951e-02
-8.619761921413697167e-03
-1.587548188357049139e-01
-1.702069544706595883e-01
-3.345103386791030697e-01
-2.463745644270374374e-02
1.314070511999089752e-01
-1.569511029841719196e-01
-1.771916250015911631e-01
2.184844174162544339e-01
1.295461883725325392e-01
-1.822974770991548366e-01
-2.930505131989876583e-02
-4.588422466130106375e-02
-1.440361772963184295e-01
-3.402570955674448783e-01
4.018727653416062640e-02
-2.335139873456137105e-01
9.837296934784212077e-02
5.008893054818300272e-02
-1.880794329938461074e-01
-1.004567379718079162e-01
-1.055747978752544364e-01
-6.427763613947774964e-03
8.145358241346052630e-02
-1.492656321739199710e-01
-1.234980332845712209e-02
1.445396309316979711e-01
-1.533483758502311167e-01
5.725425052511792789e-02
9.398592329055607819e-02
1.011049298411756947e-01
2.466539544658810645e-01
-9.414138020690121511e-02
2.843368734081856350e-02
1.578543848306674102e-01
1.184506972153822474e-01
-1.220972555760626299e-01
-1.952060430911227717e-01
2.370202602855798202e-01
8.908086301687491437e-02
7.016808282702223509e-02
-9.301448035816145543e-02
2.055582268436235149e-01
-2.420484774467777378e-01
-2.495658473669847000e-02
-1.077216764522536258e-01
-1.304797349219420088e-01
6.491996013777429075e-02
9.321386232802734984e-02
-1.800283997824050214e-02
2.874672273667475131e-01
3.598927388732616195e-01
-2.371050383187989496e-01
-9.198709870304377922e-02
-5.406563131290310215e-02
-1.016645179865308460e-02
-2.038281040795054608e-02
-3.449521053438475704e-01
2.286240985675740967e-01
-8.373112111473413055e-02
-1.702552741083349641e-01
3.035046329306888002e-01
1.652617744633035624e-01
1.284101101010035606e-01
7.857416526912376631e-02
1.103339909313363620e-01
-2.678229871265904588e-02
1.347686014442774638e-01
-2.905653773836864850e-01
-2.106217433210810508e-01
-1.126587558843575865e-01
-1.561146425837745544e-01
-1.489668970325582487e-01
1.671710873339171954e-01
-4.879927214724737866e-02
-2.123496945400685787e-01
-2.471953766607096481e-01
-8.052318659744485407e-02
9.033914975281578941e-02
-2.286950136681607515e-01
2.211347454194288742e-02
2.523776000962404606e-02
2.636755883589565058e-02
-4.648257767380508526e-02
1.838522465112240878e-01
-2.103060653973082977e-02
1.494581228027729858e-01
-1.098793885787809343e-01
-1.099041317467308772e-03
2.438754297715104158e-01
4.443574343355586459e-02
-4.192172335658422844e-02
3.124391318034749343e-01
-3.851256568016313275e-02
-2.010804919498420263e-03
-1.292753651589521047e-01
-2.395321848452908464e-01
2.144990957603733900e-02
1.525087300998969053e-01
-1.659908879099814272e-01
4.699014436699161697e-03
6.542200490025605608e-02
-5.736501904623495657e-02
-5.378090956900692665e-02
1.796692222807023120e-01
-2.613619986731786637e-01
-2.830567141207899207e-01
-9.749725286538736546e-02
