-4.258265549757711543e-01
6.025139144421200882e-02
1.362777044106189828e-01
-2.819899608006092850e-01
1.441003514961307075e-01
9.856121232188482656e-03
4.909472785176769438e-01
2.450849507637042346e-01
3.069505021705450365e-01
-1.424158118329679479e-01
1.754783720694920168e-01
-2.111919654360004672e-01
-2.895497657442195338e-01
-1.779452916767851056e-01
1.299237264828481675e-01
-1.499605402457086234e-01
-5.440836844401809175e-02
4.322026485386356587e-01
-1.089549771890934021e-01
-4.852527713649965047e-02
-1.364095642740943137e-01
5.659134554579169779e-02
2.697543597112264102e-01
4.666243300664926208e-01
-3.958200825205224760e-01
1.085370254511486138e-01
1.006133227117424894e-01
2.858331218993156453e-01
-2.675937246817539084e-01
-4.929758253350292607e-01
-5.877768173855899003e-02
-3.806283584077134741e-01
-2.847752596754921095e-01
1.821874220954195628e-02
1.340361933044078024e-01
-2.786944163850534339e-01
9.859414569190494415e-02
5.001951359393588814e-02
1.065324557020982423e-02
2.375987131539399611e-01
-6.395229257280364565e-02
2.296871807288724254e-01
5.687580226283850404e-01
-2.023163759371731651e-01
-4.724945518877186890e-02
-1.338526533935353313e-01
-1.112279737279130848e-01
1.050388867781395091e-01
2.015970143190330688e-01
-2.121653448465338210e-01
1.691986276610258910e-01
-3.949492521624049096e-02
1.919644463254679134e-01
-1.875352323210902339e-01
1.919371994802757664e-01
1.889916879630794411e-01
3.107073068963653317e-01
-1.314668333889429559e-02
-2.623793927148121430e-01
-2.092924707946462390e-02
1.318506289968864320e-01
1.972413244470882232e-01
-2.299509737324539616e-01
9.237397727945676233e-04
-6.694460752835031114e-02
-5.761230027988929053e-02
-1.023178718424621325e-01
1.526395940175526433e-01
-4.635520123599444209e-01
2.221350660372801156e-01
-8.087758478064520362e-02
-2.716444905105597774e-01
-1.585611755273899082e-01
3.333289596079884731e-01
-8.580709474562873973e-02
9.848252003688388184e-03
5.828001448882009876e-03
-1.960560048860870153e-01
-2.734336431920056931e-01
-2.772753096772233306e-02
-1.762872852126305678e-01
-5.537234649069774362e-01
1.552037704395271001e-01
2.536620365989152304e-01
-6.471508350068350124e-02
5.889207613878006536e-02
1.120393444725280435e-01
-4.246043772972227792e-01
-4.455625150847636884e-01
-3.714965261229735138e-01
-1.677740196638895231e-01
2.336402843293234610e-01
-1.717444090995641146e-02
-1.117994912914573730e-01
-4.670014697756952327e-01
8.951057421310087969e-02
3.503662079115036354e-01
2.150300427853495955e-01
-2.626148047757432824e-01
-8.012054378754926431e-02
9.825531720852301309e-02
1.481869663417416938e-01
-6.659390844454807223e-02
-8.469753934819668206e-02
-2.516224342677856329e-01
-3.446826646105103364e-01
1.000000000000000000e+00
9.141059209415931808e-02
2.259886878295463974e-01
7.975896781819277748e-02
-4.590454596947073779e-02
2.323446643136292677e-01
-1.157812323470159555e-01
-4.083825633051992726e-02
-6.304709116105972067e-01
1.021865616863374682e-01
-4.663898063688994844e-01
-1.327356492189095960e-01
-1.000547663413582124e-02
1.966403200072315005e-01
2.597095791361955786e-01
5.612075442808763803e-01
3.287235680670737015e-01
6.697547339712031089e-01
-3.847752358721962668e-02
5.822695232014706290e-01
6.531502060072011395e-02
1.922323764760226761e-01
-3.602486997519500078e-01
-9.780245227785229478e-02
-4.235995706931108828e-01
-3.746480835621925909e-01
3.135581831392059149e-01
8.083346538097860301e-02
-2.416018693246357318e-01
-9.599265210721899533e-02
-8.438189809902466032e-02
-8.559922924374399611e-02
2.887660426508990019e-01
2.134347074725898574e-01
3.469628105159108800e-02
-5.592214219768355810e-02
-1.077093230375443349e-02
-8.049642866188949641e-02
-4.696687586469221465e-01
-3.767168059947727937e-02
4.215377898802383227e-01
1.095059290586893885e-01
3.380488365147440999e-02
-8.342407816904134910e-02
-1.686602083179648270e-01
2.849349314323044308e-02
7.350713644036149796e-02
-5.117621534500164243e-02
-2.619676588236828363e-01
9.441078053751814081e-02
1.624066434148867255e-01
-4.056796436391840177e-01
-3.492049832449952707e-01
1.226950057908359482e-01
4.673602301456252633e-02
3.188377260025330173e-01
3.631390019760587229e-02
1.732220301665475803e-01
2.170459409013643717e-02
5.725162222234487785e-01
5.944797598271227279e-02
-3.100179390087023368e-01
6.165618633576507024e-02
-3.737099514377069387e-02
5.020140075416554826e-01
4.588113655736555940e-02
2.164672890088401025e-01
1.955287598378000619e-02
4.161437511761990615e-01
3.035404661735729981e-01
2.395712637554699848e-02
-3.859771112365373291e-02
-1.703917258332465073e-02
2.058824720435934175e-01
7.282475367717268500e-02
-1.114765220024957482e-01
1.639009855721262066e-01
-2.891710286330662627e-01
5.536808548982230516e-02
7.865480440261235495e-02
4.326946116179898882e-01
5.448461981656381459e-02
-7.834955283003403048e-02
1.045488100363013845e-01
-4.394891163122066069e-01
-3.877519055958030259e-01
2.933868771942557130e-01
-1.268239161969715312e-01
-3.343739467382207953e-01
-2.670229272834182543e-01
3.149647308528867318e-01
-1.686812199758998612e-02
8.564835876782976587e-02
3.275112041936035778e-01
-1.350872968409805031e-01
3.714364850304964216e-01
-1.647773411241783004e-01
-4.752959693807882746e-01
-2.816502161383522829e-01
-6.425702912086833640e-02
-2.057063098929484135e-01
-5.881894641079120634e-01
2.741675162478047212e-01
-3.671471898728651539e-01
2.241059305743365801e-02
7.713127934224277282e-02
-3.288843608402308161e-01
4.634930019680112007e-02
2.897253781875298584e-01
-2.066113307156932088e-01
-2.508096254525141178e-01
1.298751119832920464e-01
-9.028805590334888775e-02
4.701962235684539748e-01
-1.008563432294205114e-01
-5.603424000110538428e-01
-2.994867663126349888e-01
1.582008736898407597e-01
3.385886461643030643e-01
-3.361891346313776174e-01
1.992666221325621601e-01
-4.049978580008629231e-02
-1.416940593278455396e-02
-1.077970984873673765e-01
2.339562920500359300e-01
3.963572319910722563e-01
-1.794327844845713948e-01
-1.735396421564785741e-01
-2.979392628359126549e-01
-1.054456298417946331e-01
5.976682742164563661e-02
2.364145080452409453e-01
3.153469153693295168e-01
-2.034217467268907842e-01
2.227545446928740347e-01
-1.530087869189919979e-02
2.302358883513081975e-02
-3.273119712868406972e-01
6.642439702168601023e-02
-9.373394091711001463e-02
9.203761915491474044e-01
4.133866693051334029e-01
5.602941712799830443e-01
2.481976558315202031e-02
4.151255668836274504e-01
-8.706632029647924653e-02
9.130094278729214419e-02
3.717942081809219590e-01
3.256097957025816392e-01
5.304328349361943085e-01
6.486233098261031671e-01
6.133152564083766967e-01
6.010496079570259997e-01
3.289808435099855211e-01
6.443128495467831396e-01
2.311867358914813653e-01
5.445240262744746040e-01
8.845993858857577330e-02
4.348819955053571662e-01
-1.923837219156739609e-01
-1.810395031888069051e-01
2.795628290836673635e-01
-1.854516853074480998e-01
3.473817082047231386e-01
-1.990033706228382798e-02
2.390723538422581396e-01
1.456510111828964726e-01
-5.597505778304615043e-02
-2.907374807565981656e-01
-1.488253658285280112e-01
-3.887293403579905604e-01
3.860665011255433043e-01
2.594228253355954639e-01
-1.368513802099804999e-01
1.888617769787344358e-02
-2.922429023320830543e-01
4.326506561571565324e-01
-3.679178306891240507e-02
1.398988871161872816e-01
3.423403046424240426e-01
-4.005687044951478787e-02
1.323656239333214323e-02
4.248393924630884944e-01
-3.398639530875172121e-01
9.177201264330671349e-02
3.170322894160803040e-01
-2.063190599365092859e-01
2.832153915652490389e-02
3.369299777740499269e-01
4.248300076279568627e-01
1.748320840572606116e-01
2.258556680526911109e-01
1.464489224437646175e-01
2.871487317373785930e-01
-1.125302470793460435e-01
-2.426990669126709299e-01
-4.120657689257099521e-01
-2.299842077279581898e-01
-2.915588832248585671e-01
2.454530956655566198e-01
1.428663784934563197e-01
-1.808070555835008253e-01
3.103188008759831876e-02
4.216729999678400787e-01
2.500794386688570126e-01
-2.262241345733145281e-01
5.271290869385591299e-02
-6.756831199344039141e-02
1.815167797650729942e-01
5.431423967555188553e-02
4.796395488720689437e-02
1.320379137672219871e-01
2.659453723431403627e-01
-3.373493655830359650e-01
-3.882970214760480543e-01
1.844798814371086462e-02
-9.831668641254134866e-02
-4.766556468984806116e-01
-1.105357729003660083e-01
-3.002994762521631403e-02
2.740129995605251612e-01
-2.373442621323361146e-01
-2.440814529742047212e-01
-3.635888615544378144e-01
-3.089713502172392601e-01
-1.217740312004796238e-01
1.691141101649307199e-01
-2.697197612700036329e-01
6.816456873200342492e-02
-1.145976806458074149e-01
-5.739031812691381962e-01
3.567517744069224200e-02
-1.101934302540404087e-01
-1.310140014447672696e-01
-1.014097791698368757e-02
2.305053596642068006e-02
-5.513122270672927705e-01
3.896296717184716263e-01
-1.640379164070065177e-01
-2.873799938734323267e-01
2.192727566825578567e-01
4.221952107254768605e-02
-2.821960200656045692e-02
-1.728071207684619137e-01
-1.590124970358439416e-01
1.326150647874261290e-01
4.257644570879520196e-01
1.290884676357756111e-01
3.033803202889296391e-01
-7.180652844782683397e-01
1.821912932997296897e-01
-2.445300959673079363e-03
2.548429059559243273e-02
9.109853176563313670e-02
-2.203400731071550600e-01
3.337929338151690573e-02
-8.829478909853806512e-02
-5.323258414132106412e-04
2.323027116684200644e-01
3.507855155765588484e-01
1.282923134563792866e-01
6.493787011321269786e-02
1.350013321905042633e-02
-2.803557409984371862e-01
5.508252093542869154e-01
1.125759959558124690e-01
-3.298174111716864476e-01
-9.342283796927262907e-02
-7.142580590161465293e-02
-2.168473221567015219e-01
-2.834689721742187363e-01
-1.257452965248613830e-01
1.791219460027149504e-02
5.194630388916215286e-02
-2.321681356914278571e-01
-1.373639822599139193e-01
-5.559755639631613899e-01
3.950516859515358914e-01
3.787106270695677623e-01
1.559164980188413874e-01
-2.121995447413349833e-01
2.124377203765561994e-01
4.465303422687919022e-02
2.192458138105640442e-01
-5.212458107007622576e-01
-2.092927841982107073e-01
2.892005475842439055e-01
6.608402812795077796e-01
-2.258674398205920975e-01
3.109381891745859328e-01
2.566975328703366421e-01
1.502761468120596688e-01
2.142997742064214617e-01
9.583271301459492242e-02
2.494207928472287616e-01
-5.227541384928261481e-01
-6.294281415203284435e-02
-7.207574215719833935e-03
1.283076939604632094e-01
-5.681898130008974923e-02
3.312427648898558230e-01
-6.951955087677973155e-02
2.065973771557019223e-01
2.137974021535445912e-01
1.221902189896686836e-01
1.792667332449190409e-01
3.420115896779906128e-01
-9.536276078389067587e-03
2.545779663820634253e-01
6.030311243335761268e-02
1.702395915144212235e-01
3.656126756622627609e-04
7.321929600301230190e-02
3.435240353200987307e-01
-5.011570904532812731e-01
-1.998654752038215299e-01
4.430641853211243486e-01
2.831551868390538296e-01
1.359109131761803146e-01
3.177431349172065711e-01
1.693467410060150447e-01
-7.775277902418194567e-03
3.354126310531823502e-02
-1.151130681748997048e-01
-3.657902268173655047e-01
1.901973445210768943e-01
-5.761997897527862955e-01
8.246871301570538743e-03
-2.858927340218461177e-01
1.915615063603378909e-01
1.376733644604567208e-01
1.771671480604064819e-01
-6.620178512632692025e-02
3.543770858438700933e-02
-4.991253184085346906e-01
6.487084759048920672e-03
-2.997841748209101320e-01
-1.960381925964804484e-01
4.310455155579426822e-01
-3.193129361786409964e-02
3.415054037482838090e-01
2.481270506504425211e-01
1.900259317230818534e-01
1.267660654152089339e-01
-4.827879526660084353e-01
-3.785432915281116695e-01
-9.675174137704890820e-02
-8.103490962112209761e-01
-4.881301624214181567e-01
-1.341333447675450707e-01
-7.969858212019205190e-01
-1.474013765560931444e-01
1.462810863070873324e-01
-1.516158066918140979e-01
2.660571494623639177e-01
1.559214652900905440e-01
-2.084630835315196828e-01
-2.492909966463954519e-01
-5.891886912350980943e-01
1.829246016105771366e-01
1.787357657632734128e-03
-2.130279087778445268e-01
4.345446243895608185e-01
-3.913658560084219695e-02
4.016303629935328301e-01
-4.231723895402435542e-01
-3.637314494022510503e-01
2.927657167334842825e-01
-2.350135574540427597e-01
7.372384984797947238e-02
-3.967331430295933381e-01
3.982162048872204263e-01
1.065442003941564769e-01
-3.878235865921649816e-01
1.449926110954045111e-01
3.300146583000573841e-01
3.506790139610789225e-01
2.584699769361413768e-01
-4.285168393268056208e-01
1.325692940060589076e-01
4.732393475935672833e-01
-2.101666653284273850e-02
-1.172495265145923476e-01
-1.327565879033910656e-01
-8.917019804819015238e-02
-1.334974614695242645e-01
-3.656719128405112595e-01
-2.868168867271146394e-01
8.085920939744334346e-02
-3.903372039380051950e-01
-4.314746418957126073e-01
4.646721338024644710e-01
-3.914528132434034746e-01
-2.523836220999518126e-02
-1.188402610276753507e-01
1.439656038877436262e-02
7.698433642888911910e-02
-4.947904550022593773e-01
-3.525086298452833611e-01
2.177084863511322410e-01
2.454661196603801498e-01
-2.999474726562687543e-01
-7.051720841756813074e-02
-1.244397419666688487e-01
1.941164811829588777e-01
1.583527384133017468e-01
