-9.697791081431196558e-02
4.343230678150380442e-01
6.549282847823746645e-02
2.718006984961290340e-01
1.787517925803784602e-01
3.331665908607533977e-01
1.575180628568137453e-01
-1.451069713114964410e-01
1.066973667131776021e-01
5.620691237493137538e-02
1.812415463625251522e-01
5.838460968369690168e-02
6.762431459698829694e-02
1.198645997737301100e-01
-2.314516387128106034e-01
-4.724567700525122427e-01
-1.382596120669526973e-01
3.895328615060749122e-01
-3.115278009838239135e-03
-7.494913810737913185e-02
9.949694209008859425e-02
-8.026623513640801511e-02
-2.070024944791241939e-01
-4.619109246801510194e-02
-2.310387495830307225e-01
-2.424079463217277408e-01
1.556197579222370342e-01
-2.378698523185531488e-01
1.413887760956543116e-01
3.206554851916595950e-01
-4.145725056170766060e-02
-3.564618879368923188e-01
9.078472260533221316e-02
6.717854481653508236e-02
1.446344273086479781e-01
1.571758351509449647e-01
1.443091057662566623e-01
2.288390472337188397e-01
-2.073730300648642388e-01
1.736541130931938404e-01
5.913344147705033166e-02
3.054261930946695902e-02
-1.025403260091302671e-01
1.479875437125321713e-01
9.677684748264252235e-02
-2.660133435153398396e-01
-2.990753702973961703e-01
-4.595702941454584689e-01
1.128486522781090573e-01
-2.306233675865726196e-01
4.708111332197425884e-03
-6.209118663169084507e-02
2.038327449123427670e-01
1.819665574360307403e-01
6.868669858372185300e-02
-1.445213744032465275e-01
-3.719328117752675189e-02
-2.304413833257828725e-01
1.559198284951260616e-01
4.986529225628358875e-01
2.833269105479655492e-01
-9.188567030390634716e-02
3.186713904115320295e-01
6.716213722639059747e-02
-1.179137153394560072e-01
-3.345508495038767433e-02
-8.003056108554242043e-02
1.498170959057643359e-01
-1.631266513042227972e-01
2.864946181480735876e-01
3.918759189339914295e-01
4.294147046536065521e-02
3.846548161122155252e-01
-2.086769601822043019e-01
9.649658890247676812e-02
-1.797416495880035242e-02
8.829458559603981307e-03
6.272416075478752517e-02
-2.801916326985392502e-01
-3.642350475805638740e-03
-9.537913254936762619e-02
-2.151554306421434026e-01
-6.465770606341913335e-03
-5.775490902246343400e-02
-4.752398011968256980e-02
3.441427759327382874e-01
-6.115594888786877320e-02
6.843546300824131234e-02
-2.813621017950779929e-02
-3.172905816417478930e-01
2.228101840597603578e-01
-8.831513065150982389e-02
-1.657968281568024949e-01
2.076927340164195501e-01
-1.566734318137594228e-01
-1.214123143994234183e-01
5.138647988746718881e-02
8.533547345960131036e-02
-1.917673257563280442e-01
1.308203886688801276e-01
1.345548783311807939e-01
2.052148150536285409e-01
-1.655764789386500735e-01
1.915971085011184405e-01
-5.524078453035375924e-01
5.031117832392003469e-02
-1.777010745348344967e-01
2.422191307719550601e-01
1.440215649971164358e-01
1.269332197723136435e-01
1.504565336852132784e-01
1.732367061176295908e-02
-1.350489214087694789e-01
-7.099239054435943497e-02
1.853687253888309239e-01
1.980812798192411739e-01
3.483671666613963325e-01
-7.463809892111133992e-02
1.334668102719830385e-01
9.297416912267479627e-02
1.661727802354563688e-01
8.841296952449287372e-02
-5.106165619325317984e-01
-1.335949212203681180e-02
1.229602303444087864e-02
-3.953345740492230642e-01
-3.506461320729667985e-01
-2.307601579444477635e-01
4.434150938716092949e-02
2.229450254542139631e-01
-2.201073962776941076e-02
6.654827776819308149e-02
-1.279121127125321666e-01
-3.112051883188520773e-01
2.003711460304414271e-01
-1.357143106384648898e-02
-2.003872739421649063e-01
-1.573603800921884732e-01
-1.496110767170502898e-01
-9.308499572963821467e-02
-1.128189819623721946e-01
2.478779514372350667e-02
-5.141051039149945323e-01
2.842736955930331641e-02
1.704483024171409566e-01
-1.019693589491871277e-01
1.831800393262392190e-01
1.558656854616541632e-01
-2.945800830816707738e-01
-3.152998799638605937e-02
5.362323450089323540e-01
6.338776674628085472e-02
-1.024554879803349777e-01
-1.736832039116412985e-01
-3.023377312628072189e-01
-1.384456906656589270e-01
1.969780178680458627e-01
3.606235865752512038e-02
8.070801398675304938e-02
-3.866894206710501380e-02
-1.815357673395119054e-01
-1.783218485493758554e-01
-2.427464876031922569e-01
5.273588592957387244e-02
9.763826114095844333e-02
1.408862193339145696e-01
1.043798674660916109e-01
2.982225609830653212e-01
3.175171279480124564e-01
2.468670317515751778e-01
-1.749972565768438959e-01
-8.692315451386904701e-02
2.970776606126441233e-01
9.763975686097067785e-02
1.683139557990812607e-01
5.246888591609745189e-01
-1.172241437008757561e-02
5.040612736036576003e-01
3.021274821086653573e-01
-4.803497984822902578e-01
3.644489429235756583e-01
-1.845915225886794742e-01
2.628476278651592501e-01
-2.058965633906114368e-01
2.977642412584424747e-01
4.987759085501906192e-02
-9.079998431109205514e-02
-2.150189625869885490e-01
1.709643005185168263e-01
2.904651948237809145e-01
-5.760638959645864032e-02
-2.747437030021813165e-01
3.721866074431357668e-02
-3.461019897194120842e-01
-8.834317664996318986e-02
7.778090070049589744e-02
7.153183938953470988e-02
-5.817096081382508443e-02
3.107264293459055526e-02
-1.153026873941387365e-01
3.728907443541767397e-01
-2.235311841477463299e-02
-1.649774860206876803e-01
3.023431930856579908e-01
-8.676791694258054188e-02
-1.863203932066493651e-01
1.409595901759981007e-01
3.528149227904117669e-02
-2.734610759957241052e-02
1.674022366128341544e-01
-5.493365440684294665e-02
7.273235837300591478e-02
-1.010406882695256137e-01
9.641034581351656807e-02
-2.614237252370185116e-01
2.445475583515648310e-01
-8.412028164131740704e-02
3.621850226662707839e-01
-6.962002998838184853e-02
1.514207088229286291e-01
-6.754929929718712922e-02
7.677498139235514052e-02
-3.352911647665781647e-01
-2.048348899268657292e-02
-1.874570952504092322e-02
3.622364918094018657e-03
-1.319493370359706708e-01
1.569224995309064230e-01
3.738152799678640809e-02
7.499591099768011804e-02
-1.260821475567589500e-01
3.721019662726830490e-01
1.676295003873304046e-01
-1.503773333876615714e-01
-5.898726618000506294e-02
2.877606416005156764e-01
9.253014140503038401e-03
-3.798580958877354474e-01
-2.898585947084861281e-01
-4.872239400954039845e-02
-6.869883790876821217e-02
9.239067730803826595e-02
-5.735053592025236846e-02
4.455686335136572751e-01
3.825630849196135497e-01
1.332637243603063994e-02
7.621340161499987054e-02
1.161761597307019167e-02
-9.561506343256916118e-02
1.996319835415278909e-01
-4.254260915243927021e-01
4.202355139298909470e-01
7.177171857855839388e-02
3.616704346741285159e-01
4.820983729983395749e-01
1.000000000000000000e+00
8.183613414120952667e-01
9.521815002561712094e-01
5.427752573208451947e-01
-2.108976369156489485e-04
-1.210140752583844376e-01
-1.360415303179897117e-01
3.279631836436476822e-01
8.384175817872989434e-02
-2.198315488417874608e-01
-4.636243041813310067e-02
-1.976154385080778342e-01
2.372373066115961437e-01
-1.166675240201580643e-01
2.191840509838166584e-01
-4.365653255599205584e-02
4.716304602462016715e-02
1.647813278606381215e-01
-2.011750750174268187e-01
-2.436002463908475968e-01
-3.280846917931090068e-01
-2.615180109697040622e-01
1.824411588591644540e-01
4.574274186668728093e-02
-2.775910294633440745e-01
1.173560361945947678e-01
-6.725629436177835152e-02
-3.825033894034568505e-01
-5.603635231434748315e-02
1.551919821118011300e-01
2.012638590086398005e-01
4.038385533730931565e-02
1.775342415417562880e-01
1.522801630282836355e-02
-7.387738697849181857e-02
-1.117576660332526318e-02
-1.270228242773334681e-01
-9.501349203714994085e-02
2.681927453117101054e-02
-1.081177588253201816e-01
2.128369319049736863e-01
1.955275223371779614e-01
-3.344743007972710708e-02
3.373679666542380717e-01
-3.329441187519711631e-01
-4.279255548918475816e-01
3.026756255954399233e-01
1.243315388287292711e-01
-1.800905345147837400e-01
-3.113816483835791724e-02
4.059822725738304050e-01
-9.504444386482256701e-02
2.538855829141425935e-01
4.521289451218964833e-02
-1.535618162105580886e-01
1.235936101784100849e-01
2.837684747987789455e-02
-3.598785296077941509e-01
-1.542552459423424671e-01
-2.515685543452624295e-01
2.967757720170491331e-01
-2.731389674381592969e-02
-1.430967744472816383e-01
-3.957669280709582432e-02
4.937281271247472292e-01
-2.035181525857774898e-01
7.517046198835893034e-02
-3.483621836629659241e-02
1.666082361060556571e-01
1.016273706408710592e-01
3.867839000241354297e-01
9.485552761289249568e-02
-1.681775958385436642e-01
2.306060058362547904e-01
1.074638248439043903e-01
2.219943369860583882e-01
5.035349158710489964e-02
1.004758377359580429e-01
-3.056047963311777499e-02
-8.952982119082310286e-02
-2.595447740026870509e-01
3.007227646648369945e-01
9.459588176106918656e-02
-4.843495899161293083e-02
2.684122136239487366e-01
2.102486872519567507e-01
2.408745845715578593e-01
1.360379573995045277e-01
4.764748347433477860e-01
3.415805880338849132e-01
3.158778645407132601e-01
-5.874283436060015462e-02
2.775009515744675248e-01
1.174766808437167770e-01
3.579710818372376924e-01
-2.091538731523215622e-01
1.306625978096110086e-01
-3.765515133679617210e-02
3.253944689615153041e-01
6.159849025173632642e-01
-7.610558622624863379e-02
3.336100037642861227e-01
2.323345537601156571e-02
1.380135562924841575e-01
-1.155922425970583312e-01
4.607489235463048394e-02
-1.129708104735082166e-02
1.688253609892209073e-01
3.313956130973409742e-02
1.191242487761459135e-01
4.042308604045439235e-01
5.464748112263697472e-02
1.071373550737239472e-01
3.281281761301680366e-01
1.002942009673515600e-01
-2.280313458493040957e-01
-2.797032629754754585e-02
7.087785822781890671e-04
9.356072289673571241e-02
-7.645422991514153055e-02
1.233999875093247378e-01
6.204172482587142629e-02
1.420790683553597722e-01
6.170927217565533307e-02
9.659957198241253540e-02
-1.127434405563174646e-01
1.063291124916901920e-01
2.147268718931180098e-01
-3.105610169807957247e-02
-2.006289258239974949e-01
5.227360280775011220e-02
2.469720292652902993e-01
-9.928341445419703107e-03
-4.592838465675413290e-02
-4.575944891348029259e-02
-8.359218683918123727e-02
-2.931240482075607445e-02
-2.184458577464419571e-01
-4.941941950589501947e-02
-5.125432506511426456e-02
1.607584312232335222e-01
-3.142713585715260077e-02
-2.178792922357302986e-01
-3.872668086514713393e-02
-2.870968519752116477e-02
1.722213295104912112e-01
1.727040339986394002e-01
-1.588804291000067703e-01
-5.690066675284054937e-02
2.453277347947110665e-01
-2.695689863889429994e-01
1.796957276714374330e-01
3.123811385400975665e-02
-4.161549466438609068e-02
1.170993616423352118e-01
1.113209534486855612e-01
1.254525983388685151e-01
-4.457661668867155674e-02
-1.266864031808610791e-01
-2.869174760389286982e-01
3.045739855666225113e-02
-1.379958416386812270e-01
1.645463286537580394e-01
-3.355034260110815736e-01
-2.004995032658887510e-01
7.353249789001189973e-02
-2.715517959297502736e-03
-1.385724642268843232e-01
-1.638116657105957441e-01
1.907764616712752728e-02
-7.949073721527660785e-02
-4.777225341683857818e-01
9.148028262023280566e-02
-4.074712814375465175e-01
-9.079525541009815515e-02
1.748862184674416231e-01
-9.302458274523653370e-02
-1.864086507293756245e-01
-3.063560954102779732e-01
-1.103455451105359308e-01
3.284488943275579859e-02
-4.671906030164076906e-01
-1.303050173759019159e-01
-1.697565167808543218e-01
9.492660199934466192e-02
5.863985365066087981e-03
6.178392218624359500e-02
-2.210308944079534821e-01
1.145354362824990979e-01
-1.041778519554467236e-01
-4.726669114476646227e-02
2.664427940220515656e-01
9.565694743249539842e-04
-2.042575316261852625e-01
5.314124222008847001e-04
-1.757589152871503191e-01
6.873603720351871560e-02
-2.566942798308871621e-01
-1.130474543859732589e-01
4.034065577245489753e-01
-1.689454993103036429e-01
-7.396848486010611234e-02
-7.973263083807966001e-02
-2.259510767943717635e-01
-5.052090371525263385e-02
2.889532740704666702e-01
-1.863158808571364344e-01
2.255390414848277014e-01
-2.024508684764794730e-01
-5.420649590007874385e-01
4.606949521258188462e-01
6.521576279819839284e-02
-8.860444411344564619e-02
-1.003444584597214667e-01
1.872580409119953548e-01
4.068868203713711940e-01
-2.321696193806488118e-01
6.492438452351743938e-02
1.699063432705042731e-01
1.044263002566559323e-01
-4.997865749770852295e-02
-1.047263832152860730e-01
-3.947895734192106987e-02
-1.297253378773298438e-01
-8.336821666698232547e-02
9.507841502764680097e-02
1.078052316737331678e-01
2.399567112837178162e-01
-3.360192733669886689e-02
1.725276649852546529e-01
-1.806497926470313764e-01
-8.682801766659856146e-02
6.036296837384128727e-02
-1.303607215997438507e-01
-3.552210247940919552e-01
-1.366833048339250178e-01
-3.618217212339572275e-01
1.324616766080694008e-01
-2.887180253678964803e-01
-1.232428788306870193e-01
-1.466493856000186391e-01
-3.606917982040392934e-01
-6.101633326249761985e-02
1.966711687285707111e-01
-1.854942422654035084e-01
-1.689522829259451353e-01
-2.114558964855845213e-01
-1.070943441204950802e-01
3.607611680736912962e-01
1.612519532436240410e-01
3.569772592298572356e-01
3.343668577252232460e-02
-4.533574225144479386e-02
2.835202159633992691e-01
-7.944112162268311683e-02
-9.930346779650206512e-02
7.740317358562867622e-02
