-1.571311164808218974e-01
-2.586953692163203034e-01
-4.767826574424989250e-01
-3.339837453760815394e-02
1.673125562230742269e-01
2.432112464117847789e-02
-4.514453194988446438e-02
-1.881972350109249736e-01
-4.218398200086017069e-01
1.640925591597661992e-01
5.589566880530310450e-02
2.101776219951109401e-02
-1.625813421950300375e-01
-5.862573596136096132e-02
-9.276072588233549854e-02
-5.209089868504679366e-02
1.397816212069316333e-01
1.091620824027062786e-01
2.591938409639639174e-01
-3.797960898672926577e-02
-2.201081978814537488e-01
2.558188993917754339e-01
-2.177474801228625745e-01
3.357569687006043413e-01
3.084033557118910293e-02
1.413673079446638448e-01
2.078247689330081915e-01
-2.852142008254633307e-02
-1.575659312208684826e-01
4.191191102172420191e-02
-3.374216496440050200e-02
-1.206855109855759917e-01
1.205718211085784614e-01
-2.515749425280652818e-01
1.647733001979046763e-01
-1.518155497113052865e-01
-1.596813857534821329e-02
2.137088839577500898e-01
3.340009983221948198e-01
8.115746354305791721e-02
-2.746832716551838097e-02
2.437588604339793394e-02
5.129792510437987396e-02
9.722944057446432364e-02
4.363679606251649745e-01
1.956944733940041425e-01
1.184473389497447127e-01
1.211135311986467067e-01
1.772927015580642029e-01
-4.231209576855501919e-01
-3.014885297145016851e-01
-1.421971188653217977e-01
-2.216806622988857223e-01
-6.993330232117532519e-02
1.884494081979272706e-01
-1.900619303363604295e-01
4.406968484981770712e-03
2.681202976909197733e-01
1.446438322211742178e-01
-8.979528200556985418e-02
9.196744382516905403e-02
1.281491351740732809e-01
-1.949804451353628620e-01
2.434255300878569450e-01
-2.024844355213608338e-01
2.630571460344132140e-01
9.695870787466927265e-02
1.943965605127968010e-01
-1.343470190745852111e-01
-4.639092783631715983e-02
1.912820227270342066e-01
-2.784395714703605806e-01
9.608322779467834418e-02
-2.213021513435989851e-01
-3.088965068308248685e-01
5.520248204228452721e-02
1.600388657888646149e-01
-1.842446927002257262e-01
4.068115139128158364e-01
-3.155630245968281677e-01
-2.131545232119245736e-01
-1.189870357739101076e-01
2.566999215951503155e-01
1.025494218714167322e-01
1.140132059296724946e-02
4.104863240658812584e-01
-4.269197075859040846e-02
-7.707204659621531839e-02
2.666007499848192103e-03
-1.954238017157886309e-01
-2.686507964382011185e-02
-1.095883525379175993e-01
2.072550080337919598e-01
-1.633139544689510975e-02
2.208670489129933856e-02
8.418623192445785774e-02
-2.285425147977333815e-01
-6.539100076154903685e-02
3.988960120893399880e-02
3.618355962531141778e-02
3.433863922113002121e-02
-9.988331190612993737e-02
-3.652006061530222586e-02
-3.180616244455485297e-01
1.353711810414227057e-01
2.800493441111603365e-01
-1.591896892046326117e-01
-3.246406952849002076e-02
3.981604278415475928e-01
-1.941271014786007942e-01
2.715293641005964154e-01
-4.909574449821445946e-02
1.933180867650809154e-01
5.650913284028584727e-01
1.493805430841320392e-01
3.202216277547743073e-01
5.278782200089403992e-02
1.389663351018573939e-02
1.943726582785993418e-01
3.738069370886584059e-02
2.301493089835450478e-01
4.393850778985037425e-02
-1.475646174161910074e-01
1.296131193349432387e-01
-7.004677153415793389e-02
-1.215292489920463542e-01
-5.949865237294174602e-02
-1.256173544149285504e-01
4.401643670450142154e-01
-1.321180243297117307e-01
-3.714205622146893315e-01
4.158072596221878969e-02
3.254983254208460575e-01
-4.983832387673382651e-03
-1.801198137233738505e-01
-4.226544221340043928e-01
7.970075236033200006e-03
-3.587644413166143909e-02
1.637775536135134546e-01
1.035945261150431618e-01
-1.317023888199130299e-01
1.380308632133993851e-01
3.268627859521111012e-01
4.638666962571805219e-01
-5.535606501427738912e-01
-7.771780115338841610e-02
1.186658313916876678e-01
-1.469987604014756921e-01
-1.024152174729041215e-01
-8.461496987172238693e-02
5.419644906855262956e-02
-2.515013954201402169e-01
2.143618614012187118e-01
-5.680184564646736239e-02
-1.795890069756738427e-01
1.771344275936676260e-01
1.474799145861969696e-01
-3.046644240274661297e-01
2.427205358149787107e-01
8.271095089667737654e-02
-3.050254181393109373e-02
3.814724490870632923e-01
-1.484591307783099737e-02
2.333504140310833086e-01
-4.215412491198012312e-01
-1.841669970173358817e-01
-4.771453002469768639e-02
1.362769458604508599e-01
4.755150320647991702e-01
1.964626220753883379e-01
2.552151945594849924e-01
5.856526510407102787e-02
-6.076005765265041214e-02
2.022640283127827981e-02
8.121538430469368852e-02
-9.082575200438551891e-03
-1.411676834920274348e-01
3.555227862812171402e-01
-1.001906159934450313e-01
2.391240595598378149e-01
2.892756481569859761e-01
-4.595504928635803926e-02
1.570841976823531272e-01
5.725086423309724837e-02
-1.187505767457102263e-01
7.428610125028972666e-02
-1.894790746889437882e-01
1.895972138067090682e-02
-2.635731348684038425e-02
3.095108413637471800e-01
-9.299594019620889551e-02
-2.275702023286332587e-01
1.691096760607923059e-04
-8.909489361826286591e-02
-1.449889175755869897e-01
1.909022140796852174e-01
2.414510751898172464e-02
-2.986481845420230902e-02
-9.059928926510385505e-02
9.894491441883153382e-02
1.337862921611177591e-01
1.297513603478990009e-02
-1.214459473997226424e-01
8.396858778635480844e-03
4.106309901077623281e-02
1.545157845140945341e-01
1.655148979286242550e-01
-1.300118810196558006e-01
9.274146436847240105e-02
-2.711336495817169290e-01
1.458349668707382141e-01
3.559051160729477248e-01
7.336789070638148613e-02
-6.467586893342280874e-02
-1.473873051333121804e-02
1.610117314249424059e-01
3.913598334822644687e-02
-1.424852949565348983e-03
1.663373398933358227e-01
-1.369474594332591253e-03
-4.291065455866882594e-02
-3.286646325810982927e-01
2.260499279557594554e-01
-1.727499291150754734e-01
2.663530091835782931e-01
6.533748683809791069e-02
-6.042903476684641922e-03
-7.965204384587680486e-02
1.630834626829891776e-01
-2.073323816674262909e-01
1.676893626220050254e-02
-1.112569365350885575e-01
3.519809943026085131e-02
2.724115138999195218e-01
-1.496025748372918907e-01
-2.440593359903288351e-01
-2.466701498839980744e-01
5.930104012865866636e-01
-5.768416554190450296e-02
-3.914100125591955109e-02
-1.126199397318987938e-01
-2.148428608683424501e-01
2.928228626092628795e-01
-1.804141827048953706e-01
-3.803804309697774166e-01
3.263617507692045949e-02
2.131428355848992984e-01
-2.470969972126502712e-01
-4.309718232634069945e-01
-9.334977232189230201e-02
6.882139804776188363e-02
-2.784950986597002909e-01
-1.057699160049179049e-01
1.347827940789219914e-01
6.180165152418651831e-01
9.957867029023326211e-01
1.000000000000000000e+00
5.704035657168590179e-01
2.056859689282330428e-01
-2.996325701188754659e-02
-1.079686260107399209e-01
-1.093157156467542274e-01
-1.798459641882052817e-01
1.767472684879375366e-01
1.732327002766726465e-01
1.203026841236522204e-01
2.801761740248286392e-01
1.773864917061496738e-01
2.167772767759936769e-01
-5.461619831852447537e-02
-5.783972700378398751e-02
1.458275526263071997e-01
-2.388590280381935188e-02
1.296977481583416400e-02
-2.163991245105003902e-01
1.669378298571368158e-02
1.959367192360375876e-01
-1.017498793526124407e-01
-2.582210363494942262e-01
-3.816055946004869304e-01
-8.728716155461480053e-02
-1.418485308402443468e-01
-5.451518416292534530e-01
-2.439633439826754124e-01
1.809629058255583789e-01
2.485309123736600956e-01
-1.221912893725505406e-01
2.123748465459219525e-01
-3.938213085433256433e-01
-5.405201378977249858e-03
4.728502121022949423e-01
1.250315421623136511e-02
8.787561542221418442e-02
5.237847778697036771e-01
1.236794210457646710e-02
2.266811412385486557e-01
-7.193984740727654703e-02
9.171715633198405937e-02
-7.155513485154975373e-02
-7.104110330810858853e-02
-1.349999857097539668e-01
2.626221611982525461e-01
1.543857930643080176e-02
-6.050653620569928365e-02
-2.749175356823362892e-01
1.067816855792037278e-01
-1.021838111871747196e-01
2.216291801388884652e-01
-1.430342639235688065e-02
3.164340694750305411e-02
-1.453000830233744656e-01
-1.150464072831204054e-01
-2.189619530313464679e-01
-2.496593191913451353e-03
-2.865863188733382139e-02
-8.053171502486103361e-02
2.059774423261215640e-02
-9.566400456615792303e-02
-8.546142038069556857e-02
-3.886357757477096331e-02
1.385335553659015062e-01
-1.018335744694784384e-01
-5.641520763736512095e-02
1.605633008400247641e-01
1.740515680953899635e-01
3.411857282769253374e-01
-5.251327815392051873e-02
-7.407229697751896436e-02
-2.347328913618992319e-01
1.779160858098444709e-01
1.678454693285779120e-01
-6.967253672590727198e-02
-5.053963445301667273e-02
-2.119890991315694084e-01
3.622863811267935108e-01
6.693575768109567836e-02
-4.656350562636856760e-01
1.862713880891649076e-01
-6.445828065897128700e-02
1.887623077409832650e-01
2.150639730754800583e-01
2.955013495721933031e-02
-4.167963899410208062e-01
-2.611046784924480058e-01
1.890271260548306576e-01
2.444021082503001763e-01
-4.115847825905519786e-01
2.912459198783451941e-01
2.499421668957644560e-01
-5.065482695293937326e-02
-5.750869077837125060e-02
-4.896809546509751226e-02
-2.253218474490836509e-01
2.428007951662644326e-01
-2.071147933929747831e-01
3.788009892988035421e-02
-4.419216449815246972e-02
-9.068101640458016421e-02
8.666250399182817699e-02
3.240444150291741376e-01
4.712118894053950874e-02
-1.141750970401156640e-01
1.952314377486669694e-01
3.985847010480681463e-01
2.832956369809618846e-01
1.476721007679391573e-01
2.366851250217147096e-01
4.671378679463474015e-02
-4.016062881248684546e-02
6.312865008532779487e-02
1.726676198573632304e-01
5.011022657500309452e-02
-1.208133405685142409e-01
-2.087217123864301416e-01
3.627735745050919003e-01
1.846812442999683779e-01
3.698675140287321916e-01
3.724800937333700435e-01
3.845667759029725019e-01
1.185881677791191108e-01
1.300391583524466432e-01
2.623634594367453832e-01
-1.670185246693247638e-01
-1.328281563931032194e-01
-1.557121709535156107e-01
2.266840133834583104e-01
9.332752189933388176e-02
-5.442776718717624862e-02
-1.121599355192854641e-01
-7.116760530543655636e-03
-2.133086078995369630e-02
-2.384607821542725214e-01
-7.153894340877479108e-01
6.214651934579335651e-02
5.472490206230868903e-01
3.546047141177086082e-01
-3.054692097045295235e-02
9.967117301775421656e-02
-3.321616702546912880e-01
-4.534899340580002269e-02
1.927911521861389310e-01
1.650743497070582266e-01
-7.108036593612432341e-02
1.745042643736364474e-01
-1.560085291744624791e-01
5.690308487376121577e-02
-3.527035293337471566e-01
-5.156864423143320969e-02
1.212561045769825901e-01
3.026009510228763397e-03
-2.594984189760201621e-01
-1.436178511110254297e-01
-3.803393279364432611e-01
2.190497998422260284e-01
4.899935127672481322e-02
-3.285010078514389309e-01
-1.054949176117797455e-01
-6.893027951814588439e-02
4.016447202998660315e-02
-7.006969500651415161e-02
-7.206013517368398125e-02
-5.136121668277302543e-01
1.955141801247570199e-01
3.679129626878101245e-02
1.932948548162251590e-01
3.881502089201178951e-02
1.678689567761974255e-01
6.977420154807896513e-02
7.463850811181105271e-02
8.820336471612504059e-02
3.685874808635870165e-02
5.714049059348105114e-02
-6.335878909786967633e-03
-1.151454840558260723e-01
-1.718590140469164473e-01
4.413238554774288613e-01
-3.124523161012309758e-01
-1.606130489047820353e-01
-2.621083712262264886e-01
-1.480046762568292817e-01
2.363828311528130555e-01
3.352150549765271076e-02
-4.023322785946039648e-01
2.636216718192426617e-02
3.349351847454037912e-02
-4.206865029284578839e-02
2.675599936078882912e-01
-3.672094792525204543e-02
3.495200217289651246e-01
3.931232209909922837e-01
-3.870196334655837817e-02
1.083274927359069162e-01
-3.664796342317013789e-01
-3.925075794252243927e-02
-3.064624545844512604e-01
1.008220752635805538e-02
5.368540678838518848e-02
2.112305804815185484e-01
1.076443689337865245e-01
-1.639788742075922734e-01
-3.771279062514236446e-02
4.021628522548705877e-03
-1.847778926656148679e-01
-5.298205808906274877e-02
1.083313115723507913e-01
-1.255410414721722656e-01
-5.006824486527277074e-01
-1.362158309046499205e-01
-1.033734351699269471e-01
2.337278081987360367e-01
-8.248575390062488910e-02
1.191212722427582582e-01
-9.189681907544759720e-02
-9.198784338870183430e-02
3.221032777213089088e-02
2.298985306418158125e-02
9.087953487786817885e-02
3.137247874847491902e-01
1.267940464109359455e-01
-2.686358793061524586e-01
-4.978093177951735393e-02
7.536881752080965002e-01
8.916157195945489944e-02
3.403602015471615672e-01
2.202511448191929455e-02
-2.950331658533839399e-02
-4.784558275308790215e-02
1.753979344683267994e-01
2.466115940263906292e-01
3.396532180348579288e-01
-1.422384237104986626e-01
3.059326935036911221e-01
-7.637747673847052055e-02
-1.614979962546649606e-01
-4.791510885813371479e-02
4.897130046756256738e-02
9.966151915427319367e-04
2.006812486762971359e-01
-1.211386537661147816e-01
-5.220830126075013400e-01
-1.929547204644068426e-01
1.451038897661159344e-01
-5.780338949841366813e-02
-9.038068117238477403e-03
-1.337980129715023517e-02
-1.450972807137707044e-01
1.508065518553412809e-01
-3.246321833872007484e-02
1.889727902474890309e-01
-3.072563776210799347e-01
5.655157172602407606e-02
1.105019920310319481e-01
