-1.327598657573508811e-01
-2.215057035121046347e-01
-2.440524338490757394e-01
-1.680475636329234164e-03
4.283345264487123643e-04
-2.762819593542159211e-02
-1.796378708065908547e-02
-8.967726761772315883e-03
2.036406034947211424e-02
-8.553877335633612577e-02
-1.038797982725261776e-01
-1.748328939079678568e-01
-9.281568075036514265e-02
4.639423577473457405e-02
-2.042223571287003492e-01
-4.404639229709375776e-03
2.873843576772144859e-01
1.001752215555589721e-02
2.004055705395089634e-02
-7.795907426599469649e-03
1.009552471654405897e-01
1.499544125331669364e-01
-1.465713463367565410e-02
3.433798732424504507e-01
-1.230317908249361353e-01
-3.536621748010649463e-02
1.637154676625280497e-02
-5.703487703131115971e-02
4.389170933601997671e-02
-1.249418444354051527e-01
-1.430138998188556498e-01
-2.663100966408549763e-01
-4.237477730757886057e-02
2.768551753165569493e-02
1.230941531821717061e-01
2.293512266525858101e-01
-3.513377091040737268e-03
-2.271026072516117156e-01
-1.557871212596634303e-01
9.551788567627725324e-02
7.219684910875118211e-02
-2.356776518973714707e-01
1.629737554201344252e-01
-9.394324502257132836e-02
-1.534692108131776866e-01
1.143162929460713739e-01
-1.570414219403716213e-02
-9.871196325067103927e-02
-2.130798510888630773e-02
3.584992275147925317e-02
1.590791853162155977e-03
7.964681734700597426e-02
-2.936524848463292203e-01
-1.514023975422691959e-01
-7.690818070903292225e-02
-7.354417939355643863e-02
1.678415571992007138e-01
1.722406836860861934e-01
-1.817417157025139895e-01
-5.612698646784603645e-02
-1.355729988638723904e-01
2.924857440314979073e-01
1.081171620972804365e-01
-4.495314693811648665e-02
1.874995409314313133e-01
2.962038267459867966e-02
-8.422927813442955547e-02
6.018071602334130327e-02
-9.597866734243551412e-02
1.293748549815690874e-01
9.650947529826307825e-02
-2.672151678851513584e-02
1.600984340754333518e-02
2.218579892877459506e-02
4.560840691198363855e-02
-1.168839863606669638e-01
-1.119876737678364570e-01
2.767052531178869346e-02
-1.729848334409875288e-02
-3.324922158770693970e-01
-5.535798320768847702e-02
1.993458205508753522e-01
-1.886979023909108877e-01
-1.630990863702046767e-01
9.874463589340602698e-02
-2.232644933969167231e-02
-1.959607017406365670e-01
-5.134694278536243439e-02
9.779854526673747994e-02
-8.999328526579014609e-02
-9.037855622465335026e-02
-1.995742290583599199e-01
-2.757518541021901637e-01
1.733598676727876042e-01
1.180233061191456462e-01
-1.887622858517097948e-02
1.450299813991663134e-01
-2.639363109518155781e-01
3.421014763768426975e-02
-1.491640620846582943e-01
4.611377612562135575e-02
-1.903370880543149291e-01
-7.042777315017907658e-02
-8.808414834669191229e-02
1.469767289310770220e-01
4.095784562414563901e-01
-8.055143025706396065e-02
4.631033953840179435e-02
-1.483850423340513092e-01
3.181420085984698609e-02
-2.059570592080089135e-01
2.416468030653170229e-01
-2.230369355190978398e-01
-5.084150640963769861e-03
-1.185018300792680529e-01
1.065990238958136466e-01
-6.648098825589622562e-02
-9.062523460539688436e-02
-1.746029760982186485e-01
-1.188714218204974943e-01
5.377222268143142664e-02
-1.704853560150152991e-01
-3.181337855536430642e-02
-7.478549219558601469e-02
-4.057150053579923477e-02
-1.908461565492276801e-01
-1.654794189146404845e-02
-1.966293124858930763e-01
1.711776697144475057e-02
4.406958124767354490e-02
-1.489875316527311255e-01
-2.108038137674601575e-01
-2.607284147673610483e-02
-2.120389394235134839e-01
-2.159208143077783193e-01
-5.991252787525661733e-02
1.409158634194107307e-01
1.268049956997191474e-01
1.860369507788747420e-02
1.308188512277413951e-01
-1.717251626752831217e-01
2.786091478847902425e-01
-6.435545207348811712e-03
1.872203252146686925e-01
2.498717320161319977e-01
2.342285530190863774e-01
5.194727468822091070e-03
-9.541837209340688075e-02
-9.055466186819451091e-02
-8.067833762401280251e-02
3.304467802746254707e-02
-1.839507232854110108e-01
2.155727973654739116e-01
1.236156264018140050e-01
-4.522607796149667736e-02
-4.277494293890289623e-02
1.587707004430446434e-01
1.343656351527051651e-01
8.171061833442133659e-02
-1.684853206882153814e-02
3.349548096251148133e-02
-1.989697437779636979e-01
-3.364533080291309125e-02
-9.866479553461716956e-02
-8.842984524680297387e-02
8.009775034523783366e-02
2.168298869325130662e-01
9.827111289929687382e-03
-7.538952017180432230e-02
3.210693779244029322e-01
-4.548123417513594974e-02
1.073890743756014399e-01
-1.209193484955122938e-01
2.952639820004820392e-01
-2.196739850767318036e-02
-1.846483712988413947e-02
-1.481556509786662035e-02
-7.685191319391559972e-02
1.085392570407682777e-01
4.152433428482219836e-03
-1.525937925541325790e-01
-7.232080606327272176e-02
-3.575129334418771648e-02
-1.647447539047880161e-01
2.956473870607965737e-01
-2.312335183181535303e-01
1.529831907431445370e-01
3.477296326720604597e-02
1.363026934351918296e-01
1.925314338188580110e-01
-1.369502863161071449e-01
1.622068456690690941e-01
1.414124925907719599e-01
1.920988304819511716e-01
5.307199129152662120e-02
-1.640782712674609678e-01
3.688052949761820576e-02
1.840094451913078244e-02
-3.095647655222970029e-01
5.758460409883952441e-02
-7.299007129050405496e-02
-5.197188791802804381e-02
-4.029428286378313601e-02
8.175863771026210813e-02
2.634738909976977461e-01
3.728635165450938215e-03
-9.208547320549509765e-03
9.977897443661197519e-02
8.053323381945512449e-02
1.573259175686844702e-01
-1.247275082958835268e-01
6.286432175198455874e-02
1.716991041693138875e-02
-8.539249577526239129e-03
6.216494202186665513e-02
-9.623585411659804634e-02
-1.086513987209512394e-01
-7.766504145385690061e-02
-8.171807876805241289e-02
-1.689723582049710293e-01
-1.252058728375187724e-01
-2.206351959508932592e-01
2.297317169767982281e-01
-4.412221343564207143e-02
1.180071675143342241e-01
1.336215084566206301e-01
-6.894734519194584133e-02
-2.388491571227616475e-02
-1.771752907289930457e-01
2.370763494865263110e-01
2.176920488070417103e-01
-1.238036437896119363e-01
-6.455918440265732972e-02
7.993231567410573335e-02
1.136246694522452527e-01
-1.075193831381193732e-01
-2.831412418625625302e-02
2.422181290435416745e-01
1.040389514107939173e-01
-1.386155357290134137e-02
-3.342064601871538310e-01
-1.729454587025289279e-04
-6.572219866395460908e-02
3.500062290584288194e-02
-9.929072239023743751e-02
-1.327918482418010415e-01
1.487926076053982527e-01
3.709470305816495866e-02
1.008138373986098013e-01
-1.076723459698927937e-01
6.718825952902181264e-02
6.021731031437710380e-02
-1.055434703104696226e-01
3.960825150809660911e-01
6.985976909292617165e-01
9.632370662148105334e-01
8.321081505762167874e-01
1.000000000000000000e+00
4.188280019702309565e-01
1.282898099369789990e-01
3.059297672740606266e-01
1.625097590491532129e-01
-4.292810294848838776e-02
1.292428072231976977e-01
-9.450943477540323101e-02
-4.063621545103526800e-02
1.360664238174613960e-01
-2.759807922719996198e-01
2.857802601630844985e-01
1.555723614092589802e-01
-3.102948270576082537e-02
2.281000924549039799e-01
-2.191335664787629617e-02
4.077065252118994981e-02
7.696523801284098354e-02
1.287111528511162006e-01
-2.945268259180435777e-01
4.090859061731960677e-02
2.019620934363984266e-01
-3.206799028518795159e-03
-9.703045553743261387e-02
1.884907361978081508e-01
-1.024060818790610838e-01
-1.022208114048574201e-01
-1.530826980049939667e-01
2.132353112422824548e-01
1.406525441630873501e-02
9.507179417823505285e-02
-2.071770750316894241e-02
6.246504029623936582e-02
-2.754769942316923070e-01
-2.240330885329138225e-02
-1.971580666556100453e-02
-7.202849862402899150e-02
1.993840185310486735e-01
-6.906606945118681784e-02
1.687986114404361471e-01
-2.142209547851155194e-02
-7.481066556787702160e-02
-2.266094822667435726e-01
-4.649174499183747478e-02
1.352561106632011456e-01
1.675954661858180539e-01
-7.750317600081692293e-02
-7.903768041766906505e-02
9.160906906857892162e-02
-1.012361284424217328e-01
-3.407744431985006844e-02
1.614693634231387509e-01
-2.138349843777780646e-01
1.394583790121182720e-01
7.377871633643919014e-02
-2.885573001717291891e-02
-3.083661712087257256e-01
1.054453370441537502e-01
-2.956148811630966433e-01
2.314980051019330798e-01
-2.185718668013478597e-02
-3.474546561473080414e-02
-4.434905601331403519e-02
-1.598206846106044188e-01
-7.156826864892158746e-02
-1.478273996117440148e-01
-1.511061306953693784e-01
6.000830757804510862e-02
2.396419705345110077e-02
3.760609475577397776e-02
-3.022350276850449546e-01
1.282851939643483707e-01
-1.266023090950583463e-01
-5.512381126511046309e-02
1.243425186059738188e-02
9.899134470691141330e-02
8.321775623946915668e-02
1.377252010566409716e-02
3.973315501447960245e-03
3.238003485469121423e-01
-2.378591324725042033e-01
-8.476060734854613810e-02
-4.552585107790446672e-02
4.337861223582224757e-02
-9.180929816933930399e-02
2.755519868412164564e-01
5.770077337876534235e-02
-2.289903392773228463e-01
-2.026661205774661079e-01
-3.499433713498765336e-02
-2.371801129642345796e-01
-8.941207494335948192e-02
-6.495434178877183828e-02
2.386937663337264925e-01
6.047073069266582085e-02
-1.437834787134403304e-02
7.176306478804751754e-02
2.676277456151651690e-01
-3.916187722317777120e-01
4.657115639621052516e-02
-1.064910020472856766e-01
-3.584116896548235620e-01
9.283548719813249084e-02
-8.261634719667708404e-02
9.388252727428593458e-02
3.539983724697411127e-02
-2.111040954035900419e-02
-7.810969184175160784e-02
-6.400321040108664095e-02
8.898935702814665671e-02
1.658879984721007839e-01
-2.923404713269291966e-01
3.906899349683388284e-03
2.201643611124638467e-01
-3.431561235192110565e-02
1.526078691601016057e-01
5.955851888175794223e-02
-1.157629060426550172e-01
-3.882351163919718628e-02
-1.762935877765806902e-01
7.857322781999789840e-02
-5.767425953225965851e-02
1.278310189890193849e-01
4.413039762082273526e-02
4.192754466809484742e-02
1.265657601302969289e-02
4.005667284379910847e-02
-3.964200790115013362e-02
9.284367030584035618e-02
-5.800967773255572002e-02
2.051951933784783300e-01
3.144353834845475260e-01
1.836293955070933751e-02
2.557402024334956558e-02
-6.704516823103268477e-03
2.072300262479667421e-01
-1.511862951346351625e-01
1.229648208990906239e-01
9.734531741555631223e-02
-1.117032567941124294e-01
-1.015987159767100384e-01
-4.932301266490200092e-02
1.803177209988910124e-01
-3.571752550348357702e-01
-8.272256710078264297e-02
-2.144138735805273810e-01
-6.824335157221220194e-02
3.340048688238392294e-02
-3.093585474588994022e-01
4.870291219292895157e-02
2.732658271025619201e-01
-8.227333533907930929e-02
-1.582879485448795698e-01
4.178507480030920207e-01
-1.332618670967535557e-01
-4.085329201462892766e-03
1.286693185382367655e-01
4.045326925703102150e-02
2.041883168114376201e-01
1.672476411777775451e-01
2.535439150832679567e-01
-6.132379377367312701e-02
1.999246848048125830e-02
-1.088216790583179938e-01
1.555487266945216329e-01
-1.203183999174010504e-01
-2.079965101331580635e-01
1.499334053963236740e-02
-2.612568638916250574e-01
3.970154890362959099e-02
-7.064335738809629506e-02
-1.082360803738154215e-01
-2.851733413222096516e-02
1.693931452619971967e-01
4.471949840878827742e-02
1.661692751821637060e-01
4.801610184954554356e-02
4.926094927083003033e-02
1.991644423696986299e-01
2.766564504674719205e-02
1.434833628167123398e-01
-7.190637189171575350e-02
-2.920805040458924751e-01
2.861447440286833399e-01
-1.656228171235594321e-02
-2.325390801294338269e-03
-4.599030475306362803e-02
-1.488983919937413372e-02
-5.567755204442642256e-03
1.225247539680498071e-01
1.862275871246931724e-01
-1.240105855326284617e-01
-1.147863086405210009e-01
1.235266548056577485e-01
2.989861250236164683e-02
9.946172123563597200e-02
-1.881422577133349261e-01
-3.789661084329524754e-01
-2.449888719081268207e-01
4.515370543483267218e-02
-1.291244437262705769e-01
1.233929994627169183e-03
1.425630004139037121e-01
1.033890625994413198e-01
-4.502515530162287671e-03
-2.236822754724337448e-01
5.828048720947456851e-03
5.075191813828939386e-02
-6.317109799784549617e-02
6.065865161054555948e-02
-3.256978988077726123e-01
-1.237039728712996667e-01
-3.708982588166528233e-02
-1.633609887474189448e-01
-1.564677811389227069e-01
-1.110956291670249646e-01
9.109391097506570889e-02
2.263426398364065395e-01
-4.742247168568719637e-04
7.348150368323559493e-03
4.865315698175280007e-02
-6.747866955949739787e-02
4.487504665266907333e-02
4.196859726605149388e-01
-3.392015311729708604e-01
-1.269378594415522254e-01
-1.852819894065666773e-01
-2.091491156314422284e-01
-2.036904121974759674e-01
-1.333692984174177643e-01
-2.078352991620777412e-01
2.212330758582890800e-02
7.193753214362910708e-02
-6.294065576931956452e-02
-7.184649715881016342e-03
8.047277303704788998e-02
1.039035316121424968e-01
5.527490719282347059e-02
3.355471177439886543e-01
1.648185405816728760e-02
5.428210615426380670e-02
-2.177379410804951565e-01
-3.958259255539183993e-03
7.559747514804050772e-02
-1.904481882234771439e-01
-1.147968440659036596e-02
1.240706163550777813e-01
1.301813671411183315e-01
-5.234759837279091832e-03
1.774178115187566573e-01
1.738130567591017750e-01
5.574496196445724236e-03
-2.741314236535617385e-02
2.320750588389259295e-01
5.425955279290220479e-02
