-1.192330135501805666e-01
1.082988404312575093e-01
-1.331747171870413526e-01
-6.176005271787705225e-02
-3.400697459945078299e-02
2.660312117649331620e-01
9.419464217904514880e-02
1.254518598348108513e-02
-1.161863744044072805e-01
1.071036051605296219e-01
1.476741687769695943e-01
-4.784664993952297829e-02
-1.322551782953878229e-02
-2.910765258578832393e-01
1.122796717720883908e-01
-1.537535281685106781e-01
-2.395770294025542299e-02
6.010152985325626501e-02
8.294808316890157907e-02
-2.037005635171934559e-02
1.285709421983902978e-01
7.483680222657777825e-02
-8.591685725963651987e-02
1.458031435552678903e-02
-1.579587312483805295e-01
-1.581263730153828762e-01
6.831078745566781033e-03
6.415839722261564015e-02
-2.187072088420612404e-01
-4.074314342440039233e-02
-1.289796632043247182e-01
-3.455620731418983238e-02
-7.112291413794606665e-02
1.746458714095157350e-02
-7.044771293833840264e-02
-1.024105000132296828e-01
-3.251966813699956604e-02
-1.832171132421837323e-01
9.581704018342315776e-02
-1.699892059667388877e-01
-1.232044314216666631e-01
-1.597429735686216323e-02
-3.842123621843047260e-02
8.643023857529424925e-02
-3.271522599746921195e-02
-2.105444563832396254e-01
1.040025615840814016e-01
3.394936334751285506e-02
-9.711117522319334672e-02
1.092761506158637930e-01
-4.627762130140274967e-03
6.940767825240370947e-02
-1.158677979243612211e-01
1.212501518722017557e-01
8.465102307839315887e-02
1.742513712071424832e-03
-5.781136988594712950e-02
-1.767309920367289219e-02
6.110135246966283407e-02
-3.666722650860562704e-02
9.863492996857545214e-02
-7.993460206695376935e-02
6.023625358126875884e-02
-2.794758733262007189e-01
5.478910610075436727e-02
-4.758339262637904798e-02
1.051779947294201600e-01
-1.714842077299786050e-01
-4.399814773953122371e-01
1.126197001688749103e-02
-1.948499318066269567e-02
-1.029933089931393680e-01
-3.667353563826600826e-01
1.778887684710128425e-01
-1.524903544589117747e-02
3.263781204742767332e-03
-1.556472296496002050e-01
-2.695915506515468921e-02
3.415488284094027049e-01
-1.543615429354965873e-01
-1.052045609141899624e-01
-1.937220711013119545e-01
-3.195140395368633590e-01
-5.991685716368277959e-02
-6.356986071239627278e-02
-2.042715413767026700e-02
-4.038300496610859602e-02
1.402633620531157019e-02
-7.841423235936435809e-02
-1.737187416128881945e-01
8.443025943083720675e-02
-4.188586418740018746e-02
1.478365690395582743e-01
9.247592690294723083e-02
-2.017049467135174634e-01
-2.278209718538173334e-01
-1.357427051315214239e-01
4.405320159466668412e-02
1.349372590863197330e-01
-1.358295484833939859e-01
-5.500710903444815808e-02
-1.141232960366239113e-01
-8.465725716656596900e-02
1.586803072203063492e-01
-1.470319804150289900e-01
-5.759610425283112622e-02
-2.338798873989490212e-01
4.244264718169448170e-01
-8.050801452866393482e-02
-1.199656803496534363e-01
-8.869481847944353514e-02
-1.433515839627525282e-02
1.282403266982441170e-01
-4.399602305625182064e-01
-7.266807096530192300e-02
1.028859613443850324e-01
-2.121476426838987128e-01
8.233557947645570030e-02
1.131039008106878851e-01
1.311844245271561182e-01
-3.151455316280394464e-02
1.409864102993476642e-01
5.820758881327563888e-02
-1.734042862443877786e-01
-9.141301056003950506e-04
8.217244358603841003e-02
-7.436095613038301577e-02
-1.212540604190229521e-01
2.300270496290303945e-01
2.635750910351394513e-02
1.716186140515378600e-01
-8.590922240935058851e-02
1.283782568015851278e-01
-3.875172346357357023e-02
1.260652330937823140e-01
-2.918749880517317041e-02
-2.108317143349460188e-01
1.230766234213223204e-01
-1.569574639245791547e-01
-1.495599793436813707e-01
4.845707455759197535e-02
-2.865870949090907130e-02
1.304121941603883679e-02
7.793906790265485440e-02
9.609524288260207214e-02
-1.443678497690935314e-02
-2.163459058578178287e-02
2.956250655434291552e-01
-3.284744507572143896e-02
2.823541826688207371e-02
4.047948576402760623e-01
-1.396241845796944436e-01
9.489731144081487574e-03
-3.449079950061689770e-02
2.227665973663816301e-01
5.604113633217562562e-03
-1.182965732153688498e-01
1.664587760606128569e-03
1.300284426444273389e-01
9.696330858741347702e-02
-2.061509409899924331e-02
-1.333734305694641575e-01
8.278028378286048095e-03
-2.156228214661862208e-01
-6.023525453533025431e-02
4.162363982245508021e-02
3.909459790257245604e-02
1.231916563278236398e-01
-7.754909956872002574e-02
1.661559138121830870e-01
1.974897607859372323e-02
-3.210871124577066027e-01
-5.802077928784612343e-02
2.937466603111436592e-01
1.394990094841234984e-01
-9.296346710731496696e-03
3.301959962741263244e-02
2.161774523377854931e-02
-4.833278343092563961e-02
2.617508099911343145e-01
-8.802833862071943183e-02
2.279344387059943355e-01
-2.576333241889900427e-01
-4.629084059205830493e-02
4.625016036809532771e-01
1.247077766688341333e-01
-3.333283299814707723e-01
2.200281121423497688e-01
1.823428473514397130e-01
-1.832690299742336104e-01
-8.908333519787979549e-02
-1.418015867744028546e-01
1.101924085984414166e-02
1.858545861664805676e-01
7.197769172886187006e-02
-4.971830115547935802e-02
8.673483525891795276e-02
8.572422227029243003e-02
2.864345859064343011e-03
-1.888739096834781417e-01
-8.390250619970968105e-02
1.567604293035146715e-02
1.074787229071066663e-01
1.803847979991426986e-01
3.981921853847773807e-02
3.376158554346739976e-02
-5.931661509910296504e-02
1.592019312049797741e-01
-1.215454394822850642e-01
-1.509847165539839331e-01
-1.701786510859551738e-01
8.531119643141545431e-03
-7.844634696601505974e-02
9.095831835516449138e-02
-1.996277314509609449e-02
5.099281458158618462e-03
-8.653165765021715236e-03
1.842033912346583702e-01
-2.423239641766423980e-01
1.778051992989793939e-01
1.151496138983217621e-01
-3.442968484496988224e-01
-8.699081862759656947e-02
1.039582458000671839e-01
1.262698366096824121e-01
-4.629622730261025165e-02
-2.421196510730188323e-01
1.664186581052845282e-01
3.027867755814114131e-02
7.671221409420371506e-02
-2.183440527139465515e-01
-1.741152101421392373e-01
1.036274681426475469e-01
-2.133622614127360928e-01
1.434197762225760675e-01
-2.324698656128873220e-01
-3.789956839033722935e-01
-1.320033859070478613e-02
8.926376587491255399e-02
2.984123628309532372e-01
8.081758616362345882e-02
2.559825548325612710e-01
7.478833372392344227e-03
1.574249129944372827e-01
-2.210314681376351065e-01
8.774443915857353671e-02
9.513652007779424546e-02
-2.282997778583457926e-01
-2.053775732792214870e-01
-5.405896359120037492e-02
3.362072252594924121e-02
1.422936342585217895e-01
1.697008780296154762e-01
2.190902175030361720e-01
6.009992819367310224e-01
9.832109514243417836e-01
1.000000000000000000e+00
7.871928675785555551e-01
4.397643117962279913e-01
2.709267744411146817e-01
2.341655357969838480e-01
1.174571226405796420e-01
3.193269873175949014e-01
3.490512668992142714e-02
7.986346358814347401e-02
1.052713525387207055e-01
-6.915357099048458078e-02
-8.541331723180597968e-02
1.284040434132245334e-01
-2.120726569486825960e-02
3.888672756084122356e-02
-2.636261544481072541e-02
3.314785398792074456e-01
-1.024194100596188955e-01
2.543109696488053337e-02
-1.254716872840323516e-01
1.123433348688728517e-01
8.960351408127063474e-03
1.046536677923637082e-01
-7.549913711453741516e-02
1.001683720903680519e-01
-2.531018396792325542e-02
-2.509416575585353762e-02
5.605249339371659589e-02
1.857797140822240942e-02
1.576951130294159953e-01
1.542960815795248464e-01
3.261594129637719330e-01
7.709371068917751646e-02
7.315431307157922725e-02
-4.385670513874097981e-02
1.156106263583040056e-01
1.857694536811727373e-02
3.383135402746701575e-02
1.615845951417791415e-01
-7.550659285642474794e-02
-2.505043045233996124e-01
1.687494657605466408e-01
2.281355793365497098e-01
3.170747762005609455e-04
-1.503587556822753302e-01
-2.011587073634379941e-01
-2.722577355687248735e-02
7.230954627977208282e-02
9.272985550241227837e-02
2.094434158104672705e-01
1.196776597759417471e-01
1.132201558168281219e-01
2.339162147808948877e-01
3.776967164293810741e-01
2.033042148702382257e-01
7.339465623675832384e-02
1.023095216157549892e-01
6.032353260358265176e-03
-1.032352177667184290e-01
-3.358755066595652677e-02
-1.147668882956153630e-01
-8.623027923401371808e-02
-1.587961801504205461e-01
2.998718984060754766e-01
4.588677807488174623e-03
2.585876666832226389e-01
9.466746145425447567e-02
-2.695828382828481876e-02
-1.214306291835597768e-01
1.918249136429512336e-01
4.416973006195833162e-02
4.463972037285041800e-02
3.417167001381991587e-01
2.163408136517722125e-01
2.060953428570314327e-01
6.888543729781783365e-02
9.488259888434359690e-03
-2.145951957313800822e-03
2.039009431960878416e-01
7.380447069337035294e-03
-8.685954083379364421e-02
1.182309062027663282e-01
2.803160863828084437e-03
2.101361274963626791e-01
-1.530386984129513961e-01
-1.999527251678621942e-02
8.641890863477041940e-02
1.206725917507137508e-01
7.677851969284851807e-02
2.920440616673342094e-01
1.509813453323685661e-01
3.083034231436161399e-01
9.703093063846006394e-02
1.484358359174284547e-01
-3.109554789659936536e-02
-7.986372278718313622e-02
6.664022434656724503e-02
-1.537860710395480279e-01
4.768392267337400597e-02
-5.381318286208387758e-02
1.731026536881680455e-01
4.838184755264453574e-01
1.108197926882152073e-01
-1.577909538723469562e-01
-1.282222454304246528e-01
-4.066684353184767814e-02
-8.596586762575152141e-02
2.304616246051904016e-01
2.638020888977187228e-01
-1.889762549407955905e-01
-2.322446491331640189e-02
1.368156547214981755e-01
1.438673049550633909e-01
7.470571089521163555e-02
-3.464291505703118862e-02
4.013297844557643379e-01
9.559047851204363622e-02
-5.776556813825971942e-02
2.875233071831951454e-02
-5.091938530343637082e-02
-1.303371292263698911e-01
-1.201351442350719750e-01
-1.415445800546324684e-01
-1.833041474906042800e-02
2.616980124251276352e-01
-1.488853877079214343e-02
7.265605580443068590e-02
1.316585094013616453e-01
-9.350139361386829162e-02
3.865813961688622236e-01
1.762005078404128566e-01
-4.917013798022289162e-02
8.862310653008816097e-02
-3.675818361801585360e-02
1.312523369904792236e-01
5.342326960061481028e-02
2.733197496323507836e-01
-8.691008066295928536e-02
-1.347812477151491828e-01
5.251494141881422884e-02
8.537447982207310715e-02
1.656403421182805757e-01
-1.947302420817221408e-02
1.757341256210239178e-01
-3.318777405460605900e-02
-2.009661937210234228e-01
7.941347146217428432e-02
-2.803462402672305953e-01
1.090685102359165992e-01
1.693084023569070007e-01
7.039965076477645856e-02
5.450735351749592950e-02
-6.656181461230499530e-02
-1.534420153112743268e-01
4.002515545790478330e-02
-1.196801936629576374e-01
-1.505568447407575339e-01
-2.755882590226835585e-02
2.437023455937597366e-02
-5.358852071074823170e-02
4.917278514711811294e-02
-1.689785686729701752e-01
1.343828696228127617e-01
8.236709406431907965e-02
6.155206102922636952e-02
-1.411664350411254709e-01
5.615354650380562085e-02
1.599307407569513506e-01
-9.457644882645412088e-02
-1.904645535411016721e-01
1.613190970429193016e-01
-2.206280495325412816e-01
5.914100188114733425e-02
-3.741301233031387174e-01
2.263570559681098160e-01
-7.333014889729075336e-02
1.038503855771746032e-01
-6.919403396117914697e-03
-1.320845470771390695e-01
1.251566388048383216e-01
-2.922069990243157320e-02
2.495702887477070919e-01
-2.576801660080914325e-02
1.248481170691926601e-01
4.021583962788511518e-02
-1.056669429230283203e-01
5.439479135849454444e-02
1.690946204963614946e-02
3.955067622156280965e-02
-4.297417316568684365e-02
-1.323400582361090594e-01
-9.988039079695348876e-02
1.425562289112831602e-02
9.365149565732726333e-02
1.101379391790593826e-01
-1.896107020286984593e-02
1.517512812441610126e-01
3.310295354568813103e-02
-2.321413117900584799e-01
1.043445725861729956e-01
-9.281895928014932684e-02
7.660732068773851156e-02
7.671526566627685784e-02
-4.526712128694915932e-02
-1.060800580557253736e-01
-1.217021722191523325e-01
-9.980125969699453481e-02
-2.594093429076797519e-01
-1.144076137201552462e-01
2.182038452336159395e-01
-1.853903700201932347e-01
9.577822976785690945e-02
1.342359616685618873e-01
1.776164293570790531e-01
-2.191390632380059433e-02
-1.815165858727885995e-01
2.368193439731281630e-02
2.002356441172579993e-01
7.570272885245421524e-02
1.858832621929297213e-01
5.001114641213034728e-01
9.021657935202893885e-02
-5.131085188716482531e-02
1.078268562475687281e-01
1.493700789658815586e-01
9.821888927570926464e-02
5.442748678970837917e-02
6.568318580803525486e-02
-5.094417242321287731e-02
-5.334352646283571642e-02
-2.060403263885363379e-01
-1.284906375954808673e-03
-1.086395811693481733e-01
-2.201766901007949084e-01
1.631697483390009140e-01
9.359747599169174204e-02
-2.605964642103294482e-01
-9.410977619476852685e-02
-9.075478436618569312e-04
-1.025613595677447587e-01
-1.591648438900822582e-01
-9.785502675704173259e-02
-2.757513124006245875e-02
-1.301259508025291722e-01
-3.427592822964738162e-02
-1.225826956113635763e-01
6.963622931041199560e-02
-3.046809469770235812e-01
-1.649299067045751840e-02
3.397865064288869696e-01
-1.009254608847265644e-01
-1.445385425353840902e-01
1.368516073814259881e-01
-5.334660458315110959e-02
-5.528124371856592972e-02
-1.293007296261049766e-01
