1.280102918657984312e-01
-3.491268279863257717e-02
-6.043525781353081827e-02
1.111001517156373353e-01
4.654032729281792347e-01
-1.437350279721153791e-02
1.532378207606306386e-01
1.905321611635461473e-02
3.688224756582180741e-01
1.664362524963151346e-01
-2.104032113421318850e-01
2.624474796614886807e-01
1.622811852107892139e-01
1.233937616318231401e-01
1.358064089500700677e-01
-9.277147395810990405e-02
-2.182972636712009473e-01
-4.935160740645514604e-02
-1.545467579190671070e-01
-1.997092960403735670e-02
-6.259591952861021102e-02
-4.169662924135597581e-02
-2.082567366067901160e-01
-5.586175874286639642e-01
2.600117942817637973e-01
3.586682469874785117e-01
-3.566101867548944482e-02
5.638116114990004979e-02
1.276766195329078202e-01
-1.398766913132406531e-01
9.489604515743174651e-02
-4.779672395115053263e-02
-2.111844942070170445e-03
-1.046598515362005544e-01
-2.382275066493666771e-01
1.452444144887743704e-01
2.915996745494859876e-01
2.251719108538244307e-01
-3.791497580118335931e-01
-2.830543632434848744e-01
-2.108621758908284793e-01
1.391796892578162914e-01
-1.243419281406719368e-01
-6.801108280360605718e-02
-2.164213958228649592e-01
-5.751910401845614085e-02
-1.882530955874215095e-01
1.600216058726008569e-02
-6.230546849860677666e-02
2.682235742699027869e-01
-1.600379156056330743e-01
-3.784791742406031223e-01
2.685019350104517200e-01
-2.612979695593076745e-01
-1.998450083474830608e-01
-2.462793029352099983e-01
-1.156347344232368929e-01
-1.869909205362073334e-01
8.926091115579387614e-02
5.276954738382700488e-02
5.352437845335907864e-03
1.802236791416962913e-01
2.003393437683568742e-02
2.847227890145481721e-02
-4.861621453331821385e-01
2.788356701589035369e-01
3.692163401371205411e-02
1.282177353363584127e-01
-2.043950557177013627e-01
-9.666370583887229362e-02
-4.965727529495579835e-04
1.313151227829534133e-03
2.049789572506454521e-02
1.096992381745493239e-01
-2.032572538642272164e-01
4.804395263211875822e-01
8.336268309513443497e-02
-3.123018701967498340e-02
-1.518921188012737622e-01
1.768219445326129624e-01
-2.500549958136907835e-01
-2.377643036353464245e-01
-2.230918993135443951e-01
1.657532218108912214e-01
-1.891056215228741066e-01
7.147138777920231112e-02
1.132393546487408392e-01
-4.488714881563600767e-01
2.605793480381035088e-01
-2.201658949745366467e-01
-7.447780126726348537e-02
3.277393422529439326e-01
-2.787631714669644989e-01
2.352581399923898142e-01
-2.788326432298278423e-02
-2.015311174647574644e-01
2.480519285923618242e-02
-4.799293343694545355e-02
1.579840423595127719e-01
-4.126721632440519955e-02
6.211120623999094245e-03
2.158252291214604601e-01
1.620449308141532208e-01
1.787977463456287275e-01
1.813105058386600132e-01
2.275908128835780475e-01
2.481529330782343834e-01
1.931028665498401575e-01
5.839457218724700832e-02
1.516491295796642824e-01
-5.232968423238203853e-02
-1.492175375699217321e-01
-2.040236938185642779e-01
-8.741114022407074635e-02
3.351653378236720826e-01
-1.741461032469720782e-01
1.594892086724928326e-01
-4.946107054743349718e-02
1.511642267580290688e-01
2.183562533757490987e-01
-2.067559243582335615e-01
-6.812141069724248800e-03
1.984044085604493024e-01
-4.320832665093126551e-02
-1.510506210820247996e-01
-4.471844776496921581e-01
2.189579362253584183e-01
-4.339377474696728965e-01
9.594490600529864688e-02
-3.435436305705456550e-01
1.916978752272056608e-01
-2.209892259029556383e-01
3.673259835962108810e-02
1.731736229316022391e-01
6.922671914477834809e-02
-1.185822778861091303e-01
-4.224361577764729203e-02
-1.568795288830011347e-01
1.529027924430732821e-01
-5.029407370744285594e-02
-1.302409934979578861e-02
-1.527397282790292354e-01
-6.713964937178731884e-02
5.553141291007078761e-01
3.086590302194411675e-02
5.345104377218797692e-02
1.691309992382191707e-01
-2.000755076103247210e-01
9.778390533497322012e-02
-6.470863942404034286e-02
3.156928817219323835e-01
2.264236377107275711e-01
2.949213017083215926e-01
2.509404575816263638e-01
7.553501565931476647e-02
3.610238086681280545e-02
3.163213415206309609e-01
-2.263914602124799391e-01
9.391487230173088674e-02
2.410664276874874556e-01
-3.781436350359981130e-02
2.005165935187710469e-01
1.233854728411181989e-01
2.010369461611312691e-01
-8.155988988029055919e-02
2.119450071882640063e-01
-6.887989240910610822e-02
9.052456761832089471e-02
3.068462088089804474e-01
-2.201466823595773711e-02
9.192921994478200909e-02
4.374451040824883785e-02
1.414755388172853345e-01
-1.365443925629403199e-01
1.136807775132041010e-01
1.325498734131133893e-01
-2.136788503165233111e-01
-2.044800796255927811e-01
1.625637667880962534e-01
1.978107205901557530e-01
-1.981398310500118998e-01
-3.174088505911732555e-02
-6.245014043464440501e-02
6.927767667269649210e-02
-2.817359928390743007e-01
1.433656739872742614e-01
-9.090823133631012465e-02
-5.174193062629862672e-01
1.827485916374516906e-01
-4.902581094772944306e-03
3.742004765030831903e-01
7.904226105444932260e-02
2.052390538768595063e-01
-1.651798305387121579e-01
-2.588753287442077111e-01
-1.367460985282715202e-01
-2.629749237536147533e-01
2.892900848044530071e-01
-4.849446534629664636e-03
-3.335633556060740162e-02
-2.783694670250235204e-01
-8.947123166096368832e-03
-1.209932830070278437e-01
-1.546653308983622077e-01
-2.865256140532397855e-01
-1.660827580302510695e-02
-1.601260355636819621e-01
1.974196576031524986e-01
8.785669920190438895e-03
-1.212413127469790311e-02
-2.907394906907879717e-01
2.682689197192382746e-01
7.979993016669645334e-02
1.403274670818428771e-01
8.433045476144476749e-02
2.428597073144686536e-01
3.018620941245034675e-02
-2.546847312960948684e-01
-4.996060898641662253e-04
3.606015892380003834e-02
-1.067043485023829869e-01
-2.840682464944654928e-01
-7.707976042018678531e-02
-1.414988512237221330e-01
-1.731765738864985693e-01
5.140932148868881946e-02
-1.982490948440576717e-02
-4.013210881169901323e-02
-3.329588289391769984e-01
1.076024453243742546e-01
-2.281811793664574872e-01
1.652480202509584439e-01
-1.079080531977215235e-01
-1.399301197848532852e-01
-9.136896119913001657e-04
-1.294237933361618298e-01
1.885008270345913117e-01
-2.379743787333246097e-01
1.506340059431167389e-01
3.188264098733352703e-01
1.935732257670255141e-01
2.389250158709451191e-02
2.820304080916540279e-01
2.406851030515287648e-02
-2.715775257030110801e-01
8.260364036962826451e-02
-2.541125824496390795e-01
1.585711816046188050e-01
1.466717130970281724e-01
-5.395692128431110041e-02
-1.106497952851238087e-01
2.707919314656188625e-01
3.335935730478619132e-01
1.654050058734973794e-01
2.390750025681787072e-01
8.840474389271607558e-01
1.000000000000000000e+00
6.095374296542720449e-01
2.486023508219599720e-01
2.597165345921170210e-01
1.340042252533334977e-01
2.116177008730360173e-02
-7.051788139436178382e-02
2.289269483693221474e-01
-1.978782536594609898e-01
1.272584362054865470e-02
-2.916866147951346355e-01
1.995864761614959126e-01
1.259203162226418260e-01
-1.694028973564122853e-01
2.443067246391541769e-01
-1.132367782621786396e-02
-4.858264159622682071e-02
8.922141100966084204e-02
-2.263893987793279550e-01
3.156385518608995078e-01
2.076240854676283387e-01
-1.320190607086860202e-01
5.015514131671024167e-02
1.091833473945595101e-01
1.209144806958531854e-01
-4.010025472113543793e-02
-6.090244843966274163e-02
-9.775133921648680203e-04
7.753481973878997846e-02
1.112322258812237924e-01
-1.394338850079988867e-01
-2.894798316678921513e-01
-2.279479583067360871e-01
1.363991833346884196e-02
5.764969441781096077e-03
6.436274561415948614e-02
1.478393703212369514e-01
-1.853329796098734938e-01
-7.240687854412610966e-03
-1.035402869878720156e-01
-7.978581166119824708e-02
-1.277050894227075295e-01
7.573234993163015238e-02
1.612606905213247732e-01
-3.492734200218226837e-02
5.495551446425575581e-02
-2.392629290242118123e-01
-1.501189772287862545e-01
-7.337140671015246474e-02
9.308922671826591611e-03
3.490922084073855847e-01
9.086487884586050279e-02
2.065520081436223732e-01
-1.098766184657103129e-01
-2.366676385906243615e-02
8.825410376611650398e-02
2.004906199885944096e-01
9.074008631003178948e-02
1.275222401081487489e-01
6.101556426318250487e-02
-1.279986365029218975e-01
1.718479278391766008e-01
1.076862793639806783e-02
7.128181718800295774e-02
2.474586958642373269e-01
3.240348581873463141e-02
1.055784881221551869e-01
-1.264715293566076593e-01
-1.985212340014926719e-02
2.840261343895827961e-01
-2.094454861606896423e-01
-1.034717250624242330e-01
5.952682467546149825e-02
3.529812355090117693e-03
1.978277900505235609e-01
-2.613385670358494561e-01
-1.661685965642323848e-01
2.746221477773587785e-02
3.841140041747265893e-02
3.181999311658733620e-01
3.939087829233339777e-02
-2.118303868923414324e-02
-4.573714641688302746e-02
-2.863311975187391445e-01
-7.533845421412208683e-04
1.013895503976979112e-01
-6.861399621131621107e-02
5.020809756448405686e-02
1.540655782943424201e-01
-1.376922409012825699e-01
-1.479202066094518486e-01
1.326359241369909348e-01
2.988985673244948793e-01
1.622281913371488582e-02
1.350449129095151468e-01
8.031766881023076621e-02
-2.003565803202606022e-01
-1.028264192004313682e-01
5.227374177255405402e-02
2.606826465347985011e-01
2.260780005150017924e-01
-3.596634440989833759e-01
1.813386485999355091e-01
-2.518687548601546491e-02
-9.053856441801316768e-02
2.975246090448656067e-01
9.425600457680213817e-02
2.683524720433630439e-01
2.315024166835260300e-01
4.514611905751619858e-01
-1.878185604443458334e-01
-7.358904208942070556e-03
-6.745217446276363660e-02
4.579468341638312512e-01
-3.055262922398310765e-01
3.113534189571355859e-01
5.592388378099751728e-02
1.155475178946844816e-01
2.838738042018276383e-02
1.255665210953549153e-02
2.265467979790124486e-01
-1.148826323048951492e-01
-1.005832672344513373e-01
1.387018094116540534e-01
-2.820845477726415251e-01
2.434042029099516002e-02
-1.049946740852766847e-01
2.592944209335429906e-01
-3.392307918721604310e-01
-3.693733145388259365e-01
9.159751107450908592e-02
-7.181328414942529659e-02
-4.456259401231553799e-03
4.644631717993323305e-01
1.882869151807324282e-01
2.253560222491721998e-01
7.184512664721830477e-01
-4.758606737858096514e-01
1.494626373896466021e-01
-1.164837351428437001e-01
-1.454497494013219372e-01
-1.984122308883119745e-01
1.513139856630070501e-01
4.198670805813117107e-02
1.485917663510480380e-01
-7.842222123401815237e-02
1.457117227404528814e-01
-3.388715202624511535e-01
1.234121165625153144e-01
-1.053666336348719201e-01
-5.677635276404348341e-02
3.350243870444152838e-01
-3.328072143695282592e-01
-1.831878608592251989e-01
1.015599721244697315e-02
1.137623938307962407e-01
-3.130786773567204584e-01
6.788240266632966646e-02
9.138579388149434268e-02
-9.012457886639362037e-02
2.698296911938742257e-02
3.448358511725397868e-01
1.844739344455015584e-01
-4.196899101214935923e-01
2.005112851791771567e-01
-2.132877598734350122e-01
6.985812413743013038e-02
-7.878892532976961016e-02
-9.075295832320359746e-02
-2.375850283557804643e-01
-7.731253468570774279e-02
1.645407737295210837e-01
1.104806959836484026e-01
-2.784251528707231693e-01
6.137965436010804632e-02
9.481162872751797144e-02
-2.053323997925107225e-01
-1.020416517714871629e-01
-1.538419725138047145e-01
4.730165386577356856e-01
-1.528911899659468610e-01
1.815834602691074329e-01
-3.736907208711887640e-01
-2.105838955063856627e-03
-3.076337844797377361e-02
5.653689858577257144e-02
-1.847530141965248729e-01
1.689403313166378262e-01
3.921067619368212576e-02
1.880839512012420500e-01
-2.022064471823082077e-01
2.826891073419379175e-01
-3.913424074896154625e-02
2.093835573689210583e-01
3.796563725088130670e-01
2.508808370095919060e-01
7.108778439233148609e-03
4.381919391977608103e-02
3.455955190045891801e-01
1.552943822443405078e-02
-9.420674779061377624e-02
1.307665344994733692e-01
-9.949002503996554059e-02
-2.344565773458251734e-01
4.061874593796199057e-02
2.125849240264589268e-02
3.103012661180959975e-01
-1.569069563683253565e-01
-9.853874281215713182e-02
-2.103122970463607577e-01
4.789872457416122220e-01
2.021366489378698950e-01
-3.582094312549366499e-01
1.431787624796315994e-01
3.881577645087833789e-02
-2.286657960777228604e-01
1.876875344476521337e-02
2.673582898802218111e-01
-2.079061456697627042e-01
-3.288550307216575597e-01
1.392691668849570935e-02
1.152233394809613343e-01
1.922865585968673852e-01
3.222141008461174884e-03
-5.773198905624870453e-02
-2.531022047594118640e-01
2.487953310299052534e-01
-1.804777047226037434e-02
-2.524938477580224161e-01
3.989063418555657270e-01
-3.952609766953982251e-03
-3.332035860382003695e-02
2.341291815218214112e-01
-2.178203008166045562e-01
-2.525839040646254280e-02
1.601727312367945133e-01
-9.133271796807100606e-02
7.003019812912691933e-02
1.065110509934596994e-01
-2.490866970113181367e-01
2.400701135768786298e-01
4.084755021996353680e-02
2.527716325433085331e-01
1.846149753941664085e-01
-2.188680995912473115e-01
-2.127110335654554818e-01
-3.313284232961944964e-01
1.302521780165197818e-01
-8.793082267518376183e-02
2.269879621891909560e-01
-1.154314568772114996e-01
-6.803378028680382404e-03
-1.261943720599357187e-02
-3.215903653524473244e-02
4.934049702217436773e-01
1.114604870829157685e-02
