-6.848141690955926453e-02
-2.296453964801574710e-01
-4.693124557925603124e-01
3.924331872566833579e-01
-5.870216618095196875e-02
-2.746189931968065143e-02
9.347754930760797387e-02
4.316213772068390186e-01
-6.850072131315768642e-01
1.006126047153883263e-01
-1.998508223017158303e-01
-2.003355042937631381e-03
-4.576163461871029375e-02
-1.761946722170478624e-02
-4.621905307054654521e-01
1.077430383065505412e-02
2.071130259346948624e-02
-3.523427420690310452e-01
1.037742594892722553e-01
-2.897241742120562069e-01
1.743834700238831859e-01
2.807526488934860565e-01
8.352341739110050178e-02
-3.456261658383757984e-01
2.250438302674587776e-01
-1.738379346812973236e-01
1.187929716327417451e-01
-6.819872822411202073e-02
9.881121626603742505e-03
-3.236108063622648578e-01
2.551341866145397930e-01
2.606617616348966826e-01
-2.273144407650980192e-02
-2.072538666377016225e-01
-1.919642108795809876e-01
-1.144595032562565756e-01
-6.457773517392313423e-01
-1.367549338345823429e-01
-5.639873763064684464e-01
-9.894416738082505158e-02
1.441861645722343210e-01
1.460862484320316437e-04
3.156829903342733834e-01
-3.391524028788387990e-01
6.134043635759387492e-01
-3.577592546394467443e-01
-4.801211564175638519e-02
1.567447269074912497e-01
-5.494163586678265654e-01
9.066946998883504416e-02
1.367023949355582746e-01
-2.240819488782505309e-01
5.225326099627158882e-02
3.738099870608320163e-01
-9.339100592540944268e-02
-1.598252263818450425e-01
3.027563738110525260e-01
2.913291740021154222e-02
4.517409233519326106e-02
1.041745573662568036e-01
1.201850580492313525e-01
6.780889031720895022e-03
-8.224491811227221949e-02
-3.208460471634548838e-01
1.884754446996066701e-01
1.673701003155201317e-01
-7.598553781448631750e-02
2.819355141400455289e-01
-3.001542029642499665e-02
4.538771165577312749e-01
-1.335899504335460730e-01
2.426359614744572624e-01
1.709794495942316139e-01
-1.608407316540182985e-01
-2.334481453498944425e-01
1.305770827768046871e-01
2.079744305177040620e-01
2.382407898740052654e-01
-7.443029758784358574e-01
5.709154734081699489e-01
2.264728374119459875e-01
9.533895066824109310e-02
-1.404554843138294817e-01
5.833521619779736406e-02
-5.917163404095617668e-02
2.482979417368312292e-01
-5.704269136758245706e-02
-1.002028230268726949e-01
8.137195348136537498e-02
2.148955140415905185e-01
2.160792393681044976e-02
4.659613498066543791e-01
1.849684043235223230e-01
1.870988059215436261e-01
-3.370796103802793930e-01
-2.107798361947684773e-01
3.184109024798439380e-01
6.779423526708658887e-01
1.060424686311068898e-01
1.561397319839214204e-01
-1.633493999115081530e-01
3.718841664310286732e-01
3.670668499235429927e-01
-8.343201278257239561e-02
1.949890462363221555e-01
2.573330047485087868e-01
2.159673168383230146e-01
4.203023884207865435e-01
4.491960749946531384e-01
-4.854113597848545153e-02
-4.510707866530280080e-02
3.508730516087960050e-01
-1.462506743217994731e-01
1.109668079180329003e-01
1.732877607412427190e-01
-3.509289983757321041e-01
5.375495093805485874e-02
4.659351493151002617e-03
3.941365403176180227e-01
-4.554964851557422034e-02
-1.252888258298002766e-01
-5.683415138334352301e-01
5.117434558162443636e-01
-5.563928010261025639e-03
3.273806141542710546e-01
-1.082565733988905959e-01
-3.336684576891924686e-02
2.401233272213389724e-01
3.136250449428150122e-01
-1.388139642098674131e-01
-2.645338454542517925e-01
-6.116501281349944613e-02
1.850480814777650251e-01
5.706833202241354819e-01
3.561231362731342442e-01
2.489841832514286257e-01
4.119534045623609447e-02
-5.344084595271871851e-01
5.124409579490224464e-01
-1.573941445514757120e-01
1.000687317053282066e-01
4.644850565465757364e-01
-8.279874016561040995e-02
-4.317658283498616023e-01
2.392703206974508834e-01
-4.122905961016972154e-01
-4.711406077211058863e-01
1.841059700464649229e-01
-5.189800217535638360e-01
-2.006210864726639398e-01
-5.025645461546277559e-01
-9.144667245848227266e-02
1.719363344578745401e-01
1.975325389286859412e-01
1.364509754673279840e-01
-1.309149335107384904e-01
-8.688350351493943913e-02
-4.664801221905476997e-02
7.018108662396040087e-02
-4.235377973212690605e-01
-2.200002562939630812e-01
2.411165172709676258e-02
-1.853719434978055580e-01
1.789983699652598348e-01
-3.541829393342069143e-01
-3.625508005247496945e-01
-1.938898841596393696e-01
2.684616591424616172e-01
-7.696255292164855266e-02
-1.997891996756993166e-02
7.244881131283681386e-02
-1.139304722251805423e-02
7.296570822918753141e-01
1.230799562288242693e-01
4.070453863185554688e-01
-1.454376961282153602e-01
-1.640047461492524505e-01
-2.133073967959760453e-01
-2.258392877121190856e-01
-4.359670422315716776e-01
4.813254582463284692e-02
-6.323178542680160663e-02
4.935274373419583083e-01
-4.593083152309789252e-01
-2.958160103481033421e-01
8.754166517813566362e-02
-2.767395433776320135e-01
1.822991806952388438e-01
-2.231928855855740967e-01
-1.502509729654286919e-01
-5.380491465699854120e-02
1.462357616284628847e-01
-3.265632823699420317e-01
2.077347192828907785e-01
-2.278006790992172757e-03
-3.294357017167826585e-01
2.227381418315685022e-02
-4.156946165312345176e-01
1.794074213893299408e-01
-4.293705822634346636e-01
-5.999668943613767347e-01
2.168946492712787721e-01
-3.023605495651667807e-01
2.812463123730009062e-01
-3.627303955891202358e-01
-1.902735405238669963e-01
-1.345858947219193691e-01
-7.120668020040547830e-02
6.715574363174885153e-02
1.631723624104787773e-01
4.294770918412888494e-01
4.071524459353749181e-01
1.479535565847570899e-01
-3.021618779698402313e-01
1.175217806312183755e-01
-1.631107423893724540e-01
-4.613656232536184065e-01
-3.678872988380522124e-01
-1.147801663824932761e-01
-9.391546530141454963e-02
-1.034566166356025579e-01
-1.937170624275980635e-01
-2.453432876724067346e-01
-2.179679765785516032e-01
-5.477329829346647694e-01
5.210055837563234982e-02
1.121822907940910469e-01
-4.244958832472202626e-01
4.188932420873632545e-02
5.794583626977876933e-02
1.711707104886385777e-01
-2.528399614768053749e-02
6.410698417270328797e-02
-5.248958798414088932e-03
-4.876951292024556128e-02
-4.413937304361128522e-01
2.257621257177226948e-01
-5.008893602747194196e-01
1.280617148618580781e-01
-9.206584584907089031e-02
-1.712222123729895129e-01
-3.795555231433376808e-01
-2.290745265184575968e-02
7.880368990634262563e-03
-1.079624030706452381e-01
-2.157991953279994046e-01
9.225659310377866407e-03
-2.360471195772188002e-01
5.915580808608581487e-01
1.912499631885691553e-01
1.591095566037932785e-01
-4.004448421921288220e-02
1.094910359482915707e-01
1.782612502801491916e-01
1.000000000000000000e+00
8.237519569486818627e-01
9.959940922490849724e-01
6.624024729408216627e-01
-4.545251913556639933e-01
-2.790315853303878546e-01
1.408054445312779956e-01
-1.803170912896184530e-01
-3.274706062036329968e-01
4.413883075997878519e-02
-1.826833854764552678e-01
-5.994182453703184033e-02
4.149646830416325177e-02
-2.221541227672277005e-02
-2.165919383316998181e-01
-2.027823152385531125e-01
-1.352160653025764325e-01
-2.949306864603221667e-01
-2.486836114463527106e-02
-1.908251926092090489e-01
-1.183357252077406607e-01
-3.497820849514823305e-01
1.310200210014384470e-01
-1.069139430659885592e-01
1.745745411649360923e-01
-4.933280834517968505e-01
-1.891389050316666029e-02
8.915004079626025202e-02
5.739628052141740877e-01
3.019880898548607528e-01
1.843968854227732157e-01
-6.109061322955929713e-02
2.619691511889518654e-01
2.152047949052777187e-01
3.309066149828298053e-01
7.377454305080338726e-01
1.895260691061437242e-01
-7.028328849570083039e-03
-3.328694759005914466e-02
-1.622199567440504586e-01
-5.739215904343582947e-02
-2.849965687090809663e-01
-7.199602090230962370e-02
2.744528607588023195e-01
-7.017382075003605890e-02
-2.288531858989115986e-01
8.540306816085949104e-02
-1.730443020128972498e-01
-1.981066249206500096e-01
2.293824550496994727e-02
-2.800547763013661734e-02
-2.355489264083576173e-01
-3.944660170110600994e-01
4.411144889785921785e-01
-2.936273310107664347e-01
-7.591061694032312512e-02
-2.743898242166575296e-01
4.240691062271113032e-01
-2.300837848762987969e-01
1.233051463274040249e-01
2.506939498394744961e-02
2.779794449822262786e-02
-6.299163214275350919e-02
-9.466425638256309449e-02
7.618830426004974399e-04
-1.233015885869973571e-01
-4.454690518972410224e-02
-2.304189948440308888e-01
-2.869147576133472821e-01
-9.600733989693147064e-02
1.055593804315717726e-01
-3.383061752532814381e-01
-2.226963779320936254e-01
-8.697960834518526918e-02
5.353841711483122712e-01
1.708882428276944643e-01
1.515773421927124054e-01
4.465011488528293770e-01
-4.565502925268905554e-01
-6.418242342649435050e-01
1.664255130846167829e-01
-4.810097168043114269e-01
-2.289991888619798133e-01
-3.749564079433723718e-01
-2.950284344024538541e-01
-1.740506429600134630e-01
-1.233475631276861467e-01
8.472209865044887100e-02
-4.236590778087163667e-01
1.761361206864289486e-01
1.721136152069612305e-02
6.880327908030442474e-01
1.336018933465616954e-01
-2.392527686771494799e-01
-3.395053520975909733e-01
-2.461037133122140896e-01
-7.170671180027957115e-02
1.032731005019623810e-01
-4.027845013591178081e-01
-4.167197393097025748e-01
-8.418929954880999267e-02
4.012431681195169353e-02
-4.501513823326457331e-01
-1.173602114286065867e-01
-3.391518503172381571e-01
3.090086835143892111e-02
-5.723732496955613635e-04
1.040560418120154013e-01
1.317994439313278643e-01
-3.364521421899587250e-01
2.761188823137678550e-01
1.929748630140615817e-01
-3.415409574370119328e-02
-8.901645458743645545e-02
5.964908182194749407e-03
-1.827445497934598595e-01
-9.509433328096794646e-02
-2.463581979793702248e-01
-1.397819679078333155e-01
1.730862762433281743e-01
1.676171318781475572e-01
3.077126509552777223e-01
-1.949324403571775777e-01
1.796293933731231696e-01
2.079862805349787791e-01
-1.145779451356255113e-01
-5.976451950316836736e-01
-1.027175959767237939e-01
-2.495566998064935593e-01
1.665600686795216251e-02
-7.268893234803750492e-01
8.084663014603674092e-02
-2.326686911487416964e-01
-3.860949402684751147e-02
1.223061736777125291e-01
2.215665946181708534e-01
-3.301266258365870843e-01
-3.855027784032422633e-01
-7.727816763106024750e-03
3.128396646705378092e-01
2.519804895370603148e-01
1.535453555549286531e-01
-3.757249865991682536e-01
1.462342971379280709e-01
4.440644891865518362e-01
4.613479713324520337e-01
1.525564848643759241e-01
-6.510946711380721785e-02
2.052212579079423227e-01
-9.078194900026648195e-03
-4.463181121266480145e-01
3.850063413812682134e-01
2.046172742935551958e-01
-9.047049003926595223e-02
-2.357912183891385238e-01
8.727123472416182387e-03
-7.768370367810960297e-02
1.923013697505828942e-02
-2.453520836229871604e-01
4.034835754513161898e-01
1.523366772825773263e-01
2.024262720723614961e-01
7.482759288565299371e-02
-3.037478171587074116e-01
-8.684397076936807569e-02
1.973361790850989839e-01
2.455929873107411676e-01
2.792105087113100903e-01
1.845943191181838583e-01
1.588111512855771845e-01
-4.857023560885549429e-01
1.109564001271727551e-01
1.190222695105791206e-01
-4.197340851118456784e-01
3.022519967090703807e-01
-5.656774259917107806e-01
5.921744413488587711e-01
-3.046194525980866485e-01
1.645647803638373707e-01
2.962172115446544685e-01
6.026940530197664320e-02
-2.161684137410067874e-01
-2.578178384834302062e-01
2.163432918854266140e-01
3.546903785915202501e-01
-5.560987670932898003e-02
4.018261176901963827e-01
9.433828693739593207e-02
-1.167863807760036177e-01
-3.073439624419752048e-01
1.409773517712980054e-02
-8.670698478149767296e-02
4.716932967812406674e-02
2.374555937889664126e-01
5.692345143729978796e-01
1.219630548607839558e-02
1.749217540659178949e-01
2.580321812643218693e-01
1.875621866658168727e-02
-2.812394260056704232e-01
-2.199997405696272612e-01
9.442206374123624305e-03
-5.004036656238405323e-01
2.060842503127161274e-01
-1.473996214963033680e-01
1.623091746863494222e-01
-2.118414744893784563e-01
-5.768181081456636577e-02
-3.697324365705458304e-01
4.596211962384533223e-01
2.833884903131959621e-01
-3.303587421831282178e-01
-1.119978688181345883e-01
1.352658186082893177e-01
2.202167009340941783e-01
2.085560890938253920e-02
2.483574094065663651e-01
2.783553690568049688e-01
-1.185095638149662178e-01
5.937663387589680458e-02
-3.893891335854712810e-01
-3.131113960468903112e-01
1.037780790132102407e-02
2.068142595625128144e-01
-1.806030036558537166e-01
6.488157714764072881e-02
-1.669405421847029170e-01
2.121304066075643258e-01
-1.068372630018007002e-01
1.602036484800382632e-01
1.804241902665666697e-01
2.905126222058946328e-01
1.346629568153365208e-01
4.779370533818790290e-01
4.665560962996235378e-02
5.680244140136067044e-01
3.449801937777369903e-02
-4.092525078616240930e-01
1.544007530715445498e-01
-5.120254926010939928e-02
3.889393885918190907e-02
2.296633224409369844e-01
-2.605203539471818153e-01
9.292225719750496493e-02
-3.756747025153532593e-02
-2.759979723659944720e-02
1.428018829365170494e-01
-2.330895300471027554e-01
-6.257282142853085039e-02
-3.231597206877582784e-01
3.956185172377951059e-02
6.138744152691497646e-01
2.563415421799855043e-01
5.302764918261189120e-01
-1.537914636587290884e-01
-2.354171074783096562e-01
2.351813288020928108e-02
4.658163838579165161e-01
