-5.704351895133817629e-02
2.463582523042293776e-02
3.010445788192082917e-02
9.010879672840434174e-02
1.139518565935093847e-01
6.551588260295643229e-02
-1.521200577347685545e-01
3.378879512136512830e-01
1.232841903371532238e-01
2.559375179496358177e-01
7.946812890966863108e-02
1.395304998989777556e-01
9.765941206251660400e-02
-1.001512974916362181e-01
1.937443388867602090e-01
1.021106886004983921e-01
-1.945142521039728845e-01
2.698145336560658913e-01
1.170222588779280676e-01
3.081284623243018550e-01
-4.179900154068474927e-02
-2.875442610464822857e-01
-5.493056746340888030e-02
-1.478264168555402658e-01
-1.821750881817192358e-01
-1.018522453378754161e-01
9.953034974209616983e-03
2.688301582843127466e-02
6.471182210801275370e-02
1.986346028442147194e-01
3.333640129297832377e-02
-2.893377175102151422e-01
-4.795897404648500895e-01
-1.433524018970241676e-01
-2.673770775050504991e-02
-3.560782689576878490e-01
6.809227398573232393e-02
-3.964529592714137463e-02
6.284582546576814033e-02
-1.426396349734996849e-01
-1.239614358174566666e-01
-1.323842473483739790e-01
-1.260306245191974150e-01
-1.152375427659278473e-01
-4.101532893378700972e-02
-1.857229451369822593e-02
8.030632598999835892e-02
-1.578657388805816963e-01
-1.075455138636012692e-01
3.331210793703356932e-02
-1.821476270457438873e-01
-1.020653875860819300e-02
1.229037919784133626e-01
-9.811252067731665583e-02
1.414215059344899605e-01
-3.520747149817336080e-02
-1.263386475678772609e-02
3.490920116103336801e-03
-4.287765878724943136e-02
-1.009106983931210705e-01
2.934095610982550006e-01
1.434608613172621561e-01
1.129640734693268533e-01
8.174188383640904054e-02
1.339771695657298034e-01
-2.461270085545159969e-01
1.797482285835995397e-01
1.832727844513442894e-01
6.846980115274088619e-02
9.093459762637914889e-02
-1.481537139564245362e-02
-5.312473646783946041e-02
-1.868244362652374257e-01
9.798916976519139732e-02
1.071500975022502966e-01
-3.117195520074746984e-01
-8.342914299370304473e-03
-2.616250983511361761e-01
-1.951139054933324624e-01
-1.397158679814879401e-01
1.762288237394967275e-02
-2.839565525219521769e-01
-1.258053521673341280e-01
-1.604296761718199682e-01
2.428275333105407163e-01
-1.478747648883131649e-01
-1.045256510250282406e-01
-9.603934694800309035e-02
2.352289893926926001e-01
-3.136326599858993980e-01
1.916015324293305067e-01
8.870239242229019383e-02
-2.167563998791986746e-02
1.011920175451350434e-01
-2.548588532471473232e-03
7.851416413205450362e-02
-1.185421275657164986e-01
2.127816968239334278e-02
2.113944653597637710e-02
1.409531625542684019e-01
2.046933205934118871e-01
-1.946340048288841273e-01
-6.525949328450901532e-02
-5.101349903472267994e-02
3.274784935083348558e-01
2.008224450431171371e-01
-1.931613145279755320e-02
-6.743292865794467406e-02
2.513222268918026137e-01
1.087581172819182818e-01
-3.939884009018125577e-02
-2.383266683932071528e-01
-2.812786048892922386e-01
-7.623017913555450720e-02
-2.055774682230573636e-01
-3.288241282988437764e-01
4.275478523333039321e-02
2.207993755405836950e-02
8.027077193808558608e-02
-4.357797161923629425e-02
-2.513915505225100197e-02
1.440671685055006090e-01
1.975356372692916307e-01
2.939333836683479806e-01
7.591298038458227371e-02
1.578317071553876072e-01
9.678825014183853326e-02
2.632907795922989277e-02
1.005657998270703818e-01
1.473097940440734888e-01
-1.697932390504542366e-01
2.199569891955319711e-01
-6.997249303353714200e-02
-3.162690578959214127e-01
-1.022183959905506034e-01
-3.355230148838979631e-01
-1.501039614317871140e-01
1.195269852389441168e-01
-2.182862688168344389e-01
1.458198698307446983e-04
3.463777793849264625e-02
-2.560773711157566732e-02
3.153954911835853969e-01
7.686072542051408663e-02
-7.019362123839850698e-02
-9.395142650384621930e-02
-2.613025151065831442e-01
-1.838305012777206315e-01
1.261255306201887194e-01
9.812412491259327185e-02
2.543796925007479198e-02
-4.942754312263300878e-03
2.368400178330026251e-01
-3.255648828712265352e-01
-4.386325049838619289e-02
-2.434358527177695256e-02
1.079905655553403399e-01
1.575998968230243880e-01
1.359949167887466656e-02
-4.815485908395728681e-02
-3.969216800929718514e-01
1.508500729936058105e-01
-1.600217587679220732e-01
5.287551429932652036e-02
1.712456807655033386e-01
1.030134920627775036e-01
-8.176900143308930835e-02
-2.171560374228013925e-03
-8.803826646987882032e-02
2.165207761477876136e-01
-2.050515390253356690e-02
4.268369878002319096e-02
3.164711976787042413e-01
2.549199594156809079e-01
3.403568848436514527e-01
1.442000913592587918e-01
5.691177981411974507e-01
5.346458085115579628e-01
-8.160566669190992550e-02
2.032659714813039864e-01
-4.094143624033060730e-02
8.007644674104591465e-02
3.760104621352431953e-01
-2.775632221114579870e-02
3.510609966816882754e-02
-1.086766849404861290e-01
5.551437333454024153e-03
6.969782037218770487e-02
1.744884654234918064e-01
1.379418266888023104e-01
-6.123263822111763011e-02
4.255695236691059424e-02
1.361473938580846366e-01
4.027739714752492234e-02
8.266898065464642342e-02
6.658259141694503329e-05
3.719174913955187317e-02
-2.676229777173720348e-01
-4.701997557715541579e-03
-2.534431664354908631e-01
-1.718070187395540765e-02
6.084261731149381847e-02
-4.764211643991186906e-02
-1.729053934779631596e-01
-3.529031765620017913e-02
-2.393249745255029981e-01
3.263206785430574075e-01
1.157356435553624774e-01
-3.552603345646222072e-02
2.758227698686135376e-01
5.458158265953896165e-02
-4.318171270982512633e-02
-3.926543987818982562e-02
7.032736498969853478e-02
3.094696746376146002e-01
7.348832315768173695e-02
2.077665507685251545e-01
9.056343000994013584e-03
1.129910139460187507e-01
-3.460738405163073933e-02
1.795303260679379509e-01
-1.115235289278675851e-01
1.279524655411269085e-01
-2.635695366747302093e-01
-7.500223947579520711e-02
1.724620871316117493e-02
3.797068218081051105e-01
6.844327308268664811e-02
3.122201068796341336e-02
3.607348747090013963e-01
1.667252705081569975e-01
-1.561261897231873766e-02
2.222457295161782698e-01
-2.129744762270526781e-01
2.169992809962141000e-01
2.501347377269722005e-01
-1.908233961354704467e-01
1.976718870224959956e-01
2.256062129549024353e-01
2.133895500885265584e-01
6.077137173878455201e-02
8.060295973293626903e-02
8.584671783108958898e-02
1.947881171576882481e-02
4.982358389791098352e-01
2.406520223423976590e-01
8.403688015740196082e-02
-5.817903659569075708e-02
-7.756992311553020936e-02
1.004137620405098491e-01
3.215225833137605460e-01
1.981743669880630665e-01
1.071428001833502480e-01
2.150744349636286579e-01
5.366876735462070558e-01
5.928836530215323419e-01
1.000000000000000000e+00
7.614144561119798871e-01
4.766861046812219116e-01
1.023343627158739694e-01
1.805462863654321570e-01
1.197059418516781965e-01
-8.542407171294821855e-02
-1.071797680518441903e-01
-5.105632875501714407e-02
-8.730555275785029101e-02
3.514862575777810000e-02
9.500063022941528101e-02
2.490388024631824404e-01
-4.369073065593270105e-02
-3.077523852325387832e-01
3.081382825199414574e-03
3.756608687599798102e-02
5.930418225653642274e-03
9.075800615423887385e-02
2.319275507224161925e-01
2.480450815774574436e-01
1.157816773143383604e-01
1.031732974840719325e-01
-1.930443669964650860e-02
-1.291964499139182654e-01
4.598718435208926092e-02
-1.839950943660381699e-01
-1.285462787292448728e-01
-5.068254793649180218e-02
-3.447071484938932229e-02
1.002282457967439422e-01
1.574252797353451194e-01
6.120709016799379121e-02
2.036388338420541955e-01
2.093686111361457991e-01
1.656332407122795558e-01
7.431151319356023299e-02
-1.788763686261579111e-01
-1.736398645458544499e-01
-1.463269008495702780e-02
-9.834495287920975992e-02
1.434885973909914292e-01
-1.220673848626651209e-01
-1.435982066482300312e-01
-3.549247543955582479e-02
2.237869877594748924e-01
1.857387673298986075e-01
-4.140719040894717817e-02
-1.302311536985157996e-02
2.324592058788116644e-01
2.895409231254609736e-02
1.287684811188701262e-01
-1.066833270580254817e-01
2.845087465909729857e-02
-1.346373728446281434e-02
1.711105114527998461e-02
-9.374574644301852944e-02
-2.405679645307502446e-01
2.743068176068973463e-01
5.527085182415607256e-02
2.664344146252964340e-01
-8.551790833159851959e-03
-2.230630548369865948e-02
-4.081701737767056137e-01
-1.196134945357805318e-01
-1.852965260573709652e-02
-2.091879005599623087e-01
1.253157277417554227e-01
-1.862610008649722218e-03
1.919490700212245562e-02
1.874291921679974715e-01
-1.800675029292521656e-01
1.609937575087075079e-01
-1.328891644485298562e-01
1.887966143125467955e-01
-2.302834017148096268e-01
-2.085149909547545921e-01
2.603475559614248924e-01
-2.081178135875547675e-01
1.689366928890185041e-02
2.250105445931156467e-01
-3.627282114700738913e-02
-8.827777191967431381e-02
-1.858089387178304686e-01
3.455997273473803560e-02
-4.395841327903988321e-02
-2.413774058693021474e-01
2.023862392864957949e-01
2.754175024488945620e-02
-1.327584330078174224e-01
-8.890153789504472159e-02
2.074314484808929548e-01
-2.145066505793080947e-01
-8.826587474607097694e-02
-1.286934130304169255e-01
-1.341130611715066201e-01
-3.951431119919336654e-02
3.797946468321862501e-02
-3.185586196431856171e-02
1.861409856513571159e-01
2.078150941793779627e-01
1.917828179239940423e-01
-4.594675185774668019e-02
-1.795303873695474617e-01
9.487370304636874585e-02
-1.412817448619599070e-01
-5.783372171211965673e-01
3.705817230607129087e-01
1.183337349035240051e-02
1.859869372216847727e-01
2.267391126947322644e-01
1.813135561118567884e-01
-2.227860566859318076e-02
1.153872874002146755e-02
-9.465373537083945910e-02
-1.776929698781279029e-02
-9.761758088876089368e-03
-4.501718164629670005e-02
1.041245285388384817e-01
9.030711738210059347e-03
1.700327411078093875e-01
-5.177425949356508073e-02
-3.190494439776437319e-01
-7.974754593703151095e-02
4.383825936316960992e-02
7.280265583027824283e-02
7.919254874870393368e-02
-9.816183046894191855e-02
1.226423220546161152e-01
-4.536888217245491073e-02
2.274465783343495862e-01
6.896715356194882407e-02
-2.287096197307470768e-01
1.255394451581947346e-01
-1.647527379633791367e-01
-1.221362799029265672e-01
-3.471175358410392292e-02
1.203949465077602463e-02
4.790971611087768700e-02
7.257303273187152258e-03
-1.229024358134961359e-01
2.342554902332391054e-01
-1.219249370182968056e-01
9.396824542092957477e-02
2.682787991459369744e-03
-2.202529361231544275e-02
7.371959118025667168e-02
1.922651228509971583e-02
1.254534528706691965e-01
2.188335278441983223e-01
-1.142428525556309082e-01
7.650790401610144120e-02
-9.830756895410559804e-02
7.980668852323130613e-02
-1.443723759150224717e-01
-2.024977329393430267e-02
-8.638555083806065404e-02
-3.603595943126116502e-03
4.643325544854812539e-03
-7.549996046728393861e-02
4.650446894165528866e-02
3.641323330527818786e-02
1.481894975459774333e-01
3.049216112529378950e-02
-1.037080659037421249e-01
1.174515334944573330e-01
-1.523625572370465864e-01
-2.625447311653113514e-01
-2.291640232145703004e-02
8.121412710551298431e-02
-8.121148337719266697e-02
9.090370133833883259e-02
-8.547863948743043838e-02
2.018427009890461869e-03
5.522185969554902927e-04
8.993532973524444307e-02
-3.882359156968013258e-01
-2.197767559775817003e-01
-1.981389175388235113e-01
-4.613187030299388536e-02
-3.200154650482632257e-01
-1.091540725663326522e-02
9.525518236903772820e-03
-1.143667494275305702e-01
1.677846320519988943e-01
2.723504025499584036e-01
1.577650397868497756e-01
-2.591822949926580466e-01
-1.885000418712318992e-01
2.899958407495153989e-01
-6.698978248336458219e-02
3.156240721711689456e-02
-1.011725082062543274e-01
-2.166936937944076783e-02
-3.787574206322048137e-02
-2.468576391061040598e-01
-2.012742877450729717e-01
1.222685195855588991e-01
1.393363267789272386e-01
2.720282204905949408e-02
-9.821278936383813496e-02
7.459878106527656483e-02
1.425752855287179266e-01
1.777563752930997332e-01
-5.305286145988076518e-02
5.515181852337361357e-03
-8.091008361774998381e-02
1.712386800348890681e-01
-5.690833216721907784e-02
-1.250172025664978703e-01
1.160111517223727240e-01
-5.015027795299288604e-02
4.037896800555493271e-02
3.471268325757118772e-02
1.115463435156490851e-01
4.314731240237728443e-02
4.158680175740810114e-02
-1.946390927399080720e-02
1.959577620049969549e-01
1.090464773389713121e-01
-3.509175414431157242e-02
7.602439447204006884e-02
-1.477702070201865059e-01
1.582541472031176177e-01
-6.662855696658273597e-02
-1.317342639760339107e-01
5.075615864398486284e-03
-2.461826972072661823e-01
-3.047452801161750213e-01
2.324065908382720869e-01
4.113175136681176264e-02
-3.205493152734465584e-02
-1.592550313312992849e-01
7.692763903390162361e-02
3.504249772185896727e-01
-8.914038521668654624e-02
-8.897336569190816488e-03
8.656464152723811201e-02
2.077705683990337462e-02
-6.346474925738659900e-02
-4.268288492490777963e-02
-1.509976416556895211e-03
1.360543212802573232e-01
1.607606092694915667e-01
1.273839763351756749e-01
1.983491361527585095e-01
-1.778522249005267536e-02
-1.320949325748679848e-01
3.902497266384004262e-03
-1.930014600565406746e-01
-5.181326696137682208e-03
-1.105468327721185473e-01
2.550837861231989856e-01
2.437883835237509011e-01
5.872298333175441504e-02
3.485636779855932205e-02
