1.449596444587402666e-01
-5.681329566778979372e-03
-2.926967445234147647e-01
-4.672680316695717040e-01
1.323933667675724069e-01
-2.518780297516730673e-02
-9.447381063521423372e-02
8.752061683850079210e-02
3.281144965803012292e-02
-2.852769302542508267e-01
-7.260635181573862895e-02
2.213220140517002665e-01
1.688074711878768952e-01
2.802206097550845321e-02
8.291453771202944578e-02
1.266962227052289836e-01
-1.184998565644598129e-01
6.308156042900056604e-02
-1.743725968971061302e-01
-3.374400340652908281e-02
2.461177113981036502e-01
-2.270904593792041903e-02
-1.836347907462367035e-01
-1.220774586126650296e-01
1.752197770544981492e-01
1.293781878324363754e-01
2.534539691339683931e-01
-2.752535592187675961e-01
-1.167602378960138215e-01
4.874616334635828441e-02
-3.202639793079090080e-01
3.706646370207891117e-01
2.198918683553068715e-02
6.305795985057177644e-02
-1.055251048506768673e-02
1.528346422881622299e-02
-7.017473811884947232e-02
2.689339707191214235e-02
3.896235577732245353e-02
-2.840983463874361403e-01
1.057456298356144880e-01
-2.706339155055497159e-01
9.336856184509659262e-02
-2.379199569459116981e-01
-1.476381508228639394e-01
-3.086698625054174958e-02
1.022302396589058332e-01
6.559635467310970247e-02
-2.121627665790253303e-01
-1.763983438495927425e-01
-1.306487853916503961e-01
-1.181992091848289433e-01
2.166657836960866057e-01
1.718202785734625204e-01
-3.826181162986925371e-02
-2.562720834051483432e-01
2.323299870670314238e-01
-1.621977246712051901e-01
1.059863212603598531e-01
2.494976052483229706e-02
-1.507471826361212741e-01
-1.670058839293692143e-01
2.489954227098249984e-01
-3.106554986831821519e-01
-8.510061290965165171e-02
2.801014505333962110e-02
1.306903638287380820e-01
-1.940802780113740425e-02
-4.534413152386673057e-02
1.850454063420414463e-01
-6.893726843894745770e-02
-1.548570707351330511e-01
1.379699338516267304e-01
8.114712480161750952e-02
-1.301254073742129924e-01
2.223127765293028135e-01
-1.596302629282480567e-01
-3.273629246731617898e-02
-2.497559994810682332e-02
-3.018019721097928848e-02
2.659107229844977563e-02
-1.882851787737203908e-01
-1.822332158884907294e-01
-2.608028728718004771e-02
-1.303426138534991008e-01
-1.599310259408333601e-01
6.487072307457059095e-02
-1.768830766660160758e-02
-2.324916745363738990e-01
-4.703119832640408060e-02
-7.340460726352068810e-02
1.854259660269829413e-01
-5.759168541548028569e-02
-1.775808032103350365e-01
1.062733462367895787e-01
-3.918475117376921807e-02
-6.129038514825434214e-02
3.017484010817977347e-01
-1.352708006544036390e-01
-9.200740332270015975e-02
9.417587522512574708e-03
2.772433301394394830e-04
9.171709844684243496e-02
-8.310523428533654611e-02
-1.769289234193368310e-01
1.361598894340339538e-01
-1.469521715719899202e-01
1.899535789760813664e-01
9.445355318691474322e-02
5.218328988234913202e-02
1.112776328441487939e-02
-1.914472540719351079e-01
1.242168005994941371e-01
9.819161618494517962e-02
8.554473203276286020e-02
-6.580888752729835423e-02
-7.715195428102968045e-02
-2.696689517064720931e-01
-2.286427181161884703e-02
1.251823138341052744e-01
1.575616702743918296e-01
-2.324553191599021129e-01
1.171743120393159421e-02
8.714705652721825568e-02
-7.161645694327914424e-02
-2.940583142400457484e-02
5.345798254388106630e-02
3.536624880622486478e-01
-4.274401644891114710e-02
1.165105398766649314e-01
-1.711689311462777641e-01
3.699092498827664943e-02
-3.959872526371977508e-01
-2.222773295027085649e-01
-4.030356756079594427e-01
-4.359251002953617310e-02
7.971393802444760868e-02
1.325503309391479461e-03
-4.064512494088681066e-02
-1.909312167902597543e-02
6.111189947409628558e-03
-3.223952291709213797e-02
-1.477908026103719186e-01
-1.954625951370916048e-01
-9.373796923757647670e-02
7.632774377701866120e-02
-1.495051862858891929e-04
1.098005713266284045e-02
1.518677944539728319e-01
-8.903621511895182250e-02
2.176873773916706556e-01
6.726505597336014664e-02
2.122424068736623592e-01
2.372523606270369734e-01
5.902066687157930119e-02
5.229359960304712229e-02
2.025024165865750569e-01
-9.737301097094643032e-02
-1.368007903819946636e-01
-1.387660897605319521e-01
1.235386305109373584e-01
1.380998876477721252e-02
1.053308263285889779e-01
-7.184809561445484882e-02
-2.366852926181240990e-01
6.458818120207904245e-02
-2.654451096587586156e-01
-1.343319537034604882e-01
1.514802125607353674e-02
1.245335866520770746e-01
-1.831242540725959433e-01
1.898348819282788535e-01
2.542670909342114038e-01
-1.268175345839715473e-01
1.084228518637511962e-01
1.750820781651745706e-01
4.924602768908265676e-02
-1.109589733399656969e-01
8.589573317820622944e-02
2.560424286399101135e-01
9.406391201917997658e-02
1.541311671259354421e-01
4.847121885548128506e-01
2.437271965347643232e-01
5.526741970947066096e-02
-1.270133964014248384e-01
-2.881150695114063909e-02
-1.318348020766957063e-01
-1.492920435871381846e-01
-2.595551694842161417e-01
8.678503615201026145e-02
-1.693274769879389574e-01
-7.942628836630234723e-02
5.302307796627518666e-02
3.352737749606313211e-01
-1.709530260747137431e-01
2.856600295332119635e-02
1.571363100694043446e-01
6.656811530916101338e-02
2.154731148942530261e-01
1.887514814345536696e-01
-1.987469538946428360e-01
1.130461398049878441e-01
-6.180858590603464930e-02
-5.343242678878365459e-02
-2.513914446599345154e-01
-3.242487782374776084e-01
2.354101320199553093e-02
-1.396748221257516735e-02
6.629679520310428897e-02
-8.570468393381190653e-02
1.185356217606635815e-01
1.537088726262173244e-01
1.516220995770018454e-01
1.948773986639944500e-01
1.984917898912505474e-01
2.045761457553237073e-01
8.042418953286981434e-03
1.830399629968054165e-01
1.604889255632221123e-01
-1.348757796903415906e-01
2.836845722774742340e-01
4.912958655787613010e-02
1.234993316728424592e-02
-2.575214977364427837e-01
-1.266674856119077708e-01
-1.933053672515134269e-01
1.659515386985747909e-01
-2.222190509416394899e-01
1.782984118103453086e-01
-2.341831084519027106e-01
3.605383607115921207e-01
-1.975738941863335318e-01
2.629353653838183980e-01
1.595638457356957085e-01
-2.432321738523449961e-01
-2.812346621942791169e-01
2.390167435301174259e-02
9.928271020804824154e-02
1.966909716766666316e-01
2.469350559491449715e-01
2.970495683062341907e-01
-1.349568199539200319e-01
1.090944567392203718e-01
1.555485624870088790e-01
-1.918797580127746816e-01
-2.785931882906261259e-01
1.475957101948346395e-01
-6.453523592034866863e-02
1.672552982805410038e-01
2.665261560326608326e-01
3.516736750090134200e-01
9.965887369276726915e-02
1.000000000000000000e+00
7.108709431737955109e-01
5.647865690828376278e-02
1.639935277760599386e-01
1.987375716719372853e-01
3.053697338662280103e-01
5.551950590382529471e-01
3.996951381862082764e-01
1.586372619637769765e-01
2.641169641080414257e-02
1.622704237666603433e-01
1.534945005862766165e-01
1.250965304714410642e-01
4.305686450224714690e-03
2.418216796617035091e-01
3.130807089589042747e-01
-4.416499089497796272e-03
8.638359469506111388e-02
-9.184809906041163652e-02
1.321300365999937380e-02
-1.695848204653302785e-02
-4.968091483697618937e-02
-9.446973224662413848e-02
-1.400764723720705207e-01
-9.861088536618144162e-02
8.994312032334289553e-02
4.666867467462870733e-02
3.909938995616545759e-02
-4.841576654806266367e-02
-5.320808578189080151e-01
2.442680437201069088e-01
-1.542602009053022916e-01
-4.929627712143688778e-02
4.772326860104438018e-02
1.442893126197467846e-01
-6.891060179728721036e-02
-1.290131999552011077e-01
-4.192210224823834236e-02
2.824366401299420459e-02
2.163117750198660094e-01
-9.514414247420771575e-02
-1.959566167936937220e-01
-1.118051819167788508e-01
1.074249747375426306e-01
2.540057780905982665e-01
-4.668757218272168857e-02
-5.596558653517971077e-02
1.271302022192144221e-01
1.337004527659250430e-01
-3.214092658189279805e-02
1.414475228819332686e-01
1.124664791479146747e-01
7.632658708948196480e-02
-7.199828894871175555e-02
-3.702749420094497701e-02
-7.737847350903304111e-02
2.143078429456684447e-02
3.077629966232043324e-01
-6.170874597958287550e-02
3.326194383106193669e-02
1.292530124752770682e-01
2.064642516349564083e-01
5.800170543669288387e-02
-9.543179610530855631e-03
1.371590974131878804e-01
1.211352452165704169e-01
7.782030834430184174e-02
1.854161616592018558e-01
-1.679481722136536015e-01
1.941350211405151460e-01
1.195122702160011513e-01
1.656185929284395564e-02
-1.606089644054889964e-01
-2.318790420197004709e-01
1.170040124557409078e-01
-1.082865813146154238e-01
1.059631548425024189e-01
-2.823693996918992255e-01
2.266975791884606392e-02
1.941202707790160298e-01
-9.789176116426023810e-02
1.107377931635249446e-01
-2.035201170005117577e-01
2.077356182380941940e-01
2.466988476283226983e-01
-3.775922630468791508e-01
-1.337029512479411819e-01
-1.123372076144455584e-01
7.989086385951044839e-03
-3.462940144118221986e-02
-1.252866768932301145e-01
-1.802225949256203719e-01
-1.252005462737103003e-01
6.088349477898187534e-02
7.917190542235980066e-02
-5.980759621949844479e-02
-2.209959475945568255e-02
-2.140254203210041339e-01
-5.629333400107269791e-02
2.174946972704183412e-01
-2.312345663177093058e-01
2.657491874302267965e-01
1.039083409695815419e-01
1.780908366074084315e-01
-5.605113863193503243e-02
3.162303269421077451e-02
-2.778569130904092743e-01
-4.790468043888838207e-02
-3.119696698849326322e-01
1.767943654814646270e-01
1.726151876341895305e-02
5.344705021781708670e-02
2.699238036704408317e-01
3.318779497948454171e-01
1.096565907699109804e-01
-3.938093080283978920e-02
-6.224142870309169566e-03
1.101906989347344740e-01
2.106399173304209643e-02
6.512911529112228037e-02
6.002979520947611392e-02
-2.040108995024355054e-01
1.051745594003082873e-01
-2.085584894885971624e-02
-1.002241712739468799e-01
2.421603103957457870e-02
2.527429726219813655e-01
-2.357259929108406100e-03
-7.621877585080009954e-02
-7.819217347404824880e-02
-1.037557579400772978e-01
-1.332550893355919364e-01
7.888100495200243978e-02
2.192990440800816621e-01
4.317289394945167391e-02
-2.246010915741585567e-01
1.191557739992834125e-01
-1.417115283435342946e-02
-7.867109787028790657e-02
-2.403418811919896814e-01
5.626700367473397996e-02
1.184640971404648524e-01
-6.336321726662161313e-02
-2.718578405693436104e-02
9.143178030946746970e-02
-6.673246305244021070e-02
-1.135458416398070769e-01
-7.132711787580656160e-02
2.921570718133436606e-01
-2.274793866328608674e-04
1.423284963451326157e-01
-1.014827830790115126e-01
2.979233777050412438e-02
-2.409375070725908174e-01
-1.759141262027492381e-01
1.221354444425283266e-03
-3.072949002196005419e-01
1.781650513047594031e-01
-2.268903785576156240e-01
-1.172780623097075536e-01
-8.260690261624317743e-02
2.609232121053093323e-01
-3.043286201637089225e-02
-4.115255857792647354e-01
1.062382638967784010e-01
-4.179507533182379164e-02
-1.332621752549743299e-01
-8.777985887247581609e-02
-6.211394729752030275e-02
-2.223189483265686495e-01
8.189418832368236534e-02
-1.894430248727131672e-01
2.246228012805666641e-01
-1.631590726135104807e-01
1.549887803932375845e-02
7.319334744580774377e-02
4.041306916419485362e-01
3.618604283373829666e-01
6.330501466773420793e-02
-3.648708081818145821e-02
-1.170620416051891127e-01
-4.908280141590808110e-02
-3.123169598691743695e-02
-1.511641260687960342e-01
-3.977019598449533372e-02
-1.651932359803325867e-01
-1.383446824786030600e-02
1.615679880312018979e-01
8.769027562008846477e-02
-6.576888756480044063e-02
-2.988299116470471278e-02
1.818076996637914833e-01
4.665056952548166103e-02
8.708767945308952541e-02
-2.201814455254614555e-01
1.552557533569413062e-01
-8.946252947482088991e-02
1.325939145836112776e-01
-9.635708579607593638e-02
-2.527235188321692028e-01
-3.651400745500437556e-02
8.569107931831539127e-02
2.937845968509133349e-02
2.134379395600796703e-01
1.076693394775377344e-01
-1.982473786342970057e-01
2.012092140605630519e-01
-7.131844110833120143e-02
-1.824480791894728393e-01
-2.921051868409248881e-02
-4.502381651821211334e-02
-2.898671790448779581e-02
9.770479643867219233e-02
1.486453297562707609e-01
-9.247733242384754970e-02
-1.388615040415380197e-01
-1.234479702705360421e-01
9.525580047757851998e-02
2.692538569341492230e-02
3.512464639607703054e-01
1.517188254563446234e-02
5.999014286182608596e-02
-2.762219257893254107e-02
2.206968590768544347e-01
2.299698503643652150e-02
3.060979977254497109e-01
-1.827462008248584985e-02
8.236484102578703337e-02
-7.296501668732924273e-02
9.203119513825769316e-02
-1.128363679688890175e-02
2.447692385577843743e-01
1.000804743947738412e-01
-1.728358965202424491e-01
5.188487004805274194e-02
-7.131115265229369393e-02
-1.402408375450620859e-01
1.638178924947939277e-02
6.636672969120971377e-02
-1.103424940586033159e-01
-2.613235943619642843e-01
-9.529080721340031646e-02
1.753065156420207937e-01
2.194040321789293979e-01
6.817998453424217731e-02
1.185374442326727756e-01
2.516725680248153157e-02
-3.943796541467924771e-02
-3.656861270082372578e-02
-1.376726238299012528e-01
8.882975657478658915e-02
9.261421094097106732e-02
5.455503488606082418e-02
2.341985805894929856e-02
7.055879584475042293e-03
1.492717290383686612e-01
9.109883668722557407e-03
-1.774063144259609426e-01
-4.491645686982903563e-02
