-2.070622406226378942e-01
1.653490126932458115e-02
-4.297891229156775017e-02
2.627239371591512038e-02
-1.398632726447428809e-01
1.331635234997962935e-01
1.990078383734962542e-01
1.626798533784213144e-02
2.635443682898896967e-01
-3.766130927752339708e-02
-1.656412856609880691e-01
-5.623708797719776525e-02
3.477893022846618998e-02
-1.253411303979868816e-02
1.597253782497254707e-02
1.496085792176143348e-01
6.725965777665465772e-02
-5.652140871651562676e-02
-3.360493981249247364e-01
-2.858532495299069554e-03
1.433698873662751505e-01
5.479004472023613070e-02
1.125846359700556354e-01
-7.724767625853097563e-02
-2.223974955716428170e-01
1.056589517465347516e-01
6.428529915210598467e-02
-9.546715393491277124e-02
3.395257275960730792e-02
2.171401020596899212e-01
4.817615442577662804e-02
-6.865169133716070293e-02
-6.886732460278668921e-02
-1.474307003395431137e-01
1.934844637369995124e-02
3.201672210824154513e-02
1.699829977859325381e-02
4.516990809251650307e-02
7.956004570752440996e-03
1.602543511649284214e-01
-6.696783949608506314e-02
-4.045839033042795269e-02
-2.439404231039324078e-01
2.345156650389047456e-02
2.511130128253069929e-02
-6.781082243562659533e-03
1.329683979012775130e-01
-7.889404984498028794e-02
3.982172003075822031e-02
1.529984098128671088e-01
1.535572904959172091e-01
-1.208014709853648810e-01
-1.398404039249945552e-01
8.707235385960680751e-02
-9.812592828279188828e-02
-8.382160061172107268e-02
1.271962164171855370e-01
7.359568631837619390e-02
-3.560885361263220472e-02
1.048063604319126874e-01
-1.558896268985668909e-01
-4.927019846845143852e-02
3.886532404045097561e-02
1.781613579583062740e-02
1.619941549945356704e-02
2.902433450451391908e-02
-7.043351303866085544e-02
1.747804001848897726e-01
4.394168411444160371e-02
-1.039855031737296764e-02
-2.884166726460515306e-01
-1.555203355864068493e-01
-1.606615294694558882e-01
-1.906959497591103614e-01
1.563404405035896672e-01
-5.114469807207693702e-02
-3.272848454988881717e-02
-1.391090944096007864e-01
5.365978160387901291e-02
1.451457296211073333e-01
-2.014342819732383438e-01
1.930432632468419563e-01
-2.264585419759428953e-01
1.849973932875868810e-01
-9.718482931571521821e-02
-1.662625847821692926e-01
2.203871481139402511e-01
-4.255405942731627089e-02
-8.506337573300601362e-02
2.288752049652697379e-02
4.251336816327658946e-02
8.039685924937073347e-02
2.679197794860253834e-02
1.755876069659008110e-01
2.689590925828155843e-02
1.287420691395419758e-01
-9.564313784429852305e-02
-4.158187787517599737e-02
2.196575121628349947e-01
3.623887162159961789e-02
-3.936568678314400493e-02
4.034155753146573958e-02
-1.079324247880953935e-01
-2.069464497314670304e-01
-2.428810998773279217e-01
2.938423592441986865e-02
1.766961050737325956e-01
-2.498981593419847547e-01
2.225964370003612192e-01
-1.452740057786585659e-01
-4.193057834408960363e-03
-7.882729820231997031e-02
-2.161319003836175145e-01
-1.148731527668105518e-01
8.386122113225848163e-02
8.257084098279549034e-02
-7.152940075967154088e-02
1.435480876968542319e-01
-1.723733548954040906e-01
-4.693932919520264757e-02
-9.881243211634682666e-02
-4.737929813038041504e-02
5.150338749225394364e-03
-3.012289179472654732e-01
-1.956929388048966045e-01
-2.271502021351045342e-01
-2.621145342441409398e-01
-1.707025566602131117e-01
1.412805506219566853e-01
4.695277018826302801e-02
-2.045839370188282658e-01
-1.876384297587410099e-01
2.798087723113339420e-01
1.413641552168246884e-01
5.903698978565929262e-02
-1.955977732161362503e-01
-7.881834839538104289e-04
1.841485290035882461e-01
3.587511368388351385e-01
8.551933666489631991e-02
7.702336607157062032e-02
-1.503337118501673619e-01
3.246656047557724273e-02
-5.691825453284983516e-02
-1.818697943529681282e-01
-5.952077084158628739e-02
1.464061398954688842e-01
-8.486020603509619384e-03
-1.920980659976872021e-02
-1.185414692861367220e-01
5.268460582904734013e-02
-3.139609399154445063e-02
-3.993992780641755086e-02
-6.318647304025931666e-02
-2.475908170930028740e-02
1.523019552327155024e-01
8.217991129612828294e-02
-3.210248132086308132e-02
-2.983792946994210521e-02
2.371798567694274051e-01
-3.259273784723035888e-02
-1.290395536348779570e-01
-3.706627099825794691e-02
8.770637200419763302e-02
1.709859531270267741e-01
-1.010275104984328515e-01
7.547657259284958065e-02
3.033074339907773087e-01
-5.226651205252834387e-02
-6.842059809344570864e-02
1.691275035396263768e-02
9.235581674889517534e-02
1.189392363478528059e-01
-2.429265477279480279e-01
-1.427338445910522613e-01
8.002420499878815097e-03
-4.687736297483369174e-02
1.987542656367669580e-01
-1.894798023096909145e-01
-9.114071120726707775e-02
-1.187079999862511726e-01
2.773362877130692433e-02
1.026980629507492776e-01
3.479990002134769611e-01
3.494935091406250333e-02
-2.137938281294848517e-02
4.599219713728406114e-03
1.158787854417849261e-01
-2.660852004819719840e-01
-8.522121302791757502e-02
-2.078709670117938613e-01
-9.177462071528563747e-02
2.211526973919555605e-01
-1.585269075033947650e-01
1.437138585928921519e-01
-7.640717047127111583e-02
-1.101009516083220480e-01
-4.182431483962253949e-02
-1.068989645039387648e-01
5.803527257875008838e-02
7.328381107489227719e-02
-2.120051697270398938e-01
4.262039333351257120e-02
-3.363684536505108513e-02
2.684733846724783324e-01
-2.005973132655746727e-01
1.749990935038786555e-02
8.681648338724544389e-02
-1.654077137293448185e-01
-1.691869813992724625e-01
-1.366076055010136125e-01
-7.718725445473756039e-03
1.199866276772577345e-01
1.520177521286847355e-01
3.710008402570065533e-02
1.864048036721848711e-01
-6.237324149299279530e-02
-1.196113764294043369e-01
3.105526943020128425e-02
2.413878514793158653e-02
1.028452530119967345e-01
1.273487980746220161e-01
-6.779426676703786611e-03
1.198468283602318329e-01
2.153315309776472619e-01
3.135593658568663206e-02
1.716928289949640474e-01
-3.497428361242174710e-02
-1.279314936079038376e-04
1.226692658195359387e-01
-2.777264116019196871e-01
-1.095983922814317835e-01
2.159865723241084501e-01
-6.355882189212795630e-02
-2.707002155130288634e-01
-7.803576834656157646e-02
1.738050254603160372e-01
-6.070977968373724581e-02
-4.489558493295209979e-02
-1.069243932260622171e-01
1.470223823289089904e-01
-2.027078994836472303e-01
-1.345705011776310578e-01
3.969437985346145892e-01
3.683148164776619549e-01
4.910821640646052810e-02
-6.011807953434214480e-02
-4.339013237218948549e-02
-1.503116747376023841e-04
-1.506782166089852548e-01
-6.451349648483999458e-03
-1.218432987649994137e-01
1.966448554456575737e-01
3.074849497758698202e-01
4.472909955461750742e-01
1.000000000000000000e+00
9.470477989930599083e-01
7.936785591796723383e-01
5.005487124478846805e-01
2.937684685895687320e-01
-1.901575739035565177e-02
-2.930007198877046873e-02
1.632729999365608864e-01
-8.392555891756078856e-02
3.915446652290858337e-02
4.028516090860617127e-01
1.701338503510071432e-01
-2.458999716590650874e-03
1.068929835436934206e-01
1.059463483489799240e-01
3.762570202335838859e-02
-2.459837148224479353e-01
-3.991321442075055487e-02
-4.157344673671615337e-02
1.331596971573044685e-01
4.311785065309039350e-02
-1.093854999704852171e-01
-1.714839274949369885e-01
1.153579348689726808e-01
-1.058117338672744656e-01
-1.205690840793915003e-01
1.807579296055441265e-01
-9.586345689435839257e-02
6.535305635676505291e-03
-2.703384505778233526e-01
2.270841817867988721e-01
-1.121380516915693572e-03
-7.231382013537294984e-02
1.734048325154047554e-01
-1.022853967653029328e-01
1.650021639955155384e-01
-2.960341678192614234e-02
2.768208383870741224e-02
1.097128699993453471e-01
-1.739251479038961962e-02
1.467628571416562111e-01
2.462637191670860315e-01
1.027552396415770371e-03
-5.517064527182958394e-02
6.132166040293438036e-02
1.051750005765847290e-01
9.883287495288378688e-02
4.764726194123859032e-02
-4.315604490577498731e-02
-8.348853604590835559e-03
1.666378208722039955e-02
5.139374930532107470e-03
2.203125898301526719e-01
5.569549295312670179e-02
7.539531105317684445e-02
-1.032370073333107180e-01
1.444179301891571621e-01
-8.831723335373281580e-02
-2.208659717939945033e-01
2.747509117576950599e-01
-7.476180995691841802e-02
-1.498920873481388305e-01
-7.439680652970002972e-02
-1.287323520114239464e-02
1.632871029353905323e-01
-7.555279695578012711e-02
-2.615602548654940782e-02
-2.413123331156599161e-01
-4.513646596839722414e-02
-3.950412595524569262e-03
-2.164047292790939950e-02
-1.483716543491991058e-01
2.340267221280869364e-02
4.837179588503138367e-02
1.092774965354317146e-01
-1.701112544102859336e-01
-8.647922592878960757e-02
-2.275606714103645956e-01
-1.118080700686139572e-01
1.060846460552824361e-01
1.185694326665053151e-02
1.215439690777663784e-01
-7.414941218938887746e-02
-1.366350966881786921e-01
7.889056557010096227e-02
7.075904071527542617e-03
-1.346419354390685288e-02
1.435421535697413709e-01
-4.180406943925836505e-02
-9.566132045364010572e-02
-1.395369141744182140e-01
5.364389089705466802e-03
-1.428834860181025235e-01
-3.020283325929492765e-02
1.990508711791781349e-01
-8.976693441138487717e-02
1.112822789297946424e-01
1.397889297945577591e-01
2.450140952507106479e-02
-1.219363655678535469e-01
1.284728827945691154e-01
3.312256990055278960e-02
2.279039208059057547e-02
-1.165418702135411766e-01
-7.659816764813376540e-03
6.838371550044104741e-02
-2.555265338882737325e-01
-1.387296440763899907e-01
2.199262951012790138e-02
-8.746863133646910760e-02
-2.843394752837612519e-02
-1.271983042263652094e-02
1.873373088719242074e-01
4.173061335314077330e-02
-6.448900203409357879e-02
2.124451734694967620e-01
1.205845245464815946e-01
-3.358968762929406132e-02
1.029050934503231013e-01
1.463929326594296809e-01
-1.023807613037891334e-01
5.767142718106520183e-02
-1.047570151106570618e-01
9.936414681347359446e-02
-1.746508697130589871e-01
1.281773086476813706e-01
-1.299079575074937598e-01
-1.552735380952975641e-01
-3.117968259842323828e-02
-1.884650041747716054e-01
1.230220660840888047e-01
1.826485133585859788e-01
-1.565475085115839715e-01
-1.163491779833712575e-01
2.755306996672649555e-01
1.032206777269926712e-01
-5.159751233868530712e-02
9.677169888664523267e-02
3.018277111528444665e-03
8.747268276324822456e-02
-1.786971166314700599e-01
-3.896069009252265541e-02
-4.946256478888019087e-02
1.894508079982494264e-01
-1.376140628106347630e-01
1.861912601937421585e-01
-6.306106598495062054e-02
1.852509030332961659e-01
2.296169920425724167e-02
7.944657866446160066e-02
3.319957987611602684e-02
8.954522087363704641e-02
1.957164755019986380e-01
7.828816386874751232e-02
-8.942698880297461628e-02
-6.042978833132991480e-03
1.658618837876323360e-01
-9.576526076204207316e-02
5.558754884155822293e-03
-1.894166780597884570e-01
-1.412512967449216228e-01
9.977676019421116704e-02
1.128236215383292057e-03
-1.096383852188538011e-01
-2.099621219518486848e-01
-1.928817274310288266e-01
7.504981121969198088e-02
-2.378127363954917750e-01
8.199818321065691085e-02
-2.217747035124802146e-01
6.233025281931011546e-02
-1.233771199522745304e-01
-2.737135720003487926e-01
-5.930616864548659412e-02
1.364606855176438149e-01
-9.515621912181251862e-02
6.061873783748804312e-02
-1.762264895431318174e-02
2.947781737158904347e-01
7.131977274928591459e-02
1.026808120990655576e-01
-3.467224529849660120e-01
1.295446354557066027e-01
2.645353427688850595e-02
7.529770309734472311e-02
-1.751990668415885077e-01
9.073962131197703396e-02
9.173797339287141639e-02
-2.620650334531723913e-01
2.476377530486070094e-02
2.054537146805609504e-01
1.007222103632466753e-01
-1.564014401590135273e-01
6.814426375997918728e-02
-1.079331534524683237e-02
-8.492716748788960157e-02
2.013017943900527809e-02
-7.772207458136036473e-02
-7.252046140821273579e-02
1.529476973260570916e-01
9.013567268035320434e-02
2.861160381447018508e-02
-6.582060546623598463e-02
1.537342698059508683e-01
-3.419221596465758101e-02
-7.069247322802007204e-03
-1.850880462330911080e-01
-1.302218913984006139e-02
-4.498419189726698270e-02
-3.540091835155308175e-02
-2.971324917482561778e-01
-1.661506835505074386e-01
-1.030693819206799505e-01
8.503065439094917299e-02
-3.166138179926976659e-01
1.868004194692669540e-01
1.205074332564634171e-01
-6.528696355429831899e-02
-2.182088035498600670e-02
-5.705063578351250719e-02
-1.245402025349847674e-01
-9.335852640041667622e-03
1.148406756940508894e-01
-1.976183007079004156e-02
3.570802936100537783e-01
-8.254582067243217136e-02
1.209531193715823183e-01
-3.873406568605362865e-02
-6.333089068107799861e-03
-1.821632333931012815e-01
-1.260133964837286957e-01
9.770122786112284130e-02
1.163637994729348375e-02
1.185212316969071616e-01
7.384066561374913462e-02
8.566045696630603112e-02
-7.137684609838763905e-02
-6.254633049155552960e-02
-5.027836533722853524e-02
3.156321549818967391e-03
-4.328648132668316134e-02
9.082819228143260148e-02
2.508803807662869367e-01
1.131624143989063275e-01
5.688589509540160211e-02
-4.559603780917691196e-02
-5.070677327851396549e-02
8.307895544730603109e-04
-1.296494502475338366e-02
4.311962385523638447e-02
-3.927996093538385809e-03
1.197757389839080797e-02
6.701492754617284324e-03
7.895077691175075851e-02
2.178126118569684577e-01
-6.541389921645866801e-02
-1.299881606554985636e-01
