-7.037695437998579828e-02
2.209244315572340689e-01
3.511765789284847922e-02
1.149726971422911775e-01
-2.240862089064453444e-01
-2.095026332017053614e-02
-6.594351601381737149e-02
-1.891314840271956371e-02
-1.166951445270138360e-01
2.806573457051822137e-02
-2.419980627728267331e-01
5.234766828418419699e-02
1.122989198031401903e-01
-6.496761177597050463e-02
8.573124740671633770e-02
-1.287506449769335037e-01
1.114599986030829076e-01
2.070290832894127186e-01
9.581378873218121539e-02
1.046542032066555550e-01
-1.883074902688746111e-01
-7.374892612232655797e-02
-1.620562772037618393e-01
-2.580549816061548582e-02
4.726758413875595255e-02
-2.159841142236472444e-01
1.250918120552807766e-01
-1.987855577689258690e-01
1.073045102223080596e-02
5.003441138206225075e-02
2.659907674398979127e-01
1.181629526959113302e-01
-5.743571984066330599e-02
-1.808152276268318315e-02
8.130748847584591196e-03
3.877389899858429967e-02
1.283145775070917149e-01
8.070901546969501406e-02
8.419419578952049010e-02
-7.758937925616825326e-02
-4.934754423267526113e-02
-1.190773569427301531e-01
2.197781063940263957e-01
1.370584062844619824e-02
-1.308063507177277540e-01
-3.363762493018024879e-01
3.219545994296253433e-01
2.908333204678151956e-02
1.877999714460157621e-01
6.611534482660016976e-02
6.102009368663179750e-02
-1.510987691556441546e-02
-7.566646489168979417e-02
1.381392955503922375e-02
-2.677339815571117554e-01
-1.637954596271938013e-01
-1.553870809287980770e-01
-4.700763311455589261e-02
-1.082839662357208861e-02
2.914346412137076014e-01
9.789141295440718926e-02
-3.949721175828450892e-02
-1.520287083310113418e-01
1.889969812297493112e-01
1.118220868900606374e-01
2.426473003731499656e-01
1.784334793158010024e-01
-4.378486766274495429e-02
1.419710450476422033e-02
8.081979219384566315e-02
-1.429860350781984590e-01
-1.244800760319188515e-01
-2.914581277341994348e-01
-1.551973013474233221e-01
2.571444332972164237e-01
-2.943153170841408262e-01
-1.020104079307018324e-01
-1.127221241596921830e-01
4.081008592659868955e-02
-3.846470323170463751e-02
-2.869993314329466472e-02
3.293961932443860707e-01
-1.298992740213915364e-01
1.024442994965422127e-01
3.184036789068164786e-02
-2.690084903341719569e-01
1.262226181090287946e-01
2.993471482733032762e-01
-1.353825638177717505e-01
3.584632223512612126e-01
-1.503556016654811756e-01
-1.875674272290223446e-02
3.172754170538800156e-01
1.114643822226916436e-01
1.256713095551547851e-02
6.222990259758520021e-02
1.026290234130764895e-01
1.247017894479120759e-01
-2.243341288251702037e-01
-1.403596786875360991e-01
-4.095250873462870367e-02
-1.249294547116668180e-01
2.522684791503303561e-02
1.314260221616413982e-01
-7.924792698635750587e-02
2.764468842738352361e-01
-1.409612073995576420e-01
2.242283435907161393e-01
4.236012862918674127e-02
9.588108022509349293e-02
-3.965883325974563917e-02
-3.308911844559146026e-02
2.224236294825116533e-01
3.910859703828166445e-02
-9.291474617613143527e-02
2.660052623892062984e-01
-1.571298151531543563e-01
2.768982299613193324e-02
2.976406037201457799e-01
-8.845996520301091515e-02
3.636391081844910222e-01
1.847650016246039917e-01
-2.120560829514801793e-01
-1.029230843649891203e-01
-3.277235986563770131e-01
-5.010669474285647101e-02
-1.529726467437780291e-01
-1.902035846790993282e-03
-4.540828168323702424e-02
1.729192474712161198e-01
-6.913255583244580504e-02
-7.812617630075144315e-02
3.305648038620558754e-02
-2.777138586790392147e-02
2.627563546098263259e-01
-9.107214657462092688e-02
5.149841161161014536e-02
-1.144447636967889786e-01
-6.568625298137671653e-02
8.926263255668812069e-02
1.127319793560568884e-01
1.044877328565997285e-02
3.192325371386003918e-01
-2.569135365409788152e-01
3.272779635466517290e-01
-7.022634039627316527e-02
-4.745026030735612077e-02
-9.427212954163348424e-02
-1.603648038577242252e-01
-7.902275775108072442e-02
-3.751842913635598797e-02
-2.668864062319408620e-02
1.451799715873635377e-01
-2.148979773347790279e-01
1.635540672467639123e-01
7.261431213433804099e-02
-1.247870960787806904e-01
1.595012440048840241e-01
-1.900872781678150103e-01
-1.412939709997388001e-02
4.054699901335241663e-02
-1.428283174926372745e-01
4.053653731750365323e-04
-7.987415814810180925e-02
4.972527941215983821e-02
-2.099294699307981682e-01
-8.421194012521726613e-03
2.182006239328857303e-02
-4.633231736691660607e-02
4.274618333462299608e-02
1.040940156180934634e-01
8.213932186742942121e-02
-1.745514611047379872e-01
4.914134954799376925e-02
1.214307390442271456e-01
3.873985305181385647e-02
2.165464453475449691e-01
1.416322033245279999e-01
-3.631475885530608405e-01
2.201195559206153562e-01
-7.996581768566437057e-03
-4.728294328052368850e-02
-4.839944634313564364e-02
-5.572520776890523692e-02
-2.160820600191716012e-01
1.782749295282234636e-01
-3.453910381289033993e-02
1.347774831157145248e-01
3.376321030803567935e-01
4.651839927610032684e-03
9.855116008138941480e-03
-5.748342891805768851e-02
1.136976905682496840e-02
4.214812472760872189e-03
-2.151701836022184566e-01
2.051089525099120958e-01
-9.228361950631257249e-02
2.266680560999198568e-01
-3.489568853266911824e-02
-3.768005063779840402e-02
6.305336867423402825e-02
-5.008096851627691359e-02
2.293946939687446507e-01
-9.093596355418420707e-02
1.771359639110879070e-01
2.371776415226928003e-01
-2.180888409475797152e-01
2.861057091600991975e-01
-5.977534321322752753e-02
-5.082440795882610385e-02
1.321465189625888881e-01
3.871502262996996679e-02
-1.941233665652060680e-01
2.082825512965604670e-02
1.412343732686912601e-01
1.691245512651435301e-01
8.725754745036852500e-02
1.855293675730971259e-01
6.980281572613322716e-02
1.172451244260501735e-01
8.785539638936337714e-02
-1.202665274766640813e-01
5.235563550612366140e-02
3.835765198421053988e-03
-3.732944957229667599e-02
-1.770792000379761422e-01
-7.787297695768218009e-02
-2.893361405691596486e-02
-8.303980742273261995e-02
1.297918247662366575e-01
3.136670126143278337e-01
4.157344180642506479e-03
-7.800242658453727072e-03
-3.374373183012263633e-02
8.223150776821808172e-02
5.926203231093207791e-02
-3.335562918765958701e-02
4.054133528936884612e-02
-1.081188592191908646e-02
-1.457991955071040735e-01
-3.863547627204111379e-02
5.068416067659341911e-02
6.758254474211537743e-02
-2.535663175264652597e-02
-1.012253714204696259e-01
1.577637574035218593e-01
1.866687171065773976e-01
-1.338427926016679814e-01
4.321024892183299854e-02
-3.236711778074649604e-02
-1.862132913589444327e-01
1.595045076769212589e-01
-4.017764754014736817e-02
2.727355745446329305e-01
2.184786710243702135e-01
1.000000000000000000e+00
5.876256274850857331e-01
1.991438381216817932e-01
9.500187347976514485e-02
1.977548088613743649e-01
1.375655705034108806e-02
1.828922917935920101e-01
-9.030627676223031142e-02
-6.220510454955361507e-02
1.967237402126407464e-01
1.150375885832196909e-01
-1.220910163418532784e-01
-8.703708233741853928e-02
-2.007661118662221536e-03
2.030272324136512541e-01
5.760073279715269973e-02
-5.133381475612892181e-02
2.632472663711873939e-01
-8.836047041753032974e-03
-1.585034081498212094e-02
1.040031734244176720e-01
1.040823042537629139e-01
5.330178162938860320e-02
1.313482990254602467e-01
-4.878172548812496900e-02
-2.332300465006862181e-02
1.729305105498376016e-01
-1.731514886960838495e-01
-2.724104443339304682e-01
-7.281116370530371640e-02
3.577062155655270081e-01
-2.299038771955987659e-01
-8.466072560385813628e-02
-2.214740145933839083e-02
-2.064154783457074899e-02
-1.214779364223045194e-01
-9.774735868856262999e-02
1.304265672230310313e-01
-2.202370207180496531e-01
2.683540047326505307e-01
1.448508089162528489e-01
1.700282041326579008e-01
6.560491386912738199e-02
-3.476929691161986108e-02
2.459220941525809279e-01
2.060429393664693076e-01
1.131941889643937327e-01
6.904491313564464772e-02
-1.033386094394147248e-01
-1.693270214338468693e-02
5.476389407869431541e-02
1.467374507635824804e-02
7.479580143698230654e-02
-6.066468014819183414e-03
1.130435427959989164e-01
8.812488267454428315e-02
7.603668036828020727e-02
-3.553027121597332472e-02
1.237289247392479030e-01
2.059350423980486344e-01
-1.347012966005563250e-01
1.951617941875685158e-01
-8.619677230413349059e-03
-7.050251456564504693e-02
-3.730493738639426016e-01
-7.980885060618382598e-02
-9.329363367696238973e-02
7.728891854897040892e-02
6.054879614213893452e-02
5.639799530336565836e-02
-1.368036232725237666e-01
-4.360571168279272353e-02
9.505642983149006908e-02
1.439510725226456934e-02
2.315872865765576383e-01
-2.106477912059296076e-01
-2.207365721298763794e-01
1.347974816322405900e-01
1.741717733974801896e-01
5.399424832250617617e-02
1.200442374246927096e-01
-4.636111569067422750e-02
-1.190548947715197176e-01
-2.551172701250863928e-01
1.588848168006841421e-02
-3.103902032716449599e-01
1.022429043382571401e-01
5.976148755202538576e-02
-7.210109816431195529e-02
-1.698931416322172483e-01
1.012934623582540522e-01
2.504148885910911781e-01
-2.167275540495096076e-01
1.052282773020136314e-01
9.937947538983382678e-02
-2.469034707286823227e-01
-3.134900841605478550e-02
1.349103828376075134e-02
-5.057207261912349122e-02
-4.154075861570290240e-02
-1.280660375435288025e-02
3.343002370999584999e-02
8.484103314363949933e-02
1.491327371106223598e-01
4.329172799204816097e-03
-1.156697274274761517e-02
2.243936444818908083e-01
7.348129524357553677e-02
-2.620969617036841837e-02
-4.334166497875956148e-02
-7.035017257518040579e-02
3.914453038196240298e-02
-2.013901240335908005e-01
7.051988869824013517e-02
1.744081739100094286e-01
5.134706121332011791e-02
3.706853799575505343e-02
1.941072710088235231e-01
2.403438984731722516e-01
-1.226766298534138176e-02
-5.447780149355157392e-02
1.782676657695715927e-01
1.390717303502819469e-01
3.501014445742189896e-02
1.018036369882088371e-01
-1.210075032645101939e-01
1.489432774595223774e-01
1.494644914085759835e-01
1.501966995738353017e-01
5.215955089273041079e-01
-1.172878620236238005e-02
1.012724396815767175e-01
1.238234266961681443e-02
-1.308739307228402315e-01
-1.383905916775935163e-01
1.979831777826184525e-01
9.301733096308223425e-02
-2.651717173566888186e-01
-7.581067988676223890e-02
6.434851582835109107e-02
5.144647868805975188e-02
1.344764785245174676e-01
6.793167374508864154e-02
-4.046031725220598785e-02
8.970177155132082192e-02
2.442286686569554999e-01
4.165287847452313341e-02
-5.957535651475159150e-02
-1.984940772248998397e-02
-1.427437992767958616e-02
-1.556317053741166911e-01
-1.762400550783962128e-01
-1.280341482626193850e-01
3.605781997852319093e-02
-4.194095653882248115e-02
1.094612166979645335e-01
-8.666417887415910071e-02
5.664988274067236929e-02
-1.277201207846611064e-01
-8.958165228587894324e-02
1.548991123367749190e-01
4.344268153242977076e-02
-3.651532699269554455e-02
-9.348501329300545892e-02
-1.481940472766062333e-01
3.581606817114657559e-01
1.589667304482499099e-02
4.639916038500840195e-02
1.904969148029779236e-01
-9.139260599256533724e-02
-2.813577841944518362e-02
1.150677624154779199e-01
1.727571894755391274e-02
1.660354408097205747e-01
-1.655381942348632396e-01
-4.846779418090009506e-02
-8.348403465021989045e-02
-8.783282682831348651e-03
1.989442989422511854e-01
-6.796404483529053416e-03
1.719540418456724090e-02
-1.487075817493129504e-01
-1.202748471968549671e-01
8.950239252867481232e-02
-5.714988301063272935e-02
-2.675791645037640248e-02
2.177185283549609458e-03
-9.186444741014676476e-04
-1.072911194017819037e-01
-2.435154565802921667e-02
-6.106817546122738673e-03
-2.758189578624269389e-01
1.876790944169761527e-02
6.859143858186181331e-02
6.167761824491135858e-02
1.372223470771789522e-01
-7.176364834100575074e-02
3.037043351825058357e-01
6.952980772591996986e-04
7.096517150393451268e-02
-6.404223276850994073e-02
1.352757222384655122e-01
-3.198365508542891367e-02
7.676754444313220460e-02
1.687408114656934952e-02
-2.334165439334567327e-01
1.885706405957288112e-01
1.912922227996944335e-01
-2.200673680086165651e-01
-1.705199054587985472e-02
1.455429234944134453e-01
2.298417797921091174e-02
-7.897751309505320061e-02
-6.577655148527379592e-02
-5.640362779842349183e-02
1.214431538718265535e-01
-1.155478167467085399e-02
2.008749567691277271e-01
-5.399725700607630602e-02
-3.183406487857310535e-02
1.557686874561498291e-01
7.032482930917037522e-02
2.038125888541395259e-01
2.187818829427523315e-01
2.401287876062423166e-02
-1.405839525013716507e-01
-1.623075573485517897e-01
1.590856227597062800e-01
1.445286328997551564e-02
1.709992764651869501e-01
3.819224044763579184e-02
-8.400480069689628126e-02
1.381407190368562354e-01
-3.438346634903814703e-02
-1.187221166967280112e-01
8.949778476623025669e-02
1.049292566617921613e-01
1.053321534073736396e-02
-8.486756034329094589e-02
1.513241457848126525e-01
-1.912613778779609086e-01
-6.828313976969477284e-02
-3.785098383493821356e-02
-7.626322645110850118e-02
-2.454818357828013053e-01
-1.729786252757791604e-02
-6.550626518274001164e-02
3.265503416006148435e-02
2.055678451016767355e-02
1.855429663343566848e-01
1.175814861031164588e-01
-1.067367556940441303e-01
-6.657877112568519329e-02
-3.187080600899528382e-01
8.123525251559371441e-02
-1.948469036619626116e-01
3.177973133063309585e-02
