5.651889476435004167e-02
-2.256911976381550111e-01
-1.964428022775140392e-01
9.262053672147667338e-02
1.942957356701385807e-01
1.458610117052351329e-01
2.460841897319242244e-01
-1.613965876789135723e-01
1.075417413415342416e-01
1.048747168372132221e-01
1.460103234790894877e-01
-2.448399743054199273e-01
-3.473769978230116240e-01
-1.130645277218930295e-01
-2.870797011584653724e-01
-2.313632410960398192e-02
-8.272616015955453969e-03
4.271737261635812771e-02
3.069124332916948195e-01
-1.920940629008280331e-01
-1.209887444294513448e-01
-1.009945624114989560e-01
2.550166212299173063e-01
1.488782106114841216e-03
2.943854563390956858e-01
1.889734313959978984e-01
-1.434185040698868763e-01
-4.853876303605764858e-02
-3.044285561929538919e-01
1.889825272250078569e-01
2.305995039356385085e-02
9.330373645125469850e-02
1.461039111662943701e-01
-7.696052901451894135e-02
-5.244977235928461878e-01
6.954808985730993875e-02
-2.163017349896249608e-01
-9.188788840286911397e-02
-2.093420068588612848e-01
2.361136655760610048e-01
-1.119020150102510158e-01
-1.464941395189958140e-01
-6.763502932426640468e-02
-5.996366486414113350e-02
-1.859169457834140560e-01
2.083616721867895608e-02
-1.100346245563418174e-01
-3.853718179281936940e-01
3.235578908684497712e-01
3.747318021508979635e-01
2.405697629527388526e-01
-1.447628553282919728e-01
-1.500919181895450927e-01
1.626974426744810798e-01
-2.321462218280639922e-02
2.884034418041617198e-01
2.595225995885098724e-01
2.590626468856055409e-01
2.711183866230072737e-02
1.105718125740858850e-02
-1.047416333475345990e-01
-1.166144704971450868e-01
1.871045996742729811e-01
-3.454654014248679378e-02
1.952743452400139690e-01
-1.535111570923239528e-02
1.108729169602314935e-01
2.039037513534153745e-01
1.137047109194999107e-02
9.894170681849813465e-02
-1.910972429605104026e-03
-2.493500038206016844e-01
5.726342805530019314e-02
-8.508800914280349736e-02
1.017724172282622463e-01
2.953423028250284910e-02
2.417275816722539161e-01
5.440221645091292829e-02
-2.817843336910607621e-01
-3.752220260976228960e-01
-4.428240370893685857e-02
6.295887544060271845e-02
-9.020527755644033863e-02
1.490440636794037599e-01
1.754658583119377002e-01
-1.002972611970081585e-01
-2.498120016101595953e-01
-3.004878114719036070e-02
-5.679031253782028388e-02
7.526116409851243971e-02
7.584666645942850227e-02
-9.925268259888353484e-02
1.189907559657361336e-01
-2.425125406449283108e-02
1.410127811270975862e-01
9.620810946714414280e-02
-1.897117621110868541e-02
-6.856751691357233780e-02
-2.991002597852964254e-02
7.547127661015540744e-03
-3.541369098708184171e-01
3.166006294999976906e-02
-9.456426187470806655e-02
1.458466960986962435e-01
-3.153298150066954353e-01
2.386886216944106853e-01
-7.631778326571984905e-02
-1.634730651498977616e-01
-2.757967096815860941e-01
3.190138347874757474e-01
-1.397716818664007654e-01
-1.264858365079807034e-01
-6.605771188282592854e-02
2.467994099575589462e-01
4.051065149527132564e-02
-1.513546991421045873e-01
4.644428484115618871e-02
1.048976610124279507e-01
1.641448086210268165e-01
-4.189433790932005630e-01
-5.807325363667620310e-01
-2.627643008810328640e-01
-1.225234262447916223e-01
4.216948071748948673e-02
1.142912138342651457e-01
-1.185598473606447739e-01
-1.260185409074760232e-01
-2.260096877418754091e-01
-3.356132130797346846e-01
-1.136526009548466110e-01
3.482399483168077126e-01
2.815484812929843761e-01
3.962241075630426601e-01
1.022042449951408583e-01
2.357367829718858276e-01
-1.870386148170653795e-01
-1.604812982317959658e-01
-5.123623020993393201e-02
-2.041965225354431743e-02
1.718906926446593098e-01
1.817497686272416257e-01
2.280545697513229886e-01
2.425504325447384035e-01
2.013456170907295534e-02
2.726650543112282277e-01
3.102286894850333487e-01
4.509436312492835081e-02
7.446860029882498844e-02
5.004478321003522634e-01
8.418716818131893875e-02
-1.066133671132589028e-01
-2.459542809331209667e-01
-3.045241109333945428e-01
-8.976552258149150809e-02
-5.930820694135328051e-03
-9.090807119533603209e-02
2.414835721153048009e-01
-2.319867161294565383e-01
-2.529976049480158196e-01
1.205830318492712716e-01
1.264538903661502900e-01
1.977431314876615387e-01
2.570774003515968187e-01
-9.828550609991558440e-02
-1.095484944622975160e-01
-2.626659915573922172e-03
6.597150243054776542e-02
-1.251097569089628658e-01
-9.730370233079682629e-02
-1.019711329926195273e-02
1.226384546349360838e-01
-1.382753309119860441e-01
-5.922261792766025934e-02
-1.452453234926813774e-01
1.062881147430525669e-01
1.829401531363653022e-01
-1.852295778469290888e-01
9.233375545003710827e-02
7.912505905221164926e-02
1.887766929322260701e-01
1.390966722142966509e-02
3.322747884258313578e-01
1.650647530435534471e-01
3.893873192015172569e-01
2.507724158426415939e-01
2.135780416306726215e-02
1.287442854048041208e-01
6.173337377814677035e-02
-2.126164453667455656e-01
-4.180049508574100736e-01
-1.961411657336590425e-02
-2.176360359198884487e-01
1.020359041142887557e-01
-2.712159000959104005e-01
-1.874392790454511570e-01
1.934208226406595177e-01
-2.689445792788529646e-02
5.430724602094219589e-02
-3.402118246264184687e-01
7.274761957477074437e-02
-5.774564676053710321e-02
1.361716012912983775e-01
3.851336807153529079e-02
-2.272985680521570351e-01
-1.943910799681266011e-01
-1.607866218415672510e-01
-4.155631989582663222e-01
-4.836292457882239160e-01
1.046084839740410305e-01
-4.053075294122554517e-01
2.697900919024219801e-01
-3.962181705959316735e-01
-2.531506952315834003e-01
1.769135554304453462e-01
-1.948281470209021204e-01
1.824309427787160209e-01
-2.514185345751657197e-01
2.349744477199275372e-01
-8.756310575550188546e-02
-6.110259056503064556e-02
-2.523871328336174669e-01
2.193597984285102498e-01
7.679202275963635180e-03
-1.090876262769614052e-01
-5.852356378175984503e-02
-2.383952216036224758e-01
-2.879528417481668212e-01
-2.986594908461373890e-02
-1.878717552757428952e-02
7.788339131002137983e-02
-3.101887064437801045e-01
-1.379743311056979282e-01
9.907761846822733809e-02
1.512195436986573660e-01
4.018356621182585242e-03
1.029831165154772438e-01
-3.275847935547279710e-01
6.605491782583239324e-01
1.778149965313761960e-01
-3.170483999638022965e-01
2.466888967750417161e-01
-9.458940673331656113e-02
8.003532333525845144e-02
-8.356402002104709736e-02
5.223654927843714721e-04
1.152463924602417644e-01
2.002911117825572629e-01
3.725926083759757979e-01
8.922089923589250626e-02
-2.023789284620366169e-01
4.010178997256062527e-01
-1.668724690053058624e-01
2.305406711912946494e-01
2.158019423257707611e-02
3.528199009451195023e-01
1.000000000000000000e+00
9.400071894962112040e-01
3.857658174318432942e-01
5.972815590579889644e-01
1.031538531632947564e-01
1.327700938241868633e-01
6.827601846226431792e-02
1.651014675315370939e-01
-1.410282495255997803e-01
8.983809092072141123e-02
-2.979048820907842510e-01
2.638286257757372910e-01
1.457743386719963785e-01
3.010871904783332664e-01
5.510018000929143428e-02
-7.766791910377378316e-02
1.823453213162812558e-01
5.166813233085685436e-02
-3.991097329559817330e-02
4.781941459353808987e-01
-2.159542820308054945e-01
-1.277731975170287859e-01
-1.453960375176515385e-01
4.784360077061468319e-02
-1.035200462831821072e-01
-1.045704874943734208e-01
2.406389990558333372e-02
1.130000352988039386e-01
-7.349283792725462561e-02
-2.192129636643351809e-01
8.192150926598934513e-02
2.116207120087261473e-01
2.463964670123615641e-01
1.856873261870481129e-01
2.405396904718273554e-01
3.675865349970938722e-01
4.228454651400074815e-01
-8.072037674750995317e-02
-1.043255429466606182e-01
7.895323181687223524e-02
1.402622491346724731e-01
-4.284122108941049722e-01
2.545747240966246272e-01
3.363475562747794134e-01
-1.603386721694881681e-02
-2.077443356226296167e-01
1.475021169998810000e-01
1.301019202072940806e-01
-1.604040517294335610e-01
5.738442027965266756e-02
-4.811472591876351373e-02
2.644326314582671755e-01
-5.736923141671405879e-02
-8.202953281916494643e-02
-2.019424067030310410e-01
-2.233695415192405442e-01
3.065169256280676768e-02
-1.669733410650431904e-01
-6.250058180671372310e-02
-1.615237146931492729e-01
5.782829928682865599e-03
-2.331570389990329784e-01
1.793474386466047676e-01
3.453471644386433836e-01
-1.632329896994200724e-01
2.477420259084063270e-01
6.590529977214051871e-02
-1.481178901345402144e-01
3.222780236660759134e-02
1.177836163787779854e-02
-5.391605101954224932e-02
-5.006834165392730351e-02
-2.786020606408381450e-01
-1.897336862239762667e-01
-1.147890385048729381e-02
-4.489973148217403509e-02
-3.663958828814403647e-04
-7.103640023291023231e-02
8.516702440555191933e-02
-6.928458714230700810e-02
-2.948465033089134879e-01
2.294345449101898304e-01
-3.148892077621211899e-02
3.599031726639412287e-01
1.971556815818777397e-01
4.874774387132268516e-01
-6.934853059225261351e-02
-6.083499399736509022e-02
7.838946599351322153e-02
-2.076055609456189388e-01
-7.217571563082951502e-02
1.234627615959379282e-02
7.452819574932520279e-03
-6.558881894766985243e-02
-4.514935051364580426e-02
2.557721593481226963e-01
-1.785419647007722987e-01
-1.365254653662505702e-01
-5.500083514778612327e-03
2.963991204344516017e-01
1.053469015133804421e-01
1.952026501571837991e-01
1.048432421052039459e-01
-6.101157374988130933e-02
-2.767868689024092221e-01
3.361149751010173575e-02
2.097850498954477172e-01
-1.765481333024359126e-02
-6.238494939828159724e-01
2.141551946377289184e-01
-7.573386294869408931e-03
-3.328791210581904993e-03
1.447045957069133248e-01
-2.577812297323380797e-01
2.123412448660092974e-02
9.773128064825460648e-02
1.398639416565341520e-01
-7.511487931577369784e-03
1.948662020256376193e-01
1.909892334320006241e-02
1.131461723817648868e-01
-5.109567663084539912e-01
4.029315050142404792e-02
1.630904137950321409e-01
1.623771173883082827e-02
3.131438290103536609e-02
1.593486016532433547e-01
-5.863376530068318410e-02
1.962296409161083666e-01
-3.071619584607723219e-01
-1.619745325503257338e-01
-3.544787723933696677e-01
-4.137939731335712468e-01
-1.113623615129509942e-01
-8.019729853530593866e-02
-5.558568998548006623e-02
1.622027820236061624e-01
-1.820128346964647661e-02
-9.899671371558356470e-02
-8.562374710182710236e-02
-4.237656854187241695e-01
-3.099901217243656443e-02
1.264725107378818214e-01
-2.640123807476666903e-02
-5.372357783416768090e-02
1.709281130661099435e-01
3.711455888920628388e-02
5.704097993079994960e-02
1.356248737958166625e-02
5.109708213494736778e-02
-7.714071170156273916e-02
-2.696836721025079320e-01
-2.148022673992892317e-01
-6.808537945104933820e-02
1.563243079622328446e-01
5.266438826498219539e-02
-1.946875218706960176e-01
4.098984789707699194e-02
-7.170164193484442061e-02
-1.163804717815602185e-01
6.925057687556857022e-02
3.377823400378459628e-01
2.407242754658316386e-01
-2.754063874664903766e-01
2.394655651782112427e-01
4.169846569512520307e-01
4.344365197670907626e-03
-1.398172580831408274e-01
1.392077762752599590e-01
-1.263137556640377968e-01
-2.888870042354645395e-01
-5.451645329744903012e-02
6.817432846188105355e-02
3.515360653072586161e-01
-2.500218285344626978e-01
1.873412472953492891e-01
8.776634645856407069e-02
1.232777920626657170e-01
-5.375758489161005377e-02
-2.359524761886291344e-01
2.355234111680455933e-01
-1.086298937658188024e-01
-1.203284884047925579e-01
2.401742799552415430e-01
-6.226730396008443857e-02
2.568431879842632548e-01
1.342489154644874172e-01
-1.427726221768528814e-01
-1.824261391633923493e-02
-1.878339636106344801e-01
8.219822117103282866e-02
-1.592972045793731584e-01
2.909307766191177591e-01
-4.230425770017371412e-01
2.248054516772508560e-01
-1.455066324811521254e-02
2.599440658337484611e-01
-2.396529188670432908e-01
-3.936689241383284354e-01
6.748793453287771360e-02
5.807385281114114256e-02
7.350591013243832350e-01
2.680671013608305550e-02
1.754499458408249057e-01
-1.264301899846715926e-01
5.627745654955195603e-02
1.576041704769223506e-01
-1.713609956131066370e-01
1.770319182576924055e-01
-3.068542000673537551e-01
-8.743946462567601940e-02
2.941419302734147104e-02
9.637641180137380970e-02
-1.594649806581233675e-01
-2.977217188562457650e-01
-1.960271596286242146e-01
-2.110944428065748557e-01
9.847143161065367856e-02
-1.065879491376969940e-01
-8.856851557362759031e-02
-2.974515514165066432e-01
2.226089559893777714e-01
-4.996602771656816766e-01
-4.087203529001386393e-01
-5.229292326109015454e-02
3.378794726045880048e-01
5.165212231795822395e-02
1.971235602668373194e-02
1.832630065303282041e-01
-2.101228292015714857e-02
-2.975594937269683271e-01
3.427070149386106379e-02
-5.509165219171550248e-02
-4.984760669332005678e-01
-7.147074034679452847e-02
-1.452964701672441739e-01
-9.446136376660770051e-02
3.229507657426424622e-02
-7.236189748940771715e-02
-7.852345234592522649e-02
-1.976715952109036889e-01
9.410218284243625220e-02
2.390960059632864787e-01
-3.435194711460098655e-03
1.221305884733941555e-01
1.207209657998340770e-02
-4.255791665198592477e-02
7.371493263222442249e-02
2.387660047552588038e-01
2.635518558157214364e-01
-8.384429584388219947e-02
2.547619970128021660e-01
2.221102014176663114e-02
-5.282472711366035384e-02
-7.002164097717109015e-02
1.949381507170532268e-01
-1.585564888148361384e-01
