1.856304488594519297e-01
7.893931687600254377e-02
1.270766357387983492e-01
5.523558054236333420e-02
6.016468605878838583e-02
-2.682806496942596527e-02
2.303508959203255102e-01
1.834783767510268782e-01
-2.585910722480164181e-01
-1.587050655249523379e-01
8.604811275607927509e-03
5.493401185671986653e-03
2.365156884093043699e-01
9.739192800334922628e-02
3.306202015828291207e-02
-1.554753259164526058e-01
3.388186282252557326e-03
-1.061791798866549424e-01
2.105654734287509544e-01
1.290134516879354598e-01
4.479461604573095057e-01
-1.181660344254492206e-01
-7.202266932310247283e-02
-2.285014142829983400e-02
-3.979570858203430178e-02
2.563430661050965578e-02
1.704225050959198018e-01
2.532276527802977684e-02
-7.159858146603997886e-02
1.304613803400141991e-01
-4.116559092246760421e-02
-2.743720863414878669e-02
5.942045714658311661e-02
1.726171345479533548e-01
-2.077275386423342585e-02
-1.505619873738245351e-01
1.219753946961872485e-03
5.325397733420828353e-03
-1.050830757739744242e-01
1.739882033944801232e-01
1.149284506213589796e-01
1.340152160240778434e-01
-1.030811701980158430e-02
-1.021298829074675230e-01
3.894533412928921634e-01
-1.714409053914319695e-03
4.729342649489071126e-02
4.087052387650300100e-02
-7.080843344285184249e-02
-4.292965168481342464e-01
-8.474826640663325750e-02
2.555453120075721479e-02
1.524383189284281293e-01
-2.225898821303088151e-02
-1.777049364812483268e-01
3.433935088696815074e-01
3.124279338472428502e-02
-9.966399532985054099e-02
-6.698422951282961835e-02
-4.883352457215268776e-03
-1.058631891562478305e-01
-4.026848161768436379e-02
-1.752907525549677811e-02
1.065694226358957809e-02
1.185364096370372516e-01
1.718601515951007422e-02
-2.929241875329429909e-02
-1.025270830657474402e-02
9.186840882645679052e-02
-5.360777063942776671e-02
1.180840989386124917e-01
-2.117945712190865692e-01
1.150021970716729597e-01
3.538531039632927810e-02
-1.902431047448660817e-01
2.798889413892841072e-01
2.760011245253594647e-01
1.082150140462997956e-01
-2.114644943985258818e-01
3.110397177628835275e-01
-1.690971906396273039e-01
9.084624891510582889e-02
3.618223106872985560e-03
1.188147361382140971e-01
4.606574933874174604e-03
1.939146436641578930e-01
1.611170942674411757e-02
-5.642340637068078701e-02
2.051904841220060782e-01
-2.820987775923786134e-01
4.239817972389246098e-02
-2.686349805560591109e-01
-3.107793631802190093e-02
-2.246207533371845366e-01
1.328205550481287023e-01
-1.438801329608448143e-01
5.833863932172897449e-02
-1.918054078951312580e-01
-1.116471914747798888e-01
-1.104413093518006178e-01
3.587025827063858863e-01
-1.106705045112597874e-01
3.332952346113993852e-02
2.228347141581955154e-02
5.099885718989819600e-02
2.408940310330883600e-02
-1.713062028083487398e-01
1.593732972744313706e-02
1.097901261451218399e-02
3.708873020017260103e-02
-1.054112232987552966e-01
1.639079162388412669e-01
9.026627442593693207e-03
2.893097270582256630e-02
-6.843739612026258912e-02
-1.074929107241750781e-01
6.171092805537951170e-02
-9.876990050478652583e-02
3.662495238926043173e-02
6.499918973234404540e-02
1.436398838217175233e-01
1.489748383336366722e-01
1.856778028886209020e-01
1.182657954255994653e-01
-2.017666251892210605e-01
4.339988660625388461e-01
7.419912575877556093e-02
-2.375163313831661072e-01
1.989202241708202742e-02
-2.110947758385353090e-01
-6.889459993310936836e-02
-1.546521583663417188e-01
-1.291365096001945434e-01
-1.753561412550027065e-01
9.554522117804892245e-02
1.256978701827607056e-02
1.460647960638287723e-01
-2.560020584662970888e-01
2.335989757125695732e-01
-3.038979240530839676e-01
2.297583126801630016e-01
9.149918709067333955e-02
-1.557333347237074006e-01
-3.714919728440684299e-01
1.003575791840786713e-01
-3.403127627446735082e-02
5.187940851680025028e-02
-8.505629643518676508e-02
-4.654171607422891849e-02
1.809279219714552134e-01
7.533081771501179413e-02
-1.310299134070347891e-02
1.894157562863440225e-01
6.146166606072619998e-02
-1.486327317312172991e-01
-1.016600230293607243e-01
3.660518218062251694e-02
2.727388139997024008e-01
-1.012303499293545628e-01
-1.522142958790933254e-01
-4.509719945127456109e-01
-2.740670920939534613e-02
1.362093535452187087e-01
-5.269266843851151683e-02
-2.978268786082641575e-02
2.425479688607043993e-01
-2.944019170414571285e-01
-6.709108947227065967e-02
-2.347360350833104514e-01
-4.198618968481175884e-01
-2.030796156837559041e-01
-2.387071688484701873e-02
1.258347245024915295e-01
-1.955916991838306251e-01
2.996044940490335401e-02
6.087565437194995821e-02
-4.445088388749739161e-02
-1.314965717412328872e-01
1.869244143816486126e-01
-1.731282463105890956e-01
-2.112014887080377878e-01
1.779743540764597981e-02
-1.479594300939432172e-01
-8.920533678378012032e-02
-1.547645553543285368e-01
-2.613321680782578205e-01
5.099520124271242350e-02
-2.871298499538665339e-01
7.946364737331340633e-02
-2.090890076779874929e-01
-1.609752162931694375e-01
7.335856345891474117e-02
-2.030597948140409614e-01
-7.724650733537637148e-02
6.601828694957788402e-02
-2.180523835427882751e-01
-1.982151878115642751e-02
8.331127990583846177e-02
2.082481688290377109e-01
-9.208587083059160960e-02
4.475592196043427784e-02
-2.471317530972961252e-01
-1.435754598063074261e-01
2.806897679675326440e-01
1.438246454495226700e-01
3.976270913255691014e-02
-1.834894307306949857e-01
2.358776575880804777e-02
-9.437891005597713601e-02
1.496658362405094422e-01
-2.828338110821951301e-01
1.830926983595382029e-01
1.628062293298304930e-01
-6.664540098633110754e-02
2.428527891051803222e-01
9.083866576081603764e-03
-1.886821327440195151e-01
8.082522661757431115e-02
-1.040477147587145906e-01
1.015060775302887158e-01
1.350504781638189322e-01
2.036861122338162189e-01
-2.449503427034197336e-02
1.327980187718641736e-01
-1.365385686231946616e-01
4.022347246374984725e-02
-1.691180460322046220e-01
-2.546873846414396958e-01
-2.898608653754306541e-01
-2.347677871829130514e-02
-8.717732652686678574e-02
-1.091460102335281013e-01
-3.548139547609316380e-01
-2.471462346894808815e-01
9.034965422160091963e-02
-5.416778051577568476e-02
-2.027319414691152732e-01
-9.276441042319800989e-02
6.927531130543899962e-02
-2.569325476465920272e-02
3.862729838848599773e-01
1.867835968012620251e-01
3.448471747479788241e-01
4.713133497411339246e-01
5.438663088980960625e-01
5.844865985400012898e-01
7.952223178584510999e-01
6.273303337283929748e-01
6.647155951453672662e-01
6.852669460535867341e-01
1.000000000000000000e+00
5.293740745788726443e-01
4.197478897149659605e-01
2.744481663341007405e-01
6.976781850759339321e-01
6.510115313391323655e-01
2.701076432696982721e-01
3.309380365133311463e-01
4.997887498641966075e-02
5.429208110412595545e-01
6.278845148430189926e-01
2.838599485380479126e-01
4.866492621620914782e-01
4.029327124453294107e-01
6.963733988020747168e-01
7.237184430115904676e-02
4.008449453993941369e-01
3.757412252492565718e-01
3.792116271297247820e-01
5.826420645292590406e-01
6.036698468669715600e-01
4.540704768816689052e-01
2.258011023350120217e-01
3.385448757848669166e-01
4.919558949571296025e-01
7.088472007278052989e-02
-2.466655516130980552e-01
-4.850033857100948496e-03
4.186975445621549108e-02
3.984229005470635854e-01
-2.760745036106166950e-01
2.930552880766136292e-01
-4.642117836838612344e-01
5.608672741508027165e-02
-1.813642454209648258e-01
2.466889063108200497e-01
3.229415613832063991e-01
1.443172311871807056e-02
1.111121109643288390e-01
-4.488673303690247918e-02
1.377913223076190387e-02
-3.187169698543990126e-01
6.131071741058526786e-02
-3.526359903301145432e-02
4.119350379210165447e-01
-1.654398959463421973e-03
1.916239316832405726e-01
-1.920091438341756385e-01
-2.575213074487028297e-01
1.022374575195547364e-01
3.539874528609071591e-01
-1.573468913691492832e-01
6.660538871560799101e-02
1.152043796079948437e-03
8.174551855940308254e-02
-8.879918871509448475e-02
-9.670299457250024558e-03
2.128829635096887891e-03
2.021242552466811226e-01
-3.921463332878543512e-02
1.092085605075717863e-01
-5.790701684849762498e-02
7.658791001206242954e-02
-7.219388011277398653e-02
1.433649721956055112e-01
-1.972187004519376230e-01
6.585389367674991667e-02
-1.302298909663976156e-01
-1.114607465166303074e-01
-3.393059319207288992e-03
-8.079248119306135789e-02
1.159502705850702642e-01
-1.288471572563459344e-01
1.506417346465806217e-01
-7.385736155063118979e-02
-1.626793739933188876e-01
-1.733607501296665077e-01
-2.073696207026524685e-01
-9.394355039080749814e-02
-1.224116998948741597e-01
-5.863449003180613156e-02
2.849903068982083121e-01
1.556245679925891412e-01
1.918334555096024852e-01
-4.607630314743594441e-02
-2.214441434118851748e-01
-4.205217996304672079e-01
1.488726761842373847e-01
-9.237798434873047138e-02
1.898106856546567800e-01
5.936856463057518102e-02
2.713218309355072133e-01
-6.983826492300565514e-02
-1.309096170651194158e-01
-2.107617785204377592e-01
-3.231936151358035247e-01
5.051106241677283393e-02
-2.703154105805580243e-01
-9.288283637062330622e-02
2.375018723150839617e-01
-1.869984324877370929e-01
2.833630065569316403e-01
1.552041401482915847e-02
-9.026491006561151997e-02
-6.760196800694472097e-02
-7.994203134224626972e-02
-1.082996584273401668e-02
-1.215501784336028152e-01
6.081664143402669698e-01
-1.300139908929639765e-01
2.796524367820667489e-01
9.578529509026321997e-02
3.451395938515237211e-02
-4.544407572116442723e-02
-2.147888816176794780e-01
-9.907476407036780452e-02
5.491856018240829501e-02
7.068206931767555268e-02
-1.558639174655064297e-01
1.212898722459541251e-01
-1.270131498174110196e-01
-5.407786914297636055e-02
2.335044751918542438e-01
-2.247754061489529442e-01
-6.791761144974048370e-02
-2.514671321885486588e-01
-1.230481765214220119e-01
-2.412679639634389070e-02
-6.695847121922328393e-02
5.046138848308544256e-02
-1.128133280895179946e-01
1.062956598070302107e-02
3.877278670298191579e-03
2.153776410237367989e-01
7.883013945872222039e-02
-7.262685536005244157e-03
3.941592969081179898e-02
-1.564384620418171612e-01
3.860442945086110800e-02
5.477378758162246286e-02
6.170861059754022271e-02
1.577890477541377956e-01
4.000045326361291176e-01
-8.878460580075568653e-02
1.115813775893450682e-01
1.238216468941855664e-01
-1.196523603097718186e-01
2.782620921044519635e-01
-1.009595812880284688e-01
-9.715979471556505931e-02
-5.911576391462226854e-02
9.943012733108752554e-02
1.582018662497284567e-01
2.613817198927664842e-01
-1.163812498637352144e-01
2.172267233079251125e-01
2.395367531965970354e-01
-1.614596010845444074e-01
6.991358398999235162e-03
-5.627981293606058172e-02
-1.076813716203151722e-01
3.788493266796180703e-01
-2.405467240028427156e-01
-8.204788771315414675e-02
3.626686003118880786e-01
9.007345721385477677e-02
4.660065861550663491e-02
2.619830548388668023e-01
3.225546458245253101e-01
-5.857275328592736335e-02
1.899951506559714176e-01
7.611049227412679252e-02
-4.505592054858988810e-02
-1.342249632917944524e-01
-8.721696337296029611e-02
-3.316836566275058878e-02
-4.440851940156814726e-02
2.938108394580249971e-01
-3.884407310363360150e-02
-1.231076366838877029e-01
-1.234545681088858177e-01
1.090793595762464818e-01
1.097617553137333751e-01
-1.737266100981193495e-01
-8.000480261096551415e-02
6.658761476269221130e-03
-9.553862220922369752e-02
2.594852113779978959e-04
2.672846956440079746e-01
1.378777836518894073e-01
-2.698798520544590154e-03
1.014280361119358209e-01
1.338842908880037985e-01
-1.538978392588083166e-01
2.463223059993819297e-01
1.311671638055557920e-01
1.920034389186885682e-01
3.001358266806106179e-01
1.270854429991495615e-01
8.958274194321447226e-02
-2.006521277850619178e-01
1.265563713706915894e-01
-3.092430047414648775e-01
-6.653932469098071401e-02
1.891574050847923405e-01
-2.511312005206842862e-02
-3.305526224376234001e-01
-2.162736810482689120e-01
9.643143449459734909e-03
-2.271372962635951342e-01
-5.571599268257283744e-02
8.080817915543575536e-02
1.294336931867463569e-01
-2.870026944295385810e-02
4.605839077647615881e-02
1.192583555784288707e-01
1.935758755853653201e-01
-1.800991948686959110e-01
1.250228843148792623e-01
5.094083683895496428e-02
1.615555949198030014e-02
2.614119709054054108e-01
2.552557535635942287e-02
-3.473407879474425114e-02
-8.381229902653267172e-02
2.417728041472444744e-01
-8.272395541803294339e-02
4.862417126007294310e-02
3.713212765093702461e-01
3.174493326351735534e-01
-9.862813504374824680e-02
-6.307213504124731251e-02
1.841194114376495938e-01
-2.375752416136903966e-01
4.156073811924130418e-02
-2.930980860972975249e-02
-1.162613865514447037e-01
-6.313036048322162586e-02
-3.059397164336448705e-01
1.528050303486711281e-01
1.631101645880398132e-01
2.350997275256967722e-02
-1.129845919869237603e-01
-1.026088753135780407e-01
6.497744935350011075e-02
1.186613711547151312e-01
-1.641211699171478966e-01
1.937671605501588290e-01
-1.501558034330376969e-02
-5.148307236725393338e-02
-2.386322972400315989e-01
2.581916726847517940e-01
1.391544966209821710e-01
-2.796756859838776532e-01
-1.455160256848345990e-01
1.210974538828013813e-01
1.746343289465185356e-01
1.608179163667385059e-01
2.232834693313256458e-01
1.730582845470758357e-01
-1.798596684417876901e-01
-2.040811081669162141e-01
