2.261066614761391147e-01
2.464432806931479425e-01
-3.005204873045186353e-01
4.819407433522361339e-01
-2.532497223038998047e-01
5.199710445943953735e-02
1.076809582095532986e-01
3.835939724639889775e-02
-1.434610209770363909e-01
1.231539894155306465e-02
-1.000204309740616720e-01
1.150468305309027828e-01
-1.207035211670390989e-01
-4.224830412632136524e-03
2.078277558324287400e-01
1.597158724739606850e-01
1.544186430583071104e-02
1.763385530694341063e-01
1.455059059568137303e-01
-5.311246997874785603e-02
6.208281135236891346e-02
-1.804254930900853759e-01
3.503614943557761818e-02
3.662720170205557846e-01
8.391786063938883045e-02
3.966288997485853396e-02
-2.444826920596510078e-01
-2.684418660220517627e-03
-3.670698273466855843e-01
-1.430855441194861521e-01
4.310500536146144590e-02
-1.360149055338131796e-01
3.647179034385055751e-01
3.312582776626005754e-01
5.554497780362687154e-01
1.233845755434849478e-01
-7.597577146492873190e-02
-1.320153817818455755e-01
-1.468054111033385567e-01
1.895908318711189422e-01
1.212117747031932757e-01
2.853278691813677850e-03
1.909756267317637424e-01
2.229698815436584880e-01
3.248965810767094342e-01
-6.349927890382209283e-02
-2.114697735879785545e-01
8.811338699114748887e-03
-1.134628315832626570e-02
-3.647711653101677609e-02
-2.074955054417595979e-01
3.609505194572760756e-01
-1.801911151670272104e-01
-9.867196234910624586e-02
1.736407069738644671e-01
2.482281120212024850e-01
-3.470758925490532304e-02
-3.621949770217773867e-01
9.950079532546472760e-02
3.615333069822763545e-03
-2.232848411466805127e-01
2.163055407691915344e-01
1.572646240405179419e-01
-3.289127101023640865e-02
1.345695221995699409e-01
-1.474972039461851236e-01
4.526413440504507141e-02
1.788348975310823374e-01
9.986771262101259983e-02
2.713041095316398935e-02
-1.116222629251863163e-01
-5.487007834776973514e-01
2.425638336919261062e-01
1.439845485322031049e-01
-1.410701151771494299e-01
-8.453065514482976939e-02
6.179398912516624598e-02
-3.210471144451874093e-01
2.552798464437271431e-01
-1.158969371076485344e-01
-2.048305983204561920e-01
-1.015536451233311349e-01
3.576039548731498041e-02
-2.400898162643657630e-01
-1.160309886036511029e-01
1.234544740642251753e-01
2.897722307564137290e-01
-2.928863618264989088e-01
-1.979181477603619010e-01
1.346211825201453771e-01
1.783800237121877519e-01
-5.923983157439324243e-01
-2.510869621068635704e-02
-9.551313387474186234e-02
4.163492411901715262e-01
8.680948389532652841e-04
3.727252075558819544e-01
7.944201780449697270e-02
2.858997410949021822e-01
1.631428940391218274e-01
-1.218582942775811723e-01
-5.352806380122714369e-01
-6.455420873344053234e-02
-7.344857601669418923e-02
1.115588304021577631e-01
1.758522223668556594e-01
-1.648502718054700167e-01
-3.932755527130254308e-02
-3.048971227885149404e-01
-5.926867439144032496e-02
4.507778665842654409e-02
-2.600635714102209617e-01
2.053220030289804321e-01
-2.570971692094447536e-01
1.274670336828603034e-01
-2.760891001102741549e-01
-7.204445391261771192e-02
1.635774116372287201e-01
1.707122932969556417e-01
2.296982525424222377e-01
4.622926099647269027e-03
1.135950086126225334e-01
-2.578424674778589387e-01
-1.757284009168503525e-01
1.485890877456916837e-01
6.360513345942894053e-03
-2.264954827255288572e-01
8.006817558151130276e-02
6.057899613203392153e-02
1.872113270634210569e-01
-3.396029571683380904e-02
1.298106954010007918e-01
6.199981427984422450e-02
-5.069095768485157479e-03
-1.259275663856363192e-01
3.424052015327425091e-02
1.256125140645792948e-01
-1.846096138116160718e-02
-2.070994921658260435e-01
7.368902689012366003e-02
-1.082650798149043386e-01
1.882184669800441024e-01
-7.677624006631954268e-02
8.529690733529986246e-02
-9.363583968574493155e-02
-1.717011147202910856e-02
2.349422282822803687e-01
2.314216806167575941e-02
-1.563721238542849501e-01
2.491210108313617055e-01
-3.638150929132646233e-02
-7.007548718649184161e-03
-1.595501894732769543e-01
1.959100309762911440e-01
1.292956617653894802e-01
1.543581688067012792e-01
4.056513444171334221e-02
-1.199119176954553112e-01
1.061244837242049516e-01
4.358092877780188334e-02
7.467278633893326134e-02
-2.974197633113526140e-01
-1.903460572369940762e-01
2.095588989180890149e-01
1.739936795570860562e-01
-5.681019832192487490e-02
1.410914621465457208e-01
1.266156007567956487e-01
6.431936950133912423e-02
-2.885688297681637815e-01
1.516298347389676282e-01
1.431499017486514425e-01
3.181306720480487904e-01
-2.182316662735765689e-02
1.439665205625395850e-01
-2.151916684936497903e-01
-9.080530405303295638e-02
9.804563936329606377e-03
-1.379553632212416302e-02
4.061159242879149034e-02
-2.132201264045793521e-01
5.278913101130668778e-02
2.039065073463895428e-01
1.577063692746975276e-01
3.568480886768961302e-02
1.171038086077620319e-02
2.111796670757950731e-02
2.248350761253213315e-01
-1.992957149849340082e-01
3.617439680338520591e-01
9.928934213776267892e-02
9.319574854388913698e-02
-2.445321769129983613e-01
3.163740510392257926e-02
1.355627474367848140e-01
1.164281059116015378e-02
1.262766002995874548e-01
-1.084042435456125941e-01
3.021891067128091302e-01
6.276900619513439694e-02
1.217950719850663527e-01
8.052135446006634945e-02
1.731604152977927330e-02
-2.683197834947683574e-02
5.094389698384772791e-02
-1.588437379761474186e-02
-5.554046069534272767e-02
2.706152445890993019e-01
2.976697100061427848e-01
2.019518320311037424e-02
-2.126006530516446613e-01
1.693566244496146345e-01
8.968089058709097228e-02
-9.758064883716834059e-02
2.721374481742642182e-01
5.779730680339778548e-02
-9.955811928858065984e-02
9.754141029033355781e-02
-8.113064419160541385e-02
2.142165505098048428e-01
-4.216193389789502088e-02
2.481859654680428420e-02
4.202690529454328194e-02
-1.649403163164966379e-01
2.446948228433711622e-03
-1.935043424993654060e-01
2.639401361332279206e-01
1.588435374958594437e-01
-3.520269236924328943e-02
-6.068780021815452924e-02
-3.410124448668563901e-02
3.101157746609464749e-01
5.368381486059705526e-02
-3.590491991201495703e-02
2.974541014084914822e-02
1.021612414689395711e-02
-1.181155325913031684e-01
1.803198660348991067e-01
-2.262041520495939317e-01
3.047021472181911661e-01
2.074372905791146970e-02
2.266475993550953749e-02
-2.329182780067135805e-01
6.353184666782422940e-02
1.868821253761098755e-01
-1.469554652664167849e-01
-8.899222290514699485e-02
4.551024450717732206e-01
-2.765074521690595935e-02
2.791468679329214830e-01
4.746956111253475830e-01
-1.762711111273695119e-01
-1.388089974183321640e-01
-2.867382511550017540e-02
4.190581853293690040e-01
7.615907296089327039e-01
1.000000000000000000e+00
5.747061190998754565e-01
-1.754641409187256973e-01
1.617743394897535325e-01
2.081066839524683965e-01
-6.338528329930186167e-02
2.088805950551238522e-01
-5.954193697635681848e-03
-3.284483166770317819e-01
-1.296709966541412795e-01
1.740584658431330589e-01
-4.812918939722653916e-02
-1.611488131310532743e-02
2.954153040851046907e-01
2.407707858717853672e-02
-4.837138814586181869e-03
-9.824267973668304732e-02
-8.815853232552203420e-03
8.484889813806811842e-02
-8.719220765687153707e-02
5.742122404873755553e-02
-9.214016356638483896e-02
-2.152913916428512986e-01
3.427269316919391295e-01
-1.839763469203370416e-01
-1.181254841450838367e-01
-8.948681022117901951e-02
1.858605876339590735e-01
9.059677681772330959e-02
7.503135430300496289e-02
-1.067289041037260411e-01
7.689482653064116935e-02
2.275359265234106268e-02
-9.573190741655163150e-02
-9.315580297913673979e-02
-2.966671773410046176e-01
-9.944732812865696159e-02
-4.356294165615411107e-02
1.367519990587930667e-01
-8.571640199291125084e-02
2.181184491886254545e-02
3.260894301906546167e-01
2.994345481278194443e-01
-8.571936617407596715e-02
2.046412481639130754e-01
7.354223985675892306e-02
5.828430084970385311e-02
-3.577650215482835461e-01
-2.243078936316000582e-01
-1.212181043086923982e-01
-9.310749988706640279e-02
-1.420195688429573208e-02
-2.991363009602148182e-01
1.844242225515179967e-01
1.355289097052717918e-02
-2.172777246048147592e-01
2.527668934178932125e-01
-2.684618418731606893e-01
2.261279813699597629e-01
-3.061701601969845088e-01
-8.182617984117871932e-03
8.852354634273702783e-02
1.145619792996632746e-01
-8.326763459450121918e-02
2.787020132027624719e-02
1.858324279129192624e-01
2.580468624119738874e-01
3.013065573536586814e-02
1.046311632696685923e-01
1.939644078366720703e-01
6.838673381929757933e-02
-2.850830103451336694e-01
3.521713944555933395e-02
1.630509612128763081e-03
1.931886516290244049e-01
2.309983553902028308e-01
2.351987748789569066e-01
1.485779243976910191e-01
-1.990630019692848363e-01
1.748930199086496939e-01
2.171612345309331671e-01
-3.055648117539593311e-01
-1.423495592441055210e-02
-2.255938441557716057e-01
1.810891180160503489e-01
3.606891020299103200e-03
3.391608965607224024e-01
5.188031963285094639e-02
-2.477405454567705584e-02
-1.728581844391873512e-01
-4.310422746261001470e-02
-9.822807168062912264e-02
4.174636971371229605e-02
-2.017512294925281890e-01
1.600190872882166770e-01
1.192158854653466854e-02
3.223287906993657637e-01
-2.865060065794030053e-01
2.244406023865877509e-01
2.880053921266053085e-01
1.895798487207014937e-01
-1.406682061910604076e-01
2.100387576576836016e-02
-5.371869985373226714e-02
-2.586938901838453739e-03
3.613892378251864490e-01
-3.263490723038649927e-02
4.553534912362416226e-02
-1.062786894063232485e-01
3.893873261136186481e-01
1.082229972186269790e-01
-1.863569708041949990e-01
-2.521295834965750146e-02
-3.091245855413922161e-01
-1.318644266308388602e-01
2.456410244333825654e-01
2.134313859603571006e-01
3.107621381055091295e-02
3.575122740897163087e-02
-9.692530498098916869e-02
3.188351050909790652e-01
6.609963180668101956e-02
3.618011009843120074e-01
8.024907549268896212e-02
-7.481389385796581061e-03
-3.882837436118486973e-01
3.660093239733182569e-01
4.381600007750578729e-02
6.833038434428738428e-02
-1.170394630654348206e-01
2.205931877446176345e-02
-1.873076110811676409e-01
-3.060604881132333310e-01
2.828398744694897715e-01
-1.038983988925810606e-02
2.783531438214713605e-01
1.157504448269783409e-01
3.525420845907735745e-01
1.226070913546499844e-02
-2.441177752722348548e-01
-5.247279619672678280e-03
-7.892708508276247148e-02
1.026445273591563567e-01
-1.353451064054761732e-01
6.339879149702860872e-02
4.368902605292322716e-02
8.764171554328753500e-02
-1.727607921603534491e-01
1.176599819943523195e-01
-1.248015314795569708e-01
-5.051492551580262502e-02
-1.503808575841729736e-02
1.064271853593984352e-01
-5.884027277038929027e-01
-1.543269956537084153e-01
-2.886880029117375734e-01
-3.701665533776228329e-03
-1.028825488606665006e-01
-1.313021188805256756e-01
3.436889729611007915e-01
-1.113973860619632272e-01
1.482282463578824816e-01
-6.500228061577677241e-02
2.688538812084064200e-01
1.483499850081822224e-02
-2.971512098253769607e-01
2.077596941703264283e-02
-3.194786683419574280e-01
-9.855585134321900864e-02
-1.815938505177873419e-01
-4.737139504793155820e-01
1.995906349569765703e-01
-6.970884119666050094e-02
-1.893908531758081160e-01
-8.743073152237143542e-02
6.396070619998897588e-02
2.313484508832461262e-02
1.416694914019495793e-02
-3.180329576028207428e-01
-2.178241550582488417e-01
1.003236101788012313e-01
-2.163350105790722844e-01
8.341053516673874180e-02
2.096752227737458674e-01
5.481308686347180492e-02
9.895962465214555581e-02
7.803997844962599906e-02
-4.956307606387831688e-02
8.986992698000009772e-02
-1.519365129340923826e-01
-5.091889507587199493e-02
1.676777423431404790e-01
1.288304707590360587e-01
9.967561409041687803e-02
-2.674905150131769438e-01
-1.561254086796918239e-01
1.014481055476930405e-01
-1.512472611921271692e-01
1.753161939611727060e-01
4.418124683850888947e-03
-2.575944886895266059e-02
2.866463960836897473e-01
1.951793381446874365e-01
-2.208189654898012194e-02
-2.873774026789274183e-01
-8.936879142518264207e-02
4.637440952673647226e-02
-4.931720443058358605e-02
1.543741279560923753e-02
-3.625732186955638731e-02
-1.667079410409982587e-01
-1.247338410782063423e-01
-2.798566695275737648e-01
3.376463436919011074e-01
6.076673063195634633e-02
1.053744936821125605e-01
-4.332460322672427450e-02
-1.972041287972917945e-01
1.013582738864235860e-01
-1.669184853830290860e-01
-1.060813089599184567e-04
1.599416855965296591e-01
1.826646442099562340e-01
-7.839293705348911179e-02
2.166133520198472440e-01
2.236412828942999920e-01
-8.463507006769700747e-02
-4.588532665753197182e-01
-1.080788274055767273e-01
-4.038954138831314378e-01
-2.168225204236718384e-01
1.658366216059368459e-01
-2.552661253962432153e-01
-8.688488779860248715e-03
8.849895408071602187e-02
-1.815424931457731428e-01
-2.455165148452183865e-01
-1.371393460753183302e-01
3.258598889674404475e-01
1.418001886773269660e-01
-3.006712209154215401e-02
-6.909487312578431462e-02
6.759751604544315950e-02
-9.236483543758103321e-02
9.820401181552840253e-02
-6.143748731168569704e-02
-1.806916961497241347e-01
3.991178496846810031e-01
1.716294461491697232e-01
-4.099948265732224206e-02
1.095096110865261541e-01
2.828861196067982697e-01
2.680174985860243192e-02
2.320161702701828144e-01
3.798113878376988550e-01
2.811385207408609310e-01
