2.832480386508129944e-01
-2.838785325217852984e-01
-3.862902867807520568e-01
2.798784358354373114e-01
-3.571593628228219436e-02
2.936306912448328338e-02
7.827722275579133970e-02
4.543946423352517722e-02
-5.450512705605505687e-02
-2.984811973975552354e-02
6.381050150438370705e-02
-7.533237504280997088e-02
-7.157717240315326912e-02
-1.579622360129850356e-01
-8.155401825079654221e-02
1.893653280177905185e-01
-1.249461193558479705e-01
-2.205188978636752339e-01
-3.131508181119937451e-01
4.421791860391630080e-02
1.149516615364973571e-01
-4.737083080329251294e-01
4.970049652269951240e-02
-2.460082375802086219e-03
-2.817180782803965222e-01
6.280167369094838414e-02
1.748751993385704306e-01
6.245663207577180354e-02
2.578807914811489521e-01
1.496465326144298946e-01
7.932763426124331274e-02
-3.092750244465628517e-01
-1.044361711500066819e-01
6.423890432613860169e-01
5.020596497167959665e-02
-9.197645635379830820e-02
-3.563426565751755537e-01
-2.243443227867877587e-01
-3.448608304034669197e-02
7.388669815319552636e-02
-1.581497985173404286e-01
7.066417490867830942e-03
8.994847088468986562e-02
1.106086741906199544e-01
1.927308413898893291e-01
2.014598445758292999e-01
1.016928890200449048e-01
1.509623141189813944e-01
4.217541074711977228e-02
-6.021660620811029874e-02
-3.924495253913726778e-01
2.481692575138864099e-01
-6.194801281181334246e-02
2.106687415797300622e-01
5.322938445154735271e-02
1.202031710188016939e-01
2.428498969526031101e-02
-4.369503816294782739e-02
1.674794896389746324e-01
-2.852655902662179846e-02
-3.462328226461361957e-01
1.092105764288094777e-01
1.674642326240925738e-02
2.287104432145538047e-01
-2.323774635338291261e-01
-2.704949508105825018e-01
-1.606122658797757285e-01
-1.260076574708912656e-01
-2.614399209121275880e-01
-2.313650237150368105e-01
-1.201204648251286422e-01
-3.586702717348450586e-01
-4.594731611295397450e-02
2.100802344724342907e-01
1.121093735583632844e-01
-7.618925799088795137e-02
7.616810462087761358e-02
2.764081661424973024e-01
1.510715335719907126e-01
-2.055270870969332087e-01
6.156880251674027305e-01
-1.246531237599046577e-01
1.415786128668663491e-01
1.966310679660265293e-01
7.645574032747660953e-02
-2.336812673019598441e-01
-1.546677254441175264e-01
7.667832679552770425e-02
-2.421134885305351314e-01
-1.839721453936846440e-01
-6.869130788586008673e-02
6.134316417887762662e-02
2.487441096078097102e-01
2.510486204215038875e-01
3.013246480119133319e-01
-1.071700942988954887e-02
-6.506842904520640514e-02
1.010620723228882606e-02
-1.417869675407129049e-01
-1.704700236225321353e-01
-3.096130236916303413e-04
1.262510935801866019e-01
-3.236951051984466865e-01
-5.782850869116327314e-02
3.339818230773829444e-01
2.169052521284009216e-01
-1.362689463390144573e-01
1.911484319285245426e-01
-3.093153958112676571e-01
-1.629483048891542385e-01
1.593867176614484626e-01
-6.659042675627413477e-02
3.802179019258369874e-01
3.678406286155971178e-02
-3.704308732872985677e-01
-1.299267121052904705e-01
-4.102702597164150089e-01
-3.664581991057799248e-01
1.533288102107852602e-01
2.777085447497073534e-01
1.452368768717349212e-01
-8.915822759753457005e-02
1.304664617254128363e-02
-2.598862572882388797e-02
2.606810889363452843e-01
-4.447224949493035900e-02
-6.106620702675549794e-02
-5.851497991614103972e-02
-2.641627014661184769e-01
1.365491542959744176e-01
3.140715791954827862e-01
1.409509342338975679e-01
1.109553474523646971e-01
-1.019260959238540987e-01
2.166489702614218804e-01
6.597950832125425158e-02
-1.534349825979001158e-01
-2.985681308347827301e-01
-1.831096575931439596e-01
-4.553553549394257632e-02
1.172529921523709356e-01
-5.282602808835951125e-01
2.443517208838258126e-01
-6.033779090920515786e-02
8.244697938134061543e-02
7.756268246401066407e-03
1.380769312155876172e-01
-6.149170077780298505e-02
-1.495741725105727005e-01
1.372752503337320434e-02
1.309722242648294344e-01
6.967327372773846061e-02
2.656224860092832804e-02
1.547118081570731107e-01
-2.291835036051435570e-01
-2.731333641415083502e-01
1.294831414329325747e-01
-4.863570301773656630e-03
-2.420416346005111463e-01
2.446557849706416654e-01
-1.957178214867718313e-01
-3.284362056616829673e-01
9.175489995379640037e-03
-6.417308448421361888e-02
-1.408079200390297547e-01
-1.406251693790263879e-01
-4.846658322029255561e-02
2.911583174197894253e-01
-6.839103016052076878e-02
-2.080076019978366608e-01
-1.761070042033998639e-01
-5.147068471566152575e-02
1.345782554060467318e-01
-6.741806494923861803e-02
-2.437756277266589777e-01
-1.206590806280627565e-01
1.777938043788965528e-01
4.406881771247572049e-02
-1.684968288036615969e-01
-5.100541327528508584e-02
2.577898188993610340e-01
1.545044966866685777e-02
-2.379220723611239485e-01
-5.076784322914889430e-02
-2.202173496922685270e-01
-6.096179941809818509e-02
1.604958636402273875e-01
3.830733101865806123e-02
8.282993456449483372e-02
5.623903268069702088e-02
-3.326991601909457530e-01
-9.066535796791796997e-02
1.468761575109510734e-02
1.977508639423893738e-02
5.579211268657516092e-03
-6.668381150442403982e-02
1.406814166727839710e-01
3.181643669648004935e-01
7.638751089110809578e-02
-1.998408088870796684e-01
1.686104238873147587e-01
-9.752226502014325893e-02
-1.641656896426115994e-02
-1.979640163205196104e-02
3.378562433735382564e-02
2.543199112327975200e-02
2.988777122725370106e-01
-1.772204139815936608e-01
-2.090417013604725649e-01
-1.074485418734229389e-03
1.672306186271459716e-01
3.037389263235723558e-01
2.737433395420394988e-01
4.746026691611299198e-02
2.800695065960841501e-01
-5.221275584656594887e-02
3.601810686490449637e-02
9.274823278324752229e-02
2.230294211449422581e-01
1.390424399413542067e-01
7.804353548075027187e-03
-2.249525547095217737e-01
3.024826598121416743e-01
-1.528320855878767259e-01
-9.918097905532810565e-02
1.967652683747160847e-01
-1.119802593399679691e-01
1.777388687553629609e-01
7.464617751682711688e-02
2.686097764443274305e-01
4.767348908161248566e-01
-5.836790501385446389e-02
-2.796734230482304795e-02
1.913882979036035659e-01
1.652020107468219201e-01
3.495041994861861068e-01
-1.968682097848672291e-02
-1.416779805625235089e-01
8.632259869065195268e-02
1.707938339211790418e-02
2.903277315038242379e-01
2.021761792078933251e-01
6.599288428222215286e-01
4.253067593597685270e-01
2.667621132213006674e-01
3.626411811378694172e-01
1.451313400310998425e-01
-1.206460774087848992e-01
-4.217927431777767633e-01
1.225277347063682132e-01
9.341045794193696128e-02
-1.478828341897373000e-01
-2.597882315549034926e-01
3.030557059033957001e-01
5.759783885031429795e-01
1.000000000000000000e+00
8.996606626353179648e-01
4.827152357351990886e-01
-1.015334464449602486e-01
3.274454592714070439e-02
-2.577045012065911078e-01
2.727505207896014916e-01
-3.655434722382095922e-03
3.214625476577069874e-01
1.919085557467486297e-02
-3.922577322296507685e-01
-7.054443474731507402e-02
5.972338185508055744e-03
-1.667140860934651081e-01
-1.460440141356758592e-01
-3.200331004624851206e-01
2.223659888077924793e-02
2.972020924191786095e-01
1.647896364524714385e-01
-4.401437400630430763e-01
4.843859201672107151e-02
-1.068197930464871576e-01
1.822578726767848933e-01
1.551340635916179655e-01
8.321644363426890234e-02
1.712894079157170069e-01
-1.428740096797766757e-01
8.957733157015372594e-02
3.332126214245208218e-02
-3.384060018547317417e-01
-2.293720209853939429e-01
-5.663589224651387199e-02
2.168394348583760345e-01
1.082499045240837288e-01
-4.717749946524858462e-01
-2.677058962023966537e-01
1.357099701741439346e-01
2.681819992526723317e-01
1.263844553504003265e-01
7.736210774895840858e-02
1.456188190602753785e-01
-5.639723859876506762e-02
-6.384295584010489522e-02
2.033756459744207323e-01
9.419399652745727436e-02
2.828581293967152299e-01
-8.263214661387775772e-02
4.835958468300031315e-02
2.665408553179989259e-01
-2.678612662286746215e-01
-2.011341959583772820e-01
-1.997376011174357424e-01
2.076257260101233015e-01
-1.712168359907897119e-01
3.492609789572037049e-01
-3.453564628623749522e-02
-5.186975270887860673e-02
1.658082166803651614e-01
-1.522829243623735063e-01
7.971445890118977751e-02
-2.007869871399754758e-01
-1.477970802832224706e-01
-1.024060353721800154e-01
1.324729942396267734e-01
-3.107033093510098154e-01
-2.543494325247060497e-02
2.627841497574917029e-01
1.097462113667129757e-01
2.434801294461744203e-02
3.065965715686458926e-01
1.183670205825558819e-01
1.125496309009927920e-01
5.737069794130560396e-01
3.790350929977097383e-02
2.664172584505420938e-01
-3.780598061382632324e-01
1.858800117839837143e-03
-9.761356867720409961e-03
-5.977056965691694007e-02
4.832588928407236667e-02
-5.310886843903572796e-02
-2.411213090838381368e-01
1.672091459277204317e-01
-4.371830437672583752e-02
-2.174705430584923938e-01
-1.359602322756308934e-01
-2.011079570449832710e-01
-1.926651447634737391e-01
-2.898267762235859357e-01
3.478790491074830460e-02
3.990498150952477563e-02
2.548888089361984188e-01
-2.720032685316624566e-01
3.479999006013842489e-01
-1.735927108082343517e-01
2.546724209959674856e-01
1.104965319912252636e-01
-1.897915610644201057e-01
2.966295362541614411e-01
6.335945809893220315e-02
4.388273023582619503e-01
-2.604898607140859190e-01
-2.174179489942668075e-01
-1.698051443509621811e-02
-5.196963906666745431e-02
-3.375435721728914373e-01
4.298676500550626667e-01
-1.109490952120343044e-01
-3.211561339294197182e-01
1.574501879245955235e-02
-1.680732448043857075e-01
-5.664118152882256785e-02
-5.750450796782070884e-02
-4.677392515912081605e-01
1.433525248963959942e-01
3.060127600683197890e-01
7.161765559906867196e-02
1.684934573552512027e-01
-4.150841564972350128e-01
-6.087513346678713466e-01
-4.574795237626358979e-01
-8.800195119297665736e-02
7.052331884225528091e-02
-1.556215926574039676e-01
-1.399054840763789371e-03
4.698219158917515959e-02
1.746580558551793227e-01
-2.301579497774078331e-02
6.463281727295444590e-02
4.676003391191353373e-03
-1.509566004520366232e-02
2.211427245935300434e-02
7.040087316669972790e-03
2.666499585336075118e-01
2.349767009328917744e-01
-3.589333914353852739e-01
-4.519107144994178871e-01
2.230411082878059614e-01
1.790024298845248885e-01
2.762335031083174575e-01
1.556436920909106125e-01
1.198552066572581287e-01
-3.634174295118486331e-01
1.175435519115473892e-02
2.494398902576398444e-02
1.432446340081176550e-01
-1.376811640637820855e-01
3.587406278095269657e-02
-4.776751560692123894e-02
1.148828509131250009e-01
-1.337329809116885315e-01
6.140498758923975536e-02
-5.128763561945979266e-01
-4.519582879147661381e-02
2.124505057437185707e-02
-1.788890784576877349e-02
-1.571107336080012074e-01
-4.569840763617476903e-02
-1.607746842543274213e-02
6.344924333004196837e-02
-3.403116646616935470e-01
-1.333017079520771864e-01
-1.820773392565620541e-01
2.358750513355856449e-01
1.411182126957527712e-02
1.279913102107698708e-01
2.334627077523319105e-01
-5.810149704356263461e-02
2.723652946541564868e-01
-1.943477436644461265e-01
-1.886780225605086958e-01
1.035970863711067058e-01
-3.822019483492037489e-02
4.025057116965689158e-02
5.042039752975539108e-02
3.231653626064729529e-02
-3.377725315248822358e-01
1.846888824504979432e-01
-4.378503089224380918e-02
5.739350308256723626e-02
4.947081886584789312e-01
-3.105886249534169780e-02
-4.007369538521136920e-02
-1.021720067244019786e-01
7.060359662200664521e-02
3.564443445294619428e-01
-3.175498578251024218e-01
2.951307716148049987e-01
3.085338926032568999e-02
-2.133906297827348753e-01
1.861468564059300113e-01
-1.282928834421165898e-01
1.203923901463773150e-01
-2.059193379103573529e-01
-1.117870213761142789e-01
1.039369549413753646e-01
9.531686812660752905e-02
4.203164266841660779e-01
-1.272011332077663537e-01
2.504767423334621976e-02
1.762504045754388904e-01
8.079604989014216310e-02
-6.912339450735033308e-02
5.003582318836824472e-02
1.984161190934826957e-01
-6.221973071820047219e-02
9.922666027278513601e-02
1.847535123698079151e-01
2.178698909551856754e-03
1.097817252566270912e-01
-3.373124331293953504e-01
-1.994134247319837711e-02
2.244115929410711308e-01
2.827503091154541792e-01
-4.209098981154448665e-02
-1.261808037898402846e-02
-3.245882437850348273e-02
1.598073664260588611e-01
-2.238017544317273400e-01
-6.889827963555485157e-02
-1.106770367588594817e-01
-1.441309141908481833e-02
-2.502095444549658487e-01
-2.572220527021520931e-02
-7.477415882728975782e-02
3.800376465275113191e-01
-2.648933760476794852e-01
2.110373443250704306e-01
-2.816697230389704765e-01
1.377037534235622529e-01
-1.418942134942110557e-02
2.047221295245159334e-01
-5.273601438257897317e-02
1.106051577688954984e-01
2.323203563008801598e-01
4.645928176538283161e-02
-1.457275986236216125e-01
-1.636636928107930433e-01
-3.002505885217022774e-01
-1.135996606354636868e-01
1.857907462998625026e-01
-1.994072275101902436e-01
1.459612285226236372e-01
-8.061790365962925864e-02
7.345086931914975113e-04
2.343700881684274706e-01
7.733534576724253318e-02
-5.497003166672611782e-03
9.387556751452910686e-02
-1.048031116429589717e-02
-4.868152850634877016e-01
5.727821382745537648e-02
1.826053389466219534e-01
1.789985272856659537e-01
-4.775824063040114836e-02
-1.297599648772084814e-02
-2.088554036730534691e-02
