1.149652647606893702e-01
-1.717888327984228858e-01
-2.748164750823292590e-01
-4.565552342344771086e-02
-6.489870124941758689e-02
1.855730604456991006e-01
-1.226028409519203805e-01
6.132504036964441484e-03
-1.390410705954039094e-01
-4.275472846046531883e-01
9.539840541089888992e-02
-5.633173168425461425e-02
-2.404879153003017800e-01
-7.539417193859895838e-02
-8.107232150119134118e-02
-5.896237985208583471e-02
1.864446293303399088e-02
-1.095470599516946975e-01
1.133031012351469607e-01
5.858947545450601813e-02
-8.428606120851181438e-03
2.162370965460120031e-01
9.897053505634732795e-02
-9.950384905281010883e-02
-4.476613036545716851e-01
5.342434672131063551e-03
1.339580407633901050e-02
-2.189713303694647561e-01
4.570763801649016522e-02
-3.046855488881800023e-01
1.750042707562189936e-01
-2.515544488932842104e-01
-1.921585178095156776e-01
-3.066185217274440267e-01
-6.035659638993180059e-02
-1.696474603734757225e-01
7.902461609908688345e-02
6.522013458443309819e-02
-1.353789880253460920e-01
-1.204598591377379901e-01
2.685004552779724496e-01
-2.512732989325894631e-02
-1.055703866993444075e-02
2.507829059889472856e-02
-1.315435019249630577e-01
-6.650274318278695529e-02
9.105927788189811800e-02
-1.173844866874517411e-02
-4.042458554069129351e-01
3.465463262869733496e-01
-8.675923091492425410e-02
-9.062183899748035842e-02
2.187638473178980802e-01
7.311458496150662068e-02
-1.859961761938351901e-02
-9.750989229533314762e-02
-1.597393841155244076e-01
-8.161721296271287618e-02
-1.334370717555465879e-01
-7.705382959057625880e-02
-1.267172373678385755e-01
9.104306517197062465e-02
1.045589152737105704e-01
-1.049831365477177925e-01
-1.021464758502818176e-01
-2.675209224961647703e-01
-1.818749571750544192e-01
1.383484811193318731e-01
4.235137341532004829e-01
-1.498184327436174745e-01
2.936953354888095502e-01
1.756756017694268424e-01
4.320288936849019101e-02
6.716008501253732665e-02
2.402152718314007687e-02
-3.896906499550292086e-02
-7.472218925689545072e-03
4.667529093637218240e-02
6.076196630693986300e-02
6.493055263162578195e-02
1.130526846560614834e-01
4.234009509077672762e-02
-1.311084666208526227e-02
9.015142070534744312e-02
-1.382516493735971019e-01
-8.139271948460366501e-02
-1.065344250884748267e-01
-4.066712039500890441e-01
6.367135191724115906e-02
1.806175694790718989e-01
-2.087743167761749521e-02
-2.333211786155868217e-01
1.958902453812121358e-01
-1.353961512751818419e-01
-1.613068853662237012e-01
-5.035631162583886614e-05
4.641486509485490478e-03
-2.083413731823766935e-01
-2.604359046849008194e-02
-1.648825902426173939e-01
2.410653312252756392e-02
-1.211146102822431014e-01
1.916409014292099963e-02
6.770815542883857133e-03
7.784006631549830225e-03
-1.739620258494616878e-01
-1.837628023535728961e-01
4.428028315385433566e-02
5.513228200107965493e-02
1.761614858607753742e-01
-1.331164254308309647e-01
-1.211069197884827447e-01
-9.103713689073869575e-02
-1.794373816609345362e-01
-3.016025512299999600e-02
1.554990541739684484e-01
-1.830812209174464966e-01
6.922702925599671757e-03
-1.316878467489284409e-02
3.015128916346242471e-01
-1.024110204801128160e-01
3.062665500963701048e-01
2.920339496300955462e-01
1.131578997506900996e-01
2.307621519974342172e-01
2.191854746569553147e-01
1.740331721291935863e-01
9.973706837626808430e-02
-2.024768802135951395e-01
6.355779818582563134e-02
-1.244285324484932682e-02
1.877645722784924698e-01
-2.800045605288644657e-01
-2.185552441030628179e-01
2.906430706882362491e-01
-1.478871233491818593e-01
-1.339272980383536538e-01
2.378448332826699485e-01
-1.597048633301575149e-01
1.031030666746398372e-01
2.454906493429730441e-01
1.306008986729953816e-02
2.726568716888776167e-02
6.772924683653669398e-02
-1.155944832624700297e-01
3.209583879417521879e-01
6.940518196034980991e-02
6.862661595521017677e-02
2.219788470130500471e-02
-9.493389859990121471e-02
1.394279055083143815e-01
2.725120266568217473e-02
9.750074198592605101e-02
-4.549259724466972465e-02
2.295008666238381179e-01
-2.072534265772122686e-01
-1.851007520282734950e-02
-4.798053909529401140e-02
-8.020206365837574680e-02
-9.570316472204527802e-02
-1.656150132852096946e-01
4.885713872889084659e-03
3.126891690945406838e-02
5.991956476387728936e-02
-1.193925321958826669e-01
1.274640027966731926e-01
-3.048901789571782373e-01
1.032268197748326122e-02
-1.962463215687859364e-01
2.621723286830317523e-01
8.711763685329336482e-02
2.185167172807317426e-02
4.658582398802472296e-02
-1.836565719571277289e-01
-3.229078344254083799e-01
-1.144472268902657214e-01
5.175645449417244637e-02
2.171593948764902748e-01
-1.904748814856122574e-01
2.669873952788697977e-02
4.761153373818623885e-02
2.425308973961526060e-01
-9.272749175584908687e-02
2.906514200313383145e-01
-1.045356942188410548e-01
1.023028794121710709e-02
5.766267276581931583e-02
1.218154810898189472e-01
1.996839521231662529e-01
-8.339149370350065760e-02
1.055976296616295412e-01
-9.035560951019065701e-02
-9.272772939082245258e-02
-2.595926642386444660e-01
-2.564230221343922755e-01
1.382931137419977086e-01
8.463392908295608308e-02
3.939441713910867005e-02
3.316129856515599023e-02
2.069125585040940962e-01
-5.971202020010703271e-02
9.839704174718984231e-02
8.400587870625564335e-02
1.104683630301578207e-01
-5.299782128834072160e-03
8.777483981577043071e-02
2.814577422022405268e-02
-7.129835387604156749e-02
7.313468600559099031e-02
1.112673758255414702e-01
1.683641495765317020e-01
1.055241918438293430e-01
8.704211437629644221e-02
-1.441912976605855823e-01
3.166091639278792447e-02
-6.293912504719048617e-02
2.510369478050109016e-01
-4.141747431363013154e-02
8.932461884965691920e-03
-1.630619722535721350e-01
-1.065835925437971926e-01
-2.275316870270839217e-02
1.891546653248050991e-02
-4.322681587165461137e-02
9.124849432042758668e-02
2.005123551392999082e-01
4.857608669706973276e-02
-4.290285088600048757e-03
-5.546003732526885027e-02
8.354223437376658012e-02
1.721771042275035135e-01
-6.850663725997088727e-02
1.461775513311407704e-01
5.226725709101063405e-02
5.714937500173120077e-02
8.725087041442490532e-02
-4.398840903510304878e-01
4.456260653358484064e-02
-4.179218102331162810e-02
2.918060104448429448e-01
-1.125624791951340686e-02
-1.291094909354880138e-01
-1.811116966891972435e-01
8.252075870390683521e-02
1.606557426862887522e-02
-4.452279490369743381e-02
-3.896120636854952246e-01
4.227906782330056318e-02
9.729074371733760496e-02
1.772918813800404003e-01
-2.321658645908321605e-01
5.473564863573553152e-02
1.840259626359658784e-01
1.086437052465357156e-01
4.529527986339438872e-01
1.000000000000000000e+00
8.639120608964877546e-01
6.464577365988083413e-01
1.180622033646917812e-01
2.847019318294844448e-01
1.529110384996328342e-01
-1.249159861052976939e-01
-6.072353713762947136e-02
-4.451212326642525058e-02
2.561849412281285224e-02
-9.019721980859611576e-02
6.133942341846293500e-02
-4.631031791721603591e-02
-1.457544460134964082e-01
-3.667293215549961849e-02
-1.042142702272969984e-01
1.400021978969158420e-01
1.445116937571664095e-01
1.398721290586911470e-01
2.238135467020667679e-01
2.589811163755917911e-01
-3.897542708426462998e-02
1.566098993873340783e-01
3.445961059768407747e-02
-1.473419187844486888e-01
-2.678963169538304320e-03
3.379435503566907695e-01
-6.451365794229363404e-02
2.974751625213066797e-01
-6.488157064254465589e-02
1.410499638265566291e-01
-1.904434908266983834e-02
-2.707715287916184072e-02
-3.189906453851263507e-02
-1.569557879604213321e-02
-1.126978432423224735e-01
-4.322526053799776585e-02
2.145810815837646737e-03
2.445943062324312800e-01
1.363182427267885521e-01
3.807919019804813926e-02
-1.263280247423211322e-01
-1.004284375585129813e-01
1.967558586356875361e-01
2.693679803185647370e-01
3.003202071583723973e-02
1.751389515398358576e-01
9.312877852900233733e-02
1.224300858502949283e-03
-9.872722747673541577e-02
-2.386216493824149139e-03
-1.769414362133530372e-01
7.017672702740075652e-02
-3.582530310032452370e-01
-2.259420999554681841e-01
3.973581265092047260e-02
7.505401677040089703e-02
-1.588828871646791041e-01
-1.326855610170772984e-02
-3.257515895756211977e-02
-1.800875315663774123e-01
-3.991189681473688439e-02
-1.855215185274597389e-01
2.301837029503488521e-02
-6.559593395098610447e-02
-4.336707037088959049e-02
-1.067619971149374597e-01
-2.408908006897155299e-02
-4.928628257397874024e-02
-1.074248599675712845e-01
6.405603001908092772e-03
5.168153681093888563e-02
3.104223367753239371e-01
4.442527036944442231e-03
-9.588955147749764207e-02
-5.747144902314806764e-02
5.783364589081770729e-02
1.674542725026925971e-01
-2.409014635741930921e-01
2.531065565633014436e-01
2.746060322998958303e-01
-2.634310778754288002e-03
1.046871585003570221e-01
-1.070034162079090412e-01
3.428215656645206000e-02
-9.597067978905818308e-02
2.199081439592356357e-01
1.437489299539010945e-01
1.062611099678476868e-02
-2.613030320196913989e-02
-1.568350428953013409e-01
1.191177245499864257e-01
-7.066743046700081632e-02
-1.085258545597563573e-01
-1.890058987249822464e-01
2.019995291114475011e-02
-4.417013366716525391e-02
-5.143390897648656562e-02
8.656941850210034262e-02
-8.401380872183561443e-02
-1.045809840463364643e-01
1.440118111388889732e-01
-9.170892176126292650e-02
3.418815314093591462e-02
6.897924650227058550e-03
-9.744826951083168654e-03
-3.502131074342754169e-02
-1.272270573058082166e-01
3.135118658698173300e-01
2.046491208378794224e-01
1.126177931076405569e-01
8.567640228121531365e-02
2.675213178666966708e-03
1.883113014874992705e-02
-8.238889878388339083e-02
9.856110204527107621e-02
-1.633224556761664337e-01
-5.105383406722958928e-02
6.533741448325561252e-02
1.418581036318560251e-01
-1.876761765744009436e-01
-1.057009348569874913e-01
-1.410094485685462438e-02
-7.265178494460051983e-02
7.844881120208924141e-02
-1.918385629770898160e-01
-2.249638942158006805e-01
-6.465874060926379840e-02
2.467961873056299105e-01
8.269024125714191653e-02
2.800039986270213069e-02
-1.363751025627175095e-01
-2.292309556812778815e-01
-4.461815937714549291e-02
-9.843590661087625593e-02
-2.740534955807233941e-01
1.103877854567822531e-01
4.342520078254632349e-02
1.107651168575007755e-01
1.005600057879699194e-01
-7.401107018902641776e-02
-4.629594152518196754e-02
-1.854758508348591795e-01
-2.263786763613626074e-01
-2.096519341224518940e-01
3.315332708715906102e-02
-2.425586246293138376e-02
-1.689616775000103432e-01
-4.852708329534350523e-02
-1.464093700310666046e-01
6.592809245486440373e-02
2.334082025654164727e-01
-9.938453855038399676e-02
4.366900693158155128e-02
-1.978868287165871098e-01
1.735761055838067057e-01
-1.021538411050416581e-02
-4.663856645804310141e-01
8.943797529385141831e-02
-7.540265701647761581e-04
-3.049975761158599252e-01
-2.213891398793152165e-01
-1.826142716319335557e-01
-1.035090125161409469e-01
-9.449633953515307327e-02
-3.490220523302677014e-02
-2.202060542998429335e-02
1.417808529481371926e-01
-2.108830501789072526e-02
-2.964258972004484294e-01
-9.543358693245375390e-02
-1.427899092482039778e-01
-1.097232936890995825e-01
-1.967836847033117564e-01
3.346342059208919084e-02
1.185702731593214210e-01
1.161188719913524431e-01
-1.550247400910534368e-01
1.557959375251280199e-01
-4.984547495931086758e-02
4.332428453011302055e-02
1.583836074533187532e-01
-2.546735089626619986e-01
-1.537579677003951539e-01
7.093151935266917008e-02
1.060753046400077920e-01
-6.909830912075112797e-02
-8.932457490971686120e-02
6.105080563499035336e-04
-1.150624995578521242e-01
1.998808049998777037e-01
-2.417255029862231397e-01
-2.439945571933166135e-01
-1.304970756306386426e-01
-1.100203285006938897e-01
4.690744226527893135e-02
6.359454386052103281e-02
1.177182693363668375e-01
-2.668134398956801823e-01
1.699376345268849842e-01
-1.790522735919170272e-01
9.453233920471116117e-03
9.314887957308670696e-02
2.667783888035607856e-02
2.483625651433411241e-01
1.502662189317928720e-01
2.015358180635148100e-01
1.426282121827368021e-01
1.361731060042400132e-01
2.749018155257153262e-03
-2.042877449863161887e-01
-3.240752342853561729e-02
6.668613710712585456e-03
1.283399959978394900e-01
1.720223759313928846e-01
3.012311846605025475e-02
1.303489125284835459e-01
-2.102445877365261354e-02
-6.438311292860669256e-03
-7.047541646433973239e-02
3.413575493481483814e-01
1.164349277833062468e-01
-6.834757800270466199e-02
1.337388140305283968e-01
-1.301902009041936981e-01
3.384002385129847301e-01
-1.198789242001259969e-01
8.586864411812391087e-03
1.412704175100742143e-01
5.964079467847394067e-02
2.076256362328123550e-01
5.472600391209579695e-03
-1.840984951499672617e-01
-3.472623106722812214e-02
1.101666402809601125e-01
-1.906281732655527306e-01
9.082671552093563028e-02
-1.750764034684823833e-01
-3.722371043583611733e-02
2.225943006400335489e-02
2.256063945659124159e-01
5.822613135039871046e-02
-3.139504524478976127e-02
-4.570692699840153000e-02
-1.075320842531879151e-01
7.287880382207369279e-02
-3.745064502560211533e-02
-4.428630138331739879e-02
9.156057507971286646e-02
-1.689197038558565012e-01
-3.131278281394073854e-02
-2.671445095163794692e-01
1.562555961186038733e-01
3.758552245246357115e-01
9.817883436563108746e-02
1.318768495093418369e-02
1.414949109881834255e-01
