-1.448356672358550035e-01
2.062552229508798629e-01
-1.609042730646476904e-01
4.551375196265942669e-01
-1.817792644696130389e-01
1.563299751334039922e-01
-2.708615905794198916e-03
-9.444898982247156016e-02
-1.112097487508548477e-01
-2.521692747787612765e-01
-3.218972846621779849e-01
-1.818640451340944597e-01
3.400960570496055491e-01
-3.557382810540015566e-02
1.109149604901299713e-01
7.437305872256254335e-02
1.956569849755209756e-01
-9.811914520636799697e-02
-3.203653558827636609e-04
-1.323638256635862320e-01
-4.432048294049140691e-01
2.657291781692569868e-02
-9.334434034905766953e-02
-5.348675909573687159e-02
2.635272983087387222e-01
-7.440584578121758885e-02
-2.333474272032984576e-01
3.731874230088348954e-01
-2.256486768343197169e-01
1.717951722301467032e-01
-2.932382084172424630e-01
1.809314287439257318e-01
-5.031740577942657097e-03
3.271510933238119256e-01
2.787740182659256827e-01
-2.334677697011928177e-01
-3.361173160173667185e-01
1.438993553401363423e-01
1.439388982880998313e-01
1.194350081012218040e-01
6.737156759225264302e-02
2.396120000087283153e-01
-2.824013021205907803e-01
-1.262997423727152679e-01
-1.656196468127494881e-01
-2.679781642775221351e-01
9.534475672416968528e-02
-8.887223948929100226e-02
-1.694917836599981464e-01
-1.379152960874593103e-01
-7.503115934902490625e-02
1.893507712323338754e-01
-9.133787969260045991e-02
-3.413321508454260356e-02
-1.032968053773793277e-01
2.063357020688273702e-01
-3.588842685079932527e-03
-4.842065718953238174e-02
-2.861781430047259933e-01
3.411079462179291699e-01
1.357163963009993812e-01
4.274197626896664715e-01
4.236406543450009776e-01
1.441072997695687363e-01
2.333780523683860741e-01
8.101548679921123652e-02
3.340566962229200160e-02
-2.640568260106798681e-01
-3.966931485673978741e-02
-3.306839416810926358e-02
-6.155849771357454342e-02
2.972049712828305212e-01
1.232798135416515450e-01
1.726443372740809057e-01
5.127193485109112631e-02
-2.076160093870562107e-01
-2.194116397294115506e-01
-3.267705620046243986e-01
-2.057864836591703495e-01
8.020213437470791185e-02
2.833271310000626958e-02
-1.038783092736719482e-01
3.552724753439694960e-01
-6.975766681989796492e-02
1.698592450719655679e-03
-1.805182649660407382e-02
3.267951719691578050e-01
-6.744764533889514857e-02
3.984673553098003196e-01
9.968200126136805839e-02
-6.376611782936474071e-02
7.706083674799497907e-02
1.980713722617582773e-01
-6.077247669587372558e-02
-1.315499542555556567e-01
1.192241727587673855e-01
-3.967039806594503948e-01
-3.166050464078249971e-01
3.818596446227013885e-01
-3.021530412575741675e-02
-1.446294712834256257e-01
1.690157066896775528e-01
-2.086384660885023112e-01
7.247474982079124030e-03
2.529553049250985591e-02
1.449567504225035552e-01
7.611946520549683903e-02
-1.296777612921740930e-01
-9.677841530417488625e-02
-5.262595372867583804e-02
3.352227622956513442e-01
2.136475215822909723e-01
2.467056105801454235e-01
2.196353750672742910e-01
2.591049178520600238e-01
1.354924751788906812e-01
-9.025345622392272338e-02
-3.005748585024681230e-01
3.739327620289980419e-02
-7.503660333157784190e-02
-1.566086055614164529e-01
-2.682310922509933276e-02
-3.378589682297276214e-02
-3.808379449235025915e-01
-1.082983874468212565e-01
1.364964195296209104e-01
-1.363492484547743251e-02
-1.982752357518854369e-01
-1.877939303778880520e-01
-3.010175249616419135e-01
1.277757696521343751e-02
-7.502067887339200492e-02
1.238043383157467862e-02
3.376209254896555406e-02
-8.594350827054414443e-02
2.214401398693799095e-01
-6.650659422838034462e-02
1.847613999276981611e-01
-2.435670692187171527e-01
4.241543922365101360e-01
2.327586843551511520e-01
2.113502828604504058e-01
-7.612022220774410097e-02
5.605523833250475318e-02
1.424245214734123632e-01
-1.724904160520683225e-02
4.189104637517332419e-01
-2.182797110836691978e-01
1.494086426890418318e-01
-2.424001151345640259e-01
6.054600124651831651e-03
1.600572245199968768e-01
-1.346801827771430538e-01
1.344816762120792097e-01
-1.286482340116443801e-01
-1.444477158247931270e-01
-8.057584480281498873e-02
-1.318367512064048674e-01
9.381188497027412310e-02
-1.953342407575035522e-01
3.473274252681311097e-02
-1.140051909840003042e-01
-3.245294315529163032e-01
4.613409245151286475e-01
7.401916445384031443e-03
-6.916086191791129267e-02
4.722848819784375429e-02
-7.295468963881711691e-03
1.832180476981697115e-01
9.506702961544150066e-02
3.858002998327709765e-01
3.166190714277445362e-01
9.672899327736907138e-02
-1.428893133755721467e-01
3.376124060675997351e-01
-1.908740832413721444e-01
-1.702067680683298778e-01
2.577951103932712429e-01
3.095848745540445979e-01
3.296180849260874068e-02
3.432469260904425501e-01
-1.072173738746763638e-01
1.246575159107694702e-01
-7.328193159906684628e-02
9.838526217072575408e-02
-2.158951734507990328e-01
1.881945239983506130e-02
9.999431149603490998e-02
-1.380252173441844608e-02
3.295156139150243885e-02
-1.732425226308066113e-01
-1.070305192769060304e-02
1.307235984646613891e-01
2.518135054833522957e-01
1.697829123361541126e-01
5.124142692224952639e-02
2.093537314616248091e-01
2.068092909713890315e-01
-5.838427838045276430e-02
-1.834430462545254548e-01
-5.874614528967924548e-02
1.667084716527322263e-01
-3.525973802529446255e-01
-1.047159036404282650e-01
1.111964945984623698e-01
-3.245664388428402547e-01
1.524958487201346358e-01
6.416049669198855554e-01
2.579802931599279314e-01
-1.164549241406317021e-01
4.571414620615540936e-02
2.458492530766553108e-01
-2.373337450308502516e-01
-2.088351080382825631e-01
-2.868530306585843070e-01
-2.585572319563871901e-01
-2.819322829620723447e-01
-8.617142791869475404e-02
-3.380842511122188199e-02
-4.220871885389559236e-02
-9.136187084886836229e-02
1.851286237620043962e-01
-1.017421854911814277e-01
1.870508923834728332e-01
-2.541357605612173387e-01
-3.007754815667989523e-01
-4.380155811201826704e-02
-3.670774309586736228e-01
-1.594108501761526686e-01
-4.211385304794882933e-01
-2.497800036733031082e-01
2.467283025969393140e-01
-3.256153527125955627e-01
-2.394312697498524045e-01
2.104683250156694496e-01
3.066030307223495746e-03
2.802355922380325715e-01
3.392040680667042785e-01
1.701558483505225539e-01
-2.324178526623313368e-02
2.197186580407706480e-01
-2.990139552182067284e-01
3.098226686368277250e-01
1.596736861495232362e-01
5.324958382123569367e-02
-1.690174075512834023e-02
-1.012164694330214693e-01
1.569127503712612892e-01
2.058186831863146049e-01
-5.511871878653855639e-01
-4.462515763764432486e-02
1.580498373905394882e-01
2.350444638938845587e-01
3.357711703705887341e-01
7.661189177556062546e-01
7.385107198204479140e-01
1.000000000000000000e+00
4.068521913433249537e-01
3.171225622181473858e-01
2.265551227631782127e-01
1.289412574818567803e-01
-3.107461559253116290e-01
-9.127085902079747071e-02
1.439993673643299998e-01
-1.019333834584087439e-01
-2.890342110175730395e-01
-1.396358443929442139e-02
2.290433679508592155e-02
7.802770416281944177e-02
6.759902751643982743e-02
-1.069611022641601128e-01
7.432768171408095370e-02
2.087784587289216731e-01
6.138454316149486584e-03
-1.332689178376167405e-01
-2.649860730695230981e-01
-4.094250510360267215e-02
1.135716245457203954e-01
1.381722387407315344e-01
-7.029716175616937401e-02
-3.411349270139754641e-01
-1.453455562546366285e-02
-4.409933848780283050e-01
1.114541942539818559e-01
5.842947662977814732e-02
-5.611697636943609180e-02
-5.367336291509484658e-01
-3.295256392857871530e-01
-1.075986447846033478e-01
-3.948480777704893585e-02
1.761806568909393411e-01
-2.993121242946898963e-01
1.470069336929858694e-01
-5.018243951984678874e-01
9.990406943749279012e-02
-8.496553692759500898e-02
7.075680340784853972e-02
-5.058914184683203225e-02
-2.863535209827320349e-01
-2.290253895892311875e-01
-1.175570727789887471e-01
1.219903958161272645e-01
-3.018932690543411623e-01
-6.515026030001759560e-02
3.219929312360640394e-01
-1.639857076561144489e-01
-1.511673524148037240e-01
1.294328223400992850e-01
1.069484960008240948e-01
-8.398862096317528947e-02
-5.032334623234293591e-01
-1.156581370382973317e-01
2.031373696989982325e-01
6.514104652172307552e-02
8.935362224819916321e-02
-3.477914473505126086e-02
1.388899747701380361e-01
-1.155884414164911472e-01
3.582138048455157930e-02
-1.684854255317006777e-01
6.717283932196183027e-02
2.992064721172629227e-01
6.007519051169551982e-01
-9.478514489635291029e-02
-3.353823667767347749e-01
-2.826401445568299531e-01
1.587314229570240265e-01
-1.751537743816235504e-01
-1.024197758678193140e-02
-1.864227132945563831e-02
2.470007842746256288e-01
-2.885502390582681334e-02
2.074382129872566760e-01
2.171315818017116248e-02
3.414346658082890174e-01
1.385509358333588369e-02
-1.281450810647326854e-01
-7.388598119509993956e-02
4.126567916786743062e-01
1.736999142334632873e-01
2.485250529354533500e-01
-1.061731168064374564e-01
2.879371290510688297e-01
3.317985617751830207e-01
2.663703016423173489e-02
2.809123224514568085e-01
-3.346512278720173428e-02
-2.007054360022542672e-01
-6.815075604957342159e-02
-4.719837832748744258e-03
1.494679867407607554e-01
-1.182301945443526847e-01
1.491502151120496222e-01
1.002792729123914983e-01
-3.061771010191298090e-02
3.407217328974687098e-01
-3.165406136285192074e-01
9.883376637931212336e-03
5.274427698261833219e-01
-2.522557131740422662e-02
4.931735758928761093e-02
3.573888921052510437e-01
2.913560667290203132e-01
-2.765868795850829898e-01
1.134842385772175943e-01
3.778838072707825235e-01
-1.666462569557204633e-03
7.717134665932931514e-02
5.362039535588276722e-03
6.411885801778630101e-02
-3.743712534160704986e-02
-5.634091490303614475e-02
4.367720547675082443e-01
1.353218099256381889e-02
3.383791486538025722e-02
4.849945283223242726e-02
6.415754413873141215e-02
-1.864669445308401174e-01
-4.080855576774171656e-01
-3.902143115262730888e-02
6.633527977818820531e-02
7.825109257875476412e-03
-2.457183614124944238e-02
1.939598217602527264e-01
-1.776003832507063174e-01
-2.295138998059233215e-01
2.550004901641285682e-01
-3.597716440572720220e-01
-2.497408333918298695e-01
-5.610537086929195255e-02
-1.712087617017500965e-02
1.169330433200275882e-01
-9.826529698351509079e-02
-2.760532012978383354e-01
-3.079298223868822126e-01
6.395640209088979122e-02
-6.939227852006792097e-02
-3.965749932203829209e-01
-9.986240296517255588e-02
-9.623350418325991862e-02
6.786156880225847725e-03
1.485391123484078313e-01
6.458596497074053921e-02
5.847862581486481387e-02
-1.873218391663278859e-01
2.004563244091747409e-01
-1.214878709659171774e-01
-5.052007352869055667e-01
4.296078257901299324e-02
2.247610718112320882e-01
3.036694334889431524e-01
2.975797324452735815e-01
-4.009765901769374308e-02
3.074567896716939863e-01
-2.260830187843365369e-01
-5.866921167148157062e-03
3.970711998495303763e-01
2.340904907322602369e-01
1.504812865426126411e-01
-1.246414635024519109e-02
-3.224849778739876105e-01
-5.005021776469906758e-01
2.460969215940873034e-01
-1.418402706002712121e-01
-1.972814095967158621e-01
-2.380035439571380751e-01
-2.352124555050170152e-01
5.234556812612044946e-03
1.530021085430707806e-01
1.176772365177268936e-01
-1.068693032550691036e-01
6.923387573456729616e-02
-2.341486096072619913e-02
4.544058654271126430e-01
1.411484403135438714e-01
2.696022591782975542e-01
-9.592571145816221334e-02
-6.130664953006450396e-02
-7.801449412182936971e-02
3.723719775662975157e-02
1.926822814212599683e-02
-6.235668842434746034e-02
-2.375253330760591641e-01
-6.599924420391567459e-02
6.995077234844679359e-02
-6.069045803886868179e-02
2.830806155823187842e-01
-1.012190998400252498e-03
-2.899466593797042635e-01
-2.019899461402442087e-01
-3.425349765313063788e-01
8.665747450420907549e-02
1.730091195329105380e-01
-3.523995191960901940e-01
1.263913033630862381e-01
1.509919175580809458e-01
2.292653071963710321e-01
-2.205588690534295362e-02
-5.779525456753108886e-02
1.547306261277809902e-01
-8.585777669649784227e-02
1.959770659128348413e-01
3.419102539738715918e-01
-6.175131525225922846e-02
5.055481188777478929e-02
-8.961981814695844928e-02
1.256002662617484089e-03
8.173415632667486996e-02
-1.011247052469295832e-01
2.401593945531923791e-01
-1.524254402074835812e-01
-3.198814334041980012e-02
-2.708127349440847542e-01
5.300963377196021842e-02
5.139119417254670030e-02
-1.054958917185993932e-02
-2.366482828187961018e-01
6.569086523017238222e-02
7.209776668455181170e-02
9.601382805651819882e-03
1.275340677394439792e-01
2.496205280977817076e-01
9.736379120184369962e-02
1.185073354044352822e-01
-4.224215251875833993e-02
2.489849848403430099e-01
7.504603747032163657e-04
-1.414525525637359282e-01
-3.997496200429776492e-01
-2.559682816710897590e-01
1.769129593069779932e-02
-2.918797637317880889e-01
6.571958985901185657e-02
-1.663407857135990875e-01
6.627490478450456801e-02
1.673808306736407348e-01
-1.092951497244135511e-01
-4.016690499859145169e-01
4.905953605329581996e-02
1.793829948119001483e-01
-5.038448549535626264e-04
2.486402722102458093e-02
1.586403766334217036e-02
2.974949869312425513e-02
-4.463497281271298217e-02
1.492562423368139213e-01
-3.203282725042778945e-02
1.963673544304087859e-01
3.218725368312125995e-02
-3.233840026129733980e-01
2.778594139373185001e-01
-2.209597706409451301e-01
