-4.745501671564281848e-02
-3.256945434419440955e-01
2.789304286882107187e-01
8.335218836758170879e-02
9.259770614882037454e-02
-1.475169247255902483e-01
1.301553856416213240e-01
1.754445810992419641e-01
2.430733039083088354e-01
2.630524143801804202e-02
-1.316767995833657279e-01
-1.328793327234687738e-01
-1.057840122838681896e-01
-3.303398588947136783e-01
-3.578345555179454074e-01
-1.056907358356125176e-01
1.466293160309198595e-01
1.755592711633560720e-03
3.440379786156238517e-01
-1.435989509933509323e-01
-7.002029396481444790e-02
-2.929984429264958501e-01
-1.975921710815985999e-01
1.656102488921364774e-02
1.880925661038554929e-03
1.007111370849727988e-01
-1.596785869829509263e-01
-3.108714929076814015e-01
1.044717213666421507e-01
1.130207024197924237e-01
1.834691401763171581e-01
6.863041625255381084e-02
3.019215786203593987e-03
1.294927041055981831e-01
2.490511771967416077e-01
-5.154466089856585276e-02
2.174838804333317499e-01
-1.095551773030030568e-01
-2.068629949017461722e-01
-2.202087647351338717e-01
-2.398401491388771622e-01
-2.613597355163383984e-01
3.159492480604698672e-01
-5.488770345772862880e-02
1.609271102499691963e-01
-1.890556994694222448e-01
2.994070872366396130e-01
9.146741799465007983e-02
2.208529333579649090e-01
1.589929608127811367e-01
-1.510173705112961666e-02
-2.315257271617779111e-01
6.526357918839012506e-02
-1.198833942284414783e-01
-5.712203650720564657e-02
-1.348596896492962049e-01
2.643540837649404618e-01
-3.498091621017162534e-01
-1.156074571742389395e-01
-1.011588939542832216e-01
-7.151240284794918578e-02
-2.556023869732874584e-02
-7.560426289132606004e-02
1.391279816847644790e-01
-1.566760194016456331e-01
-9.576090361028269382e-02
-6.757462203030266401e-02
-4.814120559969017193e-02
-3.878521965819706763e-01
3.122318753313843565e-01
2.324801400839779097e-01
1.593026984176300342e-02
1.827105762937758504e-01
-5.400529102791422342e-02
5.125319911548650853e-02
-2.880381914282021394e-01
-9.536014590532040924e-02
7.102573613441705291e-02
1.737314816839546569e-02
-8.844416632530721634e-02
-1.060654866600479161e-03
9.670248467308649454e-03
5.896243210922895439e-02
1.077175271897473224e-01
-1.228973497545901017e-01
-9.208436942892729571e-02
-3.084747915044713795e-01
-5.902480663801409899e-02
6.571153586554555337e-02
-4.057539928394816031e-01
-3.039870036446587140e-02
-6.598329344404965657e-02
2.057642587300243797e-01
1.804347003700072505e-01
1.780321099755024505e-01
1.729944288265271024e-01
2.410932531415334659e-02
4.658064892029958187e-02
-2.559369591838301372e-01
-2.193083167790677301e-01
1.636165676084424536e-01
-1.441040859344042691e-01
-7.140586649822846556e-03
-1.671618858028545707e-01
1.564818486181917545e-01
-2.946918028757779529e-01
1.580294184696837134e-01
-6.525084280779508417e-02
2.653008124753361216e-02
2.105223976912406481e-01
-1.504455515108944486e-01
2.169044133730102259e-03
1.536591106029022713e-01
9.297401928581941477e-02
3.834795830221285340e-02
1.191185668484814469e-01
-4.947936526967140758e-02
-2.721568276924613179e-03
1.147389026211814433e-01
2.045644886325836964e-01
-1.570916052888676750e-01
-5.002883325945480658e-02
-4.276382954845903833e-02
-1.489587844369084368e-01
-6.202004944311000079e-02
-1.884061774373510245e-01
-4.749843402985935714e-02
-2.351042660169463949e-01
-4.435638251165901352e-02
-8.054520022283756520e-02
-1.681036948404802597e-02
2.747171473659822949e-01
-2.344956367961731625e-01
3.928278150076104647e-02
1.876090606628328661e-01
1.478620312322473096e-01
1.585174064872070798e-01
7.936989587139541003e-02
-1.629686173276504446e-01
6.375580778384168368e-02
6.178960184548867168e-02
2.242983758324930688e-01
3.845496994597892848e-01
-2.231684836698722696e-01
1.287814963396342327e-01
-7.539855297243236443e-02
7.806363555817928679e-02
3.531092471797080412e-01
4.811599648780989780e-02
2.523834061250300742e-01
-7.732431040084827845e-02
-1.546423631043470082e-01
4.474928943625432198e-02
-2.608174048635723136e-02
2.971424995397890789e-02
9.354139278927772749e-02
3.908317198112978147e-02
-1.693180577433280043e-01
-2.012856950421153535e-01
2.161387374076856605e-01
2.443760513980531776e-02
2.695573134798334713e-01
1.631758088578107169e-02
3.927564100071197217e-02
1.431746257230245012e-01
1.976866388212374093e-01
2.074188931112451173e-01
6.802515152017241107e-02
-5.112706491247578228e-02
2.078562419191432864e-01
-1.789339182748957424e-01
-2.275345169600833384e-01
-1.741554250461106179e-01
8.288932775915754114e-02
3.761196454772548770e-02
9.772144749696208554e-02
-5.533448437516995388e-02
2.101358452373206509e-01
-7.797268380501277962e-02
4.126689295278897218e-02
-1.019284286120674399e-01
-9.549423376949883746e-02
1.437342844124803731e-01
1.254456214122966484e-01
1.070562543068471206e-01
-4.543154230882182933e-03
3.673466103365100738e-02
7.386682396474236745e-02
-1.220806647418456042e-01
8.824577522886646597e-02
1.101128742034023084e-01
-1.673881557509341866e-01
4.397889330752442760e-02
3.315202059907681464e-01
3.726033451844913691e-02
1.768253565223968926e-01
6.099637556351990286e-02
-2.546966863128688474e-01
-1.018638984401683822e-01
1.925924294713421137e-01
-5.418545636815519373e-02
5.949021857369583138e-02
-6.648470099070986905e-02
2.886374583346691391e-01
5.142625302970096346e-01
-1.692892483940523773e-02
5.702737258386235408e-02
7.484952333023778270e-02
-5.950062098877309524e-02
5.906759506724106740e-02
-1.146075023580622049e-01
-9.083541739223280342e-02
1.018006680867881847e-01
1.598541088868481730e-01
-1.140409001209169784e-02
1.460610867028508675e-01
-2.137068052448668487e-01
-1.678553451995278278e-01
1.332054936156642777e-01
1.156972874312904576e-01
5.019518307899382276e-02
4.934511430733668630e-02
2.294854987246114919e-01
6.331285714160983513e-02
2.898778340864311409e-01
6.936693570374603823e-02
-1.649656011266535938e-01
6.466245902000225532e-02
-5.563107060565825740e-02
3.630819457591243082e-03
-1.587150661253258765e-01
-1.280615339663339347e-01
-1.038866325794413487e-01
-7.336737256081940495e-02
-8.608716751811996970e-03
1.174451711289751232e-01
7.319163298776093507e-02
1.573693970955221955e-01
9.398207895379159793e-02
-8.395615892776360500e-02
-3.207979063810515452e-01
-7.945460198847505151e-02
5.567943938377779151e-02
2.164091075110864959e-01
-5.783582303965599525e-02
1.360926317902603766e-01
4.465082832324974299e-02
-2.507000042894486636e-01
1.617815349935562974e-01
2.916202188305828114e-01
3.906937985089093957e-01
3.594982260171598054e-01
1.574077868893584142e-01
8.817963064221179259e-02
7.354192233173416637e-01
1.000000000000000000e+00
8.763496668654641164e-01
4.162301340203830025e-01
6.641516447643452947e-02
-2.641971244675292430e-02
2.148061038230134889e-01
2.530367785342068493e-02
1.437292297603239288e-01
5.042440034589611153e-02
2.120094991558598915e-02
9.808605840034936851e-02
1.184761638310025400e-01
1.420720166126168138e-01
2.054627749917638524e-01
3.606201492943497122e-01
-3.308838494164365041e-01
-2.027487433601563305e-01
-4.338697266272360104e-02
2.573465778103546930e-01
3.680514816468804518e-01
-1.301174189711263307e-01
-2.869407683659789751e-02
-1.565655903835250218e-01
5.045439813096017079e-02
-1.271481593997090542e-01
-2.280813247880363881e-01
-1.576916310929167009e-01
-2.097329533746855879e-01
1.022710648793894450e-01
-6.936477441428150204e-02
-2.931485562181048721e-01
-3.704330408864993651e-01
1.657215316716879328e-01
-9.343456710674545584e-02
-1.201236308878508019e-01
-4.098937776670698030e-01
1.105529846704959504e-02
1.757543867435850116e-01
1.476890335238315310e-01
1.363492686963355778e-03
1.955604917976041524e-01
-6.168222898077915795e-02
-3.790175200617761087e-02
1.439506022006313279e-01
-1.508211818067887733e-01
-2.474072866511270452e-01
1.401415945698218646e-01
-2.383656529661056234e-01
1.647587965359683104e-01
4.245957681374844944e-02
-8.205456029387929451e-03
1.087766703687056136e-01
2.058257429651681389e-02
3.092744522690706738e-02
-9.982320280351808864e-04
-4.711479611666654493e-02
2.010847794427560731e-01
3.339613704552850670e-01
1.170086837920069900e-01
-2.193958557340466298e-01
2.306986668657479145e-01
2.071398223566543184e-01
2.005244435585148421e-01
1.442917315043036088e-02
-1.458103182306616230e-01
-3.418165509986702544e-01
4.509453755561091542e-02
-1.341025016417667082e-01
3.018537820493337812e-02
-5.086711840215622782e-02
-7.222756663892513328e-03
1.398615051999011760e-01
1.042936961378616856e-01
1.506990287621625679e-01
-1.387522216837147604e-01
-3.067401659287181254e-02
-5.391370048055505251e-03
-7.606295180399622047e-02
-1.350528573491205087e-01
-1.250772348047048121e-01
2.108524004587683520e-01
5.437252900758368646e-02
1.287148588343857980e-01
5.679286777139480602e-02
4.415304260536892511e-01
8.679773936924559119e-02
4.804096697378930358e-02
1.050034466334698602e-01
1.126293067216680432e-01
-5.121874843144820499e-02
1.913581812506342794e-01
3.791621697498336052e-02
1.907238288213829736e-01
-4.682023918359345949e-01
1.375471094696882335e-01
1.449044252771932995e-01
-1.984151294771271112e-01
-5.257288491161155736e-02
7.173546514456846657e-02
-1.208384360356154069e-01
-2.282670162135707892e-01
-2.822720685480382685e-01
7.909374530381990676e-02
1.529409466130651762e-01
2.743204856077494092e-01
7.308603137470728872e-02
-4.122179197955943564e-01
-2.584955789930304393e-01
1.964327406595222092e-01
7.722178016545333534e-02
-1.008842978915448635e-01
-8.089700888195487660e-02
-2.151884091395763476e-01
-1.828900432612430849e-01
1.259501876857316016e-01
-3.027412723076496892e-01
1.693403132751764295e-01
-7.716063627485557352e-02
-1.673688144523602372e-01
1.474045666965241030e-01
-7.162933814226267459e-02
2.995467339642382543e-01
1.999562899794704862e-01
5.955747308021184031e-03
-1.751714539069508247e-01
3.122688580451101013e-03
-7.722487928977794791e-02
-1.351825677559122252e-01
-5.569593655179812253e-02
5.548731178474013842e-02
-3.985677576132001104e-02
4.245293377774450594e-01
1.019128686640330267e-01
9.393798444480536136e-02
3.338798233724328823e-01
-2.118969430099778006e-01
1.227738909376573234e-01
3.695473334798682341e-02
-1.762719014204569001e-01
-1.346500137962655663e-01
-3.124536196037008048e-03
-8.503301769790148901e-02
1.797641409456319020e-02
-2.961714353796648241e-02
1.358456175368188967e-01
1.457289279847409358e-01
-1.400717986452513775e-01
3.099807639106824109e-01
-2.146397483571394760e-01
1.544987227196895421e-02
-1.187576078979153821e-01
-1.303410558891516802e-01
5.057978534393302306e-02
1.152545210652189261e-01
-1.919290439162102402e-01
-7.498887756197743226e-02
2.617044304997613313e-01
-7.873666524571180936e-02
7.144424785500502750e-02
-1.076185192020182174e-01
-2.267119915732769830e-01
1.477621399806786917e-01
-7.894206087583709175e-02
-1.197213073853813925e-01
-2.003961635977242750e-01
1.341991422709614967e-01
2.271633395631632579e-01
-2.786590730550438377e-01
-1.332364289281513514e-01
-1.697357509638994233e-01
-8.910780656675737488e-02
6.568031934986950926e-02
-9.489485238210844387e-02
2.387605485040965869e-01
-2.754874409213485809e-01
1.886636963717963356e-01
-3.251017070388857733e-02
-6.147346886224643037e-02
1.341082116957990344e-01
-1.423141124638500725e-02
1.846315447415552702e-01
9.083997881834277033e-02
-7.182480309790040263e-02
5.035197673013802611e-02
1.998363531027664564e-01
1.395540782067467844e-01
-1.556037382041921824e-01
-5.415522004334731576e-02
6.944820127595652259e-02
-1.668061055632653333e-01
-1.756509744502923742e-02
6.860157274171582720e-02
5.485298648726495696e-02
-2.235879484495522929e-01
-1.724830909128320655e-01
2.345184666419749542e-01
7.562505522279062628e-03
1.721692817023208477e-01
4.502108404555069665e-01
7.960047317415648582e-02
-9.738946771614583053e-02
1.737874278614220391e-01
-2.497345547283152112e-01
-4.611332976655055371e-02
-6.467892905623084943e-02
-1.011446830568903249e-01
1.065214901330503727e-01
-1.256710844604667920e-01
-1.069677727930156558e-01
1.411646666962297625e-01
-6.915833303705024027e-02
5.682841877355968713e-02
-1.987442922591658723e-01
1.611025680049332498e-01
-2.162633663379819049e-01
-3.628243008737793568e-02
-9.755496201851124316e-02
8.726816329363859537e-02
9.522970373273839662e-02
1.581337256031007665e-01
-3.019438471981351624e-01
1.385166493312317559e-01
1.381617090771314338e-01
9.241439337445901681e-02
-1.295986745784251937e-01
2.502161116275870498e-02
-9.541458261202835633e-02
-2.326256707475726423e-02
-4.450159293283830787e-03
-3.990048023251322601e-02
-9.871415359340673934e-02
7.448603956930045789e-02
-1.727466023105186238e-02
-4.426583632795458995e-02
1.304113503786665518e-01
-1.066150212675930770e-01
8.983942820274030960e-02
1.556767468354747046e-02
-1.676071766718290057e-01
-4.139384062438668244e-02
-2.176201087164233994e-01
2.313575506210264685e-02
-1.590824072932487954e-01
-1.392042143976967294e-01
3.415547082555163150e-01
-1.166178785544260826e-01
-1.344899859529056878e-02
-1.452815402826722335e-01
-1.277363258257777356e-01
1.827375891518081760e-02
3.083412016141853090e-02
9.877334729507057653e-02
2.394377224481542832e-01
-1.181734232451210342e-01
2.743854872128167477e-01
1.392045340253474373e-01
-1.196830204723615398e-01
