1.376010432962574137e-01
-1.782333896265155815e-01
1.335392755901071149e-01
-1.889215019241082330e-02
5.489338189901309395e-01
4.568326287173983535e-02
4.914765804468106403e-01
2.459494831977255547e-01
2.616751449640471530e-02
-3.983012162533352551e-01
1.000000000000000000e+00
-3.469384637610881117e-02
2.129819851038647904e-01
-4.863942427433620708e-01
-9.455311430659017746e-02
6.043243429617117801e-01
-5.536269352843515845e-01
3.090989037651085680e-01
1.762021045932931351e-01
3.386381784115425342e-01
2.074115341431140014e-01
3.691769236843462504e-02
-3.264109973995642511e-01
3.096067779123983232e-01
-3.140805040169170059e-01
2.669953607325173395e-01
1.503507422591882255e-02
-3.570897646998717478e-01
2.072474364622387266e-01
-1.221090654190668812e-01
1.046465294562601844e-01
2.239431206958925891e-01
2.578656511398164097e-02
-2.617542065936366291e-01
8.569791596645179310e-02
1.975097389353502042e-01
1.261545043811170171e-02
4.093433284070157052e-01
1.571232400265800411e-01
-1.772560980826891897e-01
-5.278916105849243978e-01
-3.423950275821557310e-01
-6.909026390222979819e-01
-1.956479932713686143e-01
2.530535975441427360e-02
-1.754987006373100178e-01
3.231610048182911171e-02
-4.229577095970473710e-01
-1.575906076589752569e-01
4.606369250524428582e-01
-2.794415963662134073e-01
-4.724253365764830709e-02
-2.557293066049293739e-01
8.900108203850548572e-02
9.243840905432018640e-02
-9.710757013679596761e-02
-3.888916228991335516e-02
2.247211841201517402e-01
-2.976289201820841307e-02
3.540862359178889585e-01
1.069632128722571573e-01
-6.220304285950540857e-01
4.333075711272279529e-01
5.118771257598252467e-01
1.871970576080030091e-01
-2.088419252307507079e-01
8.432397721036141713e-02
3.994538791807571848e-02
2.767590267671328763e-01
-3.352059466215322192e-02
-3.051268514396799914e-01
-4.899345393122984671e-01
-1.281438276186882552e-01
-1.864774889926068824e-01
-2.918847756064308907e-01
-1.970096735897962012e-02
-4.208741300859227819e-01
2.231109026910625126e-01
1.639112350709432397e-01
-2.302349055439719683e-01
-7.996003372596292846e-02
4.640069417910599320e-02
-3.147506084555654060e-01
9.631138819868686474e-01
2.121979109729017210e-01
-8.875358603302338500e-02
-4.541483192740778385e-01
-1.582235683629265866e-01
2.506283970527861671e-01
7.711085676037594538e-01
6.807037048688421854e-02
-3.737679712580797009e-01
2.432718957442402130e-01
-3.995417527082599229e-01
6.390572077147772811e-02
2.882983557464574020e-01
-5.033322803567417125e-01
-3.302319581924448300e-01
-2.058383016180316272e-01
3.814851796218270419e-01
3.830272238132306425e-03
-5.244973504666683439e-01
1.599178024900832773e-01
3.074214543202503092e-01
4.361946281968780981e-01
6.552962837180270617e-02
-2.495872565184040492e-01
-1.747044141910608361e-01
1.651515964380678436e-01
6.224335642042275879e-02
1.288001672664370878e-01
4.254300946923517124e-01
3.828577469992844873e-01
6.330202535576341383e-01
4.378081192128053245e-01
2.292718601942897727e-01
3.170581955900222959e-01
-5.009329317903916945e-02
-3.319926527685505557e-01
-2.872097132555804788e-01
-2.730215372690982245e-01
-8.767341247996386644e-02
1.198197291763007377e-01
-4.803864119631747753e-01
2.199261413702827406e-01
-6.704554051842674667e-02
2.358624397196497011e-02
4.062477061990102389e-01
-1.580686617943047045e-01
3.823172809014570572e-01
1.934393636717187115e-01
2.818071604041628708e-01
-2.557991006527642330e-01
-3.813843328030858681e-01
-3.263330335137369365e-01
3.293307120691538747e-01
1.838025932206351909e-01
-3.481622557182080246e-01
4.220988592726311883e-01
-5.808001863501117690e-01
-5.086143349037933747e-01
4.442767050432337717e-02
4.680017421054467608e-01
2.311841933895793233e-01
8.006414849416519652e-02
4.291052559875327410e-02
4.380177347354818340e-01
6.267927699560100763e-01
6.213102326359353222e-01
3.301817207654858533e-01
5.344458962752023368e-01
1.043110103717497794e-01
1.937180145996577618e-01
4.020647909843201306e-01
7.892171141738058004e-01
1.096008881550484572e-02
2.651928247309744413e-01
-6.454719420219699744e-02
-4.650399234500055545e-01
-8.565691344069673030e-02
-2.911745221153360097e-01
4.760555710138240637e-01
2.485199029206749261e-02
2.549355234563885908e-01
2.881139792702472335e-01
5.844841048223247126e-01
-4.572862497370465129e-01
-1.850900699717923925e-01
2.427892898247283604e-01
5.470314973435041334e-02
6.042935016754675814e-01
4.624892096856115797e-01
2.425216682172477434e-01
3.103527453969572858e-01
1.332030270443129438e-01
7.432501888706820325e-02
-1.684927159631892379e-01
-2.503446326803562827e-01
2.263651078840768494e-01
-3.817835476848155940e-01
-2.525897422028903772e-01
4.272850637202093571e-01
4.320090285874990665e-01
-7.380243171608526220e-02
-5.486603544768987595e-01
-1.299730324079074462e-01
-9.971425479550213855e-02
-2.210189417860320971e-01
1.399057636614005340e-01
-7.806996344072489324e-02
-2.084058584273009995e-01
-1.730129009267293294e-01
-1.955928758503419629e-01
1.352566698182771643e-01
4.139726394656647601e-01
-3.234831201788069266e-01
2.040364440020202286e-01
-1.953181056079246469e-01
7.066757222031376517e-02
-8.729392202010835544e-02
3.450762987388528158e-01
-1.249814751144486258e-01
-6.901019917649728885e-01
5.518356109779380958e-01
-5.591715602126268864e-02
7.567672391441858382e-02
-2.329079995758749078e-01
6.274548795732378670e-01
2.172381373323996889e-01
-3.578538226672346445e-01
-3.244897940863099572e-01
2.447960141969699466e-01
-2.040446066244161472e-01
2.568419626701513026e-01
-2.911192587877977633e-01
-1.552695767279305694e-01
2.386623382175256936e-01
-5.715255745899725515e-01
4.019129772773361031e-01
3.846651265267357345e-01
-2.181885194225531288e-01
-8.120065772479921617e-02
-1.498892794997397915e-01
-3.992268042320846200e-01
-2.878974704574979726e-01
6.116294941696307635e-02
-1.721905743141018408e-01
-1.643489869604898568e-01
4.515527004039663894e-01
3.620799287202569050e-01
-3.872401164971633336e-01
3.695484156063547632e-01
5.602745651271770488e-02
4.320206706440181676e-01
3.484367414344499148e-01
-4.889437675037479614e-01
4.329797842324263901e-01
2.466132851166468187e-01
1.080503307911417354e-01
-6.093388269770581012e-01
-3.298681947437187567e-01
-1.158057771341322595e-01
2.868604293801474414e-01
2.786685296612450013e-01
1.495530124194676368e-02
7.490572158123062763e-02
2.283204821556222841e-02
-9.255905326517470388e-02
5.877976908388080762e-02
1.795733139776599929e-01
8.747640589407079670e-01
2.598110685802391129e-01
6.029364604001288819e-02
9.487893566728431427e-01
4.574278291630063387e-01
6.025808926106288599e-01
3.275600969195109902e-01
7.954489452905005864e-01
7.856363767394227704e-01
3.178549621618486642e-01
8.074558242768682392e-01
-1.067394386993480854e-01
-2.172314191301270014e-01
-2.427481089225308475e-02
2.068132986995710118e-02
-1.184135997210712249e-01
3.417554215409299712e-01
5.977696560200352893e-01
-8.807816787893182550e-03
1.877117885772292272e-01
-5.687507331883807915e-02
-6.963206310699811274e-02
1.074147732364131025e-01
5.614524852793099235e-02
-4.764876623722669735e-01
-2.066296994717545243e-01
-2.010644713938699035e-01
-1.578898291952724464e-01
-8.389773614973559945e-02
2.703092351307177510e-01
2.281946335963565275e-01
-2.439291837300235355e-01
3.127376763943330307e-01
7.307467858380641001e-02
-2.599932786383590266e-01
-1.588951900867426048e-01
-3.287457129356959884e-01
-3.146009506622945290e-02
-2.182463763120189373e-02
-6.210825453073892666e-02
-1.729713804956268808e-01
-3.003504827273410505e-01
-2.939145474239654790e-02
-1.580077087543742820e-01
2.489514144374769256e-01
-2.600766404948526289e-01
1.977912784558155113e-01
-2.807162420568203864e-01
3.927624891621745440e-01
2.584058508896669437e-01
1.295298274737598926e-02
9.153295363550449926e-01
-6.114394724079912080e-02
-9.915120486460879401e-02
-2.900209364606315954e-01
1.102562282090619773e-02
-7.986987341015591713e-02
-3.954568759768715691e-01
-3.386117066061071212e-01
-1.168789479587436647e-01
-2.110652679253681718e-01
-4.168797930272531982e-01
-3.867447305928765622e-01
-5.638449628743094078e-01
-1.919714641713634040e-01
-2.587548722046395522e-01
-3.097645950392614589e-01
-5.124862406904300283e-01
-1.716281371192691363e-01
-6.178336246486447747e-01
9.242562899829401268e-02
7.945832340748526512e-02
1.678013771043467550e-01
-1.381605846117391068e-01
-4.343985333347722411e-01
-3.289085559631614308e-01
3.551973090485415208e-01
3.307121203832414369e-01
4.372907913215505205e-01
-4.091085540949597199e-01
-3.648452183296870266e-01
-3.202354800659801271e-01
-2.463671021984488729e-01
1.443358466004363017e-01
7.991539846753059617e-02
3.075246280712323754e-01
2.266129467070831793e-01
1.768898617239593463e-01
-8.269127974918162594e-02
-1.903749256387330113e-01
-5.785951092260753770e-01
3.063833004265910029e-02
-4.441701066469428971e-01
-6.886951109539958260e-01
-3.630539742803602921e-01
4.396576319073966510e-01
-2.770758354172513371e-01
7.177426865456097704e-02
7.738898280365706650e-02
-2.250347248208091067e-01
2.409612813263420084e-01
3.308071275137834666e-02
2.039046756399479077e-01
3.028253770582599036e-01
-7.219439703342436787e-02
-1.940063162538487873e-01
1.437094217953840403e-01
2.521438204041000497e-01
-9.075949347136695600e-02
-1.520858918264593983e-02
-6.255634274764254599e-02
3.098615027386526499e-01
-5.115371320021024765e-02
-1.924952372000071979e-02
7.263675278075062414e-01
2.580665094822348626e-01
-4.961526567851203273e-01
-1.718847585875798445e-01
2.935545292584192389e-01
4.022239867053896689e-01
-3.707256575154816991e-01
-3.699729498629119595e-01
2.004386665404287726e-01
2.952767670837949665e-01
-5.534731667152368306e-01
-4.515419816448090762e-02
1.737825974594348066e-01
-3.264616798328597858e-01
-4.890253786959250504e-01
-1.226448338974515384e-01
-3.935459141602149491e-01
1.040693020556281677e-02
-6.643452180144344965e-02
5.377756175560103463e-02
1.144455301274511227e-01
-5.810584126474787059e-01
2.764219028535663258e-01
5.218584896112211657e-01
-4.221044802605947860e-02
1.100280868346472339e-03
3.096563514562470365e-01
1.362057169266366052e-01
3.121638597034186446e-01
4.963861763724921605e-01
-7.779029130973008632e-02
-2.804005933006727957e-01
4.259245176849545400e-01
2.681980822827869093e-01
3.720179047510568937e-01
-6.881834405189792003e-02
-2.668140699023716089e-01
6.199417532879767517e-02
5.863953907081585759e-02
3.652285383280376996e-01
5.085394450600288357e-02
-6.078447328054003007e-01
-2.112745593788212944e-02
5.685589852023239521e-01
-4.090155634779522043e-01
-5.432610300318712476e-02
5.146079079571552056e-02
-1.747543671630956696e-01
-1.725294488919848768e-01
-3.578938550657322915e-01
1.798693258558448915e-01
1.466374741039415119e-01
6.565156363297511288e-02
9.905270676730838775e-02
-2.508405146667548880e-01
8.424009009046748431e-02
9.293531217247721909e-02
1.709605200217484133e-01
-1.049139103977671794e-01
1.968007108451254039e-01
-3.306114195422630853e-01
-8.791293593013411733e-01
-3.974586400979587264e-01
3.679205136703808665e-02
-1.046534666065347952e-01
2.326663828730063388e-01
-1.503701347549581957e-01
1.167042366399324571e-01
-5.719177253058117111e-02
1.148198560670635471e-01
2.199634309402171695e-01
-2.843015896380089447e-01
3.961299345862197563e-01
1.477079021712639773e-01
1.885443275051197631e-01
1.888145459633777112e-01
-8.076278189447905209e-02
-4.535309397460416947e-01
1.921991512147430345e-02
-1.191945809903963843e-01
5.820334646604501394e-01
-3.219429246105757758e-01
3.228094386550899725e-03
-1.513319296630745783e-02
-1.611438010091379158e-01
-8.190618441518585091e-02
-9.188357703344208691e-03
1.956201645896984698e-01
2.678410620058009964e-02
-2.332671529490697726e-01
-3.609185714039548493e-02
6.822282603996610018e-02
-9.975959762075449488e-02
-6.248953687324156903e-01
-4.681341129129794332e-02
2.071718942681373410e-01
8.418468085644063847e-02
9.123449107064615649e-02
-7.632730098475395963e-02
-4.163851657655617822e-01
-3.079136526034371713e-01
-1.706536175140432321e-01
-5.275500778611166841e-02
-1.476217612319168371e-01
1.358953232384883802e-02
-8.344304819248369309e-01
-4.868793872223025065e-01
3.080381627496257546e-01
-5.644279706774771865e-01
1.816097124553271991e-01
-1.871871881815154459e-01
4.182605666395420307e-01
-4.322584942052996038e-01
2.852628403919215683e-01
-7.788504753194027685e-01
1.582281857252825219e-01
-7.860173450838774112e-02
1.506529069631182827e-01
7.606307119623363644e-02
2.558563844918810837e-01
6.126490029931334069e-01
2.600216761246367247e-01
3.818915430672653044e-01
-7.862708727632467670e-03
2.390337171307605757e-01
4.876992700349634391e-01
-5.674844036697163779e-02
-1.260927525854410591e-01
-1.459386220746433649e-01
8.983580927897308332e-02
2.323166248811534551e-01
1.104181050361320027e-01
-7.821238183759510187e-02
9.168639546669493656e-01
6.635726533988756115e-02
2.149619822545327241e-01
-1.823388954001363971e-01
-3.482057895165438510e-01
9.762123175957714699e-03
-5.307514445646429602e-01
1.482326120766274125e-01
-3.219555849377645634e-02
5.792894970150795908e-01
-4.400760388032781134e-01
3.484578079823942853e-01
3.262860931462531755e-01
4.721195900730332795e-01
-1.304380701756757861e-02
