-9.033984593921211281e-02
-2.200605601169181025e-01
4.402705231518194706e-02
-1.278298700465367310e-01
-4.111024797568316180e-01
8.468296715601188185e-02
8.704903309362249306e-03
3.197621759601790847e-01
1.873630520562146184e-01
3.114652733929813011e-01
-1.216648736068255965e-01
-1.116157009200083594e-01
1.025159783801901509e-01
-2.979909329116255390e-01
-1.735397999630473587e-01
3.893803459121831789e-01
5.393518812407940149e-02
-3.270520409641156090e-02
-1.015921525375262785e-01
-1.347053986577710638e-01
-1.311829255338288203e-01
1.938718600159403394e-01
-7.323793238072577594e-02
-1.505090216124657099e-01
-8.536260057211655927e-02
1.199334052633364289e-01
2.576637036747056464e-01
6.411268874091632930e-02
1.568744376485512459e-01
2.487553588759090772e-02
1.171652279086437681e-01
-4.477816736267579145e-01
2.574533614582529273e-01
-2.599370405796682520e-02
-1.230911825277580807e-01
2.191423688524583024e-01
1.694147727444262064e-01
8.363639744732878634e-02
-2.018220408901807983e-01
-2.280728911203799489e-02
-1.018434606154502708e-01
1.174397960126859208e-01
-3.255111866500687290e-01
-2.259764476300178404e-01
-2.439325628472978624e-01
2.813896823246150522e-02
3.408176536677566815e-01
2.494669546872938792e-01
-2.732821660267480413e-01
-2.141493392376536686e-01
-2.244293989942388601e-01
-3.120139049879703808e-01
1.813088525227475253e-02
1.120419900578059347e-01
-6.153896615069982812e-02
8.093242533933384109e-02
9.810349975034039771e-02
2.106843896194882798e-02
1.633858988585193683e-01
4.690453036318957269e-01
1.645917066610357582e-01
-1.272292375395783770e-01
7.910324102519303291e-02
-2.151498223521768061e-01
-1.951053581965251082e-01
1.070033578210065894e-01
3.202071827879009874e-02
-1.843548737167236343e-02
-2.914459908510918518e-01
-3.191921554125887739e-01
2.353951602031326695e-01
-3.879739121046427708e-01
-1.224290805877201738e-01
-3.562691245838881526e-01
-7.470514524060728467e-02
2.045293359882648931e-01
2.693063212043407262e-01
-2.001311576402651504e-01
-2.002312080158219210e-01
-2.373067226420536371e-02
6.146790435127435365e-02
1.328742101924957342e-01
7.710223351443980244e-02
5.768889921241372037e-02
2.092525168229647792e-01
-2.664653710349368931e-01
1.240103417366248545e-01
1.900393039128675243e-01
3.718761349045010545e-01
1.017390211697267038e-01
1.297674039730376816e-01
-7.643678794342104177e-02
2.553294150813024133e-01
-4.477249121091824158e-01
1.425026984464075885e-01
1.341929630861504741e-01
2.291302785147309451e-01
8.953741814292281997e-02
1.199951414921835054e-02
4.092482170331578351e-01
4.912269375979870512e-02
1.504840876889836643e-01
8.233341803340567602e-03
2.928143803784988286e-01
-5.004849090063044903e-01
1.793103647323662231e-01
3.205171100605591628e-02
8.852665228131532948e-02
2.045936444393065545e-01
2.589443297248129605e-01
-2.540968384948207870e-01
-1.889914658793951652e-01
2.399386013221630701e-03
8.989667442445567480e-02
9.997663342992731128e-02
-3.428306797455568655e-01
-6.497839448093863275e-03
-7.819080465086584650e-03
-4.636098078150268503e-02
1.111964690442075222e-02
3.372416915021627104e-01
1.102772586806812505e-01
-1.189550996178619091e-01
2.838659269494811510e-01
-6.934293672426794508e-02
-1.241646277481178208e-02
1.085250298428452609e-01
1.876894879945702199e-01
-1.147116877301146837e-01
3.599748687720489837e-01
2.765054673768985172e-01
-2.481729293085480070e-01
1.774197109850693954e-01
3.017990091900696892e-01
1.568801156844372158e-01
3.894029945973800227e-02
-1.934835738765691981e-01
1.971665947009556552e-01
-6.577678256601326989e-02
5.542126270737741944e-02
-2.398580112930417119e-01
8.775203870821540741e-02
-8.397147627250189927e-02
2.320218694753660160e-01
-1.192186040718570469e-03
2.704175502586513846e-01
8.647186675696146019e-02
5.968007807489771055e-02
9.612338798752653735e-02
-1.045495286704520993e-01
-2.423773067705878859e-01
1.917328816946943515e-01
7.282842748429282920e-02
-1.187242665856268371e-02
1.704159370072294011e-01
6.538585042100966693e-02
-3.026209704376235932e-01
-7.692389741522848157e-02
1.115833026264741040e-01
1.585760577444428610e-01
1.655055501370739646e-01
1.000564072833025203e-01
4.011183884652849141e-01
-2.848905802757540906e-01
2.330356473668676598e-02
6.071151263497965439e-02
-1.271128676014377304e-02
2.856722846955419559e-01
1.695283370612841178e-01
-1.822951422712968117e-01
-1.127462776578638803e-01
-3.081105082380253962e-02
2.467096586645516620e-01
-5.089071235648322603e-03
-2.997218325435605513e-01
2.641219028924105539e-01
-1.578122862094730461e-01
-3.119670753228934168e-01
-1.000109625436404887e-01
6.524230477889839119e-02
-2.064238627842764073e-01
-1.980884618380153728e-01
-1.701216516721278660e-01
7.962979835547745466e-02
-1.209712835588850621e-01
1.333981142725759739e-01
2.051020211944545035e-01
-1.797654402015070596e-01
-7.326273105069174008e-02
-6.222839616574867699e-02
-2.934603711527185646e-02
2.615400406809262682e-02
1.202703509982413210e-01
1.826049549313306097e-01
2.806619506541354614e-01
-1.153296338961332934e-01
6.894622000383165278e-03
9.769630861792086285e-02
1.479729377297697435e-01
1.002259281242584010e-01
1.647155743658697546e-01
-1.240677863904434824e-01
-2.004850694750000620e-02
-2.055129821713594929e-01
-3.629854184366448910e-02
6.614037323972417337e-02
-1.321312105602678588e-01
-2.446013241639104774e-01
-1.864639216792110255e-01
4.444837264004926625e-01
6.317721586660664246e-02
1.931801482860884545e-01
9.653420249049395052e-02
1.437629860517728453e-01
2.218807093679485143e-01
8.860930643432141096e-02
-7.645410160251951692e-02
-1.054419810179523798e-01
-6.134313985712871314e-02
-8.470738505804184526e-02
-3.423042049786864105e-01
-2.273660445061297386e-01
-2.150899947672507695e-01
1.464363163270496204e-01
1.960459085338916163e-01
-9.866894962386760226e-02
-2.904548822859463475e-01
-1.816329371269531923e-01
1.995555695057044943e-01
2.104880230637854593e-02
1.388842284401770912e-02
-1.544999076116650993e-01
1.516007677296771494e-01
-2.293055206612047148e-01
1.794197544606699474e-02
1.367284257552019711e-01
1.616781766892503303e-01
4.336368246004317917e-01
5.508055853645863614e-02
9.064132731319395064e-02
2.349893693136628076e-02
1.887316800414816365e-01
2.217474464729598249e-01
4.043847217506016944e-01
-2.216114497522396476e-01
-1.783423563895621122e-02
3.026026021068807803e-01
-2.516650022052818042e-02
3.881321368085386969e-01
1.605211912945120889e-01
2.215422456300493170e-01
3.324542908646820755e-02
2.298391688381770659e-01
4.750342436992354700e-01
5.248388159244258278e-01
8.507043078664341396e-01
1.000000000000000000e+00
4.557517667322740773e-01
3.963675286609499859e-01
2.183400823947996214e-02
1.283982900276805228e-01
-2.035167032170020762e-01
-3.185420812721326822e-01
4.757139130736900978e-02
2.664544257925010595e-01
-4.381778541126529758e-02
-1.324440026269721113e-02
7.023014250599543540e-02
1.938397681879793638e-02
-1.686562870690112848e-01
2.332308878313221201e-01
2.537884572985175669e-01
6.101736243831300949e-02
1.194728902161313888e-01
3.192943264732338304e-02
-5.096529079893628855e-02
8.708313290559008268e-02
-5.395668444477149522e-02
-2.069005450229867704e-01
-9.363510786606278613e-02
5.725175348063238703e-03
-3.039928821191976160e-01
1.643516927322467847e-01
3.215492066635484703e-01
-4.099414168926921453e-01
5.722301574223979947e-02
-1.976953944521845363e-01
1.143059919719110751e-01
-3.709855267163467141e-02
9.243232286122686492e-02
-3.604010681018608442e-01
-9.889950643990316759e-02
5.614296518295289889e-02
2.042995635248533171e-01
1.699035541257108983e-01
-2.923094019323587145e-01
2.225943488886057142e-01
1.979883888337184428e-01
2.589478705319086527e-01
-1.086074176526043156e-01
-3.499490613035422526e-01
-8.383981394395974285e-02
-1.282413769181674768e-01
-3.049830618457828879e-01
-2.834198059679233772e-01
3.821769820692600544e-02
-1.773147482733602454e-01
-2.078727299421552766e-01
1.977414326414439136e-02
5.261545388969771087e-02
-3.301925192016746252e-02
-8.606150834081052747e-02
2.487730644469828833e-01
-7.510669961888603863e-02
3.309161040924519237e-01
8.527463793077720566e-02
-1.283593188968353005e-01
-5.077522510462692540e-02
2.495786707473868493e-01
-1.574446780010347324e-01
6.521481157702123388e-02
-3.807840166362652101e-01
9.548026648064268304e-03
-2.097916870199989861e-02
-1.341778918479964444e-01
2.824559297060666996e-01
2.920330455062254416e-01
-1.470900115408152117e-02
7.446101057278521618e-02
7.794243527180395870e-02
1.218770827329336143e-01
-5.175518400668829150e-02
-1.995166809382732664e-01
6.971224671549536289e-02
-8.092472040211861478e-03
1.631128168962729941e-01
-3.287781503815265793e-01
1.799067640634891274e-01
-6.316917554046674876e-02
-9.446602885784657899e-02
2.411792503221477924e-01
-6.773836285914301703e-02
1.335246352275759329e-01
-1.562224604517722069e-02
-2.384988455558733136e-02
4.693043280555065505e-02
-3.547566207028539642e-01
-3.889781742960332633e-01
8.673459282917969637e-02
3.462966164135019009e-01
6.828846719960787737e-02
7.042555598242017378e-02
-2.182757079240460474e-01
-1.689226683729759537e-01
1.600305659415110493e-02
1.333220257123091113e-01
1.930192683441016577e-01
3.102356163999126504e-01
1.559987304366070859e-01
1.292993007106594539e-01
1.986737095181675128e-01
-2.336559931956311009e-01
2.315278529367036653e-01
-2.932531648110133782e-01
1.236372093988599152e-01
-1.591017707874676779e-01
1.979297377776710332e-01
1.122950319678058667e-01
3.434664372486638528e-02
1.786549522301885129e-01
-3.747676040079018223e-01
-1.959478322481074120e-01
2.337804368565528090e-01
-6.676329764034366621e-02
-5.108533740946872292e-01
-1.696973438686745772e-01
1.837321654094268841e-01
3.368221878831845206e-02
-8.375475423102965444e-02
-1.053949655851557088e-01
4.267285994911794722e-01
4.374936564169896319e-02
1.089984077443568594e-01
-1.072831724907832851e-01
8.663215753459063695e-02
3.377997782220567569e-01
-2.779544767235899230e-02
1.994512033909365267e-01
-1.173374452694357223e-01
9.199156831475130414e-02
4.159380463915476889e-01
2.562109335947619915e-01
2.482353298777319889e-02
-3.145109630618323493e-01
-1.532694732013836596e-02
-3.358407405422801917e-01
3.448575985447075443e-01
4.507240571091703507e-01
-2.035750033784635704e-01
4.726285331794006783e-01
3.731502460640845897e-01
-1.097834368329217436e-02
2.774099363035208432e-01
-3.872193755799889503e-02
-2.703864150332595528e-01
-1.602919687016760575e-01
2.128202603272826843e-01
2.645271975514439447e-02
3.024033269901364451e-01
1.616496857908030285e-02
-1.801773392494689097e-01
-2.517016489918803557e-01
-9.399102974903493501e-02
8.365886190040143500e-02
2.786636100992198606e-02
4.846497890207916021e-02
-3.520966461772703782e-02
-3.020944819650049976e-02
2.487171698454453961e-01
-1.441444723043681098e-01
1.621922314802460574e-01
2.347171069006328548e-01
-2.461400897306792110e-02
1.529845721452523233e-01
2.328438217996985082e-02
3.591451655908508012e-01
3.013823403040050697e-01
3.013691909629614973e-02
4.571736704155524716e-02
1.182114561432111993e-01
2.099083239864943731e-02
-3.582016842516380084e-01
-1.885664975684770983e-01
-8.900097222977179645e-02
3.784123147060037412e-02
-2.555190286646450426e-01
8.463131515074183431e-02
2.652161691822085832e-01
2.761991935360355033e-01
7.786603709869645285e-02
3.298215513159933471e-02
2.005341342498543067e-01
2.441198700991724091e-01
2.810249747921906294e-01
5.243702630396570273e-03
-8.679455746757309964e-02
-3.767754635981312994e-02
-3.089742780986763915e-01
-3.178997398327860213e-01
-1.748741946062851160e-01
-1.061257742788986880e-01
5.632593804264942466e-02
-1.324224111750902100e-01
-2.358105607643698476e-01
-1.766572097628519578e-01
9.166865254263786844e-02
-4.874517632767853131e-02
-9.380351410066228857e-02
-7.205554031068529819e-02
3.009540676559647188e-01
-1.670980268475112662e-01
-2.188883063079493096e-01
1.383176580631143293e-01
-2.035105298005557284e-01
1.024156897348616341e-01
2.501618038275270628e-01
2.020248341852424190e-01
-1.552478235558951425e-01
4.501163936902361495e-01
-4.646435613507349238e-02
-7.619713364419816552e-03
-9.906277130099870598e-02
1.942821059953653839e-01
1.273775535170030594e-02
-2.492615081419898571e-01
-4.275457377129355391e-02
4.534817890752391306e-02
-1.639346448781974497e-01
5.342959788476504823e-02
1.372735764778074408e-01
8.069089340751235684e-02
4.198479939140224715e-02
1.774779586444406310e-01
-2.701246153142366699e-02
3.055439236730772001e-01
-2.893659612928605948e-02
-2.078948960027323101e-01
8.160169145701527682e-02
3.223019637889502631e-01
-3.591480772542784972e-02
2.738186532216442814e-01
6.380721989353080326e-02
-1.261110094345286314e-01
-1.486337619245099717e-01
-3.912992172792308376e-01
2.067891666491715186e-01
-3.528932743897528201e-01
3.368283801407624678e-02
-2.846759128995817179e-01
9.746696961250916891e-02
2.697913259941610992e-02
3.650493786842048255e-02
1.206157312234656387e-01
-3.484234538131412984e-02
1.287895091567846650e-01
6.709629718351360628e-02
-9.329785251827900361e-02
6.231929705350607029e-02
1.469021472951332619e-01
-2.544975672388068433e-01
1.340488695613885617e-01
1.406602366608625254e-01
