-2.446536475421215995e-01
-2.758177518909193937e-01
1.136542855549738107e-02
3.093643766452873756e-01
1.154852824626479216e-02
4.390974011617860273e-01
-8.799187633777847892e-03
-2.676208436618954800e-01
3.868614541413157443e-02
4.282841168199050252e-01
-1.685446352772930478e-01
2.789138319846762651e-02
-4.960314378017804393e-01
2.865834291247920662e-02
-6.368648909338602282e-01
9.217589790963651164e-02
-2.461751504625590559e-01
-4.423553340718799909e-02
-2.144522872439756297e-02
1.616768669266444303e-01
4.049078305426633273e-01
-8.165752044690735567e-02
-6.595010784915777968e-02
-2.054346037201276454e-01
2.890284564474128182e-01
3.378148893774791106e-01
-2.344247414137141106e-01
-2.123618688910089702e-01
-2.257038853177174842e-01
-2.699617685480502627e-01
1.797737852500541078e-01
3.464425140170619977e-01
5.587141976854192267e-04
6.746113746241917397e-01
5.536763988353964328e-01
2.775878004810440336e-01
-1.650349051539015954e-01
-1.793149262080885042e-01
-2.110341761527408377e-01
4.143953872575390496e-01
3.050706116027364079e-01
-3.071012161868044710e-01
2.693319626513979714e-01
2.006572446792554421e-01
3.511310364085931668e-01
-1.895902568520008505e-02
3.382490716452151713e-01
1.577890879147049175e-01
-1.636329326982058352e-02
6.915245340764416548e-01
4.966198838447280495e-02
9.654231269508934954e-01
-9.897221751692464320e-02
-3.243511371327185699e-01
2.726032858005389969e-01
-3.648563810277558606e-01
4.133852939892843775e-02
-1.466637772545712759e-01
5.351468825531231766e-02
2.210927072224624645e-01
-3.637429857091548091e-01
-7.256849985805959025e-02
1.901308455160132804e-01
4.525717610437222094e-01
4.900447095893043503e-01
4.050027680152252785e-01
-3.918008817356964657e-02
3.209090233698149164e-01
-1.665716398755176172e-02
-4.950628270253375554e-03
6.717621543846973541e-03
-2.358038112128861274e-01
2.203350598891267997e-01
2.302517296335481189e-01
5.809021541350219142e-02
1.506705256013843655e-02
-1.725715380133186483e-01
-3.141139011792666302e-01
9.455045000139140898e-02
-4.083342672111272553e-01
6.467109870600250554e-01
-2.463166548529669153e-01
-6.604685898750463358e-02
7.640603602931383964e-02
-2.482386590107307778e-01
-1.438610946889200271e-01
-1.435637581140295771e-01
-3.190370029576394817e-01
-1.932576187680387914e-01
-4.583712781590112278e-02
3.039722187283836474e-01
-1.673266283751868588e-01
2.443258547991883443e-03
-4.628064158559042629e-01
3.967127309649758349e-01
-6.425849376052400475e-02
-9.208215305840387888e-02
-3.946933108285149427e-01
-2.234398451577938316e-01
-3.472800764502610715e-02
-9.568811612994847227e-02
1.389763766534694300e-01
-5.332352263002559933e-02
-5.445693252811798502e-01
-2.140656454065266723e-01
-2.465509016104545231e-02
-3.634464264195905736e-01
-1.646079675203903914e-01
1.853258082091721048e-01
-2.318367718227709873e-01
1.622789361561814692e-01
1.979045898741608189e-01
2.207618948874675857e-01
-1.252654770687679220e-01
4.004580230308760758e-01
1.216301398336973663e-02
4.089720513212013325e-02
-3.673256165114243688e-01
-2.127456616679210821e-01
-8.584641481082071202e-02
-3.236395385269995040e-01
-1.172013278500484562e-01
2.763018056782880483e-01
-9.051981241361013383e-03
7.931250408280089703e-02
-3.064460638801975723e-01
4.616176317615401925e-01
-4.244437697323956427e-02
1.436640191244861198e-01
1.648941732534094373e-01
3.512992851006436212e-01
1.014078159851517641e-01
3.353735910358561778e-01
2.718226287982783429e-02
6.864651683007057248e-02
-1.028162796572796855e-01
5.834400124022361966e-01
1.323656936442123566e-01
-8.763405657724895881e-02
1.704979496986086876e-02
6.127063394779518751e-02
-5.024886692929123599e-01
-2.993471721002777600e-02
-2.912052094244517789e-02
4.000267884300698906e-01
-8.350440473386412654e-02
6.860610935566545387e-02
-4.229795980458551236e-02
1.436381497289094533e-01
3.345035692945433903e-01
7.822792582674202577e-02
1.007023718084249786e-01
-3.090231715342252605e-01
-5.955160570275571524e-02
-2.936255023385259469e-02
4.477761387527452452e-01
-8.096113457019034343e-02
2.967203494763092086e-01
1.335655939751960730e-01
5.043794755923612649e-02
-1.928492032607267981e-01
-1.949958439188308190e-02
-6.392018271065598445e-02
-1.590983171469581570e-01
-2.258204540578369612e-01
5.960157484312801623e-02
1.279329613375551900e-01
-5.155073186231431265e-02
4.403567442691549427e-01
3.500696339618293851e-01
6.042312229307086335e-01
4.791422266487769255e-01
3.793602123571982454e-01
1.979239380960471917e-01
5.155755113163897757e-02
-3.704099097471831858e-01
-1.239055014108161878e-01
1.239293467264922927e-02
-6.695397880600756357e-02
3.626527614044739445e-01
3.229126147473023734e-01
3.534271003930857247e-01
-4.799997343911797248e-02
2.776318252581219115e-01
3.029681425012108464e-01
-3.542183359315018709e-01
-1.211427081293228319e-01
4.424344288174522632e-02
-4.797710553526284699e-02
2.572291638248457302e-01
2.443370067602952111e-01
-1.384926896107809557e-01
4.012530225220858338e-01
-4.261621528463900854e-01
-1.717804199343449245e-01
1.739084841637140652e-02
4.809676357798452900e-02
2.645627764082950084e-02
-7.836990439241099671e-02
5.518358254373761929e-01
-1.243883183428314415e-01
3.406233108170637625e-01
2.715561623375067901e-01
-3.898226224915046778e-01
4.594454737576652570e-01
3.841601750630361384e-02
1.313365253067891036e-01
3.374397343310692743e-01
-1.742507406088152633e-01
-1.273881743126586974e-01
5.307949792530219923e-01
3.012127294813102957e-02
3.150647280595483823e-01
-2.424731159172897887e-01
-2.591460059191078025e-01
4.032694944241611151e-02
-3.017592040573020828e-02
3.060802164190709607e-01
-1.892908922978478181e-01
2.122427094188341634e-01
1.624237987541474471e-01
2.197097021862449429e-01
-3.101474338041724788e-01
-1.782437085822363362e-02
4.323269403538643196e-02
-1.380600080889234915e-01
-1.540246088822552484e-01
3.272298146942809183e-01
-3.803504837759184021e-01
-2.528482339440104587e-01
-2.672431127077023461e-01
-1.985288671816335115e-01
1.849816456213388971e-01
3.454672010276397254e-01
-3.169931605656912121e-01
-1.947552224186287761e-01
3.170226374541172398e-01
2.471993423871032269e-01
-8.964898428595097224e-02
-2.475375760032984609e-02
5.046164747755311764e-01
3.397194350576167570e-03
1.401550612719723587e-01
1.762401458279002631e-01
-1.085872099232660370e-01
-7.311919463245563078e-01
-2.895825754726676915e-01
-1.837980042096393762e-01
5.300241381267922769e-01
-8.477984550516243223e-02
-2.376452645313851531e-01
1.148919526132193836e-01
6.818110845155697097e-01
8.287338587265963286e-01
9.577196873060466187e-01
8.271079494929589604e-01
9.270156346205793430e-01
4.176701712493907648e-01
7.492745708399624061e-01
1.000000000000000000e+00
1.969964182835605426e-02
5.256101870414668920e-01
3.139663351851778028e-01
1.726272769745292946e-03
5.766056378758658424e-03
1.013127016465227917e-02
-5.659086674620871643e-02
2.393884999517477130e-01
3.215985263425565899e-01
-1.640671059226803119e-01
1.566258112666121805e-01
-8.951363933896612501e-02
-5.200240489025725193e-02
-3.256211673417532676e-02
2.202104162650387383e-03
3.095140981966900129e-01
4.338940614034780818e-02
-1.134768897663439441e-01
6.666847691382275787e-02
1.549276760042881118e-01
-1.709517394127433587e-01
-3.469158923244033271e-02
4.700320929826365957e-01
1.504507086358171375e-01
3.165260059038080831e-01
3.067062925680388297e-01
3.354656580560872597e-02
3.102489802613231373e-01
1.969041847744702756e-01
-3.922673866902868789e-01
-1.832834967791021480e-02
3.179469300984721358e-01
7.780483921777917589e-01
4.998513551571751728e-02
2.107674066715090333e-01
2.153240499732324009e-01
-1.238980026959073805e-01
3.463497164911195220e-02
7.636722692149136571e-02
1.706564557600142029e-01
-1.947914405753222444e-01
-7.910996334481790182e-02
1.574305386935567763e-01
-5.709432737568376909e-02
-2.098161742650653805e-01
4.652504600213323502e-03
6.222847455235157831e-03
3.727344192541094947e-01
-3.383586108312384155e-01
-2.418200851819256036e-01
3.415489711372138998e-02
1.225768112926090420e-01
-2.947484838277741881e-01
3.126197047656515404e-01
2.748129962181624641e-01
3.658192088605466408e-01
3.225567591124179900e-01
6.971727545342265575e-02
-8.311942914542828909e-02
3.801980487995314517e-01
2.959601111918802041e-01
-2.956515962091702324e-02
4.826113085779896311e-02
3.654796023351051804e-01
-3.802525986364087562e-01
8.016472214400047203e-02
2.120889937911457912e-01
-2.041738675164813110e-01
9.979768146664040607e-02
-2.467944075612402699e-01
1.392238318988681944e-01
3.637042744410922124e-01
-4.655677672307592108e-01
5.345563589539724658e-01
2.395545244374028548e-01
-3.266263621783254689e-01
-7.744195379018685953e-04
-1.785888299873331780e-02
-2.564272962539682066e-01
4.777725180406418026e-01
1.134157699454154122e-01
2.584146775225323878e-01
-8.594725764613950214e-02
1.648164574170426222e-01
3.008468921783713501e-01
1.645975551246228463e-01
5.138900419762154614e-01
5.957099292517963052e-02
2.095470679133885350e-01
-2.956635179162270255e-01
5.704598579259040347e-02
1.036651918723690072e-02
4.275973412004780982e-01
4.372077237196003718e-01
3.856276615094796911e-01
2.173521664603799697e-01
1.527070397960782477e-01
3.103506037140705068e-02
2.943661231476413787e-01
4.392980303942419784e-01
5.420963012106044809e-01
-1.657807130091032977e-01
-1.675221007776097615e-01
-1.652913260930368167e-01
2.366251346552690205e-01
1.219499040335054879e-01
3.157346237152889867e-01
9.402157932731101952e-02
-1.525964450678148898e-01
1.759355107939933327e-01
3.129039501827826086e-01
3.730421534004776940e-01
-3.238180921842543913e-01
-3.705605667262382164e-02
1.866012389516089887e-01
2.812063264912214589e-01
-4.788926596419766923e-01
-3.058110420952518393e-01
-3.759852666579580754e-02
-3.165298533299551464e-01
1.924435641361284810e-01
1.682857800660467751e-01
5.741042533316759872e-02
8.706347815781519117e-02
-1.284296531904127216e-02
-1.756052903127399978e-01
3.993539384104977108e-02
-2.970469334930727623e-01
-4.800442353430831727e-03
2.429961152146844494e-01
-2.660526324069778514e-01
3.937193861399596040e-01
-2.563506184804776461e-02
-2.846481473919773575e-01
9.266004909868900963e-02
-6.282054577688571673e-01
3.465351146192145460e-01
-5.270528599630952549e-01
4.865287611832140313e-01
4.321690929136334097e-02
-6.147065727772251797e-01
-4.093786532919832521e-01
1.811245949583949189e-01
-3.238569467704245641e-02
7.237472867640995511e-02
-3.105123965494097638e-01
5.952178353884666206e-01
2.905296673717963074e-01
2.030852853742955155e-01
1.477669149549672156e-02
1.797129831444246040e-01
-3.001810492190830626e-01
-2.651488270001384762e-01
-4.997185892637349969e-02
9.284475217048761275e-02
1.109450337158861266e-01
5.206909616608814684e-01
-1.822567425266873320e-01
-1.226671166032487770e-02
4.330848185950108599e-03
-3.786807062251473788e-01
-3.926352971024540395e-01
1.679477214145165195e-02
-3.779322686373528528e-01
2.168703792119217044e-02
-1.503691900651750457e-01
1.118802959467398161e-01
-3.955795866936835936e-01
1.781307352752873122e-02
-4.162517030670673246e-02
-1.011591288988303167e-01
-4.907654301296482946e-01
-3.222302635834564111e-01
2.639371061337997815e-01
-4.345978953160914426e-02
1.744259061908944308e-01
4.718697086848298583e-01
3.301072015756981726e-01
1.120313179881466253e-01
-3.165691756135762258e-01
-9.845376447208055437e-02
7.942316244571495654e-02
1.831594378895736452e-01
1.024629463244428468e-01
2.787510082609994666e-01
-5.509187501378984275e-02
4.203622342336274520e-01
3.508165119645407226e-01
-2.255388534165908565e-01
1.789044769403966006e-01
2.977193347252403074e-02
-9.693464221801834091e-02
-3.465772529629546628e-01
-1.389330363363885656e-01
4.806292124142383382e-01
-3.972754977495944750e-01
-1.009228434958047982e-01
-4.022418520341675685e-01
2.231207110455781517e-01
-5.481518213637703169e-02
-3.238591743088330976e-01
-2.639985438890831704e-01
2.491097511185556279e-01
-1.623965139874833027e-02
7.346484053609697584e-02
-6.169334827752361722e-02
-1.483432977844227896e-01
-5.150737718757169015e-01
-2.277183048650694153e-01
-5.417725648039594527e-02
1.737967747253955364e-01
1.333483388597020425e-01
-5.468268222116946797e-02
4.838761669136634191e-01
1.779149926168617224e-01
9.776407517179488971e-02
5.249013746283026638e-01
2.704921689396318496e-01
-5.203998907306114398e-03
-3.624367407082616788e-02
3.377240773689222375e-01
-7.815592490708102302e-02
1.768288109797716556e-01
3.121318135809972860e-01
-5.338520248212165198e-01
2.252910553836859897e-01
-2.063531675194285042e-01
1.534870856534006067e-01
-1.163321960581294029e-01
1.533830410704501435e-01
1.288041120655822325e-01
-1.714141767568620467e-01
-1.727918484453258852e-01
7.777086562625373789e-02
5.768952345038500518e-01
9.098074386803979563e-02
-3.574997049507326330e-01
-3.503587631855662465e-01
2.971330519220190536e-01
-7.028656842618012657e-02
-9.564078697010412744e-02
2.917366020522689229e-01
4.043812599555954290e-02
-6.270185459604802336e-01
2.906568877640774984e-01
1.618733018269758461e-01
-9.456505672928347539e-02
5.839731870560913723e-02
8.323591920756923113e-02
3.069697866381446150e-01
-2.818284972707792435e-01
9.876271541606142235e-02
