-3.611152216818023786e-01
-1.245481237284260315e-02
1.311510196980711085e-01
-3.424949504629225538e-01
7.903609373227162005e-02
1.072129840807262008e-01
5.833768298462201907e-01
3.414764252827090507e-01
-1.014537249407730518e-01
7.385690176936614559e-01
-1.348869765144027344e-01
-2.659582468731528926e-01
-7.575918909075134156e-02
-1.529844670598858314e-01
-2.582120820229553693e-01
-1.059715235590615728e-01
-1.429484857480084470e-01
4.165969585736148395e-01
-5.921902147088659030e-01
-1.647278397671177452e-01
2.768769258322114069e-01
-2.140183225203100559e-01
5.096795661404915356e-02
2.178754451893195887e-01
-4.978858320784756430e-01
3.170094532606086424e-01
2.819591648345917689e-01
-3.645629045346551189e-01
-2.211386438131069387e-01
-8.273785709117240095e-02
-3.699898233836153294e-02
-8.497109846224687457e-02
-2.017789305971598723e-01
-3.498271221233425488e-01
1.492752374476831734e-01
1.738711372944105327e-01
3.597830937718861088e-01
1.169371171013934042e-02
1.193887657917315076e-01
-3.043351705857850753e-01
-3.475460824369076551e-01
-6.440266836411795426e-02
-3.360202504435270132e-01
-1.301253582365898831e-01
-9.410055067583932009e-02
5.365116053936814372e-02
-3.589070729633504764e-02
3.999909875145848254e-02
-2.372774570504093128e-01
-2.424794330971027922e-01
5.108934266922661172e-01
4.253320025779328689e-02
2.427792060394597384e-01
-4.100978605582378811e-01
9.905144701205276236e-02
-4.746302493625049745e-01
1.316092936424675119e-01
1.452302141485948550e-01
-6.933361503537158188e-02
7.559365296720993443e-02
1.333364113737421919e-01
2.835595104000138145e-01
2.481057300864762671e-01
6.123812754424863281e-01
1.650833255365740659e-01
-1.111038021690066852e-01
-6.949063196609474302e-02
7.791811114472015076e-02
2.360496511663970620e-01
-3.370570692684437542e-01
5.094379907378213806e-02
3.853609447532431731e-01
1.107978718949331753e-01
1.848417025573196038e-01
-6.653067406572066300e-02
-3.823273615102867201e-02
1.249323651674874719e-01
-2.858314143460040022e-02
-6.603979315037186160e-01
1.989924217317084187e-01
2.138843416835634614e-01
-6.687233164817017739e-02
-1.174066212578118301e-01
-3.620608579536516158e-01
-2.066932373614725482e-01
5.311825831543395826e-02
2.265118789825617263e-01
-4.473247310087194450e-02
-1.330436906796182706e-01
4.232233820558994886e-01
1.607690790678426539e-03
1.121877118680622287e-01
-1.261014403021200603e-01
3.021073946315225855e-01
-8.841924670023026955e-02
2.448580343970036544e-01
2.702710053159603776e-01
-7.326900571400950246e-02
-1.981063264105839827e-01
1.878064714137223645e-01
-3.223693430619314210e-03
1.681827296904878921e-01
1.559297329093893292e-01
5.638126626319212714e-02
1.302737874677207253e-01
9.746287901744363213e-02
7.234836118081173773e-01
-2.480108237702834950e-01
-2.994327955324518342e-01
-1.895992344470000812e-01
2.418677974783908224e-01
4.179849883863019366e-01
-8.099375533210642977e-03
2.747111577323745335e-01
6.337526364857350158e-02
3.084189562422043895e-01
-9.244716470726579982e-02
2.039005213846381004e-01
-5.118910177747212353e-01
3.331028994554199180e-02
9.038728673768391120e-02
-2.269661007921752183e-01
2.619380013217653680e-01
1.289579034913824682e-02
-5.623947527518786960e-02
-5.871510315725537721e-01
-2.840751182562613608e-01
-1.169860583316253977e-01
-9.842236220333218377e-02
4.434803993364494490e-01
-1.220608482073974044e-01
-4.399488624882214038e-01
2.314243584597765191e-01
-3.072342420780052041e-01
-2.208435596575048232e-01
-2.000909200394119236e-01
-2.509341911937068223e-02
2.185701779369179833e-03
2.771382305354703202e-01
1.662314672555660622e-01
-1.219898059953189173e-01
1.177883174661671500e-01
1.731908229250982700e-01
5.667598793151095160e-01
3.581806112616075372e-02
2.774925964589939897e-01
1.710040693474411400e-01
-7.891076979716162704e-03
-2.472696572462230735e-01
1.716185150857106878e-01
2.681570184773748866e-01
-7.410190580971684482e-02
1.172874530408519328e-01
3.465538377895913819e-02
-9.439842714218762976e-02
2.866220315459117041e-01
-2.621137788826989334e-01
8.867505013293244809e-02
6.015124298756255317e-02
1.103789649890033892e-01
5.865226361601213467e-01
-6.160331346200147162e-02
-4.677191729329330944e-02
-2.096383483886916921e-01
1.141366987574302938e-01
7.824916466480802413e-02
-8.785528882794378658e-02
1.750227451941011036e-01
8.031618119815202295e-02
5.751187155838773796e-02
4.734646404085710025e-01
9.780667513197392748e-02
9.052671586456773056e-02
-4.387204363967941445e-01
-1.382268711606340905e-01
7.366158456356532679e-03
4.163586922468456852e-01
4.214356720347226526e-01
2.302239358410154424e-01
-9.712596320216845824e-02
-5.157874709594870155e-02
3.032308807588413729e-02
-2.928607572286487937e-01
4.648092911628341484e-01
8.280861940972116253e-01
-1.776647027316947403e-01
-5.794263939919957855e-03
3.545472355127634589e-01
-7.971792642624966896e-02
-1.924151048174603182e-02
-4.170915295719803684e-01
-4.742329988397731566e-01
-1.271260332977867669e-01
9.542298656658515510e-02
-1.602667532529263583e-01
2.917884522331883335e-01
-6.295854597266840880e-02
-2.350995164720554292e-03
-6.558519193405674963e-02
-2.032031181678487231e-01
-2.908283995378286857e-01
8.547120406629753198e-02
4.275950447974035673e-01
-1.809987871448996422e-01
-3.705864684913361407e-01
-1.713459301806828997e-02
-3.624297937587719343e-01
1.210675170624103680e-01
8.024729464484782471e-02
-2.025873619076360987e-01
1.870274739846724821e-01
-2.431850739633532182e-02
3.552292059023323678e-01
-2.895174991618235660e-01
5.643147533230060686e-01
-4.725958045196658741e-01
-2.388095355878430970e-01
-2.361333325306953501e-01
-1.517601095477983664e-01
-1.901593806402368247e-01
2.666570291186218800e-01
3.932153289418057196e-01
8.589756465061581733e-03
-2.840699275485320530e-01
-4.097344066145239272e-01
8.058191710573904543e-02
2.804244309998847884e-01
3.802110440860904661e-01
1.277088901779735164e-01
2.860320888462227762e-01
-2.738098357863757437e-01
1.875862068958426276e-01
-3.722557177367746273e-01
-3.050611618650517221e-01
-2.007050031526743938e-01
5.062307558909109190e-02
-1.406290097933869665e-01
2.258960028355508354e-01
2.281182775192377998e-01
3.207630841963274859e-01
1.542854007076190359e-01
-5.138143235651645296e-02
-4.558083692133378384e-01
3.677216425186701221e-01
-3.102614602129773538e-02
-2.002792278401722623e-02
3.175930050744999334e-03
2.896279776011854712e-01
3.386452239401018804e-01
1.386171900040678584e-01
1.610342336581459532e-01
-1.817593173798918993e-01
-1.364945455949178321e-01
-1.020231818011406721e-01
2.056121898441354012e-01
1.000000000000000000e+00
9.912372080459552759e-01
7.561053798956035576e-01
1.143344275019126111e-01
6.020986650336260793e-01
5.397817973350327314e-02
1.144344210835932935e-01
3.015165040348976033e-01
-5.323049417094032065e-02
3.222318637665617103e-01
-4.543558155449757274e-01
2.713576753548694875e-01
1.167123914677237334e-01
3.452230039701948971e-01
9.628166596944789934e-02
-1.894883940647301701e-01
5.420858165013529018e-01
1.901935233996861763e-01
8.594437626387307905e-02
-1.459998659750465499e-01
-4.946136258340112779e-02
3.141383338609929354e-01
1.858410702289474692e-01
2.368253395195271394e-01
1.133094547545640957e-01
-1.902848594108399183e-01
1.949924386906213836e-01
-1.494957782750221120e-01
-2.847230150752352862e-01
2.071064032232302621e-01
3.771813031155379914e-01
2.916844414522296036e-01
-3.377194845889525121e-01
1.370825760561591722e-01
-6.961316132115405453e-02
2.625343424909843959e-01
9.578260209425473390e-03
1.008108452801927818e-01
7.422379919490335043e-02
1.079487029967672596e-01
6.815738489238243325e-02
1.245383581785511895e-01
2.788064633772175949e-01
-1.881919779368917134e-01
9.841137907138781948e-02
7.490095862846234132e-02
2.113448096959028022e-01
-3.464695682019230394e-01
1.021357816459086271e-01
8.504649928412690851e-01
-9.507482707236421249e-02
-3.859389721864908140e-01
5.910556175397087969e-02
2.219579568596209140e-01
1.210577923902294434e-01
4.917286841634421757e-01
-2.196446188275656686e-01
1.593052402364052850e-03
-2.498390638573735195e-02
2.188291359509742795e-01
3.603267229096112634e-01
-2.443935869124934379e-01
1.390780849923128337e-01
-3.866889497391644559e-01
-1.292125772924926190e-02
-8.297446739770371338e-02
-1.111958022511696023e-02
6.168351288312459019e-02
-3.454623298823383121e-02
-2.067313005236849285e-02
-4.487957400126712376e-02
-1.610619937105230715e-01
1.374746358711617100e-01
1.072259009066409280e-01
-5.122229402038723511e-02
-1.620685335171822006e-01
-3.662928830834500382e-01
-1.494734480218717632e-01
2.608808708889808758e-01
-1.181260770540566302e-01
1.113730905728589626e-01
6.311140601905861347e-01
8.511190729992812454e-02
-4.700844196639460126e-02
-1.744079361487065882e-01
-4.137058180377093941e-01
-2.129756219910181048e-01
-3.987503050004029825e-01
-1.409260068695357970e-01
2.094792040891418211e-02
-2.141132966611402622e-01
6.125281127968838085e-02
-1.524435103461085905e-01
-5.841674395427939176e-02
3.481346639166908452e-01
1.314928515119929420e-01
3.302055881210808064e-01
-1.261911038484414826e-01
-4.221493340425166441e-01
-7.231879825974692200e-02
-2.535037610485840753e-01
1.354957497152367019e-01
-1.476415257528689295e-01
1.710999600964325795e-01
-5.459524912114288586e-01
-3.447885413856716097e-01
-2.492890296043731579e-01
3.751479975277819401e-01
5.219616005853582041e-02
1.706442729425728388e-01
-1.106522930002239342e-02
-2.157031580509989332e-01
8.905733389569230052e-02
-4.367399627273489959e-01
1.403472914042545316e-01
-7.320780806092899717e-02
-1.738356155062628083e-01
-6.581776791463531118e-02
-1.417821337352488942e-01
-4.711394049188857847e-01
7.911563869259269355e-02
6.097166035369224607e-02
-2.206726951306056672e-01
6.687965492431536228e-03
-2.214533657066057037e-01
5.869255256490384376e-01
7.766130911711928431e-02
1.489008711612370139e-01
2.776884636629913805e-01
5.742681575902008895e-01
3.824234161851040176e-02
-2.823996484538604176e-02
3.800767200335059548e-01
1.996327972362421307e-02
-1.410470886891790343e-01
1.759795566381595899e-01
-2.284776421102258648e-01
1.661808423760536280e-01
2.213009035137202540e-01
-9.966665515566679456e-01
9.468964161496324916e-01
3.938570663482315187e-02
6.517190754973650746e-02
-5.894704360558452594e-01
1.685022312512593767e-01
1.101502863209045946e-01
-3.273629853126123757e-01
2.465165083132017376e-01
-4.362794817441540962e-01
-7.441480041609892238e-02
-4.658087817201813502e-02
2.020740668149228481e-01
5.180666990735764005e-02
-4.487622964484532795e-01
-6.671996477526181968e-01
-3.913594368439715643e-01
-2.052759963142997135e-01
3.663054685387672621e-02
-2.797241982543874905e-01
-2.618464383348794167e-01
-5.821110069805808529e-02
7.366320474322948786e-02
-4.232755631945412517e-02
4.526894478904247565e-01
2.184856510813893149e-01
-4.649256641044167693e-01
3.390652529744211385e-01
1.903714744281866100e-01
-2.137427562158062677e-01
3.384293526920490597e-02
5.917520781063870944e-02
-3.534728762544164793e-01
-1.641413260301843868e-01
1.701345974886444290e-01
4.450467770559934921e-01
2.586466816209703756e-01
4.361458322436586044e-01
-1.867719617056286252e-01
4.829065933147636547e-01
-1.538207104848999807e-01
1.612305454394475507e-02
-3.216167606029153858e-01
-3.523295112380849803e-01
-9.375875311530454392e-02
-1.623896538802485912e-01
1.211269901884789585e-01
2.436604584336628521e-01
5.418373735627576848e-02
7.805414188115883216e-03
-6.868533918125525710e-03
-9.070099154539233710e-02
-2.257567442934091950e-01
-4.734270828484848370e-01
2.219515919269384949e-02
-1.600489698008662753e-01
9.360168477013562638e-03
9.554910495375359969e-02
5.591340911257904889e-01
3.725019878554429731e-01
3.412667298571893382e-02
-7.349223749064714983e-03
-2.013450539666646055e-01
-5.044450905698745213e-01
1.398538247254670908e-01
2.726258996164881987e-01
3.673587768114973673e-01
5.788356838546070138e-02
1.281144007107579419e-01
-2.939567557778465304e-02
3.348151709746701593e-02
-5.717229829896812721e-01
8.685954512391116933e-02
6.969403461224836505e-02
2.415039496208762626e-01
8.001947824023619704e-02
3.089033207386827629e-01
4.512684152555079820e-01
3.202778432742431347e-01
-4.171711229477885197e-01
4.840916009151156052e-01
-1.929142805562997220e-01
-3.000136166752156650e-02
-4.653156025140508523e-01
-4.225524804317049576e-01
6.188833251558638615e-01
-5.523758931979741438e-02
4.002775591018258861e-01
1.606871455943894023e-01
1.765676206706325302e-01
3.066665618068291077e-01
9.176985181565813776e-02
-2.114007958678679466e-01
-3.528317204387115269e-01
-7.684020007224459659e-02
-2.212872265023052287e-01
-5.722435573407437526e-02
1.702674397524070460e-01
-3.228268393870832864e-01
2.725688591407710026e-01
1.123023289593239049e-02
-1.580113700222738893e-01
-4.914618946685297973e-02
4.068426129476118008e-02
-1.647707385284447323e-01
-4.188465107978735502e-01
-2.079281445912851689e-01
-1.714796705486567041e-01
1.789056665794351852e-01
-7.254740842110922461e-02
-1.593657060160290351e-01
-9.386581607191175902e-02
-7.385963644575091469e-02
4.440690508890181298e-02
-1.671609968302423810e-01
1.673065853351587695e-01
-3.850203028923671056e-01
-1.083327590199082424e-01
