-2.628959238819328359e-02
-1.228890337852516423e-03
-1.625749398192883610e-01
6.057532154492428073e-02
-4.789147795258204450e-03
4.778182078602020467e-03
8.951248198169442505e-02
-9.873073123699130371e-02
-1.566494534134093286e-01
1.714308369050272784e-01
-9.172025985160109363e-02
1.676861665028494264e-01
9.323374023896655038e-02
1.089312680319315906e-02
-5.048938246386951850e-02
-1.918668894754874121e-02
-4.285417698137810455e-02
8.914547081682529239e-02
-1.058180473901389057e-01
2.254230981214866425e-01
7.164237418441958549e-02
-1.513861899434065517e-01
-2.936542924155410936e-03
-1.448675505977205236e-02
-1.856103301261624872e-01
-8.557398345555346231e-02
-2.540748060413555165e-01
-1.446555424416584579e-01
1.883155036422650142e-01
-7.576431853681134254e-02
-9.214948319366154939e-02
-2.807035556182417568e-02
1.167480946339778530e-01
-1.330939283646959403e-01
1.691693895876814346e-01
3.778171038620561223e-02
1.836325206009833400e-01
7.328665043462044559e-02
-7.017144585350509715e-03
4.308327035729962035e-02
2.845192194887708609e-02
9.679601182120903258e-02
-1.768328436701634490e-02
6.462756035643053842e-02
1.021881891228079570e-01
-1.811118647606428933e-01
-3.909952056231029427e-02
-1.293522368461188510e-01
2.590939191988100854e-02
-9.626278008531122254e-02
1.399095669234768913e-01
2.018801291111670670e-01
-1.195773860136431777e-01
7.716996891970949457e-02
5.105909597612399986e-02
4.851083203994709971e-03
-1.537287197401484007e-01
-4.127216527385611095e-02
-3.359018786704078691e-02
9.453910634656426115e-02
-5.937713975513918968e-02
-1.008657924406200640e-01
-5.316093105548137798e-02
1.535056854964018599e-02
-1.332326768424635897e-02
-6.279975619209661464e-02
8.276805185530633491e-02
-2.426235919904087268e-01
5.386409018021480477e-02
-6.934442778994256984e-02
-1.187770708915821399e-01
1.145253949834152407e-01
-1.340646901945423755e-02
8.168730458741890743e-02
-8.636709204425278841e-02
2.782733488640539918e-02
-1.023765183473668988e-01
-8.565042942310643892e-02
2.127066614305150594e-01
-3.392860136041087049e-01
-6.900194056338748716e-02
2.304258433880330623e-02
-8.633071499887119693e-02
-6.146532430346897391e-02
-2.767938641723021939e-02
3.242176708749166386e-02
6.812494500894339389e-02
1.208919578384222704e-01
-4.170567869302786723e-02
-2.572496167433431513e-02
1.555854067396244406e-02
-1.306329420426506349e-01
-1.150348758417809869e-01
3.480985228415914290e-02
6.031299434261113562e-02
-1.200181160280394399e-01
1.594137031266249505e-01
1.238043208194256201e-01
-4.031993303736041562e-02
1.105997057743808576e-02
-9.683454278713035657e-02
1.566766694049768205e-01
4.486397110358018164e-02
1.020155245541133904e-01
-7.734700093388280351e-02
-5.569029678391423238e-02
-5.329368379849686033e-02
-1.373211013048939062e-02
1.035952703712088446e-01
-7.057517638628890352e-03
-3.438809006404575097e-02
-5.221616717981478889e-02
4.844995896182052730e-02
-2.200854939085537115e-02
-3.485817992870130638e-02
-6.454444645145290815e-02
1.941166079973861425e-01
-1.439742598653381001e-01
2.880560165482789342e-02
-3.535511198758498758e-02
-3.095393073252311056e-01
1.432134025802834221e-01
1.351269775353411140e-01
-8.823640605810878501e-02
-6.951335817822257290e-02
-4.525434854032975469e-03
-2.175163412092463722e-02
6.880475562577941309e-03
-1.854682620558361916e-01
-8.654798027057540588e-02
7.299455451996593458e-02
1.906328388111581673e-01
-1.067376045198907691e-01
1.262300418894828358e-01
1.454489386071397203e-02
1.272406050881406403e-01
8.876532759316972665e-02
3.683349633750587077e-02
1.261675779466869263e-01
-3.035946279756227342e-02
-1.566371592024829174e-01
3.462154806249495564e-02
4.656051581775169645e-02
1.934157844293413198e-01
1.165837483920384859e-01
1.347635619647376444e-02
-1.317824151516424624e-01
1.214657246032005700e-01
3.041183316955694757e-02
-1.863827113843126437e-01
9.328297584045189966e-03
5.340196214573476874e-02
-4.648296249315331946e-03
1.019449316227868524e-01
-8.308560910443120451e-02
2.367796464685293922e-01
-1.404013940040510777e-01
2.468160575312891222e-02
2.982852149174756648e-02
6.882489687399890796e-03
9.036121659442915288e-02
-1.486191035020356932e-01
2.361532970468254999e-01
-1.077251644357397481e-01
-6.345220257307764011e-02
-1.524812334290059634e-01
2.119147999946531524e-02
4.874076424940722990e-03
6.794475971393218461e-02
6.590152069003585127e-03
3.870597857321689261e-02
7.158710671313743557e-02
1.854068547179654469e-01
-1.083403636816726717e-01
-2.127827130342413789e-02
-4.837765885974493196e-02
7.762314017964683233e-02
1.358429271632984048e-01
7.106040594191238846e-02
-1.249833036362573424e-01
-6.774804531932189511e-02
1.218046770494433106e-01
7.177015609891151948e-02
-1.608565660430221478e-01
-3.099735069061706171e-03
-4.124019309843854342e-02
-1.167249793812673853e-01
-8.716015832929767393e-02
-1.722169004931904321e-02
-1.956833917369864839e-01
1.795346962039778838e-01
-5.567890490441630702e-02
4.625531847267569906e-03
-7.109841119671050924e-02
-4.423606154572706783e-02
1.236530442089223553e-01
-1.472199836410040610e-02
1.244603241606181410e-01
1.587166036771318900e-01
1.226647813617916527e-01
-5.645858736505530995e-02
7.652957504589821824e-02
9.431219187354135045e-03
2.002993037424549427e-01
-5.342104473285551325e-02
-1.945264603290134675e-01
-1.617170792174525695e-01
-1.942173285178973308e-02
1.071091970081494843e-01
-2.306276865748443580e-02
2.811098174380824988e-01
2.163751275689114462e-01
9.629152929313747680e-03
1.301572480844073454e-01
3.293311221309877523e-02
-1.380837637875555754e-03
-4.701487418327639223e-02
4.919895025496412444e-02
-1.619315650056730727e-01
9.478434778581892872e-02
3.215822336079510874e-02
-1.104339501005220658e-01
2.875235837023048038e-02
1.466297994225570778e-01
-7.008502621092942142e-02
9.162187726802728527e-02
1.035568590772797115e-01
-1.832946727092223393e-01
-7.557740805971877029e-02
-3.430725685128938746e-03
1.656940233354730063e-01
-9.355084632238462594e-02
-6.452412798300066754e-02
7.777919027471531799e-02
1.285492441485832915e-01
1.985355563416492039e-02
-1.909604943710013769e-02
-6.983209688700299511e-02
1.576309580699340462e-01
-3.396443575086002115e-02
-1.039565884192800715e-01
-1.682926836865357156e-01
-2.188384102909132420e-02
6.057049775103025280e-02
-7.103242253547988050e-02
1.738489148931063669e-02
3.979892538290358273e-02
5.492664995351306118e-02
1.210107084329699600e-01
-8.546422187732527487e-02
-1.826057129500171508e-03
7.708078969355966481e-02
2.823009471073140500e-02
2.053506514457410226e-01
3.679743225091179903e-01
7.756061234778262037e-01
1.000000000000000000e+00
5.680998925764909613e-01
4.252605904619862209e-01
1.359696597117620587e-01
1.542622254215499644e-01
1.103620753944958705e-01
2.006169105341162884e-01
1.743179282347374296e-03
5.626400836025392815e-02
1.147499237091369195e-02
-5.251033964665642595e-02
-1.266177786526988258e-02
-4.111638706810296501e-02
-2.337042814476366359e-01
6.021645148663697794e-02
1.206125649967613872e-01
3.968900120150335893e-03
-2.395952578983562287e-01
8.397692747241741751e-02
-3.880736142020427826e-01
1.251658265441604190e-01
2.188724909363383431e-01
5.115291377029041603e-02
-9.790845008009854689e-02
-8.854838939921946817e-02
-1.015734015619230157e-01
9.999694805460576652e-02
5.485716881559484642e-02
3.654869874621760606e-01
-1.466860868410863328e-01
5.199445191154106888e-02
-7.521994180786586992e-02
6.685219158072433498e-02
-5.856454048402939816e-02
-1.239825426228407038e-02
1.494840308415154029e-01
-7.896541987235991544e-02
-9.256839420784077066e-02
1.551956342147378827e-02
-3.527627321873123140e-02
-1.578191382036750745e-01
1.131505175523109391e-01
-4.175025721613834923e-02
4.203140158837629509e-02
-4.036102914566094824e-02
-1.050917330687979739e-01
1.390684497623595195e-01
1.494608704621994411e-01
4.237949008553836688e-02
-3.863380332585681504e-02
1.457564951174813647e-02
2.314081864355871376e-01
4.145500237471413246e-02
-8.817886057833403124e-02
-3.516073314966330909e-02
3.138218580932158330e-01
6.178756478400744545e-02
-1.132023779209621744e-01
2.739894138656028336e-02
-1.253120640541661134e-02
-9.658976257544529820e-02
-1.911752021820591896e-01
8.932883645175757059e-02
-1.691268158943076139e-01
5.885042609910028782e-02
-1.862523070827996341e-01
1.479145228068848295e-01
2.092732801056963743e-02
-1.144941285622749910e-01
-7.129338617879495132e-02
-8.629144162094994075e-02
-1.182493866321258913e-02
4.971912730042812173e-02
-4.904756968027811082e-02
1.924141276959122626e-01
1.572077672767954043e-03
2.172209422748153443e-02
4.450283515486632563e-02
1.090642622550064694e-01
-8.195715533901461181e-02
-8.071248075313268433e-02
-7.758245370020586118e-02
2.840612118845356362e-04
-5.388787170654375791e-02
3.409896014817815485e-02
5.173783071083968427e-02
-1.881273694019069964e-01
7.523710134956325402e-02
1.055024283260721542e-02
-4.519559637892540255e-03
1.510011556193226190e-01
8.198954567159955076e-02
-6.122443536867593072e-02
-6.550428196535602876e-02
1.369429757753865828e-01
-2.320330395428395545e-02
-8.070748774470998255e-02
-3.712409454337632642e-02
-2.023856777833486428e-02
1.657865923634940786e-01
-1.484364307365668711e-01
8.083624371308087420e-02
1.095002409647069797e-01
-2.066081346023988519e-01
2.654286532387068603e-02
-1.929342209008894082e-01
-9.770093918334589456e-02
4.562676720127777086e-02
1.470900825467438555e-01
1.388082601452957955e-02
-6.841992796105227093e-02
1.140617261697340762e-01
5.104099308879917613e-02
-4.924615538248327228e-03
-5.204939589478299600e-02
-3.516386912974153039e-02
-1.931070238366090416e-02
1.838500396944953985e-01
-1.071867354121478488e-01
-1.033790975359351744e-01
1.031417970363529280e-01
-3.008738922594225706e-02
2.274815160136634817e-01
-1.793788785175510492e-01
-3.876161542592228282e-02
5.401632354379280743e-02
-7.003464635512027595e-03
3.677125397472616464e-02
6.581391609818673660e-02
1.327230654036233304e-01
2.147070625534698851e-01
-1.071331033891642637e-01
-5.949201714034687422e-02
-1.201690139620044812e-01
-1.036581661227783252e-01
7.782301555720042008e-02
-1.283250671794945175e-01
3.583717904724609271e-02
5.792177382785489853e-03
-2.475654500047968221e-01
-8.356264161880751218e-02
7.077823361675296410e-02
1.012638081991472094e-01
-1.885333376955095064e-01
-4.214162449908089546e-03
1.522193344457081210e-01
2.051676550873400215e-02
-4.049106483252822020e-02
4.731639945131691644e-02
1.407599914062455382e-01
1.089850891694573304e-01
-2.454304304428924291e-02
3.768261968862676725e-02
2.152695321078922364e-01
1.968913944414799888e-01
-5.525842821316680024e-03
2.001500311949405142e-01
4.107198499841804157e-02
-2.221979241181930992e-02
-3.762840029396198605e-02
1.010676368164049460e-01
3.545603882303492715e-02
-3.162986519933782548e-01
2.122508074123947430e-01
1.454832850734552596e-01
-1.161252505737605800e-01
-9.329667829416078695e-02
-5.781671334978166765e-02
8.493303086209438857e-02
7.311576034319444695e-02
-1.135569901439149876e-01
-7.416282620871197939e-02
1.668006279150841820e-01
-8.870911559160752843e-03
-1.588910307099951694e-02
-3.493687966861477173e-02
1.221104529139362960e-01
-7.945379190074661202e-02
-4.795977297549159496e-02
-5.952991484120400550e-02
9.164938280813482788e-03
1.443174693801526909e-01
1.499426986410846430e-01
-5.081638507772918284e-02
-9.942393735340392114e-02
-4.150708226717832183e-02
-1.065486899798390452e-01
-8.792304432171153816e-03
3.316643482757231642e-01
3.316056185133418044e-01
1.010117288411617187e-01
-1.006322348939042571e-01
-8.266651675768696417e-02
-1.438221607564231681e-02
-1.191437758691558657e-01
1.730749581149539085e-01
5.348966507620735861e-02
-1.208266527515401145e-01
-4.412004813103832801e-02
-1.495671906398611806e-01
7.493032047884028157e-02
-6.914861084760641485e-02
1.269012035323794918e-01
-5.722118935019173194e-03
6.481025530179851390e-02
-8.271253338518222420e-02
2.018133247819458853e-01
1.013286850669991995e-01
7.691900612943923694e-03
-1.567664146946375417e-02
-1.771980725757126562e-01
1.603367796871665169e-02
-1.515529020324109417e-02
-1.342831614905640701e-02
2.559515480636529589e-02
-5.028424013234492757e-02
2.320094882640570400e-01
7.765210600403829773e-03
-3.715932755358763301e-02
1.884143889902853697e-01
-5.264659492820744635e-02
-7.699567973131210552e-02
-5.865528266926466061e-02
2.710340536072057202e-02
8.665449831479922482e-02
-1.420101934841252467e-01
-2.122301183780151562e-02
-2.491992065891840327e-03
1.005258422270442209e-01
-3.340488349753170105e-01
-6.944074906590051721e-02
1.865297918200245764e-01
-2.650118713147454202e-03
-4.294298759286734740e-02
2.164435090314725529e-01
-6.585208645515154557e-02
7.892650428045894229e-02
-5.324640628677533571e-02
-1.209386681021584892e-01
-9.030561351705554407e-02
7.010187155965702521e-02
-7.823803606127995025e-02
1.231569319304060550e-01
9.335316835355902260e-03
-2.081331942561755188e-02
5.849610794539167324e-02
1.049653260645926900e-01
6.081804738435106494e-02
-4.310247779913588262e-02
2.366267869272371555e-03
-1.320068849005348044e-01
-4.941702395576200169e-02
1.099461432639322611e-01
1.564990662495206741e-01
5.996449903955541200e-02
-7.879228724570436909e-03
