-7.655175801594485407e-02
9.363147555389772850e-03
-3.416297230708390323e-03
1.021706362220657915e-01
-7.125287201855376451e-02
1.292128367754657448e-01
-1.080542466140467922e-01
3.239268143776642406e-01
1.066387434003501430e-02
-8.148138750990407964e-02
3.238277829186516632e-01
3.481427461708958872e-03
-4.614477459733160730e-02
1.423264745351678906e-01
9.869750230689597337e-02
-3.020080194273431218e-01
1.407791956247795295e-01
1.256231396363953201e-01
-2.558281179043233600e-01
3.425250108849187680e-01
7.375854542759011090e-02
2.075120350824400106e-01
1.571620821166567344e-02
-3.206254998309786275e-02
-2.333741053005425614e-01
4.176918361530832652e-02
1.935332309495831765e-02
-1.283359419709078075e-01
4.192171223694703963e-01
2.293085907130947444e-03
-8.839464485390616244e-02
-7.783502494255478688e-02
-8.232418143316133641e-02
-4.908463508749445064e-02
2.361035496130184930e-01
1.927345192349966263e-01
-2.780346147791184497e-01
-1.940599894471501663e-01
7.204112172637317998e-03
-3.726038743143827991e-02
-4.940854486692921460e-02
-1.587285361083711488e-01
-5.115490422870329346e-02
-2.436655711876825336e-01
-3.389765760971534536e-02
4.316065777811753379e-02
2.735474716410825000e-02
1.732976528681829942e-01
-4.693405026830011623e-03
-1.559940050836698400e-01
-4.982233299719402049e-03
-7.079909917433355182e-02
-7.764629959220828437e-02
-2.845651719650466038e-01
7.884694238570892633e-02
-1.370863420082829298e-01
1.201488101528423585e-01
9.856847700827874037e-02
1.484350181324389228e-01
1.932234095392144912e-01
4.939613767706316216e-02
7.946996363218498949e-02
1.648460719781172368e-02
-1.082090877584352684e-01
-3.320245626009317441e-02
3.101848519839180418e-01
3.804842611084782722e-02
-4.142467053940207533e-02
-1.791433089206775908e-01
5.781637892094500242e-02
6.320501273982247203e-02
1.314160215816452537e-01
1.978817065717719259e-01
2.570318852048619207e-01
1.170294719963896612e-01
7.472805993191199148e-02
1.356699806042254430e-01
1.402230870472992164e-01
-1.803089411598220726e-01
-1.820408573102937633e-01
-5.768307864545313239e-03
1.472301623463333764e-01
5.146428186791167370e-02
7.761112915675619228e-02
1.613722308260190919e-01
1.902577511800151999e-01
-2.346780644525306991e-01
-2.877214407827830694e-02
-2.747759440083888394e-02
3.061340435462519549e-01
-7.896568353547615826e-02
-3.185638275145084158e-02
-8.921674040696037783e-03
-3.149535639871514636e-02
-2.993158123349946506e-02
2.114006998748290678e-01
2.339259710768078204e-02
-2.129646898059739391e-01
1.017083276229000660e-01
3.169525759424964700e-02
-6.218604446984202228e-02
-2.271243080272997428e-01
-2.812345070031533889e-01
-3.223847480165410451e-01
-1.580138218572233466e-01
-2.442743767753415354e-02
-1.560374425779338659e-01
1.989636961897312262e-01
2.122329650745932370e-02
-1.145829125469766535e-01
-3.677992851768305815e-01
2.650239896830678954e-01
3.609095219389931164e-01
-4.116069450905864013e-02
2.342969570428150503e-02
-1.109932513613239302e-01
1.761444972160642608e-01
-3.074731911104269244e-01
1.713331845300196388e-02
-7.063935013023119047e-02
1.111198290832947633e-01
-2.601008599225659856e-01
-6.007148209146615653e-02
-1.790000381546677510e-01
1.153071769830651136e-03
-7.708677987499133397e-03
-1.135194542505828935e-01
1.279335141453617208e-01
3.628956872090484398e-02
-1.251673307707041882e-01
-4.358788391602249485e-02
-1.818372762789236333e-02
-8.628436832970325099e-02
-1.032414499948198228e-01
-2.735642233074395135e-01
4.577677291597131992e-01
-3.829931706625291227e-02
2.151295437162111523e-01
1.102361350857858878e-02
-4.296589817965899144e-02
3.017211193156023596e-01
-5.897369116597542781e-03
2.348018402535454949e-02
-1.398891447930940279e-01
7.449273662682856512e-02
-1.533161584587806707e-02
3.714288468398359022e-01
-2.005969214841938630e-01
5.422448492460966996e-02
2.591370560854238669e-01
-9.787966753179157264e-02
1.424128461755368169e-01
-2.947886187610931907e-02
6.173700071284151519e-02
-5.852839915164596146e-02
-9.008864261830912268e-02
-7.395884020159985972e-02
-1.498298854983849959e-01
1.083429140511422001e-01
3.028113930144103461e-01
1.495519454431863404e-01
1.009655107851459149e-01
-2.810077743780702367e-02
5.735109081170868262e-01
7.226359216113785455e-02
7.308467632562186400e-02
-3.112352252053561252e-01
-1.564450129552712732e-01
-1.819059065785675611e-01
-9.291110311320164086e-03
-4.962439122392199586e-02
-3.403303978273066605e-02
1.444095571509003938e-02
1.193037654421676835e-01
2.920021144469781560e-01
1.778639153383843596e-01
8.031557645824811964e-02
-1.165584001299281303e-01
2.867362209591898248e-01
-3.888324060280770600e-02
3.211285949167671377e-02
-8.981679696657363099e-03
5.487530315347732834e-02
1.025601894630390060e-01
2.837530667885202473e-01
2.093859707681817173e-01
-1.450777525340780083e-01
-2.812088889013265036e-01
4.167205358086967237e-01
-1.735754311328895905e-01
-1.266982212866048230e-01
5.556227435240334439e-02
7.710443743683596807e-02
-3.723773157693203162e-01
2.659790070459003286e-01
1.879263069345167014e-01
-6.836294971081031957e-02
6.829354537710377246e-03
-4.499586213879737118e-01
-8.130125184465555876e-02
1.333684223380265654e-01
-1.771929791845041069e-01
-7.225590035735501848e-02
3.198519375335024950e-01
-1.521797711818443088e-01
1.801785757015409994e-01
1.905803737752405635e-01
-2.060774820051051448e-01
6.665206115844128643e-02
8.077659787322170881e-02
9.206034151026960821e-02
2.507311142390871161e-01
3.420367704452376839e-02
1.089967848801604855e-01
5.511805634941854271e-01
2.936937176102064617e-01
4.804350955011298108e-02
1.099663631567229967e-02
-1.018604208166719038e-01
3.150927110531337536e-03
-8.236581755803186466e-02
1.574346633613232516e-01
2.453269837220772021e-01
-1.905449568959879936e-01
-5.354219411301265608e-02
4.523983304569868108e-02
-3.508981390341469608e-01
-1.424949201699924617e-01
3.987916888518754366e-01
-2.378110619842700724e-01
-1.865612588712793340e-01
-2.134239817584067389e-01
2.715632471169848045e-02
2.670555053745910304e-02
3.269762079441700803e-02
5.233663818950173852e-02
1.544793421264456512e-01
1.339074332942862683e-02
2.229358496071987827e-01
-6.829701862174002158e-02
-1.038120916672072847e-01
2.284869893083755349e-02
-3.140075460765005821e-02
4.934316487121066103e-02
3.021964401281210799e-01
1.308246157769750173e-01
3.501453923516309463e-01
3.407879378630492007e-02
-2.948177918163448208e-01
9.850620258818251762e-02
2.077601728569666573e-01
-6.632027710542831578e-03
1.784414100936710657e-01
2.011440278667026293e-01
2.181279249342334137e-01
1.000000000000000000e+00
7.168346127663212108e-01
-9.600871253933049299e-02
3.468117673757258740e-02
-2.766693339732171353e-01
-1.848500349462031400e-01
-4.107950041920066520e-02
4.373993592608024089e-02
-2.427304262607775931e-01
2.808058678439992462e-01
-1.420782638990731594e-01
-2.794534076925183075e-01
-1.048426293608509807e-01
-1.934322580448699647e-01
-1.039988538576509386e-01
2.408924036627895782e-01
-6.548207734319644313e-02
-4.992786045204083284e-02
-2.001886931078805110e-01
2.316438296836876576e-01
4.932659670951335118e-02
2.021672450827229628e-01
-1.753013319666475445e-01
-1.052150283480382392e-01
2.005735479847899350e-01
1.601102961470630970e-01
-1.453358211080299778e-01
-4.323353506328967977e-01
-1.845230905433352386e-01
-2.825170440239000991e-01
-6.538227732245543468e-03
1.149515767733253896e-01
5.412002424100654380e-02
-3.052405850171725776e-02
-1.836349678727983992e-01
-1.800287924556181474e-01
2.242684614844642210e-01
9.576847514955599827e-02
-2.480328475272615407e-02
1.581813346119785302e-01
-1.391044652727825015e-01
-1.443734473141391750e-01
2.864982900348383640e-02
2.495116894046221501e-01
-1.314104007980875510e-01
3.255622123676798485e-01
3.490353720539525750e-01
4.648574970162833858e-02
-4.525984787147399602e-01
-1.844921870306578393e-01
3.381807287857885314e-01
-1.834441715022613328e-01
1.261135616592096442e-01
-8.755000006824421865e-03
-1.417482668960546588e-01
1.381203935118587856e-01
-9.214682719593797477e-02
-6.690977638296857766e-02
-1.499570734741564604e-01
-1.937345839025712557e-01
-2.786478921330540204e-01
1.239318888678936359e-01
2.696055690842094066e-01
2.524813819439321039e-01
2.317551434501900487e-01
1.236420250849089714e-01
-8.536566572743853332e-02
-1.309906200201303439e-01
2.553427953401728456e-01
7.845143415802351486e-03
1.485799284773674789e-01
1.038647706605680815e-01
-1.370136477199354608e-01
-7.280388664447873248e-02
-1.173983571736793435e-01
-1.019091257450689403e-01
1.515290186749040646e-01
-1.809748182456321144e-02
2.341709242692846249e-01
-1.273019453522170885e-01
-9.046034765308544334e-02
1.011951891449769797e-01
4.879317947076639711e-02
-1.287151292737822861e-01
7.160204132011166456e-02
6.264745518769257449e-02
1.017117641341055631e-02
-5.346403464660508947e-02
-9.601610492384114737e-02
-1.656392621771165252e-01
1.178314495842616993e-01
-3.187738983970089812e-01
1.463868830516172059e-01
1.892535614940443200e-01
-1.703904315381809531e-01
-4.255378007699096021e-01
1.177206815192716714e-02
3.720834475747001324e-01
-7.527235264191127484e-02
-3.138391452826913008e-01
-9.816683824902745770e-02
2.970324509323036821e-01
2.464536684649240583e-02
1.320147587009637968e-01
5.995000478285718998e-02
3.083135798104256337e-02
3.942284674050081789e-02
1.963947138051841956e-01
-1.722358403357024392e-01
-1.609892312486902455e-01
2.549775550401341961e-01
-1.109143260356181410e-01
-3.682677465066009487e-02
-2.000998305827274282e-02
-9.988814122439298657e-03
2.570161252558506373e-02
1.166482496267596397e-01
-1.500572483035866322e-01
9.083870184182220309e-02
-1.395492061535906492e-01
-3.709118960874238091e-01
1.473141573622451239e-01
4.554979121723772284e-01
-1.752097288455805868e-01
-3.563386562186118822e-01
-6.102202299585651746e-02
-9.343636111334122085e-02
-5.907349462909382287e-02
1.468138584701406957e-01
-9.706317482574715327e-02
1.370557199381602087e-01
1.259937480912140528e-01
1.526419118055407920e-01
-3.282556707308340038e-01
-4.064445664047308671e-02
-2.554451372583927959e-01
-1.354655426201954206e-02
4.130407133370033179e-01
-3.420769539381401381e-01
1.732526046087600191e-01
-9.941298860231917445e-02
2.443735160545587037e-01
-2.044212479759368040e-01
1.025834848705784869e-01
-3.148668396968760941e-02
-1.579963489726518219e-03
1.191485827400948772e-01
-1.713508781256384839e-01
-1.878437779153085685e-01
-1.860571954498785596e-01
1.866041932323080424e-02
2.526586267995047930e-01
-1.248749357124455117e-01
2.175654415056548496e-01
3.083913913192133371e-01
3.010919741523159984e-02
2.349289322009391889e-01
1.273183802383050624e-03
-1.534252275827250878e-01
1.546749744898439083e-01
-1.151591092810116818e-01
1.669283404915186952e-01
-6.565050595598430350e-02
-1.220444797590346936e-01
1.012961118569878638e-01
-2.268392154699469254e-01
8.116815022751547315e-02
-1.388289016271864081e-02
-1.640044682559243794e-01
-7.749540988400095698e-02
-2.066614062814342220e-02
-1.497788470386409998e-01
1.731566077731978293e-01
-1.392313124305747350e-02
1.303208687968831214e-01
8.260709606468209787e-02
-6.597339820204128902e-02
-6.200516092203008089e-02
1.858442337175671699e-01
-1.187292216116864751e-01
7.257353696101931373e-02
1.237397873364296658e-01
-1.049027968072870909e-01
7.724629518161392483e-02
2.770342984374815631e-01
-1.301512022779905409e-01
-1.892095800461038035e-01
-3.196405629828694139e-01
-1.588510326447956783e-02
1.002666096734394358e-01
-3.621730491914840894e-02
1.297132723416522249e-01
3.134797336074745394e-02
-7.326521366368436705e-02
-1.129115054006253893e-01
3.276754875618635987e-01
1.524323863694937997e-01
1.110779053309096931e-01
9.975599163373079226e-02
-4.570260439006362252e-01
-2.694812859825578000e-02
-4.934096548082447242e-01
-2.661495315802958270e-02
1.123745080518567530e-01
-3.219377814647082503e-01
-1.083821437830977119e-01
-1.954121213656164757e-01
2.582183822969189024e-01
5.493869582759837444e-02
1.698202611728256983e-02
1.610867715945892287e-01
1.886725826973178755e-01
1.670736822777536823e-01
-1.662326311416550129e-01
1.019774014174522347e-02
6.578300197140615757e-02
5.266006259747759571e-02
1.292913306598997003e-01
-5.187318230759307286e-03
4.121642610257005013e-02
-1.964777046123705462e-01
2.941588731862499265e-02
-3.778810170469542595e-01
-3.553919229366280796e-01
-1.479820532859290882e-01
-1.883803196610934205e-01
3.441253734190227731e-02
-2.597340058997064591e-02
-9.035921709984493649e-03
-3.316939029066506839e-01
-9.576469882851931792e-02
1.107353743463218576e-01
3.466181602369086123e-01
1.156639503534510199e-01
-7.244627242629549102e-02
2.779316148619225824e-01
2.084105776212454297e-01
-8.355569797089884565e-02
2.189650379588033435e-01
-1.306607387569009432e-02
-5.107844541105947128e-02
2.510987959308123019e-01
-8.466768142846278766e-02
-1.665823747435612456e-01
3.044456656107085712e-01
-2.923024293996012712e-01
-7.642366429803232331e-04
-3.388423397419616512e-01
-5.389552961668088449e-02
-1.292745421254927474e-01
-7.014293076742061928e-02
-3.866272930206312020e-01
-2.711161510708283706e-01
2.181913715385242480e-01
-3.119094897951785184e-01
-2.239057657843346871e-01
-1.027594558666114349e-01
