-2.955414098034097603e-01
-2.892195321636610861e-01
-2.007433849884460719e-01
-3.503355925826632383e-02
-1.459290302788808225e-01
-2.383490747879643545e-01
1.330868430247837686e-01
7.984584368089714390e-02
1.182495618850908786e-01
-5.645885631613999783e-02
3.161839989069104018e-01
1.843373323279525744e-01
3.977985535478030799e-01
1.262566185046281875e-01
1.329808086144968482e-01
-2.090277029224800187e-01
-2.699332706070041721e-01
-2.804156753722333306e-01
-2.578671947717348645e-01
-9.648996487340941175e-02
9.603037649247853080e-02
-1.231711555085038962e-02
6.149010002222926596e-02
5.063632989998403944e-02
3.036432169563645089e-02
-2.616027079834038482e-01
1.126665465463935929e-02
-1.286468927350375158e-01
-6.129730809231231925e-02
2.548464343424854950e-01
-2.688628938189722151e-01
-1.401506670057065321e-02
-1.496576063572029915e-02
1.965354767554341742e-01
2.821438581181168748e-01
-6.410440791144109141e-02
2.524857413448710133e-02
-1.398456076017526029e-01
4.790887834907638088e-02
-2.696823609640929265e-01
-3.401299551830581636e-01
-1.135979060971348438e-02
6.015733859508110015e-02
6.163083518491677820e-02
7.131319908920085576e-03
1.117721758186962927e-01
-2.800508720802436513e-01
1.374240342981181418e-01
-1.302804587225571686e-01
1.899276712306944281e-01
2.623628981236676427e-01
-4.699609193415561492e-01
-4.713655042685951368e-01
-7.936007195891978117e-02
-2.079057131421790661e-01
-1.834694586435347274e-01
7.133710565743980880e-02
4.237199175143712693e-01
2.370659136624755636e-01
7.258035848354857378e-02
1.783043633512883530e-01
3.500726493100128622e-02
-2.750755263392589203e-02
8.859405082152192745e-02
1.110187429696816996e-01
2.157421245143311683e-01
1.217850400553947138e-01
1.271372414851569543e-01
2.411138098421430620e-01
2.186218020770517786e-02
-4.137200855929633603e-01
6.596883378995410663e-02
1.315028544650643227e-01
-1.849433416639720551e-01
-9.968569424956313929e-02
-3.565380662818795621e-01
1.065735161920336044e-01
-1.195483725472018255e-01
6.650402218397009901e-02
-2.849227274350898953e-01
-3.990573296252528102e-01
-1.688276357212291703e-02
-9.768732497009224858e-02
8.570361803581695581e-02
-1.608124182262184454e-01
-7.380110107036390310e-02
-8.813812726435462860e-03
-1.608173656278581998e-01
3.238540389616917370e-01
-6.058296461435352248e-02
6.822758661453362516e-02
4.082742669636875432e-02
-9.557878121039764530e-02
-3.210404648704933694e-01
-5.492788858927061257e-02
-2.378166603491976838e-01
5.336106940829387080e-01
-8.840729664414651023e-02
-5.260320719084035090e-01
7.620741528984099900e-02
1.708214065601637022e-01
1.989506832202457831e-01
-2.402936576287758308e-01
1.023820764239488784e-01
-1.905546294650970751e-01
8.504839482877818435e-02
5.941222035643971278e-02
1.340653236871479081e-01
2.082335889128628659e-01
-2.028901418465519080e-01
1.216299525298308870e-01
-1.918556364474383880e-01
7.411175570908422848e-03
8.945032322449206208e-02
-3.495773878329175854e-01
7.929637186496567292e-02
1.361033066501786959e-01
3.175858443491804683e-01
-1.764245709553327879e-01
-1.982026719964678496e-01
-4.298228311603944363e-01
2.419651348434542493e-01
-3.970015581496706414e-01
8.214062890208430334e-02
-1.722359740834582265e-01
-2.134798092548530202e-01
1.560580189553684716e-01
1.499288414307167472e-01
2.918712843118863032e-01
1.796966659504194153e-01
-2.648602626447852937e-01
-3.054026299195941596e-01
2.885548937408009829e-02
3.168373589018248504e-01
-2.607096303226035250e-01
-7.161581953739048871e-03
8.886566081411710616e-02
9.796246292714407000e-02
-3.613562386094691936e-01
-4.034348371603530686e-02
-1.506509595880602403e-01
7.172303020017627151e-02
-7.377131324912264421e-02
-5.637036912504157088e-02
3.400605003557421457e-01
-6.495633342161116763e-02
1.349397365627714729e-01
-4.631148729324339741e-01
4.050648056929782859e-02
-2.736908920088997332e-01
-1.695142427954128284e-01
-1.210114500212347011e-01
-1.353416125133249381e-01
-2.027157949401369591e-02
1.434266838856622650e-01
4.699480249081681160e-01
1.314571685584824678e-01
1.454539302432494297e-01
-7.131161464005299211e-02
2.929858357544970482e-01
-1.527677145466675712e-01
2.871482315235341504e-02
-4.891250130225608533e-02
2.090712999420590579e-01
6.134876435068286477e-02
1.739120812101163371e-01
1.532710892601965927e-02
-1.272066273715121432e-01
1.237212320894974099e-01
1.780317664192326288e-01
-6.689565137112284121e-02
2.961845459087441568e-01
-3.030254224749365233e-01
3.047432822610838254e-01
-2.726180242848172952e-01
-5.369979545772189666e-02
1.013229605539030798e-01
-1.608171991887366939e-02
2.705384766331261903e-01
2.949231526099627687e-01
4.544848185406732410e-01
-9.702533287518298744e-02
1.945154546572992194e-01
-2.641430418001743385e-01
7.039360151128115639e-02
2.377952027567564186e-01
-2.083709757188705602e-01
-1.895361486885329405e-01
-1.996265566880228715e-01
9.069697772979549988e-02
-1.650206668227495455e-01
1.050840870463961296e-01
5.810472024999435714e-02
2.521930486788198644e-01
-5.872799899899250331e-01
-7.687090301826891847e-02
-1.818651003925235432e-02
-3.859017568452122737e-01
2.849784271748193043e-01
1.369361047482155758e-01
1.901634901199872330e-01
-1.213105365067782687e-01
-2.468543077208242009e-01
5.137105623794752107e-02
2.261380703975751083e-01
1.842546615557829337e-01
3.280229841089290499e-01
1.704658905900957285e-03
-4.560481043008988294e-02
-2.638830233839383616e-02
3.071700184329202634e-03
-4.626840008738770105e-01
1.581547012882372205e-01
-2.076252429249006784e-02
9.182316335226191686e-03
-1.216018326944719452e-01
-1.202624402613557270e-01
2.041117098332300220e-02
-8.828705500827967179e-02
-1.506471370077834826e-01
-1.679482223559831955e-01
-1.199508990955406029e-01
-1.432350929734630962e-01
-1.176331638819435033e-01
-4.277374646400414898e-02
2.188721298286640526e-01
-2.240136546599682810e-01
-8.414466835549105905e-02
8.093589940865286714e-02
1.015759747022439013e-01
-1.143024196059645448e-01
1.163447650802413996e-01
9.346288367241965822e-02
1.421513591250866126e-01
2.082671099493707892e-02
3.623672417721825884e-02
-1.602790930443268036e-01
1.496339639560708146e-01
-2.205195286722360509e-02
6.479823433951794609e-01
4.117407486772556857e-01
1.065077231892519460e-01
1.285507342760148497e-01
9.021592773459860548e-02
-4.467387163101878278e-02
3.040881279950058413e-01
3.868534826719261053e-03
4.819346733444723058e-02
1.561353486399027490e-01
5.395374835120579915e-01
2.040381814272242134e-01
4.694699212206033812e-01
-1.206312802118409272e-01
6.080065325285533007e-01
3.137081536638009482e-01
1.000000000000000000e+00
6.517608030286421439e-01
6.640967363111982547e-01
5.680971423886541638e-01
5.534575087657364056e-01
6.305141712126876019e-01
9.123844516963906803e-02
-4.404242910545605461e-01
2.190329788785501386e-02
-1.501024057706477066e-01
4.265128717934870139e-01
8.464878011757195897e-02
2.095909422108941100e-01
-5.936175103752971277e-02
-3.370827929932777578e-01
3.876350520897436924e-01
4.023229659667158509e-01
1.477916274157691501e-01
-1.797645823106651108e-01
-1.526049818605502706e-01
-2.886398244103005606e-01
-1.845254490626243443e-02
2.645468394148498548e-01
-1.126279082906779111e-01
-1.193450809639384214e-01
2.960357374290463750e-01
-1.699572248294948795e-01
1.346535601290811679e-01
-2.747990265237612029e-01
1.353517297578944734e-01
1.094886097896017180e-01
-2.704301152761003912e-01
1.190582851693548078e-01
1.215427207866231624e-01
8.239297360062462772e-02
-3.707878838408424915e-01
-1.638049249600695978e-01
1.052882961637256580e-02
2.369568912187013099e-01
1.917724569811914137e-01
-6.809996753666431868e-01
-2.651546502774075331e-01
4.341736515600675556e-02
-9.008693543316801181e-03
-1.648922833933259488e-02
1.172257395564193713e-02
4.232761966251711444e-02
4.810276497110321792e-02
-4.819094585552471388e-01
7.606993881606040168e-04
-2.279916939632528894e-01
2.526669016296510528e-01
2.261332608778378050e-01
-8.034796483793364696e-02
-3.234701343649972749e-01
-1.746471166746878245e-01
2.987801701607832316e-01
-8.165262251258324430e-03
5.148880693776389239e-02
1.258737019550715819e-01
2.334339021991494734e-01
-1.848901902046135026e-01
-2.065238713846867524e-01
3.146857580535012966e-01
1.436703620137273485e-01
4.303421370875541996e-01
3.779057626838691064e-01
1.700691188327815850e-03
-4.576351371308638727e-02
2.512342814266599333e-01
-2.218971482500793624e-01
2.731209078141323965e-01
-1.685682549685784404e-01
2.562204858021471243e-01
1.543512560978765602e-01
4.525071763615391707e-02
2.080205676232896594e-01
7.857746016059405370e-02
8.219662325761456501e-02
3.413564147991665076e-01
-5.674889705596218581e-02
-2.511809419964725620e-01
1.469107558865219709e-01
8.689233877709180709e-02
3.035514283490060028e-01
-1.275022432369194159e-01
2.176079970451137435e-01
-2.018920856558668320e-01
1.217305424410412146e-01
3.393386768142379606e-01
-4.943163045945883072e-01
2.803398653027157073e-01
3.847621170776213684e-02
8.620914151527261579e-03
4.859888000531134566e-01
-2.539067444135130747e-01
-3.540114376086081482e-02
3.214443926473398161e-02
-8.448656338092593032e-02
-1.986624283885350672e-01
3.307997645389185171e-01
-1.376586510620350645e-01
-4.825409049427988040e-02
1.063147745254173493e-01
3.075059094313863789e-02
-2.522314602370039349e-01
-2.860686196768001399e-01
5.466776195593244653e-02
3.137553435669535040e-01
2.982079279601994592e-01
6.070781731018484728e-02
2.138221680149024195e-01
1.240429438223969172e-01
-9.013335926615446969e-02
1.271549882718147617e-01
1.325690839277463562e-01
1.582432229497968412e-01
6.039711794653387228e-02
-1.006945704974213651e-01
1.374108684421909143e-01
1.200120138484524548e-02
9.674306358115705717e-02
-1.372393918815854874e-01
-1.773691309819128148e-01
-1.584414626123404057e-01
-1.331593203560290928e-01
-2.525239846575018654e-01
-8.436933699361366668e-02
2.262039250859236572e-01
1.968231499303204346e-01
-1.238215378738700134e-01
9.925391981095241234e-02
-1.021412255736287439e-01
-2.465130354347291539e-02
-1.646370608636999189e-01
6.436992682901832019e-02
-2.573682256374972832e-01
1.882685536479175858e-01
-9.559033240295740363e-02
-1.214225052581654751e-01
9.097619841242532424e-02
6.153352903067197538e-02
2.014231467438722945e-01
8.062459953616221697e-02
6.619851011065943647e-01
-1.326558864068199672e-01
1.165286190171055253e-01
-2.019737572486917515e-02
-4.508838524806716569e-03
-2.982522616195611501e-02
-1.066891884937911233e-01
2.173873305950254908e-01
2.502874223116904190e-02
-3.621724369728651638e-02
-4.059956313755579971e-01
2.179996763211929089e-01
-5.443118937230797538e-01
-3.562552937982300244e-02
6.376463300992024630e-02
-1.904572344101989056e-01
5.204375668283157674e-01
4.257377516553279007e-01
-4.872440388403313782e-02
1.246912530042303680e-01
-1.363699264075824702e-01
-4.203526009107961259e-01
-2.257037415862915217e-02
-2.561814642643556184e-01
-1.848190706249843995e-01
-7.830075652142387543e-02
1.391010637645417325e-01
-2.185047927671106838e-01
5.016947738055483885e-01
-6.674344846760510430e-02
5.635220254497897568e-02
1.849667553909965234e-01
-4.424984465670627615e-02
-8.260001273097877100e-03
-2.376932311123934050e-01
-1.328357454110244695e-01
1.098189191520156371e-01
-1.761031077711517068e-01
-5.162515237411888225e-02
-2.083636135775158993e-01
-1.581484138793383676e-01
-4.525499497877063515e-01
-4.779430688714540743e-02
-6.897409707529086886e-02
-9.495394860434354725e-03
-2.159142882690749943e-01
-2.479688269637813844e-02
1.840222715607520709e-01
-5.022316102257734505e-01
-2.819569683297042800e-02
1.057991602521451448e-03
-6.837866358899186148e-02
-1.460163037479629278e-01
-3.182592686067622356e-01
1.097995504465579669e-01
3.318640691039285162e-01
1.651133763723647285e-02
1.328089394755538888e-01
4.710076578353624699e-01
1.493623467081008904e-01
6.158089627087057032e-03
-3.870655777521456176e-02
-2.986330097072752432e-01
3.554841547252247658e-01
-8.046947643244066473e-02
1.599569959885029369e-01
2.428007685823073136e-01
1.440778287083119003e-01
-1.131355929766398177e-01
1.366339590174354100e-02
8.135339878840014416e-02
4.121334398369205093e-02
2.266571121575512715e-01
2.533215587982921013e-01
-9.617078807324239836e-03
8.423438987154205707e-03
-1.095795523385736936e-01
8.382793960238901776e-02
1.650624623157711524e-01
-5.815039779350496957e-02
-3.034904437583035297e-01
-3.044927162152609723e-01
-1.133753106425449270e-01
-2.612673228635532460e-02
-2.286359737419847438e-01
-3.119266198910894961e-01
-3.546739213522417944e-02
-8.535578756158528069e-02
9.415645060435894054e-02
-1.727331017717340933e-01
4.856805476288116735e-02
-5.038705100454959895e-01
-2.676425292997064997e-01
1.274472986140746666e-01
8.963859299507866141e-02
1.332136299440622729e-02
-1.051561507319725419e-01
6.091169532134754240e-04
-5.911014472973151468e-02
1.975326149476003268e-01
4.124804473611184963e-02
4.742893489960645081e-01
-3.291612500421202125e-01
-6.653538183508481141e-02
1.558629145339130058e-02
-1.357785391059997994e-02
-4.724942429771125108e-01
-8.794665354590537609e-03
2.944853937413253187e-01
-9.674965900900581173e-02
-6.545346110990625521e-02
-1.383561929669222257e-01
-6.932514851324388105e-02
