8.502578092598577220e-01
4.890854689418534795e-02
-1.188178657286021317e-01
1.810844245248817985e-01
-1.123528279609980057e-01
-2.930333815942000042e-01
8.421152862396524830e-02
9.985393179195850566e-02
-3.063649473356174213e-01
-2.805104599458156933e-01
2.035334075570870704e-01
1.292031110067888011e-01
2.723179177929788697e-01
9.895782485905536829e-02
2.921110134058074181e-01
-3.797839815447050932e-02
6.349038249692209868e-02
-2.318164541630072795e-01
2.456191651857198704e-02
-1.196243540371826064e-01
-1.719932684896144370e-01
-6.956061333071181241e-02
1.866100257759730485e-01
1.331609071340903727e-01
-1.959147743406719211e-01
9.297774244337810023e-02
8.160673161210416082e-02
3.251997604303474843e-02
4.171439112630596219e-02
2.051453459371369303e-01
2.289806824189651313e-01
1.917429358818410756e-01
-1.856844959426651176e-02
1.139437376092826415e-01
-1.301743075622868381e-02
8.267641211306878124e-02
-5.134922190979422929e-01
2.689622103722263957e-01
2.027085174538841572e-01
-1.410911780493928902e-01
-2.073697987567843792e-01
6.556062381241126169e-02
2.676545793426180486e-01
1.042323649516114920e-01
1.368505924200056900e-01
-2.296583188507266560e-01
-1.608200139837766274e-01
-5.517997047770997199e-01
-1.399217863925408811e-01
-1.133443931220756984e-01
-6.899348630367700685e-02
-2.279120801509730843e-01
-6.311009694580814455e-02
-5.080002860556938060e-01
9.519010354357651527e-02
-5.091560676417133252e-02
-1.567165218914293515e-02
1.650758067049157840e-01
4.880612295606339690e-01
1.263384537754685122e-01
9.464730686859988348e-03
-2.833493270743676073e-01
-5.703386991147429280e-02
3.019971358199503575e-01
4.939620997583064610e-01
2.401117345312999210e-02
3.392856002488301437e-01
-8.150772617330560854e-02
-1.278856620058140270e-01
-6.200444485729802134e-03
1.717551020417482366e-01
2.289272016626290318e-01
-9.613510578517354965e-02
-1.383584101197631033e-01
2.992699142887050301e-01
1.365456779893745587e-01
4.463359912078007641e-01
3.848849653311469526e-02
1.024326454955527682e-01
-4.567559719423897047e-02
-4.407766824334359290e-01
-1.561634360921794751e-01
-7.823479750785070075e-02
-5.755698096441731054e-02
-4.841834100095877003e-01
1.261517619179999827e-02
2.567456932176057083e-01
-3.412960970191968903e-03
-3.197671607983905151e-01
9.122166644562029747e-02
3.001873824733027329e-01
5.767240251826650788e-01
2.368130647614111184e-01
1.392500688749236937e-01
7.568857716721280604e-02
-2.471618666379900991e-02
2.159742954817864546e-01
5.546032313930143037e-02
3.826451894798864328e-02
2.490084172567980647e-01
1.401282051701258635e-01
1.015942136056298406e-01
-1.495239624427637526e-01
-1.298432574588234412e-01
-6.013646344702014979e-01
2.854458289639466573e-01
-3.508066869386560760e-01
3.563325827378006627e-01
-2.006412549221359143e-01
1.945682818928966551e-01
1.679996290423487471e-01
1.127307818043911669e-01
6.101829912862564292e-02
-3.460065785095096103e-01
7.077380504255699478e-02
-7.070364577660563643e-02
-3.232260872712853228e-01
3.073682516881155458e-01
4.974387036634037584e-01
8.635890568332993400e-02
2.463830626659237744e-01
-2.409342233003931855e-01
3.302571945021753885e-01
1.262366269495762683e-04
-1.540311495237360051e-01
-6.869064834717519830e-02
7.559519111975897092e-03
-1.130783001137500299e-01
1.903471176499738071e-01
1.850501780685810393e-01
1.571176842461305054e-02
-2.281524210284682497e-01
1.535213263664454986e-01
7.530229473412416996e-02
1.849972457513348323e-01
6.192481246784659749e-02
-7.954432908832025084e-02
-4.834532331030395591e-01
-4.994192663709774993e-01
-1.416928149298587181e-01
-2.249206704554242153e-02
-1.783450955796480469e-02
2.411225309688241544e-03
-2.893525376343075717e-02
1.179851954747936638e-01
-1.087879411671937094e-02
1.269513214041572691e-01
9.140866451814051719e-02
-3.307634347462961449e-02
-2.598982345233746827e-01
1.100086383917814976e-03
-1.159564404906596874e-01
1.038777915355284798e-01
3.409266184395055160e-02
3.106209952902861393e-01
2.562080021408935093e-01
2.373004897724818318e-01
1.270160122394925761e-01
1.684503677463430049e-01
-2.309715342506573621e-01
3.519514823997677011e-02
-3.237024781266558682e-01
-8.123381369994343848e-02
1.914971865573535936e-01
-1.487793814357145084e-01
1.287339109402043172e-02
2.793308977895067047e-01
2.961365977769395141e-01
3.975804506393138538e-01
-1.414703067387342861e-01
-3.416028450450474541e-01
-2.368768332993416714e-01
2.327836999578112298e-01
-1.481999474515316162e-01
-2.141284245204105527e-02
5.272571237338250817e-03
-2.128079751398816444e-01
1.403816187055126063e-01
1.619402171265292012e-01
-3.753588940314863537e-02
3.094051386694222083e-01
-2.119718163165798253e-01
-3.078231040259065132e-01
3.738648930944579729e-01
-6.959610278012327844e-02
1.084259178513209826e-01
-2.542362953771945544e-02
1.427519144437304488e-01
-1.542832489193202705e-01
1.464333491077496885e-01
-2.449784233613227780e-01
3.060630316764894610e-01
2.178396473972849801e-01
4.013374723429454782e-01
1.698623940165349955e-01
-1.829777796261151945e-01
4.243589322080781878e-01
-4.837559720068314306e-02
5.374130596434902735e-02
1.253050490939135175e-01
-2.634560684795064778e-01
-1.664327435308848857e-01
1.995281875390167992e-01
-1.868530704610453508e-02
-3.279267777499809133e-01
2.366255389189627911e-01
2.434485811282538492e-02
-1.227413452284240175e-01
-2.214676379343200607e-01
3.327479555678785061e-01
-1.048383913687201685e-01
1.298777306828715339e-01
1.464507713064226169e-01
-1.296201215182857247e-01
-1.127064011119387893e-01
-6.246024870197915968e-01
-1.292497125796688573e-01
-4.857901720673406254e-02
-2.964399621607525792e-01
-2.176970158028687374e-01
-9.682610605637054224e-02
5.841191544065642977e-02
-2.335379789690104624e-01
-2.801229782151730408e-02
1.649648499380112696e-02
-7.377097798236419146e-02
9.732111731057208059e-02
-9.689522574274871125e-02
2.364435388057371246e-01
1.555489244888069167e-01
-2.972683015190488165e-01
-6.139719191101333795e-02
2.971186395146732107e-01
-2.419736641783538089e-01
-2.218027126776627445e-01
-1.416388823474393210e-01
-2.176227222338660006e-01
-2.466010613532198525e-01
1.009306132222983175e-02
2.286724316143720105e-03
-6.147381570142337326e-01
-6.156122138650711728e-02
-1.417163112968132799e-01
-1.237390052270070234e-01
4.637053309952681168e-01
3.167603851249159441e-01
3.405375567658046609e-01
6.196557577933683308e-02
1.463671302373749650e-01
-4.488043894141121037e-01
-2.821660590868806939e-01
2.492489167548780915e-01
3.374893507169955953e-01
-5.304994913752041075e-02
8.942602581688096075e-01
1.000000000000000000e+00
7.006382429981320437e-01
3.535397700855629211e-01
1.422562008388876809e-01
1.825355687893562007e-01
1.624896873904923267e-01
2.352998199694231740e-01
3.436959241548458860e-02
4.138164573275613933e-01
-2.289339022377380184e-01
-4.147255884312337632e-02
1.286473526793380784e-01
-2.576467603006238078e-03
-1.130188211328842784e-01
2.573294007987561027e-01
2.393026703078657003e-01
3.675937519095917039e-01
2.236816870326667483e-01
2.261851127082669874e-02
-1.519257441297493239e-02
-8.357343865826674656e-02
-1.214509984460964975e-01
-1.907650812819527281e-02
1.357875965340217816e-01
-1.738693373196433800e-01
1.401005351857199654e-01
-2.358476988482137160e-01
-2.911717456636400345e-02
-8.006520504654911219e-02
-2.211203470406540583e-02
-4.600141336344726328e-01
1.713446575205086475e-01
4.166467806287187381e-01
-6.452165072072410523e-02
9.725576075397843190e-02
2.576723214823551170e-02
-9.136407809324206819e-02
2.994664771230166611e-01
-1.289630619922370880e-01
-1.433240875559750604e-02
2.624784396326254599e-01
1.050555131246309198e-01
-2.442781515338637577e-01
-1.743013003216066373e-03
1.990297697106623853e-01
-1.867815594992572048e-01
2.027527506896295295e-01
-1.842551123916508216e-01
2.339877014476723083e-01
-7.425255421655110530e-03
-1.876302920097689883e-02
-1.243530985124834468e-02
3.381202476244849486e-01
-1.120795605397014033e-01
-1.535134848896922422e-01
7.878464163015964916e-02
-2.491443615511855780e-01
-1.089211782875564721e-01
-2.800710072645726245e-01
-1.292784414702857210e-01
9.209300421009000703e-02
-2.074515565776850201e-01
-1.901805378625197329e-01
1.416625593467264466e-01
1.551030078208391061e-01
-2.880173082709462928e-01
1.047409959603324142e-01
5.790605066305633958e-02
1.892300132582405148e-01
5.981761230897531673e-02
7.701384765720958869e-02
2.913390383171674536e-01
-3.994637891527034745e-01
-1.586071217472025119e-01
-1.291796512692171828e-01
-5.273837076113228189e-02
-3.054685438307063738e-01
-4.982307658597663891e-01
2.672561485729971764e-01
-2.269412071538221554e-01
6.502573693869587168e-02
-9.744922147073034613e-02
-1.326927448888991501e-01
-2.163875808354057961e-01
-2.791015277175785125e-01
3.965448027328980635e-02
1.094649689107455998e-01
-2.768199882899022302e-01
-1.082539089476508565e-01
1.042197445700661406e-03
-3.320551673190171305e-01
-2.658093525067491414e-01
8.340010436366847302e-02
-1.024986664308807222e-01
-8.916623837571314992e-02
-5.906923640648067408e-01
-2.591569729500804720e-02
5.040094426814021450e-02
1.600377304443804383e-01
1.053089853011483085e-01
3.435224952713503144e-02
2.126235480484525708e-01
-1.060738639445857334e-01
3.764577176930548608e-01
-2.632182145638074511e-01
6.970508683488958745e-02
3.281632934358811454e-02
-1.224711165745539232e-01
2.585212712547061975e-01
-2.646671030643439892e-01
1.077584346162403367e-01
1.240240325089167622e-01
2.101123673550973903e-01
3.086313596429586248e-01
4.016994754055600025e-01
-1.377335080702319359e-01
2.245796565445241644e-01
8.520444926329280577e-02
-3.042288437598030665e-02
2.088134767453443952e-01
7.104195722235968902e-02
3.561288315543443828e-01
-2.737252254274950489e-02
-2.115180388451899929e-01
-2.743025622682939563e-02
1.526275338385489899e-01
1.035573967954711155e-01
-3.739300310468430255e-01
1.641858691562970984e-02
-1.680177535916629328e-01
-3.080577019125254057e-01
1.694687185122823597e-02
-3.290797061349476915e-01
-1.723377080356852942e-01
-2.673843161375826644e-02
2.522078973643481214e-01
-4.250898162288118537e-02
-5.511807264049476546e-02
-1.377576321865378872e-01
7.054334280148250036e-02
1.550362991524741607e-01
2.525997261958211615e-01
1.245084980629153071e-01
1.432751841172892893e-01
-8.550769299845888127e-02
-2.389844693783382129e-02
3.565206017446868048e-01
1.075212877602160777e-01
-6.923738535811645445e-01
3.632559061381299137e-01
1.913914805434150934e-01
1.661024541942166810e-01
3.731819675218889798e-01
9.523133458676757632e-03
-1.682907244409516112e-01
-9.149214562404835160e-02
-9.001902341572423551e-04
1.871164553348307093e-03
1.245285658439383020e-01
-3.063272780660510342e-01
2.027357803170708184e-01
-3.368467698926760345e-01
-2.000137659312924698e-01
3.187720670176639320e-02
5.754889030563009600e-02
-7.782125221157540351e-02
-9.234978298124414675e-02
-2.024593775695422704e-02
-9.131900321290836731e-02
-1.202059404392777225e-01
1.029603060482165572e-01
-5.037361613784115955e-01
-1.669158156346956801e-01
-3.502137871115670320e-01
-5.722485653690511905e-04
-3.514431268780822681e-01
5.657709298576095724e-01
3.604316556085289391e-02
1.778949643716540574e-01
1.279191176620056714e-01
8.165751151146909137e-02
-4.004389337771614016e-02
8.075223300182006458e-02
1.986816636478136167e-01
-3.030272658271870312e-01
-1.880476235447248734e-01
-2.190368043090255012e-01
2.068671500124029117e-01
3.246008994104263023e-02
1.372941221056625527e-01
4.018813568397372471e-02
-5.575924925481868799e-01
-1.098684135998512085e-01
3.946827149765952947e-01
-2.229985981304484222e-01
3.040207775865759188e-01
-4.710768787900634219e-02
-2.342943944379007881e-01
-3.428422360047729267e-01
-1.711851108280619815e-01
1.379570798766937278e-01
-9.424090433031831471e-02
1.758809873463050844e-01
3.404420019245615880e-01
-2.720377125471264979e-01
2.803830801480154400e-01
-1.827874875525769549e-01
2.721490316760611927e-01
4.868408287760954412e-02
4.409343065088867919e-02
-4.779482653747754162e-01
2.652864427553314752e-01
-6.543447279259444194e-02
2.402012089279748075e-01
1.857300509375807429e-01
-1.202292608829332171e-01
-1.298636357480590642e-01
-1.028066176590611627e-02
3.437564769050263092e-01
1.770770314197065987e-01
4.619389092018907211e-02
1.568664740961247736e-02
6.368532068318770445e-02
-1.723266152388854278e-01
1.786847568137039238e-02
3.909470358249403366e-02
8.313254393087787103e-03
-1.217389598068211870e-01
-6.425941745512765702e-02
-3.859604311422878270e-02
2.980913544215547106e-01
3.565098434918018699e-01
-2.701454736507107324e-01
3.121093762706493233e-02
1.598759360636008431e-01
-9.142504377069980703e-02
2.137453192220750420e-01
-4.154410685019799959e-02
-1.723607732457183572e-01
1.598146944833279126e-01
-9.991187802868942147e-02
-5.158914349830988344e-02
-4.013964361475328424e-01
5.471168916350972744e-02
2.123803876350307054e-02
-1.130020439863078652e-01
-6.225964640443307774e-01
7.382385636757518577e-02
-3.495204137942637401e-01
-8.664419944992590716e-02
-1.135784598723189043e-01
9.542880247037338615e-02
3.557706916009686360e-01
1.283505336164967592e-01
-6.996227609374151835e-02
-5.624762194073730515e-02
2.810962073717124809e-01
