-2.726414782437118836e-02
1.011244737795975596e-01
-2.358425351281960847e-01
-3.530210470231499031e-01
-1.163330443312133033e-01
9.833608537063383281e-02
-5.073371075869049368e-02
-1.462632618784583949e-01
1.874060486852788254e-02
-4.597101385362242776e-02
-2.226265586009637532e-01
3.009495912375471649e-01
-2.004767499455857860e-01
6.265087991156387259e-02
-1.119853079903609661e-01
2.189741962546169762e-02
-2.590976262697364252e-01
-4.137585545656494168e-01
-2.509727288575346396e-02
-3.156190743489675765e-01
1.981123318956626994e-02
-9.864074698628083615e-02
2.524222255719404603e-02
-1.214564969158003910e-01
5.701105349994106328e-03
-1.126053355937509104e-01
8.385319769129960521e-02
4.707498161819351212e-01
-6.604255840202835626e-02
-2.338020175871294293e-01
1.009430427336130282e-01
3.025500263542749702e-01
-1.430923399910835891e-01
-1.885260745943778682e-01
-8.880868171449829429e-02
-4.731304581017089367e-02
-2.072558354044555240e-01
-1.369616239478818609e-01
-6.567895853997073041e-02
-2.081085272046371837e-01
2.643348390886953170e-01
5.748596781484120039e-02
-3.031372304442130350e-01
3.366357152994885193e-02
2.125967556160393290e-01
-1.528231731677129612e-01
-1.929629182032711054e-01
-4.519938632571159770e-02
-1.287098225277152064e-01
7.654170603016990926e-02
-1.019815921958149157e-01
4.156130195078397427e-02
4.925545119944612499e-02
-2.351718949194929742e-01
2.218928258483627569e-01
-1.024850394826001126e-01
1.608972840307281993e-01
5.536191070394159974e-02
-6.998499059274201906e-02
1.416823924469995111e-01
2.286893590566072831e-01
-6.703394113269277310e-03
-5.160954900019348174e-02
-2.773906487166611368e-01
-1.448739184233556812e-02
-2.539491793763771210e-01
-3.137124642070563962e-01
8.590670882317016921e-02
2.128096174327634149e-01
-2.004832744466839706e-02
-1.465837991368524329e-01
1.760269277073782668e-01
3.424194812940052901e-01
2.048472845007461018e-01
-2.708246767350104278e-01
-9.834373193877925245e-02
-4.053721079762387935e-01
-1.180425166474457083e-01
-4.241793081513298147e-02
-4.702741901706819494e-01
1.893811416832832939e-01
-1.272952726155880399e-01
-7.854086751016886581e-02
-1.892307553072378190e-01
-4.024833236080072735e-02
9.965608098324590935e-02
2.957507661880411920e-01
-2.210299639818622819e-01
-6.506772202921835835e-02
-1.862606910763214829e-01
-1.945455366855572688e-01
1.266158619723008472e-01
-1.609223852328204307e-01
-1.020954524389572765e-01
3.748717583188592717e-01
-1.192897495285335924e-01
-1.140030617442494565e-01
1.072274616715109957e-01
-2.777674938299724006e-01
-2.791574183183716529e-01
-1.405288055847936195e-02
-9.026209861669479140e-02
-1.694245502596484765e-01
-2.045977689997453830e-01
-1.824588509649733847e-01
-3.205586274746026754e-01
-2.720589160253169547e-01
-2.298113274217728486e-01
-4.112701478484231954e-02
1.516202680816048920e-01
-2.690196710155488002e-01
1.791186435167120838e-01
-2.422489917409294258e-01
2.600299171333089743e-01
-1.404164535096796840e-01
1.430260274950533872e-01
-2.680083222833623546e-01
-1.580061570016242922e-01
-1.204279520946889004e-01
-8.510560528531330160e-02
3.538091604124776191e-01
9.647636800321095218e-02
1.824706241227750103e-01
2.751536207843643389e-01
3.392110592639139416e-02
-6.354290415337753017e-02
-5.099138303333071442e-02
-1.294079461117611796e-01
-1.248053903580943931e-02
-1.146442534855868778e-01
2.083424497082182747e-01
-2.598888182862962859e-01
1.977471559301922227e-03
3.824824921067873085e-01
7.437470009792652992e-02
9.017053326691576443e-02
-3.366730155985894757e-01
-1.238252345053644093e-02
2.049123765637966554e-01
-3.581681511648988209e-02
-8.406430820709123730e-02
2.484006374773851389e-01
-1.470306937927523261e-01
-1.540178145824111222e-01
-2.055957639355289815e-02
7.217799748007468208e-02
1.089860572838031866e-01
1.369404804680104670e-01
-7.717322414160630861e-02
-8.300815934379021654e-02
7.397892136823924769e-02
-1.921025821759239681e-03
2.254045579197528834e-02
8.164027464602986728e-02
1.278174225163304367e-01
9.383883830640483981e-02
1.807609070306197274e-01
4.974403981662550711e-02
1.720200136723064877e-01
1.246275635703274903e-01
1.002242480057852353e-01
8.897142212965196070e-03
2.161013221348866975e-01
4.170066455015187580e-04
-9.038216955221884188e-03
9.272278930873528724e-02
-1.288535363407976655e-02
-2.310465820333914427e-02
1.701520119754653948e-01
-5.094082851659775812e-01
6.915159606112488040e-03
-9.462394897253754988e-02
5.869653145219841210e-03
-2.005122797589733996e-01
3.377432560327870564e-02
3.172569750522669270e-04
2.912610725677138857e-01
1.140961405080152535e-01
1.718861062731510125e-01
-1.554268002385373049e-01
1.268998799867464000e-01
-1.186088720199061572e-02
-4.713234164623768541e-01
-6.054623563767929512e-02
-9.160797107089216351e-02
-1.511408187840538320e-01
1.083362020012017118e-01
-6.796155880055530785e-02
-1.866621684978875539e-01
1.339170732315621837e-01
-2.835937723753965134e-01
-2.670702430458968268e-01
-2.659822031930589997e-02
-2.079898542446360910e-01
-6.225203122507609425e-03
-2.689308188502097519e-01
1.286447407959166178e-01
6.292196278276264154e-01
-2.281168413265197703e-01
-2.067009601776145095e-02
-6.356902232858839541e-02
-3.164082909467030302e-01
-3.418243170012889576e-01
1.637474169992592099e-01
-4.287137138637537315e-01
-1.363099742268009985e-02
1.955986034793288364e-01
1.112028036153934057e-01
1.069202868889651270e-01
-1.437358932476181239e-01
2.886633424203143006e-02
-2.351370063052476977e-01
-2.783937165616815479e-01
3.504072980866632103e-01
-6.137900439094665789e-02
-1.328278767324895526e-01
2.593809237298722592e-01
1.730627931752324600e-01
1.458752417131056571e-02
1.702708159291147494e-01
-2.303566184697149449e-03
9.657697611057282361e-02
2.854795975956564980e-01
1.159778166944799502e-02
2.129197509605766925e-01
1.506095295681108559e-01
-2.246161049784971553e-01
-7.503939683433244467e-02
-2.239636537315546627e-01
9.040591409489515118e-02
1.039216326275957253e-01
-1.043523102939246938e-01
9.890411795725019550e-02
-1.396904983188723415e-01
1.022187243247267424e-01
1.840044709826946234e-01
5.251775140545901222e-01
-2.444656949304094273e-02
1.039966293229660915e-01
2.839561228584040579e-03
6.891313495417451807e-02
4.720373778242156759e-01
1.607216585744153936e-01
-2.592876105169625300e-01
-4.053731818160855038e-02
9.605607763211553018e-02
1.219183743548326732e-01
1.370956657873880491e-01
-2.662857460363035056e-01
-3.508682362984081162e-05
-1.229563342519452984e-01
1.887268219152641868e-01
2.009630080324231460e-01
4.060326125501806382e-01
4.013498629354942393e-01
1.000000000000000000e+00
7.375430137938056019e-01
4.824842718861340751e-01
2.484013718051763520e-01
2.718925918715636159e-01
2.241120371506457321e-01
-5.708918932336371627e-02
1.051130472056573256e-01
1.564689660849239161e-01
2.274143067302827892e-02
1.059219283052852678e-01
2.727147147802156391e-01
8.402792684576820825e-02
2.045030130708002172e-02
2.081461599926505146e-01
1.628519004867874098e-01
-2.179010962215611677e-02
-1.744801941500199460e-01
1.509685477202015180e-01
7.825833536710716243e-02
1.272553058593857145e-01
-1.963039012910028636e-01
7.783313410065527578e-03
5.884001609308972015e-03
-7.950631634065738473e-02
-1.139821595935984616e-01
2.520598997637417127e-01
9.494906106079949171e-02
3.189448298864996367e-01
1.617248367594356917e-01
1.361147583954028517e-01
-1.473787109842144838e-01
-4.586027010709414070e-02
1.800595859830388806e-02
-1.286017988546267476e-01
-1.399308400686645470e-01
-2.158442547974002285e-02
1.238561929799772768e-02
-9.604170667518190443e-03
-9.278107946262119377e-02
3.406118780028544873e-02
1.294912374678016953e-01
2.315311939266211927e-01
-2.624787105539986842e-01
2.498909184126513194e-01
-2.606255606422139270e-01
-3.401008563865356993e-02
-2.239400211806397145e-01
-6.091912647104441580e-02
-6.118718604532338151e-02
-9.178804724354630573e-02
-3.697557160185505065e-02
4.906113346042804968e-02
5.822280329943035210e-02
1.266856460853634792e-01
1.004630901195451009e-01
-6.946100820555912471e-03
-2.529207689911885937e-01
3.062480230295010902e-02
1.077472293989801821e-01
2.329825009740703334e-01
1.852929082731936405e-01
4.019512035332219874e-02
1.980372440539514556e-01
-1.089547471754825497e-01
-4.413644932675001020e-02
-1.880820516591465708e-01
-2.574084768658673195e-01
-1.854344982707028730e-02
1.939850403359193454e-01
5.416304957974867051e-02
5.937090361333344224e-02
5.124372550554161243e-02
-2.679493046817842949e-01
-1.614825299131702752e-01
4.564940043475588793e-01
2.744474438777467218e-01
-1.071637244773630954e-01
-9.033698841429478599e-02
-1.054634206308231216e-02
-9.072150419607970251e-02
1.138872260867104524e-01
2.822384951720448010e-01
1.460064721410590238e-01
-6.502058792105927520e-02
-9.448745593582008606e-02
5.122639842296831947e-02
2.947304884850420748e-01
6.767592048768110435e-02
1.436461619962137171e-01
-1.272399714025601036e-01
-1.278476225184105863e-01
-3.578923172792610602e-02
-1.300145128334302159e-02
2.456811678600219484e-01
9.419178199700038723e-02
3.024424424338605435e-02
1.416896735768031490e-01
-9.165340207430230923e-02
3.094211632769451326e-01
2.545940840684177142e-01
-1.121963391509625818e-01
3.777453774681195642e-02
2.528924134142845892e-01
2.234619302075493419e-01
-1.955285642591139683e-01
1.410733366586920494e-02
9.352806780215552895e-02
-1.848230153765212935e-01
6.893364595869434439e-03
3.835892175451705022e-02
1.814651982048096635e-01
-4.185386283524172857e-02
-8.679033839552052765e-02
-5.995778012545611990e-02
-9.635595406907895843e-02
-1.730866877089935474e-01
1.161652343104812857e-01
-6.124832727070250726e-02
-1.859342378882558044e-01
2.321684176189361959e-01
-2.966071709300704407e-01
-3.156619197148609057e-01
1.782164389722988183e-03
-4.442777945144910090e-02
1.040149355092760824e-01
-1.912005061892304569e-01
5.298276695596378788e-02
3.934402421367133029e-01
2.651158507166077039e-01
-1.878391568598389294e-02
-1.784841398934091383e-01
9.390342360623600559e-02
1.910556875202936711e-01
-3.029724093643164085e-01
-2.597727516174377360e-01
1.774622487765081802e-01
1.101309238765202647e-01
1.605772225551488075e-01
2.679960664670747450e-01
-2.560252404999077136e-01
2.041382530847883348e-01
-3.267294619256858601e-01
-8.742781719058256851e-02
-2.702445227635790759e-01
7.625018478578150967e-03
-5.393325021469353581e-02
1.556905194409478055e-01
-3.165248850323840735e-01
8.251213106943412756e-02
-2.803184122098351105e-01
-1.469693284450534765e-01
-1.954490425376107302e-02
-1.003992494698789512e-01
-7.996435327763558309e-02
6.323288519272084185e-02
3.080065532387994687e-02
1.598502676069790407e-01
2.572996741199117809e-01
-2.387053306674183362e-01
1.101145862245078294e-01
2.358471168426134468e-01
7.229616711913114391e-02
-1.011666070743587678e-02
7.732085946380724828e-02
4.343825185192409961e-03
1.639808726224634139e-02
1.132471444427579632e-01
7.535911210514677043e-03
-5.824905934838854604e-02
8.184940630512754778e-02
1.950837553664661606e-01
-1.418347404639375420e-01
4.594681786019471498e-03
1.093046486837285190e-02
6.996357824104730561e-02
3.033041785946358204e-01
-3.364814592402626814e-01
1.950932842292148750e-01
9.148024159311003711e-02
1.075307684182779389e-01
4.103022996822870000e-02
-3.829595331083982673e-02
2.530844799781281074e-01
2.960775143661015588e-02
3.148209597652519842e-01
-3.214959930378574748e-01
3.601029021427993009e-03
1.217291347622219827e-01
-1.098674701036583962e-01
-1.604375267732222610e-01
3.717375660286538208e-01
2.632974721944963403e-01
-1.066038521110661275e-01
1.432857717594868130e-01
2.653781342616836139e-02
2.970811821030127850e-02
3.853626064240295301e-02
-4.890507575111033289e-01
2.603719598764969723e-01
3.898399974519121680e-01
1.276377049018964094e-01
5.328411205298262676e-02
-6.464635254116532503e-02
-1.023119306310105309e-01
6.517216719638219136e-02
1.359090604839104655e-01
-4.699780645404977308e-01
9.152924766462047779e-02
-3.779572962067971886e-01
-2.710296472032158177e-01
3.001135749939949360e-01
1.502493772227800062e-01
1.001038099802031567e-01
3.574159346879401400e-01
1.453276510584107506e-01
-4.263750485019716929e-02
1.531600377557230108e-01
2.319925508289300553e-01
7.346876874766339327e-02
1.219430629558998112e-03
1.538282061091839348e-01
-9.163707474906886141e-02
-3.435473609289763260e-03
2.619480143454196996e-01
-1.787884670511416529e-01
1.935117792865883868e-01
1.186366708559754429e-01
7.537996059954159278e-02
-5.527912266884572878e-02
-1.666239370103740902e-01
-1.446366223423750930e-01
-6.660603823681157318e-03
-7.747321578534375509e-03
9.017508743873016430e-02
-1.312095146412976254e-01
3.221161295657842122e-02
7.630269850008236654e-02
5.870940617098374670e-02
-1.380305526064460331e-01
-1.597717130504542060e-01
-3.225026270440448789e-02
-9.077646406221595576e-02
-5.300420684581109987e-02
-3.583181510652291846e-02
-3.523876755753118512e-02
2.842489299311528606e-01
3.350166277473627940e-01
2.766056449482988122e-01
7.232190264024403181e-02
2.609577021998071844e-01
3.573943982226962524e-01
-3.384966135875354665e-01
-2.873578811100775329e-02
2.322330098033168200e-01
1.318309957157080131e-02
-4.139535011547147703e-02
