6.738977988679557656e-03
3.573130581931526772e-01
-7.105254495994962893e-02
-2.540222665220133805e-02
1.667402798884676934e-02
-9.079335242393501981e-02
3.266225915469589958e-01
2.034499505988310863e-01
1.309213335943709700e-01
-2.595862254361984076e-02
-3.442499379620334587e-01
-3.421055097738141815e-02
-1.482704751087095818e-01
-1.434068673306130304e-01
-3.912815849043869282e-02
-1.295328214944788947e-01
2.978148955502285533e-01
-1.227954476594480815e-01
-1.236537783477235780e-01
-9.242828119140436907e-03
-9.885134553073968156e-02
2.400325680972378029e-01
-7.186094425114562811e-02
3.370076180270147048e-02
2.447947163481526411e-01
-1.061099300288134706e-01
1.338858278213203024e-01
5.060638148612906645e-02
1.873380466331348027e-01
5.103677804063208034e-01
6.169187314734073113e-02
-2.610154728592528062e-01
-5.892948753146284337e-03
-4.695376802556764512e-02
-4.528125750425437100e-03
-3.757545315655449469e-01
-1.824997534076041802e-02
2.652130407890208597e-01
2.909539916201355214e-01
1.385072490687115077e-01
8.947924620596144074e-02
1.947717519515909934e-01
-5.233040110579065263e-02
2.577860117492153380e-02
-2.578202404788472735e-01
-1.581465752092151567e-01
-2.000550890692487649e-01
1.192516617178129429e-01
-2.626167477715199428e-01
1.080156192290109146e-01
-7.042899989792113236e-02
-1.471517219533288907e-02
-1.098107937619030722e-01
5.680783326456720350e-02
-1.235784646812768395e-01
-1.697598174761454914e-01
3.670618283421202277e-02
-1.556280266640374943e-01
-4.034647118332269911e-02
1.792587952350461200e-01
-2.042419991020535674e-01
1.167200471972837106e-01
6.520623723304336261e-02
-1.550675276596368557e-01
6.969836594412820441e-02
-4.859430345912873345e-02
8.096632368996790896e-02
-1.126508830219863505e-01
-1.902599398859661506e-01
7.524111525223665942e-02
1.830709770945704584e-01
2.644619320691925513e-01
6.531752753937174194e-02
-1.042393040358795047e-03
2.027107187033221417e-02
9.415878421135932819e-02
1.457486922985365974e-01
2.178379174739539237e-01
-2.145198689734901520e-01
-4.535243051806125969e-02
1.663601119697015462e-01
-1.825398512608842061e-01
-2.182644801703714776e-02
5.966187728184836614e-02
-3.418237887113385609e-01
2.080845282369088167e-01
3.457142965007239943e-02
4.884559288390217385e-02
-3.098429517671414946e-01
-7.585551569002688121e-02
3.340686409795372014e-01
-1.339940571789841571e-02
-2.103443864528440344e-01
3.238346814248883182e-02
-1.013796274846917866e-01
3.548950164950498420e-02
-1.614268407547887474e-01
2.223218816892020000e-01
-7.314468419113835662e-02
7.692098771236285937e-02
3.678528804789227280e-01
1.336036102229266331e-01
1.366687308354027353e-01
4.039893771168824588e-02
-2.315269203640144546e-01
1.465170466119911086e-01
-6.371611955040057396e-02
-1.855427589573980796e-01
1.004232472722817182e-01
-2.264996610078430506e-01
4.924246117531837219e-02
-6.358601473751901434e-02
-9.803137962686392370e-02
3.370028653676576669e-01
4.879325247722477582e-02
2.245532346511680544e-01
3.784564428634544786e-01
6.679203716036100080e-02
-6.607181488399338498e-02
1.297636370844158504e-01
1.116478483388825549e-01
-3.322691958537762891e-02
-2.214085711375642640e-01
6.263293927159041541e-02
-2.411559254992839407e-01
1.331020541631076914e-01
-6.007984992275406527e-02
3.254387213561625303e-01
-2.280362931294489248e-01
1.014599757073467445e-01
9.860841720495593099e-02
-1.231889068789840114e-01
-3.275111215925985975e-01
3.135089150560272514e-02
3.327185919656053259e-01
1.944077294292289593e-01
5.199013027582848057e-02
8.673497226726774312e-02
8.790996305602448435e-02
-1.488823909628190501e-01
1.155608430664595114e-02
2.239731297287081424e-01
1.508488354464771197e-01
1.225148903205259682e-01
1.550431255186604795e-01
-2.967028107873370124e-01
-5.572189436244265326e-02
-1.982941405014103653e-01
-7.565826170653533467e-02
-1.247091752337941284e-01
3.599277267776657824e-02
3.112824092364592787e-01
1.958134792365323618e-01
1.648047140266966082e-01
1.605785156524914548e-01
-3.232022573326744919e-01
2.450116805750809368e-01
-1.123194072025566204e-01
-1.147299354127437609e-01
-4.939362860756190549e-02
3.337769390501769268e-02
2.147069524710960506e-02
8.166146052878464623e-03
1.692346645969308172e-01
2.430479172782565589e-01
8.484487026363339568e-02
2.766990486475619866e-04
-5.042950999091880271e-02
-5.183769662791577748e-02
9.846853725312974814e-02
5.857616187177350914e-02
-1.759537640247478274e-01
-5.441186946117253231e-02
1.256209516476377852e-01
5.850544382213261098e-03
3.784761391968380351e-01
-5.755308124153762223e-02
2.437802532216699070e-01
8.786386368436172392e-03
-2.721834565305081277e-01
5.481554987252157396e-02
3.928293855272067120e-02
-1.805555237138883884e-01
7.075810241408483914e-02
4.859858137896378577e-02
6.074778047763040173e-02
1.309125098325332748e-01
-3.308120764204146996e-02
2.719693821411791057e-01
-1.940441705009245399e-01
1.532002887248568729e-02
-5.246035290809795970e-02
-1.144844302255144525e-01
-2.744802367395935416e-01
2.500602469077330969e-01
9.204048520938244715e-02
-3.023199641149768579e-01
7.511687025098211234e-02
6.700717529678606663e-03
-9.269638130238919138e-02
1.693909848208238755e-01
6.050887087331082576e-02
-1.049454014650659794e-01
1.786493509857631778e-01
-1.212676114795415427e-01
-8.460407768073330281e-03
2.267928425243271595e-01
1.680023833951179227e-02
-5.688536722369506859e-02
-2.498954413256133933e-01
-1.264805999367056011e-01
-3.677462612050542146e-01
-2.496352386548555402e-01
-3.452619015053252222e-02
3.975673115367014954e-02
1.021833835635342635e-01
1.817701237064353881e-01
-2.756061084078459400e-01
4.277116389113309360e-03
3.704361761401284148e-01
9.931961325098744367e-03
1.149094454334186194e-01
2.134318498104151307e-01
1.533265406473912629e-01
-2.246585112040855869e-01
-4.597169163642702422e-02
-9.220459342648831824e-02
-2.023564923984313632e-02
-4.895139715774805000e-01
3.549052102385683027e-01
-5.785250270342994633e-02
3.142232361624947012e-01
3.923307670589636087e-02
1.406193141491505205e-01
-2.866007557774487569e-01
2.600198808107455628e-01
-2.579493313194146098e-01
6.503560916548614158e-03
2.021499999025848371e-01
3.243434396163802358e-02
7.180141252199574720e-02
-1.850034069638560319e-01
7.369318080891866518e-02
-6.273900723599271090e-02
6.286953028164707358e-02
2.684362870092317221e-01
3.281938470013436859e-01
1.452415546281434766e-01
5.875461525875438212e-02
6.747294234404437041e-02
-7.851872047605630567e-02
6.020617248506473368e-02
3.489443691228819033e-01
1.001410992241539150e-01
2.652648053900164005e-01
7.795012176649588342e-01
1.000000000000000000e+00
2.002067034855596894e-01
2.450379655363583153e-01
2.946002798125931799e-01
2.919701245856050169e-03
1.866239563456086326e-01
1.095152762683531192e-02
-2.868290153710518764e-01
-4.532455356196699037e-01
6.691901110241510464e-02
-5.595579120683268765e-02
-1.241886586118957081e-01
-8.420251509895771563e-03
-6.815685761211062212e-03
-2.047535025564747868e-02
-2.947872658570384243e-03
-1.322248646870095683e-02
2.810070267800325334e-03
1.895499884177966610e-01
2.573721023244901485e-01
-3.275055105420283941e-02
-1.605110525744967986e-01
2.536687600315261082e-01
-2.625291996515722454e-02
-4.815958306023956359e-01
-7.494217129447644510e-02
4.845037163052043176e-03
-2.719493371252779679e-01
3.919548942292819249e-02
1.683379969443512258e-01
2.081231851323932236e-01
-9.780782677204183373e-02
-5.282288835810102987e-03
1.190604344665758263e-01
1.383863992292627132e-01
1.644538270299413518e-01
-2.618899099783723594e-01
7.702264198028901943e-02
-1.202456415034506947e-02
1.300042841422648608e-02
5.844455074118289073e-02
-4.201125907311291652e-01
9.704493127139601771e-02
2.814536893054586653e-01
1.904877150204319636e-01
-4.382455956303245997e-02
7.116488494493472539e-02
6.095900312837299745e-02
-3.179653859688363338e-01
-2.063896304758482403e-01
2.412741183408801393e-01
-2.091470730955733576e-02
-5.966727713054304633e-02
-5.424235807147066712e-02
1.959371901622645462e-01
-2.047981515675735276e-01
2.517950287497461304e-01
3.688807990622032240e-01
-1.575710866101906749e-01
-5.505649893885235235e-02
-1.094692282075066490e-02
-3.484087367846928074e-01
-2.789087784856066413e-03
-7.949317339991980591e-02
-1.955749636760045207e-01
-2.087420488830659671e-01
7.210915149028838955e-02
-2.706392983139653263e-01
-8.683767288994931333e-02
5.618296967053682672e-02
-1.829577274626486283e-01
-1.320665946436488658e-01
3.594385525300127643e-02
-3.220309716006334450e-02
1.662957195599761295e-01
1.809192704278893282e-01
-1.986867109391106667e-01
4.393932984530977137e-01
-1.114870832745056828e-01
-5.730827009544219031e-02
1.153129510378934075e-01
-1.157803751790974500e-01
-3.352465391471036726e-01
-2.309391919762560919e-01
3.692738927466485133e-02
-5.641556645533433306e-02
-3.307826843061864933e-03
5.764108770463464287e-02
1.620572605319680337e-01
-1.168334395608625620e-01
-1.202921306733106543e-01
2.014533446143243478e-02
1.251170909036304624e-01
1.140348761688152329e-01
-1.516306428240589699e-01
-1.072350906646030340e-02
-8.790871863663397845e-02
-8.903052196702652965e-02
4.074202882897318134e-02
2.349966449448188666e-01
-1.074997875495935368e-01
1.269515894842334625e-01
2.261498584648774790e-01
-4.085606447782190731e-01
-1.253381906260034040e-01
5.290759864946215085e-02
8.645535841920572173e-02
4.269896315324898592e-03
-8.320220162883548709e-02
-1.006593087691615152e-01
4.286580484327042195e-01
-1.608497136925713666e-01
-8.507759919392539338e-02
3.394412227132186793e-02
-6.276097347846376628e-02
-2.349567088548110139e-01
7.456718817791466170e-02
-1.170797013844650375e-01
5.557588574566565270e-02
7.837281618467810407e-02
-1.591698620975355860e-01
-2.096698751563207397e-01
2.546556544398731470e-01
2.510652270063878921e-01
-1.203559194572371704e-01
4.358215981921598203e-02
1.692422463320484016e-01
3.208429327590743840e-01
2.216692129061533234e-01
-3.499814259251808612e-02
-1.882582137347699192e-01
1.671328336871378273e-01
-1.734391029867707601e-01
2.475041976213421605e-02
3.362732722750863545e-01
1.255475268253197219e-01
-2.553030352044379989e-02
3.259143819361609573e-01
-1.594055195143105966e-02
9.002781839783528806e-02
-1.375086271508742797e-01
-7.954382665821820020e-02
-4.707859578754134550e-02
3.808762538671913722e-01
-3.339184772407119972e-01
-1.726036690529614837e-01
-5.414325886867938503e-02
-8.313588559989111559e-02
1.746270925932942863e-01
5.217040991170942416e-02
-7.226231758558251950e-02
1.314830413118302510e-01
-3.246560149178064347e-01
1.168905864693742941e-01
-2.064754411424371827e-01
-1.108741464930340925e-01
-9.711288028948038623e-03
1.249584173103308604e-01
-2.133167252444177764e-01
4.517348639657835507e-01
-4.051712722937244465e-02
7.522264154195423824e-02
-5.385522318880756054e-02
-1.468717019492747078e-01
-2.874106266111995378e-01
-1.275735562856379623e-01
-3.919503503986749293e-01
-7.224839064849099268e-02
1.075776617551106769e-02
-1.974936275050089840e-01
-8.930865036248057665e-02
-3.720025207672906231e-01
-1.671116286433747822e-01
-2.609815296575653809e-01
-2.835992639832769502e-01
2.787776720063639413e-02
-1.080607062679113731e-02
1.793990855333875978e-01
-7.601391108228432170e-02
6.858183966466484260e-02
-1.647681870085477007e-01
-1.314438062179722200e-01
1.602150526134575245e-02
7.794412305156984966e-02
-2.326262984202132067e-01
-1.513269861036900255e-01
-7.152259464776400399e-02
2.094087930514455520e-01
4.207318542421760177e-01
2.066668794371529783e-01
1.576961532357387397e-01
-1.659590794511976719e-02
-4.091979637667755298e-01
2.667476464274698422e-01
3.548456984432886152e-01
-2.771772640985372457e-03
-2.316198537340195818e-01
-1.764272436495222252e-01
-1.764035137533903896e-01
-2.385306890611921526e-01
-2.948156449138176760e-01
4.377615774140151267e-02
-9.769637650011261942e-02
-1.409680748996848532e-01
-1.781111705374444631e-01
-2.631948317043673047e-01
2.684536856134320804e-01
-8.289199105573767656e-02
-5.029502386399163638e-02
4.421228655410103237e-02
1.607482009178580196e-01
2.305807256370749903e-01
-2.139999003371566288e-01
1.058166127356776065e-01
1.509113474285719292e-01
-3.683294065830066133e-01
-1.913895251857651858e-01
-1.448113249645494316e-01
-2.060449843556788063e-01
2.066742733865740422e-01
-1.054884392700589230e-01
-1.973873036856073349e-02
-1.393487629822961760e-01
1.103152952995126584e-01
1.110893494589933334e-01
5.084084864266723292e-02
7.214034942879045918e-03
4.157177304116113636e-01
6.404557677288820472e-02
-3.169178614674965644e-01
-1.762357614745380108e-02
-1.207722962963190955e-01
-9.605659770293535626e-02
4.738240910494033176e-01
8.629674742114541719e-02
6.962433054099531615e-02
-2.297828696385262326e-01
9.001646043594246915e-02
-3.913816034381185083e-01
-4.017192215757173779e-01
-1.599192488938519785e-01
-2.776735176806525152e-01
-2.898554443129106595e-01
-6.976650128656562873e-03
-2.264672543561649723e-02
-1.551955558427038917e-01
5.797754150886098856e-02
-8.016149104356126709e-02
1.402227379688296416e-01
-1.267887825651750067e-01
6.502012011209733211e-02
-2.453097393821307703e-01
-4.960602373473739501e-02
9.464216321472776472e-03
-3.485217572542416778e-03
1.564091294143442890e-01
