-5.097927684723865260e-01
-6.573398319112501165e-01
-1.190820166714302852e-01
3.875012382658535870e-01
-3.410285581026072377e-01
-2.185529169696050211e-01
-6.710070237408789773e-02
3.419946454081150278e-01
-2.559311598481230909e-01
1.066263499495950645e-01
2.312934966385858104e-01
-2.246324886143075128e-01
4.166358277816842870e-01
8.501203766447809618e-02
-1.726070448331690210e-01
-4.913058221823895511e-01
2.353532906995902119e-01
3.539037018811996282e-01
4.281759608071476486e-01
4.490631443892152408e-01
-3.908243542975423646e-01
1.250314041477281479e-01
-9.646192676253483034e-02
4.750678128295555136e-01
3.683606729296247106e-01
-3.557374122034107633e-01
-2.174050108697449246e-01
-3.339300956605043003e-01
-3.471914386530845498e-01
1.166720679794630428e-01
-2.080070845314510031e-01
2.330452842694293869e-01
-1.993195812503958386e-01
1.134274422658765324e-01
2.683763257262638535e-01
-8.966306775279951624e-03
7.277655109041558656e-02
2.793962655486837976e-01
-4.553612760423744743e-02
3.894189857386300413e-01
-2.408919197500060047e-02
7.898431996898322427e-02
1.924504382606992969e-01
-4.294358277410315061e-01
-4.161653434691106601e-01
2.131811827023035455e-01
-4.106141281392924336e-01
1.266307245324441721e-01
3.896257019154122925e-01
2.607892259123440470e-01
-4.921170938577539705e-02
-2.748445507906833729e-01
3.656932637533122366e-01
-2.652122651143979937e-01
9.963415048624153780e-02
-1.525792183066338736e-01
2.829761088728913188e-02
3.740340980396905657e-01
1.343658810517627811e-01
-2.409975006827028143e-02
1.570205797429847783e-01
1.991020570576347293e-01
-3.100531631440464619e-01
1.288174401255386681e-01
-4.145739668730117899e-01
2.908421521529374054e-01
1.494215642461302618e-01
1.996067421055910673e-01
-3.020778791563244470e-01
-9.603282615495992158e-02
3.926093032972978736e-01
1.126368641285497157e-01
1.902207314502137037e-01
-3.946396022709969947e-02
3.803648947671184888e-01
-2.212731501840984813e-02
2.415592041177813121e-01
-1.678289431505909091e-01
-1.799896633528302314e-01
1.810191825186560355e-01
-1.332186635210593495e-01
-6.124505042272598149e-02
-4.087408814940234059e-02
-3.788906995358765073e-02
-2.686841244459352573e-01
1.394177408175528987e-01
-5.320257708235801575e-01
2.003365940663881170e-02
2.627304253288247349e-01
3.837840228565895795e-01
-3.387069582020361680e-01
1.230527030967624169e-01
-9.405761670152351650e-02
2.659382666018614283e-01
4.622627749593120616e-01
2.052767940667282742e-01
-1.844561983919976243e-04
1.809456136375563462e-01
2.403545948815555278e-01
-2.548042098358789809e-01
1.913519319042813471e-01
6.798934977883776265e-02
-2.261645653433113357e-01
-4.554952882099787444e-03
-5.798546807758431232e-01
-3.486650847294705396e-02
8.158979739960668665e-02
-6.796356052260083339e-03
-2.085563969339512269e-01
-3.147473155251380716e-01
-1.634801613987933167e-01
5.857749219832735638e-02
4.425825363706350490e-01
4.816640860797540280e-01
2.667647518868431766e-01
9.398910031221409042e-03
2.386349618272911588e-01
1.164119625909434547e-01
1.596914629428671240e-01
4.674613338408722396e-01
-1.462920115419497069e-01
2.321417385058004990e-01
-1.858078904679669185e-01
-1.976511888191287078e-02
3.255817672827754361e-01
-1.124712726579266964e-01
4.056636515655718811e-01
-2.178978986833853548e-01
-1.037236192864191692e-02
1.008243306095393671e-01
-1.288506210430989118e-01
2.575736155304169175e-02
-6.432355619545619685e-02
1.319213095335481506e-02
-2.657381255731940395e-01
4.255770665823019328e-02
4.264750906083165094e-01
-1.188963012257066715e-02
-1.594664977999909680e-02
-6.672656789110281705e-02
1.465455834326590545e-01
-1.086774529904405984e-01
1.166138888048497968e-01
-1.314989295921537571e-01
4.321246397090339891e-02
-3.279266063269491438e-01
1.037824198449601061e-02
-2.761492338028130322e-01
1.780911284327716393e-01
-4.061109820306498808e-01
-1.674892427701876046e-02
1.603000752124442985e-01
5.222933185545396151e-02
4.067249318418000165e-02
-2.123882577570109786e-01
4.791775461550907278e-01
2.477100475436759194e-02
5.225218505378732142e-02
2.774461266021267525e-01
3.745782234832083502e-01
5.906360218692671138e-01
1.798160909709823896e-01
-7.353392920153689616e-03
-1.953410388855436330e-01
-1.279939375165193571e-01
-3.517761742297036975e-01
1.252655858128549071e-01
2.653609316159866727e-01
-3.011762686444880224e-02
-7.520729065649440770e-01
-6.027334206020355106e-02
3.283387337920448124e-01
2.793509802244869000e-01
-1.183491374119465533e-01
-1.876156223909001275e-01
-1.946628296291662286e-01
1.590604777717267160e-01
-3.397021360822041203e-01
6.811726846519700063e-02
-2.650162254794679595e-01
3.094647415946869540e-01
3.481469502913632219e-01
5.176031406483135554e-03
-1.122840957548313645e-01
-1.929366696002319803e-01
-5.167976600368922035e-01
6.966386669412582000e-01
-4.883877239351382127e-02
-6.654156664623078754e-02
2.930484697533756316e-02
-3.971478235556834546e-01
-2.364912856250145357e-01
5.081576528654758729e-01
6.410475771371179632e-02
7.335261178730702325e-02
2.342818704093697080e-01
7.376109407905405424e-02
1.462996286095978038e-01
3.549452682040687423e-01
-3.057647362250854317e-01
6.122448480807619886e-02
-2.475686874280762229e-01
-5.682521321985822133e-02
6.367320290040767716e-02
2.730852133534365095e-02
-1.210859242518355083e-01
2.657534671062354859e-01
-2.699043602858487989e-01
4.526736822496457147e-01
2.507675409975734793e-01
-6.107038524094977605e-01
-9.448771305055767011e-02
7.024989522659653984e-02
-1.063029617488799455e-01
-1.912995866074844731e-01
-1.199090138917990878e-02
2.279299574954205543e-01
-2.112821453837821772e-01
-3.854008875989692155e-03
9.036938140023813510e-04
3.166409049111124085e-01
9.366709024747053858e-02
6.576360079792170112e-03
-1.149453573786210631e-01
-7.133469618712580396e-02
6.960803176433968953e-02
-1.462263447991262455e-01
5.617593896693254957e-02
-1.320065074923048865e-01
-2.013314326194181603e-01
-5.483689059278173267e-02
-6.429962395499999595e-02
-5.265176651597355262e-01
-3.649245220103164433e-02
3.220813874971340529e-01
-4.024355186976944498e-01
1.360446669081881096e-02
6.144229859919859288e-02
-1.101528858073790446e-01
-1.110736175135705744e-01
-1.792686997762812373e-01
2.559688742827096464e-01
4.843283238563839688e-01
-1.376845624663413648e-01
2.938031020857357900e-01
-3.242553342115350734e-01
2.985653754153800299e-01
7.265007329436685979e-02
2.387805051026604397e-01
-2.711539170744652338e-01
-1.147440299100855321e-01
2.718421208059600969e-01
-1.578597777168982974e-02
-1.770664760280814820e-01
9.513783954764872819e-01
8.361974340934008598e-01
1.000000000000000000e+00
1.733004947479466762e-01
2.822862016807528573e-01
-1.974346638978291546e-01
-1.299804222571787904e-01
1.438649426341239990e-01
5.370610468807984761e-02
-1.288173874243787043e-01
-3.176238266059735506e-03
3.680139371484121569e-02
-1.863964415167461697e-01
1.390418341748730635e-01
-1.844979447584992049e-02
2.120037604068800985e-01
3.811828199441710807e-01
-1.128656219582111347e-01
8.373036038744232148e-03
-3.613430616990381816e-02
-3.670275944351138464e-01
3.513285576549024514e-02
-1.537411324469702412e-01
2.893761215888678850e-01
-4.992788472112247300e-01
-3.273259090845452839e-03
2.077879066275594711e-01
-5.691692925159009819e-01
-1.767780870826772543e-01
-4.692859380316616313e-01
3.294883176793985680e-01
3.101199792041303693e-01
1.639072991482282970e-01
3.549819341960179231e-01
-2.272234712052625949e-01
-2.073687302406829192e-01
2.338102588812101534e-01
1.274342798208328020e-01
-2.731975852482786404e-01
1.168267941844956664e-01
-6.234612943345562569e-02
-1.014476646248536548e-02
5.276088364638402417e-02
1.411269583035115460e-01
1.784942636666128346e-01
3.015825822759337846e-02
-3.572843818280937306e-02
-1.833144617204461035e-01
-1.357785705775580720e-01
-7.216189866606091685e-02
9.884828551356711346e-02
-3.926872300179664044e-01
3.646282860772301349e-02
1.557632216907151868e-01
-1.984476856902127051e-01
-1.948964136088444932e-02
-1.581148421807014315e-01
-3.185438769682523083e-03
-1.395606938853512780e-01
-1.230565214152607445e-01
3.165251036569158849e-01
2.960561423913067314e-01
5.727942946165143212e-01
8.720019414790124157e-02
1.263109639310819043e-01
3.535405706403355053e-01
1.575855844758587698e-01
-1.316885782749558920e-01
8.365819830849326177e-02
1.956730529208921265e-01
-7.547991664773216064e-03
2.243470868725626066e-01
-5.039684289526460415e-01
-4.176282794317393576e-01
-4.012117671838882904e-01
1.655453603084937331e-01
2.388533567898067644e-01
4.134673501059492606e-01
-3.803400917569078055e-01
1.181394626355651567e-01
-3.291373806896752963e-01
-6.605955903870956991e-01
3.156224351861818267e-01
1.881203425660751272e-01
-3.913481158963930118e-01
-1.110061545346709283e-01
-2.734651957789497323e-01
2.284818074043135638e-01
-4.503251629049409566e-01
8.131917556815829173e-02
-7.309460527946934350e-02
3.034203599037224031e-01
-3.168003618754571260e-01
-1.663026696998816945e-01
1.202339473667679570e-01
-9.835685618489688198e-02
-6.940493215680966499e-02
1.744216766297969901e-01
-1.778217457630878739e-01
-9.982879740430601612e-02
-1.387824887111251300e-02
8.623429556609535362e-02
-3.006738747101813103e-01
1.905674651117449450e-02
4.455096177316462958e-02
2.901989551774150633e-01
-2.856462140991701815e-01
-2.163511077914894443e-01
-2.705497745699352863e-01
-3.020834038871131333e-01
-1.531538556871742673e-01
4.268994045324920814e-03
2.851369167404842475e-01
-1.175208734648299086e-01
-1.342983653716850467e-01
3.838462988765067863e-01
9.613054007661729627e-02
1.933210771058586075e-01
1.666379800859353333e-01
-2.189747669061528901e-01
2.741575139297080521e-01
-2.968772576225694321e-02
5.799654716634081858e-02
-1.009755652377429397e-01
-6.315047871407551694e-02
7.511374244673733880e-02
2.578216962829974479e-01
-2.772225095534100459e-01
8.039680772481397342e-02
4.591130184886693666e-01
4.037942488704960864e-01
2.777336799050132976e-01
1.011905629542482199e-01
2.418118700908172547e-01
-3.755063243297460107e-01
-1.670749652785272765e-01
-3.911104426337369544e-01
6.799019192379558707e-02
2.880090319767968088e-02
2.608518221301079909e-01
-9.869661878273859601e-02
2.112939777453348711e-01
9.695065848585258939e-02
2.780807283218009185e-01
-3.282602927279375249e-02
-1.733602749324940628e-01
2.978082502200152804e-01
-3.650348196169677095e-01
2.852722396943900840e-01
-2.224901569761336129e-01
-1.833501671188549342e-01
8.051305495432469206e-01
-1.358213546031489423e-02
-5.098805230668452815e-01
-3.228966983902342713e-01
5.736817629987115558e-02
-1.466905104094346213e-01
1.096715101574264051e-01
3.872473045062563290e-01
2.076165997277207576e-01
-2.627441021206169958e-01
-2.975893398335108242e-01
1.339762449161125968e-01
1.700286469456207539e-01
-1.486896104529863427e-01
-2.452184245484552716e-01
6.872662200509081776e-02
6.540984422435183743e-02
-3.427120998338937241e-01
-1.690331488883063116e-01
-4.247918866695546414e-01
4.671651852821375184e-01
4.936041829393760794e-01
-1.871020921850685415e-01
-3.140587434223514607e-01
-7.634887014312607967e-02
1.963763919084492438e-01
-1.090175117097476609e-01
-2.749050416460618873e-01
2.457817690470766314e-01
-4.614465933171757461e-01
4.100689115015643260e-02
2.116129146491736029e-02
3.256877341400413184e-01
-3.520186133788723581e-01
1.996512158636153944e-01
1.823380225986297176e-01
-1.473377625799200119e-01
1.281147063857561996e-01
-1.097516060339143590e-01
-3.178037028674477460e-01
6.400009572419630699e-02
-2.173554269509798131e-01
-1.842055522800879197e-01
-1.755889916305038156e-02
-1.465180116478195099e-02
-1.139406227755535538e-02
2.354324741145641109e-01
9.818061677649994601e-02
-1.404454175692466389e-01
1.334583874702158224e-01
4.083167149296199616e-01
5.015528019333704846e-01
4.752593059011785415e-01
8.332528288316821963e-02
-8.224082623826767247e-02
-1.940225190034167158e-01
-2.672824141066160175e-01
-2.059351679486536857e-01
-9.128076664435716414e-02
5.134137570283595631e-01
2.877419555246602534e-01
-1.096951814450545654e-01
8.987275513527723247e-02
2.984502145568951881e-01
-2.083868797677667084e-01
2.797974685238887038e-01
-9.010461863791702219e-02
4.521855668249398219e-01
1.995706165082053452e-02
-1.791342124649112355e-01
3.335657779797538969e-01
3.675712257951971231e-03
-3.245585492659919802e-01
-1.370219278520952389e-03
-1.016976430043699947e-01
4.333557041113780817e-01
-1.649207420338182351e-01
1.183821868346616873e-01
2.490589287593894807e-01
-3.872230937389944394e-01
3.551077188744947155e-01
-1.063537774327944982e-02
1.418395394450323033e-01
1.041891746204550162e-01
2.270349366918019696e-01
1.908650556206217264e-01
4.112474249704978213e-01
4.354658338935577661e-02
4.219900734618173832e-01
2.967963666940367506e-01
1.827519120460577295e-02
-6.466628844371617724e-02
-2.832473519707058851e-01
-6.649801183142407812e-02
2.181782605188086477e-01
-2.339491151036864336e-01
-2.371587526128174361e-01
-2.779235119104363563e-02
-6.082594431098697213e-02
-2.314179061741565291e-01
1.549052638751704791e-01
-1.750822020935824119e-01
6.178028903732739330e-02
4.982410935364699894e-02
3.220331500964783711e-01
3.181904109823021076e-01
-5.020904179968962433e-01
