1.401855089295254431e-01
-2.438634140691350316e-01
2.218892093100564237e-03
9.753967359776082729e-03
-2.441622803523179897e-01
1.434213584533630681e-01
4.221642328167526381e-01
-1.032192454557982197e-01
-1.699649574993784273e-01
2.134492470678574227e-01
5.292444936968965230e-01
6.063905899267691968e-01
-2.777806033152599441e-02
-1.440473857183990070e-01
3.693883092223608222e-01
-1.714128103230184719e-01
1.581045076552319850e-01
2.093352537408303404e-01
-7.689874202394056391e-02
3.009562168920177916e-01
-1.110371809136615068e-01
-2.905892526307136681e-01
-2.792275632741046398e-01
5.021563142879569702e-02
1.209076907978702195e-02
7.475503038814394763e-02
8.784935130606245923e-02
-9.696547296086668877e-02
-3.130510540161347555e-01
-2.659009360687766485e-02
2.858696056314053435e-01
7.119236680778986970e-02
2.126959968604186513e-01
-1.951094358879779112e-01
-2.423684206079738078e-03
-6.140495933485146107e-01
7.719857374782157500e-02
-2.134828185379402665e-01
-1.430078170895799639e-01
-4.592255979052056736e-02
2.925636745050964049e-01
8.149994535480013791e-02
-6.679063498334916749e-02
2.319099312680992231e-01
-1.463481108438663691e-01
3.217889974485584337e-01
2.092999591045251462e-01
-1.523081422818814701e-01
-2.068327793021251249e-01
-4.241135981724141191e-01
-7.408777563565426168e-03
-2.048923825362941251e-02
2.156049565551752811e-01
-8.894675363048089312e-02
1.030904193921035744e-01
6.490996458659954726e-02
3.358513642193872717e-01
8.244471402532538296e-02
4.356008810397780234e-02
1.795878611901325084e-01
3.836052085911655363e-01
-2.058578412215784637e-01
3.125719093959140604e-01
9.605085409798122531e-02
2.988886284776609906e-02
-1.974263944230476575e-01
9.827217917670294511e-02
2.474197719998145750e-01
-1.893493305916479075e-01
6.478846273067824235e-01
1.121609521228875556e-01
1.672026710938569541e-02
-1.485352778745261393e-01
-3.946222546277620147e-01
1.501119933296102826e-01
-4.126203503099907244e-01
-1.679927134264842525e-01
8.171449750237250731e-01
-1.773832437586783384e-01
-4.108599982929722061e-01
1.503610845929346726e-02
-1.492187723073915284e-01
-2.932750605411642564e-01
-1.392066915611879854e-02
2.291318481261972184e-01
3.251886449797734557e-01
6.908576064485037749e-02
2.882613178550036404e-01
2.458558363545245706e-01
-6.906386697071471847e-02
1.103789486372734781e-02
5.291984284577244679e-02
6.775606073443642130e-02
1.838354073419855850e-01
-8.429397841851442308e-02
-6.356496013951458413e-02
2.136769178980519879e-01
4.108841893763257591e-01
1.251134640824931865e-01
3.293346504907563865e-01
1.349671891130783674e-01
-8.256379581151736258e-02
-2.651271255896860968e-01
-5.664730041164488528e-01
-4.809787740002671175e-01
-3.907684504899329170e-01
-3.564841382312767815e-01
5.721544176383924242e-03
-1.366391741337544541e-01
3.983478631150748628e-01
5.975935246654601185e-01
8.425507863730648250e-02
2.024840002299923558e-01
1.771176066506259528e-01
-2.995020218509537591e-01
2.643884809165262736e-02
9.373581410937584235e-02
4.678996185404504619e-03
-9.581133696132540511e-02
-1.951156977024531280e-01
4.365620042839250120e-02
1.191530537817245827e-01
-2.032716311727333081e-01
-1.072982230039259688e-01
1.658576094799643352e-01
1.177614825508559344e-02
5.200004976978842702e-03
-3.891031185655336594e-02
3.469962878443135779e-01
-2.776567869409078404e-01
-2.603930317845268849e-01
1.245896791853186129e-03
-8.999348616102588114e-03
-9.177421895414983322e-02
-2.625890095893219089e-01
-9.840365727955130426e-02
-1.729879056914084556e-01
3.476933394148444822e-01
-7.660610613911617711e-03
-2.925881836506191158e-01
-3.619652719691291431e-01
-2.155602403339725859e-01
7.092851630352353665e-02
-1.928553924395574604e-01
4.046453621576933668e-01
-1.985633836332147822e-02
-6.272479554013797864e-01
-2.560733566763525038e-01
1.430457168556762693e-01
1.292981466874437990e-01
-3.577209010809270090e-02
-4.458197519358308991e-01
-5.370261448449561437e-01
1.921082813647186083e-01
-2.320413335983830816e-01
1.447295724155794883e-01
-4.407864331083826553e-02
2.031247773910854204e-01
-4.047479803328700096e-03
-4.098330532984340580e-01
1.471956908811040445e-02
1.764588533113264912e-01
1.469600871311899926e-01
3.093479500137197857e-01
-2.223915991201052822e-01
-3.770197195006912971e-01
-1.854643477678827035e-01
-2.013935009960374570e-02
4.702790018625672974e-02
-3.142928936264505896e-02
6.030056129236695261e-02
-5.703428617768152575e-02
1.084018964036226468e-01
-2.242338718015070287e-02
-1.916908544423886751e-01
-3.569093377886254359e-01
1.558777784928379317e-01
9.530282912215662372e-02
-1.442983610379423021e-01
1.731183322393983481e-01
-3.110752475984783841e-02
-1.899328756071353153e-01
7.904443711597344130e-03
-2.119243627488526238e-01
1.267842413728147988e-01
2.289191468051022527e-01
3.148951782110598896e-01
-2.208377623822538049e-01
2.961234127864230143e-03
-5.440194805739635361e-03
-6.054658113558780697e-01
1.819215587590750256e-03
-4.431497743394806066e-01
1.470127759981067206e-01
2.951041121474788920e-01
-1.301202903081997708e-01
-5.922834543599493629e-02
3.236391999755163784e-01
3.923975527567862692e-02
3.123863223501501252e-01
-3.959519303053755657e-01
4.953125195816372728e-02
-5.761502832725408085e-01
-9.345830079665332774e-03
6.301004948070471068e-02
7.451998538803129846e-02
-2.328576746703488187e-01
1.000000000000000000e+00
2.674790287615094742e-01
-2.275509682551604129e-01
1.320603995152455357e-01
-3.061819031738181596e-01
3.252487807149749832e-01
2.846222578228991829e-01
1.991180813794149115e-02
1.701527192724676396e-01
2.583339181200918766e-01
-2.145135268919990193e-02
-3.745041734619277557e-02
6.095646851849493286e-01
-2.095600678907743597e-01
-5.152606888443577171e-01
9.071791537106504988e-02
-4.859448324029894822e-02
2.084858639020304438e-01
3.236016079300105819e-01
2.844502289498422945e-02
-2.844455557675623081e-01
-3.199112456133848537e-01
1.367358709970436723e-02
2.122336083531008721e-01
-4.329052866570145541e-01
-1.461200369181178960e-01
-1.563096898695437997e-01
4.188029491557504133e-03
-5.169333604483604683e-01
-3.096916505695792576e-01
-1.968181356209407484e-01
-1.993823566207213460e-01
3.013504620069260564e-01
-4.056998987393909961e-01
-1.337207732517014247e-01
2.796291851501934295e-02
-1.421940280514202848e-01
1.908256146871241399e-01
-2.784465441453904955e-01
2.912394513767387894e-01
-3.651569160771786504e-01
4.143998681894266456e-01
6.502438969439245930e-01
1.410934159730709292e-01
6.639427668833153273e-01
4.484501720308484152e-01
8.522204810910810613e-01
8.904027008589021630e-02
2.323877166128536509e-01
2.357348268222464460e-01
5.632693471848807532e-01
6.540633914885972677e-01
3.884078700429253184e-01
5.451067715423321136e-01
4.592557852772541915e-01
4.899451186814287040e-01
1.995138924499735289e-01
-2.533676591544817627e-02
-2.153772810945619731e-01
-3.075565419926578059e-01
1.870333101903470241e-01
-1.427295790237743944e-01
3.270845683734472376e-01
-1.472279731828594340e-01
3.094570890679692599e-01
1.863776877582851987e-01
-3.550803959313105634e-02
2.408010578817794400e-02
3.495072844559235503e-02
-1.259686049303192223e-01
-3.543864459219662755e-01
3.292548200415621462e-01
-2.131121536956060436e-01
1.995992754537713187e-01
-3.476505690470698684e-01
4.431544222539186562e-01
-1.073012539058331855e-01
6.444467248966861961e-02
-4.000199047887483678e-02
-2.592192799176861739e-01
2.436723791045167231e-01
1.998029629158896980e-01
-5.869039704907529770e-02
5.249122434200249598e-01
6.924170561426033765e-02
2.281921016024447968e-01
1.847859558847388950e-01
1.722332395555405474e-02
-1.241737917750497938e-01
-3.137451128460237541e-03
2.913473538374318772e-01
-4.348268119492204598e-01
-1.105248395386971422e-02
2.184076777111322587e-01
-2.281271664077107186e-01
8.527760459130379056e-02
1.527876750256586535e-01
-3.153608254207584949e-02
1.088093713332070472e-01
1.505430727645518940e-01
-2.948706568146202689e-01
-1.288970804870276099e-01
-7.497010026060256516e-02
1.912922676157422786e-01
9.402629694674330407e-02
-2.033725171676246946e-01
2.113065045830237951e-02
-7.838681469943972746e-02
1.294664122009801521e-01
-4.220733168607501695e-01
3.397243214016631291e-02
1.555509562489248467e-02
1.580130628476542898e-01
-1.448986698708801257e-01
3.053561982433069533e-01
2.462637143796456429e-01
-1.050968441896218547e-01
-5.611845851101793063e-03
6.531716065876085053e-02
-6.216331012482031321e-02
7.967387466688408137e-02
-2.070789840253205172e-01
-4.630330238167345430e-02
6.633857733151313218e-02
5.372138711237023356e-02
1.784268298887743132e-01
2.930885688552176127e-01
-1.787779046145173412e-01
-1.295021599162961001e-01
7.800824683562938844e-02
-2.516527228749028122e-01
1.004629286757377921e-01
7.379011236832523635e-02
2.231693404269060599e-01
1.556453339921321510e-01
2.601598622172606508e-03
-1.144923482030051759e-01
1.216018466058340214e-01
7.550873215668565952e-02
-5.548888964681712999e-01
-8.951288018255637580e-02
5.283390212719747681e-02
1.665135076952687088e-01
4.592650151923299146e-02
2.236856786274801223e-01
3.216048227742457910e-01
4.157251490592997478e-01
8.543413150830858616e-02
-1.246567296530344260e-01
4.225265302587097316e-02
-2.327424011139181959e-01
2.445396662748297034e-01
2.229535597383030254e-01
-7.120236107947922055e-02
1.609910963640417969e-01
-1.750444750265849336e-01
3.637413800839215949e-01
-1.932834713537015803e-01
8.474188773808539743e-01
7.718768980796414381e-02
-4.590085212563051464e-01
1.951780081649799603e-01
-3.899488300397810914e-01
4.236212722031181821e-01
2.353689810418091721e-01
2.089926578358144160e-01
-1.329913064016607638e-01
3.790360463074636810e-01
1.828896263213651563e-01
1.996896451099988701e-02
-6.892495020393258898e-01
-6.682479610557440219e-02
-1.119172463375131682e-01
2.670484138589630796e-02
-5.780266051347764111e-02
-8.295594967619514259e-02
-2.776754966118035739e-01
2.491116533014341439e-01
-9.429918398654843492e-02
-1.840323767980725223e-01
-2.407992428976405419e-01
-1.572044217123060306e-01
2.959742909702395459e-03
-7.482107175161213652e-02
-2.512877621322321398e-01
-3.329044562929335260e-01
2.047129093862493435e-02
-3.078369289967327616e-01
3.924635431017388654e-01
4.425175821911365159e-01
3.365328612590604562e-01
-1.742761279977525224e-01
1.226640104641128770e-01
2.196380828501470484e-01
-2.205962828639515538e-01
-1.365659874359177461e-01
1.457070079160393550e-01
-1.496812123544561668e-01
2.262650722212188881e-01
9.695931578214060653e-02
9.976903224524491520e-02
-7.925491113495480855e-02
-1.034816593558301190e-01
1.264417727801102065e-01
2.049128225568492834e-01
2.068423251251879647e-01
1.251051806420253598e-01
-1.196498888997973332e-02
-2.813822665596883987e-01
3.592324180464431804e-02
1.057681954125112150e-01
8.127275031852618237e-02
-4.381067426506808360e-01
-3.700407476511827221e-01
-7.895634794199539452e-02
-1.239471978898987604e-04
-3.775758986904227399e-01
1.931947658111920346e-02
2.077644326906625746e-02
-2.032403282486491547e-01
1.891242618170811685e-01
-2.395006117707032881e-02
4.550090453164571946e-01
-2.664119654383503843e-01
3.928398492423263583e-02
-2.580321883337099650e-02
5.894051311989063208e-02
2.012409683825333861e-01
4.155707164666542219e-01
-2.481823860657470238e-01
2.274226422182040463e-01
-2.514762770003923786e-01
6.329050918316364571e-02
1.789158507291932210e-01
-4.824186045158935891e-03
2.545539826330247002e-01
-4.823729976308299000e-02
-4.102345483450778318e-01
-4.441535626409793408e-02
-1.921222158088649046e-01
4.209110088793006216e-02
3.350285824809053348e-01
1.080283491303123955e-01
-7.951977091513579010e-02
-1.005406874771176823e-01
2.647411108575909999e-01
-9.457843440241468780e-02
3.612172826794893959e-02
-3.993872786425784471e-01
-2.335712142750875908e-01
-5.203889308332407815e-01
4.731426707327233278e-02
2.490245275290323690e-01
-3.162743345195498379e-01
3.207248604298878480e-01
2.973690606944111581e-01
-3.006821075561698364e-02
-1.356359882638140113e-01
1.287362360910678238e-01
-9.869020609275387657e-02
-1.827622337494457794e-01
3.435338494645972518e-01
4.781532803190648440e-01
4.537875509569425647e-01
-9.131271855876191279e-02
-1.592705011843777510e-02
6.435075449496086009e-02
2.294163206995316062e-01
-3.796245392150672804e-01
-5.207047193471507282e-03
4.373945927408139367e-01
3.620969078037289957e-01
1.659208798712231286e-02
7.880234423394238963e-02
-1.136008503469742581e-01
3.314700143669396110e-02
1.637359791939978770e-01
1.168553049442715569e-01
-3.463294799001131463e-01
-2.258490638186495814e-01
-2.813558342372825538e-01
-1.589667438155530077e-01
-5.673558973573491482e-01
3.330588873676711970e-01
1.463446541698775472e-01
2.886080477948624878e-01
-2.618754245931456670e-01
-1.321295990929150233e-01
2.178550082913746633e-01
-6.887005417255638584e-02
-2.874758265897463527e-01
2.204191535186252604e-01
-1.011809099975796017e-01
4.119366854043055720e-02
-3.221285335884824796e-01
1.598708433040107665e-02
-2.731933116295377495e-01
-4.427054371082427692e-02
2.770468869318000738e-01
8.075222039503575366e-02
-8.440140508528690133e-02
-2.025979356312634649e-01
-1.980833838351232778e-01
-3.361356867655176939e-01
6.297611942476830788e-03
