-1.896824470358218773e-01
2.680437341276500907e-01
2.116372992706593015e-02
2.326710261535767932e-01
-3.857228565999666348e-01
-2.872285396999638141e-02
9.802799352660994392e-02
1.436301915954711905e-01
-1.490837720041282566e-01
-4.075953581937762082e-02
-2.146147448080617734e-02
4.230500236188994845e-01
1.795631397537235940e-01
-4.081593866372572321e-02
3.221149740617899881e-02
-3.131167029586094941e-01
-1.333162974586911964e-01
1.440556984245983385e-01
1.033748417778479201e-01
1.075360178926476791e-02
2.010971298779840877e-01
-1.287139606042157422e-02
8.200558817991657201e-02
-1.194817411644068933e-01
2.431297311239523362e-01
-2.836737557917833330e-01
-7.934031503716972022e-02
2.197082931822348650e-01
2.549023218391531162e-02
-1.211168046351628613e-01
-4.735588209556291367e-02
-1.594115318787537317e-01
-2.066460603157078413e-01
-6.649566731174239020e-02
-5.434760822654148560e-02
-6.115689456541477387e-02
2.556325449332036426e-01
-1.221658491510310002e-01
-1.308595397535115556e-01
2.535599592816888473e-02
3.197234100117136713e-01
-2.783506628532992841e-02
-1.792324643700471745e-02
1.279817355365208686e-01
-2.754111620268350213e-01
-1.434880431115883800e-02
1.776346325512693225e-01
-2.121082607101973383e-01
2.794358210194667347e-01
-5.179974890315750327e-03
-1.281842519772499467e-01
2.303244667245102351e-01
-3.091689324474049538e-01
3.570767186637214402e-02
-4.583971142120258496e-02
-2.261394194092189447e-01
1.677555489768732810e-01
3.269467736697563298e-01
1.639656591685857354e-02
4.932077833878145690e-02
-2.595320847627799812e-02
-4.724736176547409544e-02
7.145898778301140730e-02
1.420414689539320485e-01
5.603353380186926885e-02
8.374581797572497321e-02
1.874067499385108360e-01
-1.958898110161221562e-01
1.615991825936338167e-01
3.189215110070420245e-02
2.291054061251056317e-01
-8.147461815096154747e-02
-1.216784104271784878e-01
3.272578597092141162e-01
3.943339177567136145e-01
-6.171495970427517963e-02
-1.955963044393727590e-01
-1.849808146445106605e-01
2.306444358193816269e-01
-1.593012097995617493e-01
-2.329949208872290622e-01
-9.185461931440661032e-02
3.196824560805047039e-02
-2.874931460110614900e-02
-1.314604660264724056e-01
-4.489036513804851164e-02
1.257384778383747181e-01
4.566999409945377703e-02
-2.720674425367493668e-02
2.242069865679615914e-01
2.229614634504350212e-01
3.846605614899434224e-03
-7.736086930867018541e-02
-2.432839366874997925e-02
1.170325501754441999e-01
-2.929421132594555582e-02
-1.563296823438876659e-01
-7.468527108122195723e-02
1.815169933596443852e-01
-1.112566032862606358e-01
1.579218120331052633e-01
5.327854990708951605e-02
1.402720454243507886e-01
-1.324887008776636232e-01
1.112040881265848394e-02
-1.983040789964157780e-01
-3.581514684222006362e-02
1.226545179902310684e-01
4.773832945307172199e-02
-9.840953290936796383e-02
9.350830760211183146e-02
7.713984393867391598e-02
-2.746764318653809878e-01
-6.191684166621976709e-02
-8.516099556997147602e-02
9.948557551001737526e-03
-1.984740950799522008e-01
-1.475943724120643286e-01
-9.228987770747842934e-02
-2.258996562204473174e-02
6.465398868975771873e-02
1.953346539386335845e-01
7.875285594000636102e-02
1.661006592388097197e-02
6.800263279009233219e-02
5.189059122581617112e-02
3.077946904350991053e-01
-1.174000488616368659e-01
-2.104506467837001515e-01
3.775916354851552911e-03
3.433269683801314781e-02
4.850926289536179083e-03
4.864027975037019114e-02
2.425476405431389610e-03
-1.887095560983155507e-01
2.008023833835003435e-01
5.034305177236431117e-02
9.594524984122554390e-02
1.479818536076571156e-01
-1.139912746156800522e-01
-1.101143190546033657e-01
-7.173964619932435283e-02
5.919147784408158863e-02
-2.955957743855980313e-02
-3.904633362618618094e-03
-3.360777837099575005e-01
-7.114524128832844241e-02
-4.129213075171483949e-02
-1.334184164558694929e-01
-1.791680820395381568e-01
-3.569612835572223003e-02
-1.040494586233504069e-02
-5.043127447972902376e-03
-1.588955793945283079e-01
-2.020023272068996109e-02
3.367903217692717194e-02
1.162157589487750227e-02
-1.486235386168265615e-01
4.692595441533937289e-02
5.944970169233539103e-02
3.063582126260529920e-02
1.817825480073675115e-01
2.645684422537609212e-03
1.753318674968864788e-01
-2.455752557696798122e-01
7.296739529064912022e-02
-2.036098659756442331e-01
3.262129125376427713e-02
8.375743602081389683e-02
2.288514085644325624e-01
-9.432907839835019681e-02
-1.685058171611826250e-01
1.420102258649204863e-01
2.498991408115593116e-01
1.284632128427539155e-01
-4.815713618751184949e-02
6.050104505661221821e-02
1.347748117945356539e-01
2.572678597841306369e-01
-2.035297979270466948e-02
2.328378158091690686e-01
1.988120071313607129e-01
-1.944969422998437114e-01
9.895212287042412513e-02
3.383364384309614503e-02
-2.806940880991355969e-01
-9.628404811892644910e-02
2.974523951724799067e-02
-2.748178103854656551e-01
-4.268940674264510432e-02
2.296913031639268021e-01
-1.787644400317045246e-01
2.002759365168903238e-01
-5.754076837816277101e-02
2.223116523014792220e-02
-1.331419293974718532e-01
1.371754771065427370e-01
-1.268728811286150560e-01
-8.247527059535085525e-02
5.177145082326278791e-02
-4.908511286165457427e-02
-8.098512577704757714e-03
-2.090670344190730667e-01
3.956665325242910147e-01
-1.471961337645279755e-01
2.192318534880990932e-01
-3.699519311704329953e-03
-9.910562256327667963e-02
2.549843526592898701e-02
-1.828049512723915748e-01
-1.305238520160616200e-01
1.127678578972424045e-01
1.003232486814423646e-01
3.420355967321232152e-03
-6.633161075881317814e-02
1.594995431929654428e-01
7.436821382175794193e-02
7.691535244997253773e-02
6.645056037188644404e-02
6.579789420426756727e-03
1.664329409274249716e-01
1.333782866909147269e-02
2.406061390371022068e-01
-4.879819049191010810e-02
6.472008402702379704e-02
2.414060355901173280e-02
4.649965959194934939e-01
5.479360446677216528e-02
2.165251969327459669e-01
2.647512490395413365e-01
3.942262777780718846e-02
1.297496105841822456e-01
-5.527147434725742867e-03
-1.648360231192578518e-01
-7.404986585624429019e-02
-9.978668109604454939e-02
-1.489175404058581398e-01
-4.061715743963419112e-02
-1.287480290405709493e-01
-1.121871245279464635e-01
8.095915673765705090e-02
-3.249786963397586353e-02
-1.595870103935918827e-01
-8.936232750058248353e-02
-1.878633858559907721e-01
-3.179401422360838558e-01
1.337631012494140403e-01
1.332629912108349302e-01
2.747789809754524470e-01
-1.697070488047311143e-01
-1.359420104297318632e-01
-1.778632344398693166e-01
-1.096145685823892574e-02
1.229930626334229532e-01
4.026490041906415351e-01
1.000000000000000000e+00
6.271153689322602753e-01
7.998893983179825029e-02
1.508516963204072914e-01
2.513222603052505111e-01
-4.232794212150978175e-02
-2.570061013110839787e-01
-2.106883066864225218e-01
-1.328246305602346355e-01
1.422097499074408411e-01
-1.172051206289105169e-01
3.798788711035736010e-01
-3.011177836732147339e-01
5.984185323217230956e-02
5.054586886189325196e-02
-7.660886824868223810e-02
2.024793312936984391e-02
1.581203437640379406e-01
2.684184337818708577e-01
-9.448362533245584227e-02
-1.305906273267165296e-01
-6.705677223042807999e-02
-1.965365616280293978e-02
-1.232712298921939259e-01
4.743513604445209059e-02
1.556818492689910349e-01
-3.075408836638949817e-01
1.890839336119395364e-01
-2.854631148164739063e-01
1.474139759468353905e-01
8.492531426207322598e-02
2.606647093078252597e-01
1.333429996675630502e-01
-1.571287613905179292e-01
-1.291735793237509637e-02
-2.561242594271631243e-02
-1.298740365723163870e-01
3.253140931703595029e-02
2.581538476067061771e-01
1.649720569827461958e-01
-2.262050557273362263e-03
3.060296798412174279e-01
2.192672812975840838e-02
-1.145307642062199510e-01
2.245554713102070055e-01
1.245993666246715814e-01
-1.594895268863137650e-02
1.411193355553776452e-01
-7.521188143099479147e-03
2.613651074852973641e-02
-4.360352936834133858e-02
1.089028308324412747e-01
-5.577301902059247224e-02
-2.124467765273965400e-02
3.552016613810904944e-01
4.616016969999380687e-02
-1.392023839202980173e-01
-2.049052668015295120e-01
-6.574478236642100626e-02
3.780881011299481315e-02
9.705504917911360330e-02
1.074558600072356290e-01
-1.331328578069382595e-01
-2.116926254740470470e-01
2.515275213242330193e-02
-1.490464952173850555e-01
1.760438643285159033e-01
7.816895295943279698e-02
-1.077064448591825152e-01
-4.089873552010804547e-02
1.199920309928004941e-01
-1.142646892941797526e-02
-7.960412323279189573e-02
-9.943130358259755219e-02
-3.970530668940490671e-01
1.087952059499083975e-02
1.197643074151071990e-01
-7.819787628937311871e-03
-1.111213062128498658e-01
1.794295929064382011e-01
-1.890421927338779839e-01
1.587565187463915728e-02
-1.524602744754664785e-02
-3.091586152781003460e-01
-4.030818171346509798e-02
1.947475476950385684e-02
2.205045247581731427e-01
1.436621888249848822e-01
1.853584223601032477e-01
2.347339907469035009e-02
-1.710249372413176205e-01
2.002822409857024297e-02
1.229139264592391950e-01
3.078964436840885277e-01
-1.803602420925419225e-01
3.876453316243758107e-01
-1.711214681171031038e-01
-2.675501873854800247e-02
-8.901111154267510317e-02
8.715167813193649970e-02
-7.114939906984361906e-02
3.664446656571154759e-01
-5.024043793022952425e-02
-4.761577634180323704e-02
1.568130772869170964e-01
1.451019545408122891e-01
1.067527500050442502e-01
-3.214969722991820045e-02
1.180846439061987163e-01
-1.261595796471879638e-01
3.645257862155158457e-01
-2.575772720189142828e-01
-1.493961551453237002e-01
1.559914458975444895e-01
-1.493408703026543882e-01
-6.512031143910788911e-02
-2.775264515640163965e-01
-9.547191691331630148e-02
9.713766693543704478e-02
9.134810568856796542e-02
-4.010617406142941849e-02
2.541717904526403782e-01
-5.396924222907440588e-02
-1.222721259297244872e-01
1.388285297102308420e-02
-3.641681404660865318e-02
-4.113298045975518485e-02
7.977382849780488561e-02
-3.300355848492262933e-01
-3.467229889219285849e-02
6.708037558845907078e-02
1.311896356279226503e-03
2.855118760428292379e-01
-1.444892867870315456e-01
-2.730954322425318062e-02
2.321188690223458251e-01
2.800348292882944290e-01
1.398204550343649100e-01
1.194446506584457696e-01
-1.321421662715975553e-02
-1.057042639138461998e-01
-1.410241096967266294e-01
9.452723080467165251e-02
-4.423806042376242365e-02
2.543394467297403483e-01
3.061136650923784730e-01
2.780704548290128739e-02
6.692116811250718722e-02
-3.955144086089986133e-01
2.154687015883540724e-01
-4.397002216652397960e-02
4.720374989754801826e-02
3.641097606472015746e-02
2.366118467095875144e-01
-9.596680835270479659e-02
3.627027940503655540e-02
-1.477445673684981697e-01
2.553198286438586664e-02
2.020883506446875810e-01
3.689369328869866738e-02
8.861005765717152802e-03
-1.363685076834455778e-01
1.892867908495789175e-02
1.540490329504663834e-03
4.549850187674386315e-01
2.671917758539340756e-02
2.096860978447276647e-01
-7.262786247721966792e-02
1.962643142198261526e-01
-2.257996901452727356e-01
-1.678594147935004444e-01
-3.094709620451987012e-02
2.099115854190522767e-01
-1.367881750110310768e-01
-9.347588592073052816e-02
-2.275957628410948397e-01
2.790951126530072379e-01
6.309309983520264287e-02
-4.113869427123909711e-02
1.843552654962146362e-02
4.675010449127569440e-02
-9.576610535047787309e-02
1.067425641868452041e-01
-3.233281888243564467e-02
-8.669618553482848558e-03
1.709862831044893158e-02
-1.081657412318876438e-01
-2.192851521879065069e-01
3.068222431869082611e-01
-2.748436463401777163e-01
-2.424859478582522265e-01
9.995214492452948740e-03
-8.359804415109216291e-02
-1.778591929133841454e-01
-1.410007687264305809e-02
-4.419010449355021547e-02
2.336768456741678268e-01
-1.921738571320516509e-01
-7.616888458171199028e-02
4.298471281414865258e-02
1.877450356006665072e-02
-8.102059190041371872e-02
1.719853412578782881e-01
-2.801712523315970371e-02
-7.753008544257961217e-03
3.892854766293528390e-02
-8.802343709016348383e-02
-9.653822855369396938e-02
-3.745896201726189173e-02
4.933774444716541863e-02
3.782386556527025379e-01
1.731316003969451955e-01
-1.319800735318708562e-01
-2.641618764469428893e-01
-2.444583103934179769e-01
1.474568408549492005e-01
1.699843297842934531e-02
1.876451658687586788e-01
-8.844914194226576390e-03
-7.167944754763662385e-02
2.774753812666458722e-02
1.174781904698728036e-01
1.917988447195233953e-02
1.538977069564566869e-01
1.253641018444150157e-01
-1.512727924681949998e-01
-1.532100589229951348e-01
-3.852894000088587234e-02
1.027664074923599485e-01
-2.661264224582789162e-02
-3.463940455685595721e-01
1.901789494348334053e-01
4.289209588774502840e-02
-2.160457102780728722e-01
2.756653439812779549e-01
-1.545683877292178821e-01
-1.634946472123335048e-01
3.361126832869789499e-02
-1.114252538148212228e-02
1.706710552851880278e-04
-1.183730541671609710e-01
-4.604320853696994460e-03
-3.259779265130841597e-01
3.045111531344562028e-01
1.899210988828062274e-01
-5.719147419841299346e-02
-5.149571072467742233e-02
2.109978401025991990e-01
6.222612370222535549e-02
9.778611677135683189e-02
2.089011109648354278e-02
1.381414143148419205e-01
8.658349001992814153e-02
2.071086474810725497e-01
9.578052086294527867e-02
1.835075028499128791e-01
2.843299018080245322e-01
