9.768593521313080619e-02
-8.908434369667886377e-02
2.919501517348869687e-02
1.659248669864169801e-01
1.073707290858555430e-01
-6.144560779500485292e-02
-2.682341415214535840e-01
3.424954016827854164e-01
1.720164561243096579e-01
1.127035437936861062e-01
9.385674132512589196e-02
-3.153091788215781760e-02
-5.913710163893525634e-02
-8.901402946214861944e-02
-2.196350005473608202e-01
1.284804807228755452e-01
-9.953699937408219678e-02
-1.284766176072188182e-01
3.306598370733578873e-01
2.978314998861528728e-01
2.658846800515200504e-01
9.857473358330375024e-02
1.175383304715686278e-01
5.242860466422043925e-02
2.271905355352078076e-02
1.468900727041707599e-01
-1.059884284248018144e-01
1.500810194103979200e-01
1.812184825221803686e-01
-5.392924552784042480e-02
5.302428912887900692e-02
-8.617752808453579827e-02
-3.065124170770937018e-01
2.438722420422043125e-01
5.357031449835547576e-02
2.924390155108967937e-01
-1.478400321721699828e-01
-5.780270392681483710e-02
-2.763801374379788456e-01
-4.576310835236317015e-02
-2.760624909632369839e-01
3.015859916479834285e-02
-1.240345922660939376e-01
3.811978217766608112e-02
1.106439270703372391e-01
6.787899238356862042e-02
3.882778967542287185e-02
9.778884163071271951e-02
8.556457775394474274e-02
3.669597228417635637e-02
-1.148359294177480200e-01
1.890345846493539719e-02
-1.560422507115712468e-02
5.013000451720808770e-02
-5.933455010627185222e-02
1.769509703097871811e-01
-9.576167125205937991e-02
-2.091656927919817791e-02
2.724778854465576550e-01
9.082375471591691563e-02
9.928167328209237807e-02
4.728049395119091058e-01
-3.542537946715768604e-01
-1.469467624153698027e-01
5.153682835855930566e-01
-1.368041029160734501e-01
-2.640329059610286855e-01
9.281963970242307349e-02
-2.792812937500613324e-01
-2.481047760720256901e-01
3.303212407397653622e-02
-1.053607056956428062e-01
-3.655790304452634365e-02
7.638771792020450369e-02
-2.721075198440970899e-01
-1.692937692101958436e-01
5.928684320650311201e-02
-1.249504681205991646e-01
-3.094946367539765375e-01
8.007643797503231908e-03
6.970809461426737130e-02
1.542889420316757298e-01
2.113084241218273762e-01
7.315081494357501303e-03
-4.182571323825051146e-01
1.165949678155211444e-01
-2.551042615269303870e-01
1.018206394402400815e-02
-1.723982179291925765e-01
-2.062921868527348712e-01
-4.704909329713843347e-01
4.579351058510082451e-02
1.466322160113403550e-01
3.872984403798833408e-02
4.973746785812257348e-02
9.806451934504170631e-02
1.884589179104260714e-01
-1.024866268679133913e-01
-1.461944503685091989e-01
-1.090258463824829299e-01
-6.922942800999148938e-02
2.770170133038418747e-01
8.740690950504965973e-02
2.295666552313752051e-03
2.953274717342899147e-01
2.517591288274347305e-01
5.552648643685029195e-02
1.142253148758894388e-01
6.334101350038333356e-03
1.105593955928051569e-01
1.173323885863426647e-01
1.438279375377450597e-01
7.160470144856440067e-02
3.069764827069790258e-02
2.436062211723636350e-01
1.748588414797175861e-01
-1.183890752135692212e-02
1.937385653722085432e-01
1.525525510068192203e-01
-1.832809866171021540e-02
-1.206010338708513041e-01
-5.815296707150516275e-02
-5.462962611708007191e-03
1.071534841517458869e-01
-1.992467985192624205e-02
-5.824297320958077284e-02
2.399440347178175004e-01
-1.397558014827890993e-01
1.377043902116620588e-01
-9.790083418589616560e-02
-5.012522604078387296e-03
1.209438481467177695e-01
1.425185217502172308e-01
7.509341808642944205e-02
1.125633001549803947e-01
1.024981958696392081e-01
9.963586944613778140e-02
1.342268720594530229e-01
-1.426478704202343573e-01
1.125010054961399913e-01
1.575150179995115848e-02
1.225878727579109984e-01
1.580938680663011298e-01
-2.753506305224560080e-01
-1.078960413908181502e-02
1.463267312580156798e-01
-2.316937585937033917e-01
-4.034888548755328347e-02
1.346042282397546808e-01
1.005651994987005332e-01
2.226440097429291942e-01
3.702979816592519291e-01
2.229337600989187984e-01
-1.200268877049296273e-01
-2.613543891672684971e-01
-1.480461186587787303e-01
-2.072841731287109954e-02
-9.001698170931145271e-02
-1.072458092902392052e-01
1.326271519973843682e-01
-5.792026139148458153e-02
-2.556652750210253872e-02
-2.988503132447319424e-02
8.127523804011146935e-02
3.774037047577980669e-02
1.830217028967115814e-02
6.679659848910400599e-02
-1.868287323116205392e-02
-1.048764855914865873e-01
3.986513152707690799e-02
6.207583663812844821e-02
-1.664716697151019109e-01
7.568319408645848845e-02
2.978831487568358791e-02
-1.037226941122652568e-01
-4.904648599730546815e-02
2.040882901451539500e-01
-9.894743250042543903e-02
8.260032369992249823e-02
-1.497243171323671407e-01
-1.189997165781392641e-01
1.248177559010572729e-01
8.936160432738708692e-02
-4.407129552805535977e-02
1.874328301338829550e-01
-2.509269645790266900e-01
1.579908971236881621e-01
-2.215806169306579199e-01
1.990424562005153053e-01
-1.558186758630575042e-01
2.651503091406440804e-01
-2.556871502752895986e-01
1.541272634364082225e-02
-1.007803721228900384e-01
2.170008696160918016e-01
-3.157047077752809378e-02
2.591905903380121723e-01
1.594115681453252553e-01
1.618718211797596507e-01
1.747652226275482890e-01
-3.613903761574326079e-03
-2.065025600864537625e-01
-2.461447123732795825e-02
-6.490780980264421185e-02
1.885003483035876115e-01
3.294024705381261992e-02
1.622218351598810337e-01
3.765196347754105055e-01
3.480877259035654592e-01
4.188934698810959367e-01
-5.799644405246850987e-02
-1.742955477702580469e-01
8.150051810116927531e-02
-2.106891935735220600e-01
1.103670525069987279e-01
-3.736865847221522707e-01
-2.477078970763750831e-01
-1.421045345672454219e-01
-5.032648851174776478e-02
1.764241385147805596e-01
-5.043194528129752996e-01
-3.353137916036542654e-01
1.953023350963303123e-02
8.548763204801651527e-02
-9.082718155343706690e-02
-1.013107276200625184e-01
1.097845975627047554e-01
1.489449844276441171e-01
9.566879219501484011e-02
4.743063900904807839e-02
-4.922959710715423681e-02
1.172319380719584470e-01
2.852779727962008738e-01
2.827084609189026501e-02
-5.231006717547469903e-02
4.934878414208199171e-02
2.595737504197779821e-01
4.075641028734433569e-02
1.651840737305153295e-01
2.276304441308693235e-02
-1.928518212866053017e-01
-4.722868681544884623e-02
-3.389452669137411195e-02
-1.661725272304719891e-01
-1.584733830943794441e-01
7.103895968864580579e-02
2.172702295486020618e-01
-1.867996559939999468e-01
-1.897121954312555037e-01
1.602221127816298163e-01
-1.225275523072885814e-01
-1.048694937766098123e-01
2.992781316194644270e-01
3.276400764437539803e-02
5.003976200968978105e-01
5.609431715973174359e-01
1.000000000000000000e+00
7.509990593775949241e-01
1.945996277762702953e-01
-5.203014275219062373e-02
-9.155354843994382985e-02
2.320189275520329886e-01
-9.169897753648986738e-02
-1.902952042940798949e-01
-7.042018743130247505e-02
2.465517986071516857e-02
-3.759991339878505402e-03
-1.317029350248714314e-01
-1.285620166928813091e-01
-5.367786015378770564e-02
6.025228560333677555e-03
-9.822833108021958304e-02
2.194134300650216196e-01
-1.502159072660104178e-01
-1.612964302739347267e-01
-2.211729923455590940e-02
1.931178099710503249e-01
-1.635677282589218795e-01
9.123523578492413744e-02
1.004240326624094432e-01
1.552118252523575770e-01
-3.833721051425712650e-02
-8.053306437847915222e-02
-4.329951302293555404e-01
7.308491308756485949e-02
1.007186236840604265e-01
1.425162935996350869e-02
7.057370848130806174e-02
-1.058415311476745280e-01
7.057891842600358401e-02
-1.131506835398071176e-01
-1.103166225140921330e-01
4.970648845699338070e-02
-6.058037568339633659e-03
1.558675887016308659e-01
6.898773182000014770e-02
5.083118342750632748e-03
-2.442358380334304913e-01
-2.489999937123848345e-02
2.836978400745122086e-01
-2.426630508543528852e-01
3.494220065761017430e-02
1.010446590135055389e-01
-1.481926525174837896e-02
-1.921829729182878421e-01
-6.868703984146393160e-02
5.228708410017427616e-02
5.972400472001614807e-02
1.258495861288937666e-02
2.864298133170445348e-01
-7.910437378115220408e-02
6.244592735217077695e-02
-8.386382091934679872e-02
-1.907396157226147748e-01
-1.435953596707716939e-01
7.356458172874213997e-02
2.297659244307647397e-01
1.801887575446883272e-01
1.170717408887612249e-02
-5.662176382250644346e-02
4.972363544543397657e-02
-1.067179831568924042e-01
-2.364352615210739070e-02
-1.743273858439623458e-01
1.997447584992989925e-02
-1.638220768008862849e-01
8.101639362464384264e-02
6.136060371226738364e-02
2.329895464713386752e-02
-9.596948593694732375e-04
-2.299981729026608079e-01
2.248590171613154831e-01
4.216715081308975571e-02
2.525818106983012679e-01
9.504666424088537013e-02
-1.833623647701776160e-01
1.128105433832849586e-01
-4.304944500757175163e-01
-7.609676286246674914e-02
-1.334848429991827012e-01
1.206541934183589515e-01
1.939667693180100599e-02
-2.812733561410728569e-02
6.020832938735851125e-02
-1.323922383416993309e-01
2.209063417927114581e-01
-1.279069117253661958e-01
-2.408890081638270439e-02
5.479555915180923942e-02
1.515391143452134715e-01
2.915495497234103506e-01
2.237394796208410641e-01
-1.036160793529796315e-01
-1.040347057737809611e-01
-1.532492231160776652e-01
1.005717975476671661e-01
1.581882565791176976e-01
-2.688844904821864699e-03
1.546171840997911662e-01
2.387347009206891926e-02
-7.438242401676405102e-02
6.241995770492016898e-02
1.044480655775943401e-01
-7.856739574815788107e-02
-1.508129487323403572e-01
-1.172262063941073573e-01
-1.636734287561774914e-01
-1.972716988209455569e-01
6.488468212600256857e-02
-6.267343003111155303e-03
1.667424041925022471e-02
2.920254855360286950e-01
6.894003923449558424e-02
2.910419701671679987e-02
1.385906992561644069e-01
4.520480425885630149e-01
4.867556001476811001e-02
1.558499931129161964e-02
-1.971900414993973116e-01
-3.613533057723559150e-01
5.085071871935718801e-02
-5.544483681386327273e-02
-6.000882648125403090e-02
2.179646537982391774e-01
-4.135227153876056688e-02
1.333274602247542517e-01
2.062644676749592065e-01
1.494789437032925938e-01
5.059259731067879129e-02
-9.400990849317820974e-02
5.523258575454427673e-03
-9.302833439213196998e-02
-8.373911148713843178e-02
1.632752562010698627e-01
-2.403062818880444609e-02
3.197343517876406749e-02
1.910592365597728326e-01
8.568222266563544146e-03
4.216872394533723867e-01
1.820147609417311074e-01
1.574548333527030775e-01
-1.502953333620123122e-01
1.677313942220104159e-01
2.013013988889920391e-01
-5.190627644125748313e-02
6.385685251743326851e-02
-4.173234844802324872e-01
2.946968659135501545e-01
1.435834059929100570e-01
-3.829389368776977415e-02
-3.063255665229830949e-01
-8.150535091409201460e-02
1.524926877643004997e-01
3.345976440878711822e-02
-2.843074929454748878e-02
-2.537757812150156500e-01
6.012790001741950829e-02
7.621819667421990407e-02
-2.919584150644915707e-02
4.017604196721390186e-02
-1.732964018122821193e-01
9.612412845776077686e-02
2.358500234246843630e-01
1.955845809781203981e-01
-2.532306790431453347e-01
1.537790881369132667e-01
2.403404700001687735e-03
-7.986801336375169702e-02
-1.068827994029807049e-01
-5.267524608305929057e-02
1.479980891338338600e-01
-4.336947014635224307e-02
7.811794238032800097e-02
3.098508162160142909e-01
-5.679363640852336942e-02
-2.737419365845539798e-01
-2.040966711471185469e-01
-9.931903375305649317e-02
3.422038115473279851e-01
-5.055140822934756084e-02
-4.223297025693351081e-02
-2.170581311170151351e-01
9.307399486011119771e-02
-3.831727101111208431e-03
2.674578431253347155e-01
-1.781661009106697002e-01
-8.716356695648554143e-02
7.117461844196201759e-02
9.590713268822004256e-02
-3.208889622291739574e-01
-8.812393199963240720e-02
6.816667828239748872e-02
-1.651008513637193531e-01
5.776663593251182144e-02
2.474377419135248835e-01
-4.644247455757564286e-02
4.291976761397420931e-02
8.307883553022456236e-02
-3.846667306763411620e-01
6.364139682409096672e-03
-1.674400232313389136e-01
-2.742209712308490976e-01
-2.579632978615349903e-01
6.050418839877380606e-02
5.111974941098835351e-02
-4.873201609376157650e-01
2.933809061017076877e-02
-7.964107154701942359e-02
-1.593739428043357276e-01
5.232393854348087181e-02
-2.462930388917367319e-01
9.436302022413887991e-02
-5.374881731875547075e-02
1.734648852790815488e-01
-4.284738338939698965e-02
4.905008051245884036e-03
1.635388923084676593e-01
2.461056399519610804e-01
-2.540831123635110544e-01
-1.117461406813944486e-01
9.660420641614805848e-02
-4.555459938500885236e-02
-5.532958403534706665e-02
1.647148160431529396e-01
9.067275301132338150e-02
-1.228164284394240163e-01
-1.613556324017076989e-03
-2.460283750235466305e-01
-1.763328965723570951e-01
-1.367987017161371166e-01
5.582381362886761067e-02
2.554315171094442838e-01
6.820374185209715501e-02
1.713578251347554759e-01
1.768475966656879173e-01
-4.184390244763207534e-01
-9.325973204421238172e-02
-2.192945812065490718e-01
2.428825504180265882e-01
-1.805305038674092366e-01
-6.497380618746459446e-02
1.709267477898337162e-01
8.933599502363606670e-02
1.195584654403435976e-01
-2.518562234908554021e-01
4.026058899604584296e-02
1.864360666184975146e-01
-4.405014908598735013e-01
-1.609323525877496552e-01
-1.016421264311620637e-01
1.123767119968445694e-01
-8.024059340344384672e-02
