5.919226838092212645e-02
-1.152435469004447072e-01
-1.115006346766873463e-01
8.884260499360122076e-02
1.002098348417310332e-02
-3.301704096727639537e-02
-3.671951071869116595e-02
2.066183420279567307e-02
-5.545269570431216738e-02
-3.171110026497422907e-02
2.161847100862715476e-03
-4.289957554865675600e-03
-2.280926547814783253e-02
-6.480528848058979274e-02
-5.596149754192725895e-02
6.620347125147107992e-02
-2.924440986492534908e-02
-1.322784839631165610e-01
-4.824865603829493754e-02
1.431706860872837550e-01
8.150688573482443855e-02
-3.661156744781717681e-02
1.079001080965942688e-01
-1.248033017252213606e-01
4.802194697583760802e-02
-1.313070507856660130e-01
-2.453701469775755595e-01
-6.585285518677558292e-02
9.714378525202305159e-02
2.151513090748879142e-01
1.790975105519214128e-01
-1.404194051279178956e-01
-3.785532845639115462e-02
-2.429436879587015471e-02
2.484249168786106104e-02
2.272414576095100128e-02
2.136788115646749697e-01
-2.572720217237835574e-02
7.470006747364980881e-02
7.974111433106540955e-03
7.404349546321031816e-02
8.873798372704358450e-02
-4.030740356952151882e-02
-1.203083172594077016e-01
4.324452665554381209e-02
4.134795806406441065e-02
-4.478175468907876627e-02
5.529700771555835781e-02
-1.580871319976309419e-01
-1.472750434003509881e-03
7.019012988102419151e-03
5.403666782216288988e-02
2.083781245847042551e-02
-6.108517147182135343e-02
-9.334059309114213498e-02
-5.449701719152595658e-02
8.841293315255295548e-02
3.288497241367520363e-02
8.157827822654510619e-02
-7.547089801209114213e-02
-4.543153030155559768e-02
-1.368130886055496202e-02
-1.442674747289427427e-02
2.436050402407283905e-02
-5.367961639859961803e-02
1.743048238717133380e-01
-4.605298094446224483e-02
-7.096158829324673845e-02
-1.347287171417963555e-03
2.027158234308366197e-02
6.798977193509177230e-02
2.514536261774840548e-02
-9.232535993442907152e-02
-7.146686985568970196e-02
-1.186623392776726682e-01
-8.785907185621585902e-02
1.716567715604153110e-02
8.936033997423019348e-02
1.158776046414075438e-02
1.434475670635079192e-01
1.616271277412515417e-01
-5.006727989246606558e-02
-2.313983542829088288e-02
-3.185165674030610017e-02
-1.415988955792317205e-01
8.246395815664070428e-02
-3.918533101706363903e-02
4.448894911603581970e-02
-1.714227481660298980e-01
9.463698829504517407e-02
-8.562538735927643224e-03
-1.634852767939900045e-02
-6.191762997489046877e-02
-6.420846938491327205e-02
2.230667280679797526e-02
-5.355791756355467864e-02
-6.279073960007366950e-02
9.521063037878677027e-02
1.850821451902940826e-02
-9.120030129307497846e-02
1.389279865530676783e-01
-1.260000221343393068e-01
1.750477291972964422e-01
-9.262457923483085123e-03
-9.233435999397873392e-03
-3.960199012997526330e-02
9.293370930117403339e-02
-6.840589993696491629e-03
1.354955554983885979e-01
5.054161465054447799e-02
-3.208190403769493881e-02
8.871015744113265600e-02
7.991854542130739448e-04
8.362155899724556252e-02
-9.761190762882926419e-02
5.188799782518923459e-02
-2.636685938258274617e-02
1.498237723767573415e-01
8.078851582760276928e-02
6.378292622551400004e-02
-4.206808599467468102e-03
-6.675067774331829018e-02
9.484137290441949086e-02
-1.329195705849414433e-01
-4.949875026376273496e-02
-7.438975623671939541e-02
2.092959414407246851e-02
-1.087564832326190917e-01
-1.426945963810804241e-01
-8.032150127482097501e-02
2.337258372485245816e-02
4.184423520112756298e-03
-1.661819536698597721e-01
8.998580957597478169e-02
1.039199184040457830e-01
-6.827348159685550644e-02
1.397087551827113361e-01
-3.701875923143899128e-02
6.886972356261118582e-03
1.006151583622105772e-01
-7.314476408736758639e-02
2.105161851560872002e-02
1.096718852563284413e-01
-8.291094850353124268e-02
-1.181726851142453905e-01
3.913167038183298224e-02
5.798008334103414707e-02
7.206908427639005521e-02
-6.930782692514626808e-02
9.097820163616651690e-02
-4.729734714450613969e-02
-5.600916845652135351e-02
1.565212638369567755e-01
-1.833886058770065053e-01
7.126191877246908224e-02
5.838561193958926449e-02
7.134812482196403738e-02
1.333480707606735094e-01
1.908878280646108261e-01
2.219540288860554281e-03
4.305559193218709557e-02
9.553319354804046259e-02
-7.138292208097445600e-03
-8.006940451231568320e-03
1.174107625951497785e-01
9.870736285034058602e-03
-9.895771073567882770e-02
1.740123258754023294e-01
-1.539602907521265551e-01
-1.464806162725611378e-02
-1.467349666668702757e-01
-6.659152252482695988e-02
1.331039865149908907e-01
-6.727977701176308944e-02
-1.324849741807818393e-01
1.169097796465036754e-01
2.026500497381479235e-02
-2.503306467301534832e-01
2.578360142427247315e-01
1.992963772620250790e-02
-6.831576040144585193e-02
2.872852481047336384e-02
-1.189567194877572676e-01
-1.761497703799477510e-01
2.430611809563892889e-02
-1.199926214933172003e-01
-1.654138722318548860e-01
9.931872049180177908e-02
-5.398045135529994966e-03
6.061149421675916804e-02
-2.314191129703406236e-01
9.090518146197615335e-02
-1.297375867595090305e-02
-1.262659146066014981e-01
-1.565570226835364398e-01
1.222637112527154429e-01
-1.905335527100625315e-02
-5.943709224761897086e-02
1.012432071322372229e-01
7.320507516126453784e-02
4.511765933797393102e-02
-1.248726374859432386e-02
-5.626806625997169548e-02
-1.406262757724653298e-02
2.224635020316210327e-02
-1.026415921228629735e-01
-2.019236774738049009e-02
-5.759091138359322126e-02
4.211899145844542024e-03
1.524530123748913876e-02
1.328585542418106169e-01
-7.201774047804014416e-03
-4.369560696646627995e-02
1.020024013087409281e-01
-4.204287846829445063e-02
-7.933581384954020710e-02
-6.332826294895081698e-02
-2.022797045614121436e-01
-6.387570642925774478e-02
3.604464359292890857e-02
7.144539038062150405e-02
2.821023051990030964e-02
-1.376819110671381741e-02
-7.908603708103066621e-02
-1.134804262244859183e-02
-2.833603084870953137e-02
1.762554143568113851e-02
3.324234179289269758e-02
-1.265315274238916488e-01
-7.898583131499628540e-02
6.026303285689396660e-02
1.538433673058962059e-01
-3.097021916355925664e-02
4.569167283973268878e-02
4.716752785685898036e-02
4.490485064816726601e-02
-1.517482587979390209e-02
6.136385649270323372e-02
6.402604424063182420e-02
-1.023765031129133529e-01
2.912775569473165585e-02
-3.422929701236492733e-02
-3.821338877702497999e-02
-5.727833935096986878e-02
1.476940621620380090e-01
-9.562297728395917351e-02
6.641262803463993114e-02
1.306514689786493766e-01
-2.904143390932695246e-02
9.890148869428369224e-03
5.227512158560396194e-02
1.277753227842591266e-01
2.749342452531762238e-01
6.122267496894797656e-01
1.000000000000000000e+00
7.448900387493566644e-01
7.429864296075461283e-01
7.074465912587521998e-01
3.563563276189512519e-01
1.581832968961727481e-01
7.832671448806823034e-02
1.098119001838534885e-02
-9.607655859404783116e-02
-4.136006197289446296e-02
7.613350167579777117e-02
-3.197680921113964930e-02
5.627629830197284494e-03
-4.130381895437479356e-02
-6.997621733929366592e-05
1.052011920565077141e-01
-8.238815431096661868e-03
3.594853816984872746e-02
7.308439145564259339e-03
-9.056491155990716024e-02
-3.553511044901842830e-02
-2.851834232128466068e-02
5.256037339916439476e-03
-3.607113338106797407e-02
-2.011990688312764383e-02
9.137959740652247184e-03
2.273923594533407422e-01
-1.536847651649702814e-02
-1.271332931889956365e-02
1.205686684473562809e-01
8.032222220220062991e-02
9.762686506355972363e-03
-1.449384661968477483e-01
5.884408231019881697e-02
3.742054737532469338e-02
2.204334724055317385e-01
-1.802910758714991457e-02
-1.021945067979072447e-01
-3.911735665853458693e-02
-2.264864971125605045e-02
7.552650656895536392e-03
-1.102841805125008012e-01
5.173734370543604799e-02
-6.381539555298292032e-03
-3.640510671965676431e-02
6.772901267571240780e-02
-1.008581013636381668e-02
1.122270102139883013e-01
-1.449035889816899514e-01
-2.112141525526964325e-01
1.970267693053303140e-02
-1.445278606458579029e-01
-2.169051929583645094e-02
7.627192005758062950e-03
-7.885102798877614838e-02
-1.143134202839275748e-01
-3.504652465811677192e-02
1.980282335016046724e-01
-1.205910120110152972e-01
-9.980996798591838803e-02
-3.997851154919759842e-02
4.114004881370093153e-02
-1.318102103477970521e-01
-1.017680310439916629e-02
-2.532016714390350823e-02
1.278063069577823133e-02
-4.683084923515610370e-02
-1.553474329051348149e-02
9.433038407439718609e-02
-1.596249741519116874e-02
2.674699034076036697e-03
5.698988428635487491e-02
-1.326499994350916201e-01
-6.541892460035103607e-02
-1.352849660885792060e-01
-7.677713311411778208e-02
7.711607574653367436e-02
6.114896731828033116e-02
-2.836725014413736187e-02
3.774085691278764726e-02
1.721528630071901822e-01
1.103975355004261499e-01
-8.544084810276918770e-05
-4.234985545544424877e-03
-3.058338543704541487e-02
1.200359675196230880e-01
-8.007673481938232252e-02
3.301648487235239043e-02
-7.592813122882417776e-02
-9.854503944482517763e-02
-1.360667927118327236e-01
2.823003393169790706e-03
-3.931383061589480837e-02
-4.810309798155248256e-02
5.302822669758888025e-02
-1.302887706149683487e-02
-4.297851844737186899e-02
9.453837034305989651e-02
3.564150627073547212e-02
1.674904917990331643e-02
2.222635730684083544e-01
2.521022850945066618e-01
-4.074150565583890132e-02
1.543318820915973166e-01
6.812120300964612241e-02
2.201627471332033015e-01
1.188747295171328350e-01
2.380122616681444037e-01
-4.877313552226858473e-02
1.863328214079910117e-01
1.496559341807127408e-01
1.000596370958137526e-01
1.484431586941138415e-01
7.954871315158190681e-02
1.550101913234158413e-01
5.782681455039535151e-02
2.673660401087692845e-02
9.124298586746940054e-02
4.556123476667981592e-02
-8.861359570210197711e-03
-2.837690536534754129e-02
9.991433386917217968e-03
-6.410597885032129351e-02
3.633185162120356609e-02
1.064706737427016658e-01
-6.267064768965387167e-02
-1.860096689428298866e-01
7.744154362056074326e-02
-9.911699758564240792e-02
1.297651128518898800e-01
-1.036986764056880006e-01
-1.079397482574343675e-01
4.467560071811006034e-02
-4.935008923139769937e-02
-7.835629687290103507e-02
-1.608636464806767752e-01
-4.747824395020008859e-02
-6.282930422447283170e-02
4.003047556096145376e-02
5.184889901452727212e-02
2.187461570249327886e-02
4.449676363917465932e-02
2.374157429852844781e-01
3.008999683203430336e-02
-1.495030215668867457e-01
-2.797522257845586058e-02
7.721227323144285414e-03
2.285137454302058613e-01
-1.227278900417144158e-01
1.464261682898931605e-01
2.531548121652043432e-02
-5.845916745085907168e-02
3.619700133442725512e-04
4.765420631031889315e-02
3.422521627644520975e-02
-1.985943164455047233e-02
5.554572212463440573e-02
5.420535700931443379e-02
2.249008392352059571e-01
3.574272471723638532e-04
-3.709040024135829700e-02
1.277895874110181740e-01
-4.389689296604161461e-02
9.510061293521191936e-03
2.441759838280784800e-01
-1.839344049839929454e-02
-4.173904567367246743e-02
8.128487026012398697e-02
-4.908062022352182446e-02
1.069001118103037329e-01
-1.181361387009091102e-01
5.150326097531261055e-02
-4.648273853546348866e-02
2.465951098213307879e-01
2.893031550681320757e-02
1.123440952776607743e-01
5.537634199606653040e-02
-4.495638297119686211e-03
4.707021205085208659e-02
5.714879128543145712e-03
7.411820559341719683e-02
-1.203262881071936845e-02
5.750070598230138524e-02
-5.222697194993313266e-03
3.532469188475681476e-02
2.661816766901716758e-01
3.567843884683478267e-02
1.407172689597544213e-01
-1.096156362312080985e-03
-6.731257179622598084e-03
-4.449238915788863297e-02
1.605292962074371665e-01
-2.160688812820551752e-01
-9.842394580124359804e-02
1.015778271779850528e-01
-8.952649101233689510e-02
-1.153292482531751567e-01
-7.709820023236746422e-02
-4.477769421454513843e-02
9.756901210304320948e-02
-6.312364893195387960e-02
-5.270587138281186169e-03
-3.079876291620529255e-02
5.488207406126024285e-02
1.278396307901687005e-02
-9.887830544997666671e-02
1.213720902815877550e-01
-1.114545291710226926e-01
-1.872610131208742382e-02
6.578952458558232075e-02
-1.588704008311983898e-02
9.873045875530495064e-02
1.223277229128546806e-01
2.676719299116013528e-02
-2.409992342850819994e-02
1.967806015576925305e-01
-1.889875756344581645e-02
3.710615976830471119e-02
4.645335005564318193e-02
1.598270794526438290e-02
-9.547538462412631655e-02
6.502538072228600252e-02
1.867477734003887557e-02
-7.791719320516651837e-02
1.379328585694403753e-01
4.870837308970990542e-03
-2.801119328982053583e-02
7.598563537409157298e-02
-8.211962341421449874e-02
-2.563242838478142077e-02
9.068888363377733408e-02
8.837340229759557686e-02
8.637416795505145021e-04
-6.675636425304651289e-02
-5.291500139509646219e-03
-6.967647319494495173e-02
5.174923781367797571e-02
8.165131479275644644e-02
-2.939138530709746108e-02
1.761218842630074902e-02
5.570594571565135739e-02
7.787749843114684378e-02
-7.917788181267556777e-03
-3.417114064329826451e-02
-6.775499582102798186e-03
-1.271574896962033574e-01
-7.357452167836225909e-02
-1.038120245852591772e-02
3.697237651333288005e-03
-3.048377448355209934e-02
-1.632043290529615887e-01
-9.402302177649743409e-02
4.153659402187962618e-02
-8.930413360911759746e-02
-3.025769853431801992e-02
2.521213697226647177e-02
-8.426752787121750618e-03
1.959788844242300043e-01
