-1.047129380518057457e-01
-2.098538036334336443e-01
-2.780929326048471872e-01
-1.202516673758953075e-01
1.019749166797429829e-01
1.981680491157856716e-01
6.021446769275956568e-02
2.364116376297187017e-01
3.033224655985142793e-01
3.014072192002882969e-02
-4.014291743578238258e-02
-5.544539924063679459e-01
1.414393289235185008e-02
-8.697494504783805092e-02
-2.139360743831638170e-02
1.049867766842969702e-01
1.705792864817115284e-01
-1.328455698228090121e-01
-8.562013692127376507e-02
2.854199898675699454e-01
-3.429391638475360465e-02
5.089461097677824147e-02
1.114261196587374853e-01
1.262075189193188340e-01
-9.712724307202524540e-03
-6.790805636291401270e-02
3.412515755164474696e-01
9.586623531545565569e-02
-1.214769132743783175e-01
-1.218673451723324697e-01
-1.988096085123021162e-01
7.878633874046575558e-02
2.771886256041380253e-02
-8.272879227033365368e-02
-3.881869867713589328e-01
-6.678828404915559784e-04
-6.801323678049527033e-02
1.149431068316790622e-01
-1.223088805832937415e-01
-5.745373518678867364e-02
-6.556414891872518191e-02
-7.913776253028162455e-02
1.185993856641773120e-01
-2.142306691744120528e-01
-4.285988440717849318e-02
-2.862857072338745573e-03
-1.825557324631768286e-01
-1.370061277455740800e-01
1.662523350971467084e-01
1.334737304977446914e-01
-3.515662121934866047e-01
-1.482470223579458214e-02
1.857166651197780516e-01
5.081309099150907449e-02
-4.209878090466555034e-01
-2.316521461476448440e-01
4.137210543509480809e-01
-2.962932359392532189e-01
-8.459085287871100090e-02
4.392624599090111936e-01
-3.575932468725927516e-01
-1.488626657915574913e-01
-6.240050901021613333e-02
-2.577009308874121940e-01
-2.336369515588839624e-02
-1.238457583861631434e-01
1.142341602894765412e-01
-3.050909732157944254e-01
1.181456154086000104e-01
2.260136841927057605e-01
-4.039771362269244104e-02
3.744195420386200318e-03
-4.221759089261808984e-02
-1.992848136801916858e-02
1.813949391400553057e-01
-1.939229462551692040e-01
2.745833477111883636e-01
-2.374374287413353046e-01
2.907842095124834603e-01
7.440186908143743560e-02
2.157529849804935840e-01
-1.120941738513370721e-02
4.055473022614092260e-01
6.309762587521618171e-03
9.975453680191502526e-02
-3.758449071198298741e-01
5.697076288324121225e-03
-5.669899841511148730e-02
2.168637890083255360e-01
-5.909982945546707334e-02
-1.083462390089998534e-01
-2.100377154857306075e-04
-2.694256546919768236e-01
1.095914142523855689e-01
-1.792202202882227924e-01
-6.135304334000733079e-02
3.066817649056716166e-01
-3.384556302905772363e-01
2.242897770363555185e-02
4.551131256865000030e-02
7.081691282432740764e-02
8.746406746302026747e-02
1.070048187659907168e-01
-1.480332917744522914e-01
2.030533074377226799e-01
-1.168728703845864636e-01
-4.966708031248363575e-01
2.972031188459612894e-01
2.065972697129745406e-01
-1.041677140371495142e-01
-6.218203725739734899e-02
2.896195819799221582e-01
-7.096218758458928966e-02
-3.641198032155500974e-01
1.304288607291392288e-01
-3.565885592191324061e-01
-7.366347834143839590e-02
-4.801154026108159917e-02
7.662598255022114169e-02
2.030957441759775606e-01
9.872575955895862565e-02
-7.286536678293354351e-03
-8.146200467748609952e-03
2.759296157628916002e-01
1.781177054390159498e-01
3.266758593986513609e-02
2.584134091817824608e-01
-1.093744215736386916e-01
-3.731321498624471517e-02
1.329626953675070999e-01
3.617361815283750004e-01
1.450298476484353782e-01
1.151448397132693174e-01
4.592153049286927802e-01
-1.592162222853857377e-03
-1.172013678601133979e-01
3.739996287992315011e-02
-3.382307437763020785e-01
4.765722072218352839e-02
1.672896033574953756e-01
-1.578986749623618180e-01
-3.214477388479627384e-01
-1.788762693213408542e-02
3.719979130998956468e-03
9.648324988392648072e-02
-3.121165832441973320e-01
1.553076576870848768e-02
3.320953043918533076e-01
-9.439120155277669344e-02
1.084851530724085522e-01
2.895087081790932437e-01
-3.426689490613901712e-01
4.841294106297345246e-01
-1.166934900232258904e-02
-1.770173578618280952e-02
3.496515689980094210e-01
4.917617029723089783e-02
-3.105565129874214292e-01
-3.503624237714678125e-01
4.190555789018290955e-01
-1.240350520808237988e-01
-1.049635326693544590e-01
2.307054472506207821e-01
1.752137846649870212e-01
3.374957362845896168e-03
-4.832933352712121683e-02
2.037158200146433895e-01
-6.801121772659697758e-03
-6.956937724863306374e-03
2.151579244518669609e-01
-3.729231071754269267e-01
-5.716757351115031582e-01
4.893698881297055547e-01
3.114310462380709410e-01
-2.893974517750028119e-01
-1.153676862892630273e-01
1.133275945563755049e-01
1.429680037144916427e-01
2.012985913815528716e-01
6.334500995852675176e-02
1.404113567219324454e-01
9.802467053465080404e-02
2.152103440214004071e-01
-1.940151316287040961e-01
-1.352041398822696749e-01
5.559507963068791025e-02
-2.693697549312907835e-01
-1.896555996372717712e-01
-1.354363771147915896e-01
2.414691483178158793e-01
-5.006850006865603414e-02
8.949506576753879505e-02
1.806718858396560712e-01
5.207873965410196870e-01
-6.353977995426544900e-02
-9.891033214483718750e-02
-3.361511473718962750e-01
8.455582862385567153e-03
2.855152650963158623e-01
5.688760613018115642e-01
2.372972915072459055e-01
-3.225404491268390461e-01
-1.567892748697257699e-01
-3.740542181443095582e-01
1.662222108459302516e-01
1.647033879707948678e-01
-1.286553270422169937e-01
4.129394201193830605e-01
2.209236214827154932e-01
-1.705380754177253655e-01
4.863536507984510537e-01
-6.085425124016005105e-01
1.456477981736757077e-01
2.912666898478341038e-01
1.282203744173921189e-01
-8.618448875663435593e-02
-1.967997264057542439e-01
-2.421917311362423164e-01
4.900076878218535131e-02
-6.717821843761123679e-02
-1.534716030439242096e-01
1.669808569659439745e-01
4.858977654335650681e-02
-2.819164632134922854e-01
1.940528522653112709e-01
-7.748657979292034037e-02
-9.181990218117203062e-02
2.737676512629655043e-02
1.076048410634090347e-01
-2.811755307427398209e-01
2.216628966184688576e-01
1.774663159925193301e-01
2.314844391329067830e-01
1.307454155810957308e-01
4.229098958461834368e-01
3.018821790808963179e-01
1.355094861966109690e-02
6.834582737310465061e-01
4.959361611871691833e-02
2.543133817462071011e-01
-1.746310055348364032e-01
1.253540062552696011e-01
7.894533242652916616e-02
-5.125879052596448160e-01
1.803117825352735792e-01
-5.164458781845172874e-02
-2.398165591737594013e-02
-6.134085755286009661e-02
1.220065126355443369e-01
-2.248334658207206682e-01
2.242555655878265553e-01
3.805662410754534486e-01
3.846558565225454696e-01
6.321651017797994543e-01
1.336291561139651418e-01
8.660895612376041663e-01
1.000000000000000000e+00
5.980699630439483272e-01
8.484839771533311259e-01
3.662482536232135599e-01
-1.315503276416696843e-01
2.409757001369275120e-01
-9.153036125276821366e-02
-9.647904581099794874e-02
-2.234056777837482577e-01
-1.146885227197833867e-01
2.347557648721169399e-01
-1.795083675176779026e-01
1.761811731063441799e-01
1.127237405530638475e-01
3.887332371250630803e-01
-1.518659959574767959e-01
4.355570659407512757e-01
4.510086595066993553e-02
4.248888158596412779e-01
8.847248870745719196e-02
2.356443144987055427e-01
1.212752217175768615e-01
-4.299575520134568153e-03
-2.948875879357322205e-01
-3.791923230971119274e-01
-3.803759803354608282e-01
-4.644986172675457520e-02
1.807706903170025470e-01
2.877561562575496890e-01
-1.267749853023461201e-03
-2.865601452073944233e-01
1.010672677854605392e-02
-1.297796431499488590e-01
1.834555834811167074e-01
2.230280676760268976e-01
4.013814698763125133e-01
-6.700074066660900718e-02
-1.020808159719657771e-01
1.134983162874069473e-01
-1.156650070930975438e-01
3.975300384447931767e-01
-6.432761436868449090e-02
-7.513052538280587389e-02
-1.507879871151147633e-01
-2.896129991937649861e-01
1.973430605057722650e-02
9.937025602936688795e-02
7.177956215590734594e-03
1.366642085724256439e-01
-1.011575604250842114e-01
1.467874001599714096e-01
-4.255296743504433654e-01
-7.704619491733098735e-02
-1.088193026063943025e-01
-2.567528562923928823e-02
1.218317057987955560e-01
1.733919476027695195e-01
1.243578096192015092e-01
-1.956689178941227736e-01
-4.311445274341271228e-01
-1.685416563336086526e-01
2.526615940943018890e-01
2.222179767644916482e-01
7.369550559479795537e-02
6.607666813016911667e-02
-2.293489016430469707e-01
-1.754760169452461993e-01
-2.835104791911308708e-01
-1.933950169688166687e-01
-5.868018067813318694e-02
-1.902544428143229382e-01
2.971663652547068546e-01
-9.121180778729824634e-02
1.004588423813250614e-01
-1.151749614609185735e-01
4.833309108270289478e-01
-3.007214686293099293e-01
6.257332781740993985e-03
1.812255620505037745e-01
1.301580858704310117e-01
-2.249604838144605157e-01
3.579825307387213829e-01
-4.710782337544987784e-03
4.149953949127191399e-01
-1.062536087393468887e-01
-1.120848961411352041e-01
-2.950065338329957432e-01
2.904337067838084346e-02
-1.501132396935780378e-01
-2.177490705187967168e-01
-9.264231581599287335e-02
2.936590196345502113e-01
2.211185983243557918e-01
1.148381695776746064e-01
-1.801852014313976846e-01
5.109085481749688074e-02
1.445784539502932564e-02
-2.153422926953903194e-01
5.700039443623151729e-03
-3.337665883422672765e-03
-7.181141080060760018e-02
2.442615515552711281e-01
7.349525429084680095e-02
1.907479609049745062e-01
2.623808886056480660e-02
9.980754081351884965e-02
4.230068068199049729e-03
1.584180278561780897e-01
-2.224524349217885943e-01
2.843074303898013300e-01
-1.601551258744778605e-01
1.942607853297763365e-01
-1.498084905290535951e-01
5.666530859764006695e-02
-2.056905850126414803e-01
2.349627210028390478e-02
-1.323328099513554901e-01
4.139654283131484203e-01
1.499602114871080236e-02
-1.890298794728270948e-01
-3.535584032792066927e-02
-2.417837613464076663e-01
-1.867489691077678093e-01
-2.145447779069438732e-01
5.014729232954380500e-02
3.041587509404558576e-01
-1.259698882572540535e-01
-2.067106954808248520e-01
-2.119163403605908991e-01
-5.857746685247097046e-02
4.000190964529198867e-01
-3.539800975715837184e-01
1.173080711801225695e-01
3.261280297643008863e-01
5.110287508348970026e-02
1.100367608967666305e-01
-8.106291833270530545e-02
-2.421652730697856082e-01
-2.121231843391518934e-02
-5.910379950442378183e-01
-5.076156605397716404e-02
1.465286946247456312e-01
-2.966602322197240404e-01
2.118424944031556678e-01
7.795558937313906700e-02
6.873912903982791478e-02
-1.453976016247693626e-01
-7.264371938801660045e-02
1.205910370856103503e-01
-6.123323317175168902e-03
-2.262483466923370656e-01
-1.777492843710339609e-01
-3.615982136580038198e-01
-8.883982376285440297e-02
-1.285898736074364002e-01
-8.946427692824153455e-02
-2.749331734597003085e-01
1.460131166466530905e-01
4.912849791788676673e-02
-2.219305300609508702e-01
1.613654868464066416e-01
1.636340356669586937e-01
-3.626312803489911696e-01
-3.391802632835323461e-01
-7.957814144924683919e-03
-1.906783524547133457e-01
6.751150442811626462e-02
1.203788922155367563e-01
-1.561545078307928769e-01
-2.534413253237238206e-01
-2.749136757755279437e-01
8.419455434371643510e-02
1.101731832364844649e-02
1.292420052844361900e-01
1.565474271729397071e-01
-7.604934858876915595e-03
-1.784923647835413504e-02
2.856550144980308792e-01
-1.121524851255676636e-01
-2.895438898104717995e-01
-3.615807372156119859e-02
4.186287735123356835e-01
2.202895165282961754e-01
1.474251017692081167e-01
-2.284513930206605592e-01
-3.018297284228004251e-01
2.917492090043855568e-01
-2.463362818022347966e-01
-3.895753545623840963e-02
2.317116553029418269e-01
1.203351944349525388e-02
1.843204236179452338e-01
1.452853937985285893e-01
-7.145445664511049233e-02
-9.783139758191118640e-02
-1.255378288779441798e-01
-1.109687011873276147e-01
2.655234532932639890e-01
-3.194662686434977111e-02
-3.879142828290795819e-01
1.822365765867301202e-01
-1.305952619235981327e-01
-1.396329672506231578e-01
-1.520670176971055110e-01
-9.930017960072096139e-02
-4.625632742595036095e-01
-2.080319810870863428e-02
1.399651803481994916e-01
-1.699283727463004601e-01
1.572832609387829206e-01
6.190415534178389523e-01
3.788847971507164902e-01
-2.155933881558172102e-02
1.318676020958207094e-02
-1.853647683444221983e-01
-2.476397270592814101e-02
-2.963369213278383985e-01
-2.696370436421182543e-02
6.048160495168244943e-02
2.712231798534575078e-01
-3.636890253510847298e-02
1.994542341861687829e-01
-2.035930215591712500e-01
-5.633033604680377504e-01
-1.827875162330177411e-02
8.289717661294607187e-02
-1.734815964746429240e-01
1.253415077746240225e-01
-1.305896116411743406e-02
-3.581449061211789409e-01
5.614276000101599273e-02
6.551682032144183487e-02
-6.923051297695857059e-03
-1.203871968595218028e-01
2.933188777132474806e-02
2.834438960732519330e-01
2.329350292878233641e-01
8.970817517937713925e-02
7.649049784446121554e-03
2.285461434808521153e-01
-3.845159002749288235e-01
-3.517919672583769142e-01
1.178874064367542024e-01
-6.652013224488063925e-02
-2.159698950096628489e-01
-2.394173482848808987e-02
1.666976284043943102e-02
-1.968413253021355780e-01
1.487709018425057983e-01
-1.194950791630902259e-01
1.881652257094265923e-01
-1.782037371835983874e-01
-3.114363327125807546e-02
-4.934253267046819630e-02
-5.242269565670477638e-01
-9.103594853009432109e-02
