-6.771323651670939359e-02
-5.322459542289072892e-02
-8.905790888519780901e-02
-1.184670583032299690e-01
1.909629903124824765e-02
-2.716206017475266687e-01
-2.410257490012401305e-01
-1.618294865635171442e-01
-2.387806361036154679e-01
-2.446597413969152091e-01
-1.502095742539392986e-01
-2.938836129656048346e-01
-1.162618291229430001e-01
-5.696733217142076894e-02
-1.021800047934614958e-01
-1.453176684462212931e-01
-1.159614486929722438e-01
-7.103270481503938527e-02
-2.753140235803992059e-03
-1.784563960855203857e-01
-1.605267226342554227e-02
-9.507086528731903408e-02
-1.369453780005658447e-03
-1.041008970945669215e-01
-5.807383204706118539e-03
4.286115610855918689e-02
5.223660183724799892e-03
-1.454326905378063028e-02
-1.243201842807444002e-01
-2.926065749810694352e-02
-1.885831045825181115e-02
-7.735343012781695227e-02
-8.447116841415421018e-02
-8.879700403749107851e-02
-1.906772109960783168e-02
-9.529799420324382153e-02
-1.515428642228410505e-01
-1.082908550396631531e-01
-4.145304333335244479e-02
-4.996872432220526156e-02
1.532700608426985633e-01
-1.227146745303788894e-01
-4.312292531687265951e-03
2.856067400944529641e-03
-1.944894125138511565e-01
-2.564176564277839132e-01
-1.197344852392461106e-01
-1.885847360400771666e-01
-2.377881168904895370e-01
-1.267697399371083555e-01
-2.166966653332914883e-01
-1.597559693428148297e-01
-4.385873252963580493e-02
-7.354667393966997369e-02
-1.163458044592844687e-01
-7.394610222332154148e-02
-1.134156598101208197e-01
-1.995719561012348348e-02
-1.015562059311696380e-01
-2.816624854105620208e-03
1.392624863242383944e-02
1.291007222842514499e-02
-4.951999727111125460e-02
-1.323380514524076686e-02
3.766905284702090628e-02
-4.707632424090509027e-02
-4.549575237654218673e-02
-3.777777394562953361e-02
-2.453573133033415399e-02
-4.194885960679402975e-02
-4.766550363774218688e-03
5.926536896311584458e-03
-1.086926625523836759e-02
1.683761865775141881e-03
7.273531539429650694e-02
-1.550690982188330548e-02
-1.967343573550473304e-02
2.612752880312012652e-02
-4.361883911486024584e-02
2.362919509373031385e-02
4.498806741926451164e-02
-2.282268752567332901e-02
-9.060158052890546210e-02
-1.922656487883733223e-01
-2.284892710394832160e-01
-1.624201286825494861e-01
-1.895312355379364655e-01
-2.869178380915448634e-01
-1.030869583127239780e-01
-2.368439675946036604e-01
-1.191306000906686841e-01
-1.637936542139537544e-01
-3.717089119418306997e-02
7.383155478822658879e-02
-6.364533621527111718e-02
-1.529939906417956963e-02
-6.119754046390403490e-03
-4.851264480623053432e-02
2.128434475828177089e-02
-1.113177543086661496e-02
8.073359167197637076e-02
-5.945156439668373288e-02
2.814031974256791732e-02
1.387754097573077813e-02
1.200409545255340799e-01
8.101409989420660374e-03
-8.395687456412850858e-03
-2.024094137831826054e-02
-8.572082146225415422e-03
8.203075550688535000e-02
-4.750852921004078411e-02
-6.538365564467542301e-02
-2.752029739285951487e-02
-5.535626342745174344e-02
-6.405913332545758176e-02
-2.036457595058520018e-03
-9.808485858729465434e-02
2.038124729528313986e-02
2.783238196265983358e-02
1.574816347594388058e-02
-1.386912288695048012e-01
-1.622656601692091249e-01
-3.144229409232215944e-01
-2.260265427494322077e-01
-1.939301959890776805e-01
-1.805806193197243836e-01
-7.470396324764624896e-02
-5.745129869002739420e-02
3.894310774081067260e-03
-8.486965374141679230e-02
-7.807168888387337746e-02
4.119596096499792207e-03
3.264342261624830072e-02
2.816624276868177901e-02
-8.985358541520532122e-03
3.047507955043000233e-02
-4.055373153099701977e-02
-2.791706581262029530e-02
1.486099698415418134e-02
-3.913760612869280481e-02
-1.115543262173938378e-02
2.723763041511773411e-02
-2.768930414347300570e-03
-6.805064371778998811e-02
9.059735369776347746e-02
-2.037438435182867269e-02
2.632668004645100784e-02
2.424312858735889684e-02
7.557214005287196668e-02
9.685049852510627458e-03
-6.073838433176034779e-02
-8.330049582687808554e-03
-8.267250262595848831e-02
-6.985661348415191096e-02
-5.424378394306883684e-03
1.891756824564884074e-02
1.240122411348735208e-02
1.046648654906189302e-01
-9.630092757722263919e-02
-2.002988830842589996e-01
-9.865189980512567569e-02
-8.548951204445062735e-02
-1.546504167792267792e-01
-4.009536427040030770e-02
-1.072210874635617789e-01
-1.287045788232510091e-01
-3.722705813549310582e-03
-1.654903448059080184e-01
-1.731297806140152939e-02
-6.705801192460900118e-02
-1.086264749369091481e-01
-1.754570815441468257e-02
-3.537304167637207730e-02
-1.373139461633037135e-02
-2.329055420381928587e-02
6.595018543146190237e-02
1.606432998815164603e-01
1.334605036567575176e-01
6.044032120412495823e-02
1.135137739912594340e-01
7.396999345007789287e-03
9.870876520658963815e-02
1.594679400485819395e-02
6.630799898361261491e-02
5.246739094752137650e-02
5.773138025364487995e-03
3.980509775852417165e-02
-3.380358807150248088e-03
-1.431754738367767635e-02
-5.590990685219774520e-02
4.531490569618967096e-02
7.665453133539588959e-02
-4.732086176971866953e-02
7.069917692541852206e-02
-2.977803399666932929e-02
-2.392509655635525201e-01
-1.902677895733618507e-01
-1.261860358451281638e-01
-1.497564844020896346e-01
-1.004746027061824976e-01
-9.485154695802781866e-02
-2.486178557799287869e-01
-8.148661632202837402e-02
-5.860235352620627586e-02
4.599214056087005606e-03
-2.044086657299933399e-02
7.928643470406299132e-02
6.517101741847523833e-02
1.112866186337880814e-01
4.572432576340943258e-03
1.373405676483845650e-01
7.487863620714245438e-02
1.657124729395779983e-01
1.182269909241018269e-02
-2.639627727288554326e-02
4.420920906843259918e-02
9.566735686248393003e-03
7.606203151667091655e-02
3.435417250836975828e-02
-2.143666483853847934e-02
2.727966738764145763e-02
7.870426467922118918e-02
-1.429096312205574686e-03
1.094419191596888441e-01
9.546988061284497618e-02
-7.076639573703168151e-02
-3.452799652407582270e-02
-2.143331539026722618e-02
5.131886928946640530e-02
-6.557122447605416571e-02
-2.102084115917025528e-02
-3.132989770931564610e-01
-9.034163260822462849e-02
-1.478928422474884430e-01
-1.328625481406373043e-01
1.961219802344305388e-02
-2.147833585947339641e-02
-1.915680511218121555e-03
-5.922792558590877360e-02
-7.409608124966456100e-02
-7.982782506147753643e-02
2.287098084714157451e-04
7.344289264637980652e-02
7.374500409027634484e-02
1.194304690891201254e-01
9.253443034184896665e-02
8.861881722102935011e-02
6.441511256771165206e-02
2.812378368997269298e-02
1.397833822249585078e-01
5.342499432616373140e-02
3.841744266640693267e-02
3.744507643257997953e-02
1.603320267595237103e-01
3.961456648182538065e-01
8.063357283889938110e-01
1.000000000000000000e+00
7.467607084315438515e-01
3.885004734761672296e-01
1.908682360841211234e-01
1.395858635221597088e-01
9.297524819736603663e-02
1.511505944381373312e-01
4.759074063305580859e-02
4.696089027464226545e-02
1.737310147761371160e-01
2.161754419253380730e-02
-1.280823842891180564e-01
-1.538513068401525241e-01
-2.622302793641259622e-01
-2.108295785290035529e-01
2.446232023040846582e-02
-1.557573658897405400e-01
-5.027500134897071316e-02
-7.247936914535969832e-02
-7.807968244642003730e-02
7.619526343720733896e-02
-2.845187913668202964e-02
8.688777369249295335e-02
7.064158903969865178e-02
1.402632394501302816e-02
3.036694041427362087e-02
1.189744239534359510e-01
1.533488995627212137e-01
1.361110119667109375e-01
1.523560426103796606e-01
3.739757907515873364e-02
2.425395101907252757e-02
-1.293747771903342239e-02
1.215312885044598501e-01
9.141719362093689294e-02
1.161335180784865001e-01
1.086334364890695903e-01
1.156464694547288397e-01
1.095283995968559382e-01
8.283548072947195806e-02
6.943695713784105161e-02
1.211562773923943320e-01
-2.354929168967863362e-02
6.984943136893802251e-02
-3.638284281661992303e-02
5.558844003911126916e-03
-2.508507107876448150e-01
-1.125346712293577231e-02
-8.203534815430386928e-02
-1.506307034195902284e-01
-4.704810716717697239e-02
-5.764676261055910050e-02
-8.733470402083065576e-02
-2.072724385692466427e-03
-1.196319189320178694e-01
-3.455712820627009768e-02
4.166402540251713804e-02
4.232060095053051529e-02
3.935686334526062452e-02
1.700898168756895534e-01
1.087072087177695379e-01
2.477043534399240576e-01
-3.472047694839986570e-02
4.575026316704660506e-02
3.786783827431264987e-02
2.377233470243932806e-02
1.475482812774550623e-02
-5.315151264302159229e-02
6.661296737373700871e-02
7.355431096978691519e-02
3.395730561545266812e-02
7.373636312683407024e-02
-9.785271946971860202e-02
3.301166457146294947e-02
1.165076594784632703e-03
-1.031913257591114547e-01
5.694621744228132998e-02
2.567314442057858775e-02
1.267505954874792173e-01
2.800189491556646232e-02
6.558062383491951872e-04
-1.979641513539325826e-01
-1.326636783463758240e-01
-6.240469062368875913e-02
-6.338502234300148752e-02
-8.361793248142455892e-02
-9.594908101819943358e-02
-7.351486815208604919e-02
-3.933554693720219680e-02
-9.744345362360270005e-03
8.807123939811682678e-02
-3.771385257394422111e-03
-7.583570945197176671e-02
1.321345740914804667e-01
-9.388783538789286995e-03
9.252106076161188686e-02
-5.372582976195791615e-02
-9.112552531110127557e-04
1.214619212602378318e-01
-9.180583196705081883e-03
1.414103256499902594e-01
1.990081741928056980e-01
8.167599598258740157e-02
1.894165756585735327e-01
2.556994495442838425e-02
2.204170911600716320e-01
1.099352304676170650e-01
1.452496333642233906e-01
8.863436826953777214e-02
5.665236703936395862e-02
5.807761193675430728e-02
7.059081263033896436e-02
2.712258132991963999e-02
6.510542186378473484e-02
-5.875596304490269227e-03
-1.049217214805780139e-02
7.979211688646742004e-03
-6.226898181493725759e-02
1.669229880095546639e-02
1.361704439864738075e-02
-1.312916445630753770e-01
2.933179325294948958e-02
-8.711621606811074947e-02
1.504299150837746790e-01
-6.733906961653982060e-02
5.064114165140589513e-02
3.032459391514482142e-02
1.093734948713810384e-01
9.152226489320371139e-02
5.386087251167462342e-02
1.566579260283620934e-02
2.868480162476736914e-02
-3.217606723383460016e-02
3.385723043841315505e-02
-2.981147205392336436e-02
-1.335438446852095897e-03
-3.228989204959874931e-02
2.398170316007309719e-02
9.977802671523537323e-03
6.452498339506737915e-03
-9.960961508726169644e-03
-1.300531804395269886e-01
3.135087495410350533e-02
5.531844377599056534e-02
6.427505520017812168e-02
1.248687430987019571e-02
-1.050524065229781617e-01
5.149508168111422909e-03
2.146224543817181613e-02
1.935997925238797657e-01
1.708803989712014137e-02
1.140513177108570531e-01
-4.600772464480360618e-02
8.190146428091922559e-02
2.314348359056100576e-02
8.697432452623025945e-02
-9.490218257519665579e-02
-1.155015050459652359e-01
1.687183883100372428e-01
1.008518749664615993e-01
2.216823233320791911e-02
3.146337689054077430e-02
5.495699932626180867e-02
3.300752706541752041e-02
-8.804453286641879262e-02
2.662203643944586334e-02
3.619199024580045665e-02
-1.296858392572164675e-01
1.450391953997460515e-01
-4.808855995009609502e-02
-2.527200378090305177e-02
-2.066056468944138177e-02
1.098174939822416443e-02
-1.733612850849464843e-02
-8.529026219217637761e-02
3.292493089759961078e-02
7.800501899976212961e-02
2.400243314417225410e-02
9.378349173771301228e-02
-9.045478181000783657e-02
-1.093574558725444179e-01
-4.831851759963817078e-02
-1.588720676614646943e-01
-1.562599654269317406e-01
-2.538536706031702117e-01
-2.467609827826532376e-01
-6.848602913015813809e-02
-1.533668194713422583e-01
-7.690271855523898858e-02
-2.762481960207475648e-02
-9.600510675948266404e-02
-4.818887439295754804e-02
7.623143189023463828e-02
2.162745188046900566e-02
-2.010430358428946102e-02
1.192114605572959368e-01
4.318032459104163140e-02
-7.100150410955392843e-02
6.175866547724129935e-02
2.813577423723588253e-02
-3.203209738434133202e-02
3.968855692498485244e-02
8.042347269465886794e-02
1.390568343508620519e-01
-6.285973570072663809e-03
3.536099028772222291e-02
6.971555218305566792e-02
-7.085592993190176214e-02
-1.667129191950211461e-02
9.825318544354871494e-03
-4.760242607011686000e-02
-6.257015030244479636e-02
-9.273203809888239113e-02
-1.262513780275727748e-01
-4.271790874308444008e-02
-1.242202823233651363e-03
-2.001210386938030161e-01
-1.361826637045506216e-01
-8.690078200864349844e-02
-1.070540372922088590e-01
-7.545155063220955471e-02
3.905570896393966568e-02
-7.981059834105403220e-03
4.150792448443178795e-02
-1.268232745484402513e-01
-1.122509958567835947e-01
-2.644338046587003596e-02
2.631543564433907328e-02
7.948447425730281735e-02
9.097012732298552506e-02
3.293302306908964250e-02
1.912825971744698886e-02
-3.469510271447562993e-02
5.220776693073154312e-02
1.248444520706840921e-01
3.982028299099347329e-02
8.181772821016231045e-02
-7.691009198255203440e-03
-4.001154356133693885e-02
-3.227365141647246111e-02
1.498499696581124391e-02
1.263140278529001348e-01
5.869444455962083418e-02
-1.232537519109406371e-01
2.099498944395779276e-01
-1.825062432455928614e-03
6.904726767263556775e-02
-1.580166072660546886e-02
2.815131117932034160e-02
4.253241821931847549e-02
-8.404768863964345860e-02
-2.131608470124809335e-02
-6.921710867473679363e-02
-6.911658209592832884e-03
-4.686711041102419734e-02
3.937064119612103397e-02
