6.479466220982160220e-03
1.235467974808477677e-02
-1.266416509675654389e-01
-1.451536611521412057e-01
2.355191232327495110e-01
2.223966646288994264e-01
-1.125725121253878386e-01
-8.265810866026995773e-02
8.640516942636901343e-02
-1.427319086680601257e-01
1.087457670220370182e-01
1.412057889459849003e-01
-2.248428037964538828e-01
-6.629014567440338901e-02
-1.464936281962890829e-01
7.847821264437976341e-03
-2.901054070319822667e-02
-1.530165595961107128e-01
-8.460464885280206959e-02
-1.091256857191903393e-02
1.120213187712768010e-01
2.473783491087327632e-02
-3.013873271044368099e-02
-9.082249244091905593e-02
-7.136870944852833146e-03
-2.668303862827617334e-02
6.537528107991368020e-02
1.307244946149870857e-01
1.272674310968663902e-01
-1.809478922848334614e-01
3.180276290402283927e-03
5.637316730252896896e-02
1.085269289047186975e-01
4.131007805151881707e-02
2.523760607083152530e-01
-2.151816067918805447e-02
2.797780637552551020e-01
4.363556298809309619e-02
8.829665463438456097e-02
2.883101311184114307e-02
-1.146897566615034114e-01
2.888389028309480411e-01
2.243237948825366201e-02
-5.037787129878035924e-02
3.872382103684451904e-01
3.543573772426359403e-01
6.214663553834911397e-02
4.099700036004959025e-01
6.856220203344136344e-02
1.879660325294459089e-01
8.758653495720529480e-02
3.449559252443134549e-01
-6.971298567889691600e-02
4.120876456190682852e-02
-1.129618386854914225e-01
6.434486792591058435e-02
2.409455631679187915e-01
1.336053901224533158e-01
3.596044362899418478e-02
2.102939474311399382e-01
6.966682989028845363e-02
-3.428747172857738584e-02
3.967806366022084974e-02
3.650333656768885993e-01
4.926507932313422544e-01
1.418162483090330828e-01
-1.790923639893021724e-01
1.594186146718676866e-01
1.875431301581468035e-01
1.619511186350532095e-01
2.022518442884513046e-01
1.451975796262879037e-01
1.884665361779269965e-01
-1.465275001316589665e-01
4.881105008062452399e-01
6.256304850057403666e-02
-3.984001686992780233e-02
1.851821201107217152e-01
1.413431950255772396e-01
2.235074117396304849e-01
1.248531673025483901e-01
9.479637965449955184e-02
1.785217764389844253e-01
8.792699981772914009e-02
2.412144041353251889e-01
1.536027741455419926e-01
-3.909019593530867892e-02
2.751329972351553299e-01
-5.779769598771371947e-02
2.921486780937779804e-01
1.529037518255112194e-01
1.155382549305003365e-01
1.013567792725039579e-01
3.716782225017301045e-02
1.273865348690007837e-01
1.571865843799521434e-01
2.179516959247773111e-01
-8.301673759300451372e-03
5.160676033657656848e-03
9.177972505063559938e-02
-1.112051009085380376e-01
5.571528351458376188e-02
7.639187624443558033e-02
1.419665555408893866e-02
-1.122903469538991533e-01
2.192748719671287205e-01
-1.070245909514417476e-02
-1.464223004273460249e-01
-1.021241582878375936e-01
-8.179559933157479201e-02
-2.377498268763572967e-02
6.214799878197897059e-02
-1.169766260370632693e-01
-2.025994916059515594e-01
1.431555614584259783e-01
-1.802046446170516708e-02
-1.063878249315536734e-01
-2.014081546742547968e-03
1.532869467471582592e-01
5.812795577982706602e-02
3.207355652886678676e-02
-5.052141520918961015e-02
3.663916288361340756e-01
9.464527302327435665e-02
2.775503514796369142e-01
3.301029294508963513e-02
-5.241866809279482897e-02
-2.097514067694378759e-01
1.158524907998463860e-01
-3.614538731768367902e-02
6.483254081838608907e-02
1.736263131286814865e-01
1.636461023099780032e-01
4.725207923818264960e-02
-3.458219010890430795e-02
2.575533708542050715e-02
-4.718915530002642383e-02
7.806661450457046125e-02
3.785221257657449961e-02
2.370502435514222905e-01
1.769830007914728887e-01
-2.986997196637641155e-02
9.905009628378763642e-02
1.280248085600151631e-01
1.857421386297621047e-01
9.326797963072611108e-02
5.915908447502837147e-02
1.402593122238830203e-01
-4.538348798480081048e-02
1.095396750690488391e-01
1.013467206313899485e-02
2.961174104563689125e-01
-1.120034936108858514e-01
1.296049386403363424e-01
9.918022957437805376e-02
-7.988970422305151364e-02
1.574975755447425851e-01
2.618017121748210663e-01
2.546057715453483028e-01
4.571431525600666568e-02
2.257754605904735423e-01
-9.475528646788460019e-02
1.280792096497397337e-01
2.722240861643842810e-02
1.270965724989650270e-01
1.027475387389539252e-01
-7.575780937983602088e-03
-1.888731308868940306e-01
-5.784994426159441316e-02
-2.579761904393760089e-02
2.528068033476716936e-01
-1.442505722970944572e-02
-1.096486830406838975e-01
-9.327776528211276230e-02
2.835567037704163074e-01
1.875127126358074048e-01
-7.945563665580028523e-02
1.659115603509833670e-01
-1.243999113312763555e-01
6.645525289776180178e-02
1.709582659698964668e-01
9.237065454001799902e-02
1.907812838087092830e-02
4.839590251974627139e-02
1.851810366954426482e-02
1.538569090882662693e-01
-2.319442882195438260e-02
2.569662017290342271e-01
2.602431992264634189e-02
4.427959197005051917e-02
5.825404860139861418e-02
6.973260588447707797e-02
-8.896740833155672434e-02
5.692179234020942891e-02
2.535692329452119420e-01
9.604756164850627997e-02
1.278314036693002365e-01
2.211207362693136044e-02
1.553626764036377395e-01
3.845157458240008874e-02
-3.493052391806690353e-03
3.532499240982200361e-01
7.340432518111482396e-02
-2.934677396308715130e-02
1.814606693189510511e-01
5.129445263220177437e-02
-2.210833358843038443e-01
1.592563304600807805e-01
4.203198506590700712e-01
-3.034569628297202962e-02
6.277164047932705382e-02
1.439016996945697846e-01
-2.154298412162082843e-01
1.304246500692158306e-01
-2.926219309771334043e-01
-1.428629801024682835e-03
-1.662291788782673252e-01
-5.523683270557936884e-03
2.296013769684260297e-01
5.733301749054678376e-02
-1.904706543206013958e-02
1.260913766708041950e-01
2.021301989683869649e-01
1.321738251253532781e-01
2.264893924513009249e-01
2.500745531468398508e-01
-1.790526751165089359e-01
3.191759741896339486e-01
9.584111629327382587e-02
-2.138818783531294676e-02
-1.504904155568265733e-01
5.766202722326743690e-02
-3.856592462027765705e-02
9.780206638627664262e-02
2.015841523558975501e-01
8.298260077686771263e-02
7.883444162247316145e-02
1.353087939291376107e-01
9.406520641330934351e-02
1.358177300940618670e-01
-5.009355331141073647e-02
2.590185152972951377e-01
2.675139924479483840e-03
3.130600177626559066e-01
-4.306464051936937515e-02
-9.389904445514209164e-02
1.268074737320850354e-01
1.093743682458648836e-01
-3.429555885897549172e-02
-3.610691981877496570e-02
3.930544168621423473e-02
2.482335025904717218e-01
-1.290776694780525202e-02
9.719361796932700359e-02
7.609570738517800192e-01
1.000000000000000000e+00
8.868526348453761310e-01
4.314886319589192887e-01
1.096055250943273607e-01
1.630619273921904977e-01
9.221060955973742201e-02
1.536121257192608336e-01
-7.019506372703354646e-02
7.805579469458931441e-02
2.795723359456143281e-02
2.467418696327229599e-02
5.896884406549286750e-02
-2.829610081620563267e-01
1.148300659760063958e-01
9.948019122071248554e-02
-6.805422652255974699e-04
5.189085986539689055e-02
-8.892338086088044311e-03
3.987878671350589266e-01
2.901034110333564411e-02
5.894463221266285635e-02
1.380809550958842224e-01
8.494952825393507767e-02
-8.129287502852028391e-02
2.649245657637239182e-01
3.136178772734920517e-01
1.236544863604075450e-01
1.926729702521004506e-01
-1.978125653125400174e-01
2.256385417665975335e-01
-1.975671404333892156e-01
3.376435167266699650e-02
1.579014414904896524e-01
9.177841106880235689e-02
2.825739123651754836e-01
1.211030960385395955e-02
1.508996212928558900e-01
-1.225322123667807045e-01
2.233774653925780715e-02
2.906315685630884299e-02
-1.019234251540378500e-01
-2.800288082073524309e-01
6.735205977113697950e-02
-2.258145268015841062e-02
1.446621059614018878e-01
8.734930192444324837e-02
-1.588662906347392545e-01
2.889819839781813671e-01
6.459805284977963857e-02
-6.195358450188874488e-02
3.793381917371045631e-03
-1.521581937247474745e-02
1.033079828672673894e-01
9.023524337394059347e-02
-1.559554896299432114e-01
-2.645370778665655231e-02
3.159204457621366258e-01
3.455344206298142234e-02
5.496155159608150792e-02
-9.100539841497233551e-02
2.206404657358056794e-03
3.851965764682458576e-02
2.400395710831104701e-01
4.383145988829958289e-02
2.662284278333189036e-01
-3.145141602853084029e-02
-1.547066763525785649e-01
-1.531470816188983397e-01
1.424563046606641126e-01
1.036595839666313440e-02
2.134569957254852657e-01
1.325226422789070879e-01
-2.975714789480426656e-02
4.879514489144043399e-01
4.789491334333755880e-03
-6.085663473863207190e-03
-6.435282584277680559e-03
1.961138164398775474e-01
5.981723342560543027e-02
-9.407991471391467797e-02
5.088451050211809795e-02
-3.156627581538368199e-02
1.685664744373021329e-01
-1.406879783544087437e-01
-7.474710740410808740e-02
2.356725738113605306e-01
1.694202737023497163e-01
-1.917309866535440721e-01
-3.632554822761841634e-02
9.087921070949180058e-02
1.501620653629015360e-02
2.034301624386713470e-01
-6.893768225576664410e-02
-6.264482820026831544e-02
-1.737338221792276149e-01
2.369245577623020349e-01
2.000346512344756966e-02
2.515487494047539685e-01
2.458936835120830930e-02
-5.813984498526099387e-02
-9.894590432844717343e-02
8.804111310187828776e-02
1.287992545721277915e-01
-2.984109671131508768e-02
-2.759025600278753321e-01
1.359142751888471889e-01
1.665346900233959093e-01
1.252264676638873697e-01
1.037313108479136492e-01
8.340952504032683734e-02
-3.174152026838601703e-02
2.102845525112319036e-01
1.106657573299977826e-01
1.250329949344428926e-01
3.418614225009267704e-01
7.735914109123770421e-02
4.804814010100130761e-02
2.263939761223773273e-01
7.209410318761848291e-02
-6.498306986183237377e-02
-1.196458453078991513e-01
3.726111025583014880e-02
5.068865667142194442e-02
-9.686844573734885999e-03
2.266215304957036047e-01
-1.793564799079969407e-01
4.597391555789702433e-02
1.322732403046360077e-02
-5.284686154038068136e-03
1.588961752792499293e-01
-1.480906649278970755e-02
-7.153518502557340564e-02
1.968619039756025479e-01
3.937503605633725645e-02
-7.151010956947650987e-02
9.170122920860715454e-02
7.534702842074258999e-02
-1.282095673094119370e-01
4.556211054382052622e-02
1.294118051046136419e-01
1.689120530786236696e-01
-1.190278170317117107e-01
-1.087077150237890921e-01
3.080064525794413699e-01
-9.134400039150335215e-02
-2.545087907326035181e-01
5.134170422577389453e-02
4.799402275084150432e-02
2.273591005379451691e-01
3.182219733516177679e-02
1.437333578753050845e-01
1.290497192010604255e-01
-1.953939218554813784e-01
-2.589862495515327101e-01
5.625121347364360480e-02
2.632352571564400834e-01
-2.022117813441418610e-01
7.016780840995036350e-02
1.028167629538497135e-01
-1.602088608732973596e-01
2.215427927836125313e-02
-1.325228466195756301e-02
-2.518359937558506401e-01
-2.019494235935233584e-01
6.797901401177020020e-02
-2.879584804749414292e-02
-2.656642478282963404e-01
1.260208461175454063e-02
7.953733777252118553e-02
1.216528109600567564e-01
1.140342578911729549e-01
-3.842600795422380228e-02
1.661146205831729242e-02
-2.071923145932729957e-02
-4.814090624971535670e-02
-3.452442721406093207e-02
7.572114312355185395e-02
1.091158843252636595e-01
-4.538615756697888561e-03
1.440702202607297699e-01
2.975445600880834846e-02
-8.641575881908179378e-04
-4.566607167362374264e-01
-2.218688285408436725e-02
-2.249380289937614463e-01
6.415215380721171756e-02
-1.469319152562074127e-01
-1.569717890076129385e-01
-1.292002792060122085e-01
-5.813947957091380840e-03
1.879995033480830746e-01
-2.888630429287225021e-01
7.088793974796381292e-02
-7.839527493492003118e-02
-2.356285753905905667e-01
1.485471808904059027e-02
-4.681505772315132721e-03
3.430275083356280619e-01
7.255893366321715388e-02
-2.573637533729922766e-01
-1.529999538102858048e-01
-2.211117486529050602e-01
-2.778554463082189355e-02
-1.046926501250128316e-01
2.748762379085862607e-03
-7.837949559853320258e-02
-6.314217355993034797e-02
-3.835381038969053191e-02
3.646192178901907360e-02
1.351993885678029472e-02
1.519910482384701778e-01
1.864646941385746104e-01
-3.182864595068587293e-02
-4.957000992215049306e-02
6.582148835462378611e-02
-3.221623911196941359e-02
1.052604880592915154e-01
-8.134686289350728794e-02
9.072939329088067217e-02
-3.988429539057831985e-02
-2.892281685694217050e-02
9.043626643962844602e-02
5.377678091404839572e-02
-3.224383753910037287e-02
1.794038587107815996e-01
7.991930512796038832e-02
-1.323679664100855247e-01
2.703651873139931716e-01
-1.406990880962409318e-01
2.350663289230871950e-02
1.727568454354869443e-01
1.082099108173882468e-01
1.700986742600399948e-01
-1.488559769947295497e-01
1.405971553130636875e-01
5.188176106962619216e-02
-3.189448381941016875e-01
1.048493307476466574e-01
-8.414950942135990264e-02
-9.194705128816463291e-02
-1.789421643074589341e-01
-3.195792256704521050e-01
1.901627547857028672e-02
-1.147396609879612200e-01
1.141854261688043520e-01
1.467299705806047738e-01
-9.211724979902473354e-02
-8.553105299143894114e-02
1.530594292510190080e-01
4.411830084670327612e-02
7.393326609077456590e-02
-8.712343396410066054e-02
-8.515614252412938290e-02
-2.401371672730944484e-01
5.798697791003630531e-02
-3.546664756634572424e-02
-4.835542635073631496e-02
