4.626612691072006234e-01
1.616824481234158950e-01
-4.733145850725297143e-01
3.131736665169960743e-01
3.806229948607406932e-01
2.829841855987922927e-01
1.581272940429212515e-01
-1.649923900376542019e-01
-4.286824382788111953e-01
-1.604501548923498513e-02
-2.967463651640814271e-01
6.283866102333304227e-01
2.216864765240924295e-01
-3.194186412510772732e-01
4.767424980459935568e-01
9.733372608298838935e-02
4.543101705815326685e-01
-5.478229501873098373e-02
-1.547227636958673110e-02
4.495180808629931635e-01
1.213735200512355561e-01
3.460282106286702297e-01
3.610827305566512990e-01
-3.659009522994969288e-01
-2.569754539371199575e-01
7.345289183169831371e-02
6.572187727975955518e-01
-1.266974820049591305e-02
9.532405426799391013e-02
3.119494105687076746e-01
-2.526086534555767316e-02
-1.630947694732488504e-02
-8.844614582066808589e-03
-3.115716739285948611e-01
3.096714126573884562e-01
-5.530130719665805189e-02
-3.703393145345822979e-01
-5.511122087760943894e-02
-3.819330916179550228e-02
2.327844637812048201e-01
-1.328058971710495140e-01
-1.053776182925129784e-01
5.164013778455287668e-02
-7.523717295698095775e-02
1.832935615831536580e-01
1.028440181391240826e-01
-2.767531867013003910e-01
-1.231272224177824559e-01
-2.590283742890446828e-01
1.141742346539418446e-01
-3.056324525291295169e-01
-3.231140094355526848e-01
-5.957933515059638668e-02
-5.277295238849157855e-01
1.114670285218341966e-01
5.136150211350871686e-01
1.952061589899754812e-01
3.133125258799497881e-01
2.438653687785710955e-01
5.618990186104539930e-01
-7.387282832095476946e-03
-1.689676484983363147e-01
-1.913589287108519998e-01
-1.025015317936335685e-01
2.969037156038297209e-01
2.893253532551308127e-01
1.892500087920774565e-02
2.725983545791996199e-01
-1.827698039701556865e-01
4.819175293541534955e-01
-4.879980064682701846e-01
-7.386358915252932977e-02
-4.269859747155185237e-01
-5.730520334742540411e-01
4.180324490199036069e-01
-2.369594061688513331e-01
-2.901280563598575002e-01
-1.159000974784928778e-01
2.406890127720227868e-01
9.310502250076212183e-02
3.749281543885443213e-01
7.437854162554805026e-02
4.218391258144161826e-01
8.571757319190699553e-02
5.523305468689311271e-01
1.956488736213545521e-01
-1.520508324692534385e-01
1.242239980278680295e-01
-3.239523056999829009e-01
1.707999776716610796e-01
3.038239473573323135e-01
-3.006155542171120021e-01
2.007737538369878394e-01
-1.394933220887466241e-01
1.672448235911664360e-01
-3.750760799048076521e-02
1.020905754184870812e-01
3.633640551743919089e-01
-2.723448355584711100e-01
9.386481993363979259e-02
1.630414496537282432e-01
-2.161370154590977199e-01
-3.101537260773190030e-01
1.036875734291029111e-01
3.750945545928722202e-01
-6.301835512252261795e-01
4.442720110337948225e-01
-2.708194635585557397e-01
-1.268245130097840345e-01
4.901578968478649267e-01
-3.946328389791565333e-02
-1.951080139254671164e-01
2.772207570332961279e-01
-8.461141486376155818e-02
-7.160871960101318490e-02
-3.572930720342623601e-01
-2.604818379664653252e-02
-3.317692321955039159e-01
4.161134113171197080e-02
-3.998651269545627773e-01
1.083601071525632231e-01
-1.087032724204996664e-01
1.246821414773639225e-01
1.506737600607865185e-02
6.906838162207089571e-01
9.156230918676572239e-02
3.807133863075608526e-01
2.378820919445237825e-01
2.109893596603241439e-01
7.482649545929334622e-02
-6.490612491951473773e-02
-3.302816005642557062e-01
-3.422131793808515232e-02
3.166834005102807104e-01
-4.173351097695224832e-01
1.640648917354626257e-01
6.231196464983938810e-02
-3.558511691024078272e-01
6.835393866207717384e-02
2.587138455491938549e-01
-3.206745518216695956e-01
2.837875401807839482e-01
-8.158298241446167165e-02
6.928954227487983501e-03
1.685109733353775952e-01
3.502343733407555226e-01
5.218242719382690797e-01
2.580695433226887561e-02
2.967065504017976987e-02
1.446574109595647195e-01
1.257730759656865427e-01
3.278472267323520595e-01
-7.092760353696324627e-01
9.721750670591210175e-02
-2.405999418133710488e-01
3.263535390894654609e-01
-2.924801406211776644e-01
-2.080090423505535913e-01
-4.082181478877764946e-01
-6.913377194894847477e-01
-4.635209034868546796e-02
4.434590642372960856e-01
-2.284866969557032210e-02
-1.945939422492844739e-01
-5.043977029922273037e-01
3.991701764338417835e-01
-2.107548155721235550e-01
8.465642047624981348e-02
-2.203004279197402770e-01
3.884537462906174632e-01
5.278006858630261977e-01
-4.682337404683545312e-01
-6.621303446120103686e-01
8.975953698468851216e-02
-1.187092096794149648e-01
-1.434035583937224301e-01
-1.330912658807944793e-01
-6.579896493489932607e-02
1.658172736138410763e-01
2.276136156350253015e-01
-2.524601868426616380e-01
1.474789537074897572e-01
2.246221067451593667e-01
-5.181375953482627583e-01
4.347892294684807535e-01
1.380082742538515372e-01
1.220865228327523422e-01
-3.650011700822096139e-01
-9.888077797935201918e-02
7.907396447765883962e-02
1.286849804257069185e-01
-5.207376363860073409e-01
5.806324218644273172e-01
-4.258755649281012468e-02
3.580134723444555050e-02
-2.011207639199766584e-01
-5.685363254826592688e-02
9.354803583274347301e-02
-1.631797347510089563e-02
7.722930839124034219e-02
-1.151703012262898229e-01
-2.242909333559521892e-02
-2.836381086907114879e-01
9.053807011894154932e-02
3.091035962972839279e-02
3.757961651254930480e-02
2.488216099395863107e-02
1.162101223040082620e-01
2.370173604369929798e-01
3.590494122732228455e-01
5.830089813959778156e-02
-3.160169465498764013e-02
-5.408719130619348003e-02
2.073328473543708528e-01
-4.810802825309546532e-02
-2.847056161186288237e-01
3.065871114508710860e-01
1.593590499480496414e-01
1.392708382373257781e-01
-3.633102245987615553e-01
-5.535773370881280631e-02
-9.762868248906773905e-02
2.558094113112691081e-01
-2.664838242015180603e-01
4.091116790267323444e-01
3.001354916400152950e-01
-9.889123656096052151e-02
1.152635553469220087e-01
7.981660668217663845e-01
-9.508761542595179847e-03
-3.378731607113419910e-01
-1.870891361494315258e-02
-4.573773631059282335e-02
-4.746938865416916453e-01
-1.264795708431462051e-01
-2.272903335416728010e-01
1.744075138644118061e-01
2.458976805794820530e-01
-7.854103364302872370e-02
3.284957452899369135e-01
-3.704951867762509288e-01
1.097163595545347509e-01
1.833525673735473538e-01
2.278130846721532765e-01
2.078400263865189945e-01
-1.651989293994793329e-02
-7.788342898684864554e-03
4.566576526880169462e-01
4.197675094074028723e-01
6.848757864582762089e-02
1.672481701207507998e-01
8.128828458393277945e-01
5.590692999395582147e-02
4.756105856867568482e-01
4.955015494685007238e-01
1.000000000000000000e+00
5.420147181531539404e-01
6.091813971807695793e-01
8.995677564979608354e-01
2.504591944819649640e-01
7.206209873503864882e-01
6.653691070145777431e-01
-2.234725788602025601e-02
-4.968413534934374987e-01
-6.997724845870197108e-02
-1.507931891643997380e-01
2.868429953628269802e-01
2.213738656736146393e-01
-2.985867567148666607e-02
4.719179666306222987e-01
3.049253899851707139e-01
3.520763100335775886e-01
1.484021332504770196e-01
3.546113388271778244e-01
6.251284980698197380e-01
1.412127585914165484e-01
-8.730315253144609045e-02
2.169330232760658672e-01
-1.815807487586212909e-01
7.678914733054539310e-01
3.698592519575050752e-01
9.243761629506463962e-01
-8.030523875564363201e-02
-3.744640091510201274e-02
-9.892500118305423001e-03
7.009808306701455216e-02
2.360559323283281108e-01
-3.142719279471987703e-01
6.728453856137800448e-02
-2.850841154919533937e-01
2.351694172904593427e-01
-1.167700285420835704e-01
-1.994702980219746347e-01
9.889924004924466674e-03
3.699441055013177881e-01
-4.291360899541039053e-01
1.670739323403413676e-02
-2.800630934874051015e-01
-4.919011795515206703e-02
-1.633482094708616772e-01
1.974597035352089747e-01
3.627685062187253062e-01
2.801415161911640084e-01
2.233476112278561312e-02
-9.744491123595347415e-02
6.378117910347740060e-02
2.508958531017056459e-01
-2.064403821673821693e-01
2.767023422565931257e-01
8.212528605557019301e-02
4.096399755347081978e-02
-2.404596781514830306e-01
9.316155804025436082e-02
2.268869167696725975e-01
-3.016769461639217664e-01
-2.757561303047593171e-01
-1.519863085990151574e-01
-1.598928684737499148e-02
1.401424135587287650e-02
-1.757787134573370602e-01
-5.378097867249845843e-01
2.815600019741946736e-01
-5.345210264217264973e-01
-1.431765187805150163e-01
-3.097398872051976282e-01
3.639084762897197289e-01
4.521272951223699321e-01
-2.012654294241483441e-02
4.004878716579129416e-01
-1.733312873358903439e-01
-3.930234230396316419e-02
1.138734767723863783e-01
3.496280182726183711e-02
1.450398344405542383e-01
-2.633904085151122024e-02
2.031939675524265798e-01
-9.586911917761449520e-02
8.031644793029264762e-02
-5.099068398921822176e-01
-6.601288904473330277e-01
2.485894876282172539e-01
-5.970231600565888419e-01
3.817713114325526069e-01
4.145189304086831922e-02
-4.807575945263991568e-01
-2.902301917482820182e-01
-1.807708002331974151e-01
-1.677890419568289770e-01
3.900359128843405299e-01
-3.045122635607843548e-02
-1.073624191019005858e-01
1.162663591428982207e-01
2.248149917504365658e-01
-4.032623674469241193e-01
7.935693231755300281e-02
-2.109754310920591291e-01
-4.066202735984582595e-01
-2.392596462496897058e-01
-4.635589551743154318e-02
-3.886224536424488507e-01
-6.242778771208661315e-01
3.075549339181024022e-01
4.754494544195395633e-01
-4.626942045713471896e-01
1.950315807816562774e-01
9.818837700212557085e-02
-4.100561406497510997e-01
-2.746139490371789504e-01
-1.426169668199082398e-02
1.096023414624435199e-01
7.024339375308679134e-01
-3.060053438907874707e-02
-9.139296628840477832e-03
-5.069838787215844023e-02
6.886309957122072056e-02
1.908742144210511527e-01
-3.213797361225812499e-01
6.706499890501055328e-02
-4.360703409290622723e-03
-5.480005459801995556e-03
-1.232557328520349216e-02
5.469440336161808247e-01
-3.341044635166490750e-01
2.312787434076735149e-01
-6.438208303561016033e-02
2.457897284106106695e-01
-4.146143377573744959e-01
-4.463602471687700551e-02
3.120473019723483121e-01
1.672688678759781666e-01
-1.233461448497629592e-01
-5.105853497188407308e-01
-2.086941163858804515e-01
-9.066102894823585556e-02
-4.234536007363369214e-01
3.368630325638810250e-03
-2.018025409836264050e-01
-5.216507260546477537e-02
5.493890794185871812e-02
3.323338672103061664e-01
-2.586536206150165107e-01
-2.253001745909805620e-01
4.775029424379830245e-01
1.615960501652918824e-01
4.893495317574694109e-02
7.501279643275877984e-02
4.356008710818402019e-01
3.266142152019722023e-01
2.515664142439439366e-01
-1.061202343498885425e-01
-5.106560194305981987e-02
-9.234204387024878835e-02
-1.298602967422606280e-01
5.645877177351096149e-02
1.659600372613554142e-01
7.782661981587370159e-02
2.035541892379287218e-02
-9.786415909803473090e-01
-6.802573028660245935e-01
-1.309222960019148507e-01
4.839978206973309938e-01
7.506835114324466041e-01
1.480969331526256483e-01
1.333476529687827594e-01
2.706186833192515337e-02
-9.025770812717269498e-02
2.763183446265674026e-01
-3.628451488589638507e-01
8.700776722092989912e-02
1.001256159087678538e-01
1.647484510912225197e-01
-1.970941892990056288e-01
-6.200389259220328089e-03
4.544246063131450741e-01
-2.981650108856325199e-01
-5.192168863640712617e-01
-1.994221393436335088e-02
-1.950171049957027600e-02
-5.002700992066750479e-02
1.733505244875722107e-01
-4.355276181994163220e-01
-4.986203999344876459e-01
-1.879251638287881832e-01
-1.335928574520668932e-01
-2.977170669634686684e-01
4.916500202532968489e-01
-3.657396822702173034e-01
-3.087588471164159354e-01
-7.472438664079417148e-02
-2.893172018210258822e-01
-1.098759333310597996e-01
-5.760475768524566664e-01
-4.602338099710842068e-01
-2.346264865133824151e-01
-9.751980448360619835e-02
-7.112790643089547671e-02
-4.207433467752666467e-01
6.843744320371552003e-01
2.509691722003417058e-01
1.318699518989502051e-01
-1.310140223665796355e-01
-1.647740861833753567e-01
-3.977945077440552674e-02
1.232890943664588096e-01
4.983760320836386204e-01
2.410403592088085356e-01
1.334099055472400853e-02
3.660044158590231023e-01
4.387089277841290103e-01
-3.867518705099987630e-01
-1.683573388601813103e-01
-1.354645065364842305e-01
-6.379618214270713628e-01
1.495418740018808201e-01
1.256246733205242626e-02
-1.585756326166438968e-01
2.071838776682791150e-01
4.318909107116440937e-01
3.169476822066872868e-01
-4.701251515598471320e-01
-4.477217494125121933e-01
4.604522670171600218e-01
-5.406070360454028334e-01
1.896235331412630953e-01
-1.359562468389536039e-01
-1.167457351145378269e-01
3.303016247904458913e-01
4.445346492001340244e-01
-6.360518351982351326e-02
-6.413290904734829656e-01
-5.079805974989423101e-01
-1.697950982763616889e-01
-1.521967345032196606e-01
-1.908769901193173579e-01
-3.058725610902239822e-01
-3.639823400668925624e-01
1.389772419656822022e-01
4.846163083394968152e-01
-1.438902590786523550e-01
-3.853033538115686052e-01
-2.204028223624607818e-01
-6.756034850207767173e-01
1.594585749701761812e-01
-2.922471956489770470e-02
-2.926739924626854950e-01
1.323714225523997187e-02
6.742288972730178798e-02
-1.013807362400328538e-01
-2.067871674489336065e-01
2.533155877292500580e-02
1.658195641030396905e-01
3.633294518388814343e-01
