9.725860087311458124e-02
-9.305714170058525248e-02
-1.769724205736957282e-02
-8.180985120291418833e-02
-8.911436880522659310e-02
2.816445738623225004e-01
7.290841078824328303e-02
1.034506792140155590e-01
-9.398250355302516235e-02
-7.464717043168239696e-02
-2.431963146838007558e-02
1.141412209841570317e-02
-4.164613519284481868e-01
-2.911695381036540076e-02
7.591579663889502783e-02
9.200581967208094902e-02
2.275353859497686315e-01
8.891422606550096128e-03
-3.927771610582461714e-02
1.376573562966181830e-01
6.072021180277828445e-02
1.295338862681697789e-01
-7.452134667875486007e-02
-9.974078476771507107e-02
-1.670228789992814766e-01
8.554005045754559111e-02
-8.583966160176861870e-02
3.455641177131602015e-01
2.435420158380060054e-02
2.169749394123348663e-01
-5.350805033905895597e-02
-9.013981534294595449e-03
-7.714026078879276938e-02
2.180413748257452600e-01
-1.121007265462516667e-01
-1.213969142026665587e-01
7.495946872734421396e-02
7.329633127827643591e-02
-1.639904725713633993e-01
-8.323183278149427766e-02
-3.434496885740233318e-02
4.791500597324965111e-02
9.633680988470851025e-02
2.182482057924669816e-01
-8.913432782128971610e-03
1.601778549122257617e-02
5.332869910086093790e-02
-3.355163066307948611e-02
7.606600491072652848e-02
-2.676588818302383932e-01
1.627389524573645274e-01
8.303600858333466325e-03
2.846795400219605601e-02
2.724965656521208257e-02
-2.087683422499614638e-01
-1.646230684546718948e-01
-1.378215001305134468e-01
1.753508809728074602e-01
2.817956457109943233e-02
-9.546578119154004727e-02
-2.442395326367772235e-01
-1.382412771612894498e-01
2.355253905879626519e-01
-1.240974715848610077e-01
-1.463799545940406288e-01
2.929096249351010872e-01
1.939363510131768970e-02
1.682734567416568627e-01
1.051516276230261837e-01
-2.142839834581355130e-01
-2.426526866326435827e-01
-6.444880919573445222e-02
-2.310400547651794353e-02
7.829419987401230185e-02
9.707853798038763860e-02
-5.041328907550409744e-01
-9.614892707629701940e-02
3.809975484812040403e-01
3.277785816789174564e-03
-4.214648782102296820e-02
1.631926303530736033e-01
-2.056252770695277954e-01
2.630314182677545923e-02
-4.577109253496648711e-02
-7.503453073377946980e-02
-2.371939225426293318e-01
-1.163592416641191785e-01
7.959779625504363743e-02
2.835016245904348892e-02
1.859498593362527152e-01
-1.554244523408603029e-01
1.026829975619179131e-02
3.910197813555126717e-02
1.548968238771574191e-01
-1.126694307950051044e-01
9.985050132938806319e-03
4.329745863396023547e-02
1.000145177707546101e-01
-2.050193979191938798e-01
-2.156450506117228716e-01
-1.101270201492801082e-01
-1.864167006802647936e-02
2.735322404648085626e-01
-1.308728679244973159e-01
2.884797910630702011e-01
7.226222778576334160e-02
-1.679175203722294701e-02
5.199664742748197344e-02
1.117618716470778761e-01
6.653979801475837230e-02
-7.653696827572370465e-02
1.094010593712788498e-01
2.000877194308365581e-01
-3.012975665928762092e-01
1.843109791944917697e-01
-3.306923411439777888e-02
-1.290081241244084298e-01
-4.716265930501635506e-02
3.175596043486977188e-02
-5.671302985708506599e-03
7.582031182407145131e-02
-9.048127885217220265e-03
2.793244225443561879e-01
-1.861855275048251435e-01
-4.182757912133041600e-01
-2.790344801296908497e-02
-4.766754788289382337e-03
2.672528701970668386e-01
6.541172731028660481e-02
-3.738679788606181359e-02
5.580660877233120654e-03
2.074823789578795208e-01
1.229677892582029669e-01
-1.502903955686526460e-01
-5.109617027799216726e-02
1.933282089577561813e-01
-2.710016943393489877e-02
1.730828486000240696e-01
-7.008797540945156668e-02
-1.364146746150652623e-01
-1.078489112429835139e-01
3.629437526869058739e-02
-1.089964810819358948e-01
-7.619462759478337621e-02
2.863196098488033914e-01
6.055820631224395623e-02
2.005260627104950844e-01
2.484726966090462508e-01
-1.458123015053530425e-01
-1.723814246309012810e-01
6.266592935012592347e-02
1.094195832162705301e-01
2.253862989625454172e-01
1.678148599947629771e-01
-1.105185449698825456e-01
-7.940000652845624618e-02
2.410364097721123533e-01
2.138354116293242901e-01
-3.387985750359839149e-02
-1.347372626472174706e-01
-3.106430723489504372e-02
-1.226963371279124748e-01
-7.457277822455525562e-02
4.493243761784080498e-02
-3.339988691389831482e-02
1.433228754827772233e-01
1.015634769445191710e-01
-4.240296937013052908e-02
-2.970990642922094471e-02
-7.016005993191416767e-02
-7.394124243859266643e-02
-1.231062161780186320e-01
-1.011271179848596130e-01
1.099779765713045955e-02
-2.058415306370662834e-01
4.254091370620047274e-02
-2.379589549968784065e-02
1.156260208837331521e-01
-1.587479509229535943e-02
-2.205214630552859711e-01
-2.210876654745561887e-01
3.921446919250162755e-02
-5.983830090209565217e-02
4.745908960868233661e-02
8.226777815034928831e-02
-6.518286665359256278e-03
1.334242947322052675e-01
5.588055022188745391e-02
1.320896898881722126e-01
2.673412311583075462e-01
-7.851686564060475493e-02
9.673994671624915054e-02
-8.008905549109165967e-02
1.961066981330041731e-02
4.434474308129664200e-02
-2.450186721829723246e-01
-1.550447671427008511e-01
-6.500514710071959856e-02
-2.368751941733534538e-01
2.497140216405785151e-01
5.115862884305363845e-02
2.528204073624235396e-02
1.973160818157859708e-02
-5.044194612853254711e-02
-2.608513142480633484e-01
3.216767491720637362e-01
-1.234253730525453410e-02
-9.154432186061199628e-02
-1.450515407179923943e-01
-8.533181149963231515e-02
-3.069784449244165603e-01
-1.269345474375244143e-01
-1.211617796846003875e-01
7.205039315999985094e-02
1.645821282696778853e-01
7.118084832859986055e-02
1.614075033756618149e-01
-3.207266928399782335e-02
-1.326305617693591607e-02
8.343399904596580929e-02
-1.526492103901936140e-02
-6.474318204117709454e-03
-4.469016164611727682e-02
-8.952300026786344511e-02
-7.026854714871773322e-02
-1.042685204761957807e-01
-4.336592122570378377e-02
1.281148060285750845e-01
-2.341063262148289914e-01
6.993672464042392789e-02
-1.504663787505805539e-01
7.641209500854405368e-02
1.123834335817936736e-01
-8.815857426969636590e-02
1.642021551816380542e-01
2.038939738559522319e-01
-1.043296469207179583e-01
-4.508508771526559267e-02
1.397054549005662394e-01
2.033175342246595907e-01
1.409337351261523708e-01
-7.403018811710013192e-02
1.972665718486952546e-01
2.064565196944448677e-01
9.795595434320401862e-02
-6.486564248363424490e-02
2.025488773766271344e-01
1.717234441353835128e-01
2.035496825960340650e-01
1.355649433453807451e-01
7.439939927996665203e-02
-1.060793130265162976e-01
3.309456264411078652e-01
1.822274799973811754e-01
4.150860189189505833e-01
7.823266814909277667e-01
1.000000000000000000e+00
6.410090128443408641e-01
2.814114256722037299e-01
1.152889137556981497e-01
2.561009551768810288e-01
4.334606699363559301e-02
2.003341088542295867e-01
2.181168160088790831e-02
2.233230421114063002e-02
-3.672024979687537466e-02
1.149499319192622132e-01
-3.820650464502791527e-02
-2.588245671414239613e-02
-6.812208026544547268e-02
-9.520681340507528012e-02
1.889296469094273456e-01
-1.977223009976248336e-01
-1.148355061499456570e-01
-2.250446615475993062e-01
7.728474426110350237e-02
-2.072511458720287247e-01
-6.695471446485207201e-02
5.545207145636335544e-02
-1.719168221238625560e-01
1.230828334857320960e-01
3.092432811387765268e-01
-1.583189989661550612e-01
-1.604623614282678634e-01
-2.278051156614820383e-01
7.452934514735806704e-02
-1.084414822268216505e-01
-7.863218882096019435e-02
-3.217677996291724157e-02
-1.441754054091053949e-01
-2.098500095970053381e-01
-2.449620829546928780e-01
-8.140759591572545306e-02
9.315668142231617321e-02
5.956616310596071773e-02
9.915909353352420769e-03
1.387526554492337638e-01
1.917138494840023855e-01
-1.198309063828090909e-01
-2.359847419419462966e-01
1.848995820872279816e-01
-1.053181282003227276e-01
-7.236002939871755135e-03
3.215917135886413591e-01
-3.090865339070409529e-02
-1.023409027350069139e-01
1.422654565056848119e-01
7.056529215410424494e-02
7.389649484070465180e-02
1.172531886145729146e-01
-3.991691805874609394e-02
-2.737562118147364165e-01
-1.617425061757673255e-01
-3.489237513385116257e-02
-7.389679859727202316e-02
-1.647907984702413342e-01
-1.317564149767722625e-01
-2.333288864962280388e-03
-1.551813704208761246e-01
4.382654932958534588e-01
6.504973575378715511e-02
7.623135365363925553e-02
1.034120469880964177e-01
1.225097951029853333e-01
-6.886244249941354811e-02
6.068200361569203727e-02
-1.752905001982456579e-01
7.284424913829261328e-02
-1.071491831550080015e-01
1.468240913401302195e-01
2.572808569367306952e-01
1.114137305704501896e-01
-1.059563727381647169e-01
-5.547212877068093823e-02
-2.007882601219939944e-01
-7.209305402995749845e-02
-8.526137179155642010e-02
-1.948184321714963030e-01
3.218783644603648852e-01
-1.722732163668487249e-01
-2.881389169181589049e-01
-7.447926851811557947e-02
1.417331549512723388e-01
-1.624313007150578192e-01
-7.585941076727530097e-02
1.947245941790831936e-01
1.459336904498186316e-01
3.681136008168791468e-02
1.891376729218363813e-03
-8.485246803101452462e-02
3.817102790695344611e-02
-3.218956140823838602e-02
6.702993888310868065e-02
2.265100958113994423e-01
-2.638654846227211914e-02
2.230317045646449531e-02
-1.672239920958140391e-01
-7.082518188108928581e-02
-2.983928317154689244e-02
2.026451857398611223e-01
-2.403194636968909725e-01
3.405073635231720131e-02
-8.817920937187381791e-02
-6.360184110813438263e-02
-2.188686843773465177e-03
2.495907175917696230e-01
1.332296270269271166e-01
1.109572540180221306e-01
7.690673068917092126e-02
-1.992782992171153178e-01
1.147837619102978490e-01
-8.105709581348834181e-02
3.312337279822488156e-01
-7.238785538577309497e-02
5.433829324315466239e-03
-6.234365492070790410e-02
-2.682726635981671007e-02
-5.952304965186723529e-02
1.065033324542477150e-01
8.565646948406581418e-02
2.103986654687212132e-01
-9.954365535448575497e-02
4.572184118767250172e-02
4.440749874807952552e-02
1.314646687090443578e-01
-9.865919994601873855e-02
2.709573126904969431e-01
1.966184382672374609e-01
1.066747784200835492e-01
-1.057768097549229291e-01
-8.650719163536525758e-02
1.253933167168921337e-01
3.025817172871471741e-02
1.897536901833464518e-02
2.459549427802055765e-01
-1.548863905122925266e-01
-3.002287452434153694e-02
9.094829135787615981e-02
1.042176243144397607e-01
-1.335342395478331390e-01
1.409194205845165637e-02
1.755132190394717573e-01
4.925443820583991217e-02
-2.421714171145293026e-01
9.868719974079581680e-02
-4.213503648836800647e-02
-1.510197818500448597e-01
5.510791634539768946e-02
-3.553333352070581902e-02
2.053222156180974645e-01
-3.803754176959084354e-01
6.655226704071776078e-02
-2.845984149019643583e-01
1.356540341100454516e-01
5.167527442492438755e-02
-6.055082602751832299e-02
-5.745215334723445533e-02
1.135141111788241092e-02
9.983914611770766667e-02
-1.124456270527673801e-01
2.004285090423765514e-01
6.710283801677696669e-02
8.362253606163473629e-02
-6.244173531000107857e-02
-6.104154267585537585e-02
1.067187044773589416e-01
-1.146852889408341153e-01
4.977909812285019608e-02
-1.892345114722666921e-02
5.507322112530599681e-03
2.995768576968591002e-01
1.005058548853280109e-01
-7.503412228707256881e-02
-1.909503728397559386e-01
-1.239770039337201139e-02
-1.892772526020859991e-01
6.310770307052754151e-03
-6.604797447680376202e-03
-4.427470087484981776e-02
4.960958058716920770e-03
1.315001587727797176e-02
-9.640198950252458487e-02
-1.943628795674616216e-01
1.110045813237680867e-01
-1.058903519719391340e-01
1.083518530050633921e-03
2.161535119684051265e-01
-4.739907259472849604e-02
-1.967035990543838653e-01
-5.916719772218172191e-02
9.974174419059234076e-02
-1.426253347969747287e-01
1.035885144873834735e-01
5.572267578324771597e-02
-6.256436983383684147e-02
2.109161501912037162e-01
1.796964269392494484e-01
-1.369993740674869953e-01
-6.744766958204737040e-02
-1.807707050642876345e-01
-4.151054868526075914e-02
-1.631541143935231197e-01
1.340183299862099386e-02
-3.013932879564846234e-01
7.276261480334079990e-02
8.376730769838684754e-02
7.279285999638304694e-02
2.490680129169802956e-02
-3.461178970979586559e-05
4.186624194453614223e-02
1.455745823578197817e-01
1.196272242490860893e-01
-1.807102189529179864e-02
5.417499766333724182e-02
7.711960088279894154e-02
-1.189992818485396259e-01
-2.686879883186309992e-01
-1.914289394378157483e-02
-7.713389792296122816e-02
-2.488371299910636381e-01
6.516427113470173171e-02
1.743673966972478506e-01
2.146759253883145646e-01
-7.190723980043062236e-02
1.326432983521693421e-01
4.053104344610689025e-02
-7.401024706922652852e-02
-3.216499833641574269e-02
2.968800831980019650e-01
1.665773022545173343e-01
2.096509160206959099e-01
1.972307382794197539e-01
-2.433479510925191935e-01
-6.625111868568227258e-02
-8.911998171079055231e-02
2.242647093982222672e-01
-2.174564100047500781e-01
-1.314658450727589079e-01
7.020839800170826372e-02
1.120991417357548869e-01
2.961061593303027650e-01
-4.086524722720805136e-02
3.624226213239693517e-01
-1.783360607692975330e-01
-1.149261814506968155e-01
-1.824711356894036518e-01
-2.963830394168339225e-02
-5.399839200729988214e-02
2.784707281209218913e-02
-2.784896110474600894e-02
-1.321083813407787355e-01
4.613088109709159029e-02
