4.022219740437735919e-02
1.569470577452230509e-01
2.584296048223487241e-01
-1.849628187810570257e-01
9.588100863225795800e-02
-3.250001433023626957e-02
1.336383990523442589e-01
-5.467703815793400340e-02
-1.559043220034824484e-01
3.570621743441482893e-02
1.177747573064514136e-01
-8.941570856352197560e-02
-2.390109270727209800e-01
-6.243984796208328358e-01
-1.841140189091079460e-01
1.162300522765591093e-01
-8.187323531807276511e-02
-8.870381672330965306e-02
1.290471821661928198e-01
-1.041112700208798036e-01
-3.696165628534697767e-02
4.850244842267131817e-02
-1.172405673065295695e-01
8.538669359921946533e-02
1.490329467896918114e-01
-8.224986005938990374e-02
-3.533350091796497866e-02
3.627704988312516199e-01
-3.929168735443002713e-01
3.478696853663517663e-01
1.129218244085913869e-01
6.206747541557897097e-02
6.711598115082412219e-02
8.518620854276634513e-02
-2.095020343864563150e-01
-1.820535803046598455e-01
1.614327695795113315e-02
1.352935407530895529e-01
1.460552190695102726e-01
2.178121262293781363e-02
1.572301876307683477e-01
7.077091592903343720e-02
-6.820598701559307253e-01
-1.181013924181165270e-01
1.544960632506714449e-01
-2.105876348628449909e-03
-1.808274954508948817e-01
-6.626932886253276977e-02
5.128555843823962707e-02
-1.107492848986510736e-01
-3.452327245868459793e-02
-5.971146312003846462e-02
-2.562193742203043301e-01
4.542902504521602325e-02
-1.001885317989758134e-01
1.974864067243771795e-02
-2.244588716952103102e-01
-8.704801478212582933e-02
-1.231127924895290271e-01
-2.160868627058762370e-02
-3.769212359857186390e-01
9.402032438801249947e-02
1.500023026629832834e-01
-8.663795092731400860e-02
-2.100280325594605091e-01
-1.276576647020033484e-01
1.955182216634264794e-02
-2.057159841161428915e-01
-1.026488401155791902e-01
1.415013279273175939e-01
-1.321883108733779566e-01
4.019969920168960376e-01
1.170750403302112247e-01
2.350503308963908800e-01
2.932205620656408995e-01
-4.998652951994261850e-02
-2.443277468677249320e-01
5.831237292130016930e-02
6.916028780498392758e-02
-1.301503117313303481e-01
-3.760286575896794603e-01
-6.868864488479928254e-02
-4.843016459855772893e-02
1.681566406328938723e-01
1.595150913151334171e-01
1.287538624943863341e-01
2.612923533571097634e-01
1.232204961484529016e-01
-2.108886375908812227e-01
-2.293072577221074992e-01
-1.863038828202223662e-01
-5.406721994293961497e-02
-6.171704873717526185e-02
-7.174916270205204671e-02
1.832021353905389227e-01
-4.649158988953141503e-01
3.593897074779971862e-02
-1.049575417298254272e-02
-5.662865110836428489e-02
-1.108677853664505331e-01
-2.555798582543605257e-01
-2.854571622606414949e-01
2.127243737973185111e-01
-1.441080954158434069e-01
2.850087298353394805e-01
1.063841268712238386e-01
-7.724744209219253435e-03
5.881043398456450855e-02
9.085098527313727190e-02
-2.020262897435618210e-01
1.671642966944538594e-02
3.625267870487915850e-02
5.584282559483224467e-02
5.401618334652605879e-01
-9.873966769433632773e-02
1.782989711884975514e-01
-3.972496344391375500e-02
2.312016587341530482e-01
-1.697839329176588918e-01
3.893884153370572587e-01
7.317336930480133894e-02
1.605608961431154169e-02
1.232625888435206485e-01
2.240875820952657194e-01
-2.128412393043318737e-02
8.309464762051167741e-03
3.897159091749439752e-01
2.757902907999348341e-01
-3.947615299242776543e-02
1.747499262101984696e-01
1.882709957807483098e-02
-2.491385870705171979e-01
3.981147766552235734e-02
-1.267507854526772892e-01
1.552680151895964311e-01
-8.274124390600141876e-02
3.496455738748128345e-02
-1.002570503166534503e-02
1.742223874761509583e-01
4.830988625158096766e-02
1.649808487378872646e-01
7.154719465875500339e-02
1.057005418452719447e-01
3.503250110081153612e-01
3.510168549938427057e-02
-2.571288152628621870e-01
-1.420963475545333476e-01
-4.120562548211029741e-01
-3.963683125997817802e-01
2.272351170707413368e-02
7.192513988098936384e-02
-3.299953678596137530e-02
-1.056286190128882391e-01
-1.319702237613850915e-01
2.820708690911856789e-02
-1.007560328823810109e-01
-2.075717062465708487e-02
-1.546465543210571170e-01
-1.549339361852318520e-01
-3.062862247523949755e-01
8.925223712074659144e-02
2.527712147726925429e-01
-3.220463476853163004e-02
2.316505888939669189e-01
1.139736798430160680e-01
5.233035074696437000e-03
3.858417912404062400e-01
-5.442186594315083156e-03
1.314835896278948035e-01
5.333712187657767556e-01
1.083471839893958705e-01
-1.281152646479971277e-02
1.809716987842573122e-02
3.535892945229715534e-02
1.099356675433582342e-01
1.492819611165564948e-02
1.864348358063596389e-01
2.025539608639959355e-01
1.980194280621371539e-01
-1.229925270241447322e-01
-1.309010655201694739e-01
-1.071607838306631033e-01
-3.744473575120788600e-01
4.887005859066541336e-02
-7.853002341919179674e-02
1.535793639196047500e-01
4.662812792197287143e-02
2.991267999421146420e-02
-4.631677891594680047e-02
3.298141123274495046e-02
-1.906263411299272958e-01
-2.401362662740013504e-02
2.741853099475990985e-01
-1.666631349215673685e-01
6.242797256302323045e-02
2.278549342656837617e-01
-2.938507932958928787e-02
2.895762497420685880e-02
-4.247492488194549998e-02
-2.674085644662868022e-01
3.406922561392895510e-01
7.455909654503686812e-02
-1.925184251587112524e-02
3.096149732920221997e-01
1.501348882603187607e-01
-1.508378445081970387e-01
-2.581879246294003227e-01
3.673078415120619930e-03
6.881769196178806614e-02
-8.629666685222460443e-02
-3.161996886251179362e-01
4.248342031398721214e-02
1.477281006018979839e-02
5.121350987291510837e-01
3.664852031722355963e-01
2.226247163860479994e-01
2.135412046610645209e-01
-6.240136445937762705e-02
-6.246237533446685058e-02
1.857132573041340648e-02
5.548478653768158519e-01
1.465213859367185956e-01
1.129143503963116607e-01
-2.210330897794042793e-01
2.057337890138410119e-01
-4.563869078813260760e-01
-1.322631032728791567e-01
2.811371075946169640e-01
-3.527626726637444476e-01
1.178452284924656757e-02
1.632842789389281624e-01
-1.441130780907032560e-01
5.118382577749656104e-01
2.012393681857143346e-01
-6.675865717560133805e-02
2.712429241144993786e-02
-1.457547992587464036e-01
-1.951970244628267459e-01
-1.036209030500614553e-01
-1.222551145994252297e-01
6.383628453363827948e-02
-2.442294058922615252e-01
-1.589808926024208757e-01
-2.322890877965440859e-01
-1.011088228682133355e-01
7.085055880460144895e-02
4.066055204226491915e-01
-2.225835873489492855e-01
4.013632024912284768e-01
1.207315200258591986e-01
2.136227490894057335e-01
-2.510054292025205025e-01
7.666485423459833137e-02
-2.617776670097028968e-01
5.879148967832650285e-01
1.000000000000000000e+00
7.847571946618213667e-01
3.272543127400027729e-01
6.948413472490154730e-01
-2.279413982174561051e-02
2.509675095050932225e-01
9.458116132395090470e-02
-1.124907292660358299e-01
4.747192829200720943e-01
-5.703328341521313877e-02
7.908402498890584886e-02
1.117390118192276849e-01
2.047272570209451303e-01
-2.400018333750374988e-01
2.237281940613430331e-01
1.816544339843919123e-02
-3.251602234671309710e-01
6.646525416645067408e-02
3.344598330575544454e-01
-4.130350654280098288e-01
-2.378741511955350663e-01
4.870440794077123686e-02
1.793239954911626452e-02
-2.550781262843628827e-01
5.667073092183957939e-02
-5.986354361289623893e-02
-1.944751585601241228e-01
-2.530800190359011603e-01
-1.583993812016467884e-01
2.131545354014451610e-01
-2.061455472228522490e-01
1.409279638484477737e-01
4.160478391096792961e-01
-1.007534623763785830e-01
-2.326624014019033557e-02
1.172167944816395052e-01
-7.221971810307818707e-02
2.384619615832442863e-01
-4.982321622669858008e-02
1.531058726644509704e-01
7.456958558000671700e-02
1.215398425759911111e-01
1.932168760928328899e-01
-9.834529127312512109e-02
7.499387547591819525e-02
-1.164152985849211674e-01
-4.623819603229416542e-01
1.549785116925223860e-01
3.383211202440769005e-01
-1.734353420570938775e-01
1.844931969184397114e-01
1.512824536421175300e-02
-5.075282547440328890e-02
1.064277644837302444e-01
-1.055703900111569365e-01
2.398107284276262408e-01
3.278270546407738295e-03
1.863621693961530768e-01
-2.295854666757941309e-01
2.273426515177150997e-01
-2.332431876837767759e-01
-1.992084157772465169e-01
1.906168735147194537e-01
-5.720179510704777315e-02
1.023503004507989450e-01
2.763146823124992268e-01
-2.564296045463108631e-01
2.464518244274640779e-01
-1.447243576981784852e-01
-7.328447474131004336e-02
-2.079507744049189158e-02
-4.833321455978333708e-02
1.389978352276861895e-01
-5.110701075331996329e-02
2.452612528671320111e-02
-1.419283421223875852e-01
-9.340582691566869100e-02
1.332598771146492611e-01
2.383428008749862159e-01
-1.772706684988167580e-01
2.174054277016945202e-01
-3.635989981117074277e-01
2.767075368191426743e-02
1.942619090426256911e-01
-5.861237833493652960e-02
-1.668571628415138342e-01
1.997704898566977361e-01
3.054678491587837774e-01
-1.823040678723574504e-01
8.853729587408916066e-03
-3.572815093192320268e-01
2.684368557890581732e-03
-9.520124830619546008e-02
-3.479138421201394826e-01
2.251899910853308318e-02
9.484280687984755764e-02
9.476023686294257620e-02
3.794092528067386505e-01
1.228914704623135096e-01
1.105094100394991563e-01
-1.834566016388956555e-01
-2.442389354380641309e-01
-1.276218708062972218e-01
2.638203541218505088e-01
3.048726266894096204e-01
-2.170489709778904708e-01
1.251786027893713122e-03
8.642484232139928391e-02
3.025373464328841577e-01
-4.920716531173907615e-02
-2.497897542151829853e-01
3.339796393976517553e-03
-1.745194570356797259e-01
-2.086115732669411860e-01
8.310884119242313572e-02
-3.365180433137813371e-02
2.932639091422092892e-01
-2.453444642904866746e-01
-1.312605988220511277e-01
1.631654879351906728e-01
-1.024180270951178216e-02
6.550990861050803860e-02
1.417682597631981511e-01
4.862565409855854059e-02
-3.787698862775555897e-01
-2.678552146560362890e-01
-1.263912390815895015e-01
1.306620753380176581e-01
-3.649142510304275722e-01
-4.753688475731199237e-01
1.496666789287535437e-01
-1.165671272819711508e-02
3.122946187457237288e-01
1.113886427150233838e-01
9.336886670740866812e-02
-2.166704747111196372e-02
-5.022166519939946783e-01
-9.955289375074553859e-02
-3.009762891850039646e-01
-1.954514030174238914e-01
-3.230994151581623175e-01
7.651372451813719111e-02
-9.124507097081686890e-02
-3.089456184759918345e-01
3.937782755589615546e-01
-2.324572297838782275e-01
5.085511936734090493e-02
2.122289624086391435e-01
-2.541994042249228758e-01
1.258595938245052615e-01
3.691473961947516758e-01
-1.257821559192208449e-01
6.189384013730078044e-02
-3.097282003614503232e-01
1.095468766508194830e-01
2.699721174522244360e-01
-1.104891711909869734e-01
-2.953092712248193627e-02
4.132220553271671593e-01
1.604771228004994721e-01
-2.286893222124680713e-02
-6.046440899756875403e-02
-1.609263433086578210e-01
-2.064879229859019338e-01
-2.670331062251171672e-01
-7.948646501949005461e-02
3.884583746418709405e-01
-1.561973380701447978e-01
-1.006681017733249972e-01
2.827217836866375289e-01
9.250914199657267467e-02
6.125327291172851310e-03
3.235119000821957136e-01
-2.153659626231971824e-01
3.017337203780894872e-01
1.024985778381102969e-01
4.131910370953406630e-01
-1.821450365850422679e-02
4.523771725560622042e-02
1.527417668206220921e-02
-1.824410463598860332e-01
3.725809769532613478e-03
4.395583076963237579e-01
1.195488527044745591e-01
1.389234081762901474e-01
-8.702351107341180225e-02
2.299426584522037964e-01
3.478963898765677354e-01
-3.054173975868627045e-01
-2.392595043748747541e-01
2.947209866681495538e-01
2.807040767031870193e-02
2.515281050462160953e-02
-4.927646006392095296e-02
2.923425881280126704e-01
4.935900639575532267e-01
-3.488551282175706564e-02
-3.844202125302652040e-01
-2.681804328802540049e-01
2.083018269401266664e-01
-1.821736830765038062e-01
2.003430571399205939e-01
2.417618351183475900e-01
1.756112750070556450e-01
-9.462890110311879266e-02
8.767886864127936997e-02
-8.278559914557226396e-02
-1.574520202740881392e-01
9.992468127277545631e-02
9.675915397621724645e-02
1.995029108495446069e-01
-7.479038392197207008e-02
-1.668119142121722576e-01
6.015561780354621024e-02
3.503453331939918036e-01
1.277724196384758537e-01
6.996524740988184499e-02
4.784923445725326047e-02
-5.227636850009337310e-01
4.903154078692809753e-02
1.112117723339088871e-01
2.359458538593283417e-01
-1.739328837914833059e-01
-3.102444571538083215e-02
3.473847740168132039e-03
-1.334984932358851129e-01
-9.466681227534895493e-02
-2.566046394740687520e-01
1.850488267429767630e-01
-2.134359044582073983e-01
-1.477738715079617848e-01
-9.529525377807158970e-02
7.621138591663238759e-02
1.053630122018937298e-01
-5.269521711330095171e-01
1.232105351551285588e-01
-2.957769399128403753e-01
1.718660717631000368e-01
-1.183917675229846089e-01
-1.522036149106612835e-01
-1.545822335309443851e-01
1.150228199707666391e-02
-4.486042772986163774e-02
7.158416376739928921e-02
8.158049254936064476e-02
-2.773863317035612508e-01
2.239967369140386799e-01
-1.475175078756336133e-01
2.885521406111107856e-01
-1.377654426742155047e-01
7.018640739857842994e-03
5.517465053570886485e-02
5.279683353477547005e-03
-5.689321509280723110e-02
1.743861452860826777e-01
8.832571770791920740e-02
6.502395195544406759e-02
