-4.087518576426944425e-03
3.371744174984961373e-02
1.828281416096108614e-01
-2.770746198517479858e-02
-1.300560029984953181e-01
-1.790003385836786212e-02
1.866382033394467857e-02
-8.909069258981527906e-02
9.277009317035649072e-02
-8.096591797154831238e-02
3.147248237214148731e-02
-2.181858097724468648e-01
-7.154141056351155659e-02
2.480238908140865173e-02
7.544802440908217334e-02
-5.764176084550098195e-02
-1.095982104964619147e-01
-6.003456513173137388e-02
-5.783980387995350109e-02
2.351715831469500528e-01
1.128499847662149669e-01
2.667958044145746568e-02
-3.694406244961293689e-02
8.422893904437980112e-03
9.228800783702664767e-02
-1.027735481259714340e-01
5.052588493591837759e-02
-1.591013627794869711e-02
-1.144558008038666502e-01
4.441269824375913833e-02
1.142517217008441888e-01
-1.587250453068758393e-01
3.108359319579627814e-02
7.317275642681402015e-02
-1.865695230562320062e-01
-5.603961406745130297e-02
1.272969741789405085e-01
2.491660993141576325e-02
6.461505269284255337e-02
-1.972872288118139028e-01
-1.351295385107690039e-01
-7.263770425057253233e-02
-7.863344790210947954e-02
-2.311487983691697112e-02
-1.397071981580310339e-02
-2.252823382077861342e-02
6.488914862986192023e-02
8.931243897327001413e-02
1.911059674756530324e-01
1.034120258133691822e-01
-3.034206945522676876e-02
-2.039437277044929900e-02
6.559891994954562822e-02
-9.289376200854468357e-02
-8.506231039835429608e-02
1.995517207029144924e-01
-5.068734546589320072e-02
2.182880756862063884e-02
1.607162934402808219e-01
2.168749710233779451e-02
3.932846065598197272e-02
-1.746201848072121421e-01
-1.924143925399583455e-01
-1.601188296352848706e-01
-9.092820457511052723e-02
7.284902834852138853e-02
7.052886824757018114e-02
-5.756864714122821719e-02
1.518101059110849461e-03
1.789355677435204017e-01
-2.976979644582889994e-01
7.252852246084394439e-02
-6.628944495049624019e-02
-4.725621490042546807e-02
-8.739033304451659934e-02
-8.640485469250594464e-02
1.664257212473124747e-01
6.051490566898519961e-03
3.817998149199990088e-02
2.310176731272324535e-03
8.764711524580549862e-02
-8.102900165763059215e-02
-2.277363545087639912e-02
-1.176781622881650086e-02
8.174371557192940119e-02
-4.206959691212781155e-02
1.289474217929534872e-01
-6.229932396981546078e-02
2.039168998571469493e-01
1.508154697260305531e-03
-2.442882308748699910e-02
-1.266528399420553978e-03
7.298796880349801841e-02
-1.667812533121334484e-01
-2.114780276602525599e-01
1.528969620695821152e-01
-9.976464780302815583e-02
4.403952775318180357e-02
2.815869197697088225e-02
1.428008512893019222e-01
1.166172434394720236e-01
-1.057566032792855437e-01
4.152028270945835875e-02
-4.802736234521304964e-02
-1.397986558899107501e-01
-3.804888433455851093e-02
-3.426247428702513913e-03
-8.945742510381661516e-02
1.630207396127293651e-02
-3.133437164646707407e-02
-1.117141678214701207e-02
4.498759387140514182e-02
1.290158018792977590e-01
-6.725105907918460524e-02
2.265754131582858356e-03
6.590322482312332975e-02
-7.994767734734628539e-02
-6.207599534572161293e-02
-5.997272589228824086e-02
1.767592714444776725e-01
-5.534452913221576953e-02
-9.652881400505308740e-02
-7.087635124050015167e-02
2.266700379444255842e-02
-1.191145023021642629e-01
-1.446483852995379682e-02
1.252420956224646886e-01
-4.221280466837760981e-02
9.461412678856026548e-02
1.598582897019950461e-02
-1.912419607391007206e-02
1.041659271334138409e-01
-1.156023922848669755e-01
1.602960505487250054e-01
2.814505070316590182e-02
-1.422495208472973061e-01
-3.896825614586026804e-02
2.460159017299626966e-02
1.297985018646978907e-03
6.925677660196125941e-03
3.027095594493675254e-02
4.282815783445908381e-02
-2.586333510363847399e-02
4.693127123016216373e-02
1.067221084872692766e-01
-1.364999345395110641e-01
1.328866789950453320e-01
-1.747914452814596994e-02
-5.354386659838171469e-02
-8.533234157242731988e-02
9.588402369510927448e-02
-8.793676454355016609e-05
2.597027223610560639e-02
-1.210740012170217206e-01
2.671205651898946737e-02
3.318306486695747626e-02
-1.633662272950872352e-01
4.242165268236423870e-02
-3.911051525713028776e-02
1.630932729680725224e-01
1.271637996432120610e-01
2.866586996860040135e-02
-1.144124329218278030e-01
1.638170618172222481e-01
-8.920495351525604272e-03
1.118277470237447890e-01
-1.119264324786201914e-01
-1.204362116322893889e-01
9.355808486557160020e-02
2.669220670932204720e-01
5.623132523168189456e-02
-2.060886362219047641e-01
1.047755851935581184e-01
3.103215382554292551e-02
6.314871103782514206e-02
3.758565625497724966e-02
-7.373703680392926230e-02
-1.962266894799732930e-02
1.778394573807788315e-01
-7.985404854441158218e-03
-8.716663136709999760e-02
-4.247591873988844358e-02
2.154343076210249106e-02
-1.030654625770524579e-01
7.476968405627988645e-02
3.914253145635197134e-02
-1.063941162763511195e-01
-2.438270573615742426e-02
9.138917839043031455e-02
-1.070297287811114578e-01
-3.590982014730714073e-02
2.620411320670698596e-02
9.462302483742934811e-02
-7.346038432894601289e-02
1.064313388148331319e-01
9.210984151462087155e-02
-5.127476000502280418e-02
4.851390474249525631e-02
-1.103487223132115225e-01
-1.491860436634886711e-01
9.998486034284609358e-02
8.041650730321543705e-02
4.650383144603909696e-02
-1.937904740339543574e-01
-1.733928228173782504e-01
-5.388568657607929746e-02
7.483427596733720211e-02
-1.259475063438668385e-01
8.354380251410645220e-02
2.417380810715547869e-03
3.376620249781388944e-02
5.313755441130434132e-02
-5.816127122194161142e-02
-8.434487907177151689e-02
-8.069606496885881400e-03
-5.516107921887887511e-02
2.014756261705400939e-02
-2.961125227787110570e-03
-1.024968776886991950e-02
5.788679265829012321e-02
-1.049577165772253018e-01
2.993595340181449613e-02
1.420230008379062131e-02
-1.478943631479259779e-01
-6.712803664597181974e-02
9.252808744820806286e-02
-5.772237685098556559e-02
-2.437103331615095292e-01
1.959804264004360100e-02
-1.871625297972755730e-01
-5.520853107785668457e-02
-1.132949312173953116e-01
2.003737127123132178e-01
1.000539028795107838e-01
1.474973252653861144e-01
1.080633182737801151e-01
1.803726202859740335e-01
-1.453312678938391833e-01
1.392907190159806408e-01
3.575516939550520655e-03
-1.836764495256897750e-02
8.405837032963002498e-02
-6.057131522825319470e-02
-1.992215334497576124e-02
-1.245858346466522520e-01
-3.586984302023733806e-03
1.008876516820636088e-01
-6.609387799999855151e-02
-1.285877960768270489e-01
1.407152814679432928e-01
5.854664884437206507e-02
-2.836575862703217821e-01
-6.439654451166475224e-02
1.162788257743929549e-01
5.315073437625481567e-01
1.000000000000000000e+00
7.375805909395252158e-01
2.854668606920561791e-01
1.302360602398969780e-01
-4.314193951720310394e-02
4.039698626479246157e-02
1.464150491077837735e-01
6.920686311578568006e-02
4.590325796143639170e-02
7.773738397015628188e-02
-2.501105946141652936e-01
1.089976498548733269e-01
-1.923511427929294748e-02
-6.550619452961202981e-03
6.320836874327657832e-03
3.554147977401975189e-02
1.390017501678480205e-01
1.484362972010752624e-01
8.775232556961096164e-02
4.068074236900300067e-02
-1.163281812943162130e-01
5.008242425970631934e-02
8.785953925605419212e-02
9.203396107764752823e-03
3.266005571222750647e-02
-5.104802586597957659e-02
-2.002539232947434314e-02
8.910736956125359098e-02
1.184473495892114508e-01
-9.777458736396365049e-03
-5.398828037362288224e-03
-5.484919799474202023e-02
-9.705978217066497937e-02
-1.082228234761024172e-01
4.895904415870048348e-02
5.037811407674343961e-02
3.608844001073539115e-02
4.286972489218699583e-02
2.360369257750370361e-02
-1.595281284631928087e-01
1.383561913012297251e-01
2.390381255441488724e-03
3.464218721309157700e-02
-5.405418632662474521e-02
-1.187956203191252724e-01
7.818120168803674441e-02
-2.940641665154272166e-01
-1.351837337549673945e-01
1.757520899374549472e-01
-1.850444160260818639e-03
-2.817327865973411755e-02
1.526850752229977626e-01
4.268702428784872105e-02
-5.484825255208571060e-02
1.720482241845586267e-03
-6.971974255064022907e-02
5.441716827098199045e-03
-1.039874937966506763e-01
-9.851096151757150754e-02
-5.086864391791988405e-02
5.325195858564566592e-02
-1.301662715628886802e-01
-8.844307552521189775e-02
-6.338332049771969179e-02
3.777374332057920059e-02
1.067521748737839359e-02
-3.789484366745374602e-03
1.438891699538266122e-01
7.597336834945657424e-02
-1.034669575235520750e-01
-1.056558467834109311e-01
1.236653148880579867e-01
1.558375627601901459e-01
-5.517538934766599845e-02
-1.451429375156198728e-02
-2.082591633993610691e-01
-1.326731562567895137e-02
-1.470040307318792698e-02
-1.231510492451648869e-01
2.088716450118192347e-01
-4.711947073939863617e-02
-4.570835662990673648e-02
1.755893721178194422e-01
1.936997283759682442e-01
-6.490884838855294492e-02
3.435871089887865965e-02
-5.615556489475290874e-02
-5.191616084536222753e-02
1.260661682461645672e-01
1.384443644432808429e-01
4.186776253375550788e-02
4.333058939882924315e-02
9.548385044692701829e-02
-9.442234157498975711e-02
4.022072043468450514e-02
-2.868980586122221645e-03
1.317064570508681143e-01
-5.520039514730228775e-02
1.612999810441398951e-01
-3.765992110887338151e-02
1.275095783111925285e-01
9.279734369463553401e-02
8.868235002944466205e-04
-3.525347875117628565e-02
-1.818931131748333443e-02
-1.156569637847338211e-01
7.480007311484157539e-02
1.536914133016785422e-02
1.361372732268084640e-01
9.221619021241686531e-02
-2.318368676930531724e-01
-4.314204238753566178e-02
1.545746698148741383e-01
-6.022323504969248273e-03
-1.134824715123328998e-01
-1.316872340044544613e-02
1.514756926552436600e-01
3.511697278352161888e-02
5.209760422742852615e-02
-7.118266908370825263e-02
7.994085033946900232e-02
1.988393672266125511e-01
-7.140060163954579930e-02
-7.528010021649567118e-02
2.661423818435556532e-01
-9.629347441646188277e-02
7.739669596177267685e-02
9.939744260138562437e-02
-1.005410240033995650e-01
-5.211589948745821467e-03
1.136352141828158857e-01
1.243267789671092527e-01
4.082157050695397332e-02
-6.898951892724536350e-02
1.923816174921267330e-01
7.412145937670339135e-02
-1.036043897535536690e-01
6.725749068478210912e-02
1.696317932113992899e-01
-1.276579247283338436e-01
1.172088868518821325e-01
1.774830434259326226e-02
-1.144225850243360543e-01
3.195131669386351569e-02
2.868782481868839551e-01
6.442910662553261864e-03
2.346025242855612758e-01
6.681348003557481541e-02
2.092572123295549924e-01
2.720712568360616479e-01
2.414335305132696285e-02
-1.030273106412739476e-01
-3.914889620587854065e-03
-4.146734788987021386e-02
-5.880807453520647127e-02
-1.823051492888850059e-02
2.393025057909611147e-02
-8.523641836247547454e-02
-6.535191679744220550e-02
-2.068203854774940294e-04
-1.008329288474953955e-01
1.342442603106592247e-01
1.098784396218704766e-03
-1.282890038071650245e-02
-5.145539280439079960e-02
1.334362593560317611e-02
5.555610419916962028e-02
3.282929516477155890e-02
-6.268918420747134068e-02
1.542606951671052495e-01
6.207172167347736053e-02
2.410158345527221510e-02
1.223468213438863028e-01
4.412824766590468101e-02
-6.516969211675925633e-02
3.785698671103673169e-02
-1.394392487574561690e-01
-8.815317084142298976e-02
1.067034281868838308e-01
1.104774174360380057e-01
4.517112103642022952e-02
-6.122692652938546698e-02
-7.225869699373796418e-02
-2.835560941308050073e-02
6.963106469762440909e-02
2.395174799345045624e-02
-1.777648418225021287e-01
-2.302938531714754031e-02
3.038884929056740250e-02
-9.246578826308812782e-02
7.551211157549893305e-02
-8.664422022035053739e-02
-1.162448478428570048e-01
-2.089867500307829584e-01
1.098014567015345444e-01
-7.505279689046458202e-02
-8.583058354749817376e-03
-1.523296491634663352e-01
6.910730623390323735e-02
2.439470909477721439e-01
-1.034602429593093065e-01
3.428956228955053198e-02
-1.512290013164613867e-01
-1.780132727118956815e-01
1.248076262584616736e-01
-1.687587732793794093e-01
-8.637234384963003025e-03
1.068721080594326328e-01
6.655898422293543559e-02
8.527000402669603074e-02
5.372020330918195891e-02
8.455985324901300892e-02
-8.032929878412262137e-02
1.305065417189709698e-01
-1.094615756104293791e-01
1.384048130972111330e-02
5.025715304383920196e-02
1.734796518784791630e-01
-4.383827850607781296e-02
3.051964420800443167e-02
5.861851810199827234e-02
-5.291500388351110667e-02
2.325684318021085592e-02
-1.073539076246858744e-02
-7.716345616779202166e-02
3.228356016070244028e-02
2.324228160669074006e-01
-1.274671814567736872e-01
1.980174872342655573e-02
-2.251226096366006763e-02
-5.817123679779218764e-02
1.032669884118232184e-01
-2.321549784110434750e-02
-1.491211879740880764e-01
2.851904134974349997e-02
4.108022114353394871e-02
-1.652087467439795204e-02
-7.816749914053208736e-02
-1.174344341525660196e-01
-4.786590818621672128e-02
-1.299032699687030223e-01
-1.452519836539972742e-02
1.500396596047862963e-01
7.497556401729654763e-02
-8.587203727190496905e-02
5.330185770759307551e-02
1.654100238914033710e-02
-3.902340643971499712e-02
1.575158460971392005e-01
-1.253977257908440168e-01
-3.809570256420114626e-02
-7.908507012753770993e-02
2.208392740359517437e-02
2.612443623920956623e-02
1.615352337740602884e-01
1.562555128921179759e-01
6.312775398947342853e-02
