1.457328200898288240e-01
-1.254683905477207151e-01
1.200636574786292064e-02
2.841288858827241762e-02
1.618770213144166970e-01
-3.577067093334032055e-01
-3.221543900434733487e-01
-4.199783162119807844e-01
-5.466069241582120070e-02
-1.182167988401763986e-01
-1.715951261080116141e-01
1.721571775114904279e-01
-1.089719701586057132e-01
4.317216750986033746e-01
-1.805271843815248745e-01
2.063952083477373911e-01
-2.457048496497372947e-01
-7.957714660724103661e-02
-3.948822032892900652e-02
4.049241600907885208e-01
-1.546343103967136867e-01
1.454745190360040852e-01
-1.636763952782732401e-01
-9.075295407242832402e-02
1.247908911797256937e-01
-1.716838227380040605e-01
2.416194347476411167e-02
6.797220244209692397e-02
6.359775367278898139e-01
-1.513317541618732776e-01
3.926755866346758883e-01
-1.776688646660705678e-03
-1.754868725831500720e-01
2.957675304659183185e-02
-2.133659984082522387e-01
2.314408695756723922e-01
4.552163553343067659e-01
2.143643879697605670e-01
2.174635303109400397e-01
4.221458179619239082e-01
1.939700509939252526e-01
1.159625501340903336e-01
3.241952258629630101e-01
-2.928400827295208342e-01
1.751889532007313288e-01
-2.672330098881946503e-01
-6.149875539930056700e-02
-1.995022513342208439e-02
-1.208117055463000383e-01
-6.097700516262205550e-01
-2.142346804117688519e-01
-1.183126142126716129e-01
-2.047070853443290830e-02
-2.180736892764019441e-01
3.744819210885492189e-01
-3.303268705400008720e-01
-4.965023420001337118e-01
6.175000803193011478e-01
-2.920069310156035713e-02
7.378270049684486354e-02
-3.574621149395207365e-01
1.638227421586721522e-01
9.444136936950021932e-02
-7.648110244656745882e-02
-2.047200198154705830e-01
2.183111346242194439e-01
-2.714230369986173064e-01
-3.425664542412478197e-01
5.983300059038377389e-02
2.183339440582329760e-01
4.971798937801854001e-01
-1.548464617574726032e-01
-2.229654743411816631e-01
-2.759756132157323849e-01
-1.640505014953229646e-01
-3.911217032835415663e-01
1.409721130739271799e-01
-1.928474235887705501e-01
-3.047940045558938937e-01
1.246146988384538717e-01
-1.058227968309990857e-01
-5.264821959611639679e-01
4.083702738663307352e-01
7.234160684407296704e-02
3.609839977438362713e-01
3.499078869445055306e-01
1.251773113705581530e-01
-1.352543887641362297e-01
-5.411336538220066217e-01
-6.400489955848204238e-01
-2.137961927041053534e-01
3.879003482712447409e-02
-1.727515065168305219e-01
-5.941938915072441513e-02
2.140746792835088175e-01
5.022436851062235252e-01
-1.790273485246577923e-01
4.909924698651039199e-01
2.991358579751102198e-01
8.861998429806930422e-02
-3.204020316879601649e-01
3.097219443749851808e-01
-1.944899208542539282e-01
1.271710791696477605e-01
1.995834897301020441e-02
-1.072549007289053252e-01
4.031289500116966296e-01
-4.515851160155947008e-01
1.993546538520145628e-01
1.496319113458322581e-01
-1.748514196306051316e-01
6.544756267714770814e-01
1.611910670707760451e-01
-2.349838039075984319e-01
-1.127757163468314783e-01
1.836117803968899953e-01
-2.163896199542938159e-01
6.470490888363933379e-02
9.934990677589271291e-02
6.083530510417941572e-01
-1.493039246050648916e-01
-2.216308045403168614e-01
-1.111389976365022431e-01
2.501680025902424664e-01
2.676790906104074552e-01
8.519813316307031648e-02
3.673183296679420895e-01
-6.002060301371204831e-01
-1.239059049440161958e-01
-3.689925769600052585e-02
3.958888891650796382e-01
1.601258113788056880e-01
2.382038900902661849e-01
1.818011581635094742e-01
-1.272051107105585388e-01
-2.717363644811679468e-01
-3.062972506836614955e-02
-1.902172542062395832e-01
4.210546211021636009e-02
-9.681765315316703466e-03
-2.247210963952172569e-01
2.607574394584399879e-01
1.100195813442803039e-01
2.829193209056659608e-01
4.237077727406141636e-01
1.656561475766362423e-01
1.399971464870900517e-01
-3.050941824529709856e-01
-4.265479137174620905e-01
1.504648866177028810e-01
5.516808787567375472e-01
4.185414053028332221e-02
-3.937826364542796886e-01
5.604737318052485651e-02
5.393927967414547525e-02
3.026586599113308823e-02
-1.673765635072566871e-01
-9.653075680626056754e-02
-2.640817730631089127e-02
-2.544918971760189996e-01
2.702776000726948014e-01
-4.095995774979879211e-01
-4.655946722750639033e-01
-5.509507279171218380e-02
-2.920769882485753019e-02
4.841085094763754038e-01
4.985243896653743928e-02
-3.910441722074541882e-01
4.982975822960090118e-01
8.585667408682641499e-02
2.895264436563942390e-01
1.001682530063545962e-01
-1.551482583791204128e-01
4.175251787498149292e-01
1.519125419385088382e-01
-1.848919506266651636e-01
2.527878420305591511e-01
-1.916197084648761095e-01
1.562674835347868663e-02
-2.665806653254503278e-01
3.124571711726936707e-01
-3.127703291698252785e-01
1.527208367640030540e-01
2.783478165478986410e-01
-1.072284885387770753e-01
5.079575584262153720e-01
-5.615066863514257822e-02
5.221090542195343936e-02
1.483565145741014002e-01
1.237494803224409301e-01
3.210942992792207851e-01
2.636658996855254511e-01
3.259118774868057233e-01
2.446301298440514693e-01
-1.546611928915594958e-01
-4.725953857400971153e-02
1.267211218392193077e-02
-3.016024753410883816e-02
2.258843209766948357e-01
-2.919899635596097109e-01
-8.094573015781309291e-03
-1.667616311705047150e-01
-5.125998889560469118e-01
-2.026157208326768711e-01
-3.272723634473910514e-02
-2.644007930487077829e-01
-3.022757590432020858e-01
2.453987848633972305e-02
-3.931214151558263259e-01
1.683617247350505663e-01
-1.102295529386217721e-01
-1.705640109219764000e-01
-1.204682500982763582e-01
-1.720450841562322641e-01
-1.551914754097213356e-01
-4.726383767322869106e-02
-1.496375204155918626e-01
2.872138483567974188e-01
3.766531689174238418e-01
-3.650139107935720384e-01
-4.969347120950262098e-01
1.573845012392909581e-01
-3.901815472963138798e-01
1.014460711834684094e-03
-1.914601816954414337e-01
6.538651152925012422e-02
-1.446193129688483521e-02
1.029334079805549057e-01
-2.278091256813270515e-01
-3.239499049092172678e-01
-1.000429232958227194e-01
-2.100433656128574689e-01
3.248513124504820437e-01
-6.657655817190857861e-02
-3.564370305964807972e-01
-7.546763864941815614e-01
-1.462492264626293614e-01
2.488846864529769762e-02
2.928597111806063857e-01
-8.861687341102986171e-03
2.129939589384144127e-01
3.243930872399054532e-01
-3.395336431513348852e-01
-2.691875206983344593e-01
8.910822445493782329e-02
1.875681606504588927e-01
1.025499029421088684e-02
4.466461235750252001e-01
-5.695185528967788846e-01
4.027616402402477147e-02
-4.354345361510433138e-02
1.551426230599553258e-01
-4.715444812701301003e-01
-2.512930844184129708e-01
2.996046391662632313e-01
1.000000000000000000e+00
8.047902438142210402e-01
7.996445960634465111e-01
2.199146614595099691e-01
5.993045144814001732e-03
-5.069764440097993541e-01
-8.719323718210603147e-02
-4.579368098545929522e-01
-1.456383146878742763e-01
-2.166370864902955051e-01
-2.787335889270842193e-01
-4.216355650266467164e-02
3.903097396603232710e-02
2.764425798607604845e-01
1.068613657629726155e-01
-6.152128315923770518e-01
9.643857440671252390e-02
-3.561372274950186378e-02
6.739597001985049574e-02
4.389333477450094168e-01
1.056529440867526454e-01
-1.404457078817486493e-01
6.418398142736539413e-02
1.355952203037250892e-01
-3.195555415236182029e-01
-2.099316072610348249e-01
-4.124919817265403910e-01
2.179081356313500029e-01
-3.023593734610956485e-01
-7.992514542079007245e-02
4.027788278979680947e-01
-2.845410150507562408e-01
-3.711483448103070071e-01
8.045685886342969495e-02
5.003770783245055365e-02
-2.860041087752562827e-01
4.948996923148201972e-04
1.912912250832314864e-01
-6.011985941659273719e-02
-3.137400742759769989e-01
-5.365771095417055658e-01
1.050527538106150183e-01
-3.250921965902588834e-02
-6.493341348839325455e-01
1.033308282072269574e-01
-5.286292598977362367e-01
2.049030563293765816e-01
1.329312152019110349e-01
-7.805804355215394119e-02
-2.335992781270381652e-02
-4.223619596678717114e-01
4.400231446147696568e-01
5.286734900469818310e-01
-4.469904631661971162e-01
-2.623875925333571391e-01
1.503211373095791059e-01
-2.010793951312839223e-01
-2.156541407669172392e-02
-4.274578287200356264e-01
3.896695778241630187e-02
5.396647497717812353e-02
-6.642548938344395859e-01
2.697520592419326568e-02
1.578094215556232194e-01
-1.222020113492193333e-01
1.034144163757395596e-01
1.396242149393479570e-01
-1.820582543312431467e-01
-7.830379190604960238e-01
1.004917186636485466e-01
-6.356788343193698898e-01
1.515573886445078892e-02
-3.576361591982654686e-02
-3.683733907189556955e-01
5.346115144261481128e-02
-9.493608045722463917e-02
1.305225522420268847e-01
-3.440370859811662380e-02
-1.316359034202888023e-01
1.995716956574014045e-01
-2.222652235591496966e-02
-2.800414549813685650e-01
1.914722210993555773e-01
-1.476982521383609520e-04
-3.308244839866524845e-01
-1.717158151613141712e-02
-2.142222796682104469e-01
5.097440033217458949e-02
1.653147614628252757e-02
-6.623617465498533863e-02
-5.595735864523573161e-02
-1.440505915633001066e-01
1.114285447721154870e-01
-1.373000242911001090e-01
-1.454174783589017306e-01
6.173726655469324864e-01
-1.205993806459898232e-01
2.986446931772870905e-01
1.164398770248704085e-01
-1.438603272550882384e-01
3.769905935225012494e-01
-8.640495839677149459e-02
3.684194641640762408e-02
2.335946147541326234e-02
-1.393971177616154244e-01
3.476067700070006317e-01
-1.551323416491984519e-01
-2.324615917988275687e-02
-2.343406146177363092e-01
1.585253907455558553e-01
-5.625044551622441352e-03
-1.046981813401191425e-01
-1.338944209220561121e-01
6.590740216456005829e-01
3.377728903537430272e-01
3.914058896698583423e-01
4.527834100389752786e-02
-1.201856273506205636e-02
-1.976439263861237521e-03
1.547887589214520243e-01
2.170510084596058084e-03
1.533865832000620710e-01
7.548427902401572132e-02
7.383642100921135321e-02
-1.664895629363919716e-01
5.640314982172973668e-01
3.283078691874441457e-01
-1.923804266401802354e-01
2.364102462369096491e-01
2.979592960080906239e-01
1.773602877993816218e-01
1.982771184572261758e-01
5.881187191615968590e-01
3.130120816383965554e-01
-1.908485932726331283e-02
3.780284621440169746e-01
2.559435507767698903e-01
-8.517400582376009888e-02
7.360307893900960852e-02
2.239775785841670308e-01
2.101137556644391002e-01
-1.518458939117019457e-01
2.059633165790482057e-01
4.275954199054903815e-01
-6.777628948335501224e-01
-3.413480599082765465e-01
-4.682194203879037064e-01
-4.382293757532947365e-01
2.508573415731459311e-01
4.186681981106382677e-02
-3.221178659279827494e-01
3.187887702232913290e-01
7.674019058065013887e-02
2.100859770375322899e-01
6.095236835114832552e-02
-1.659489701708709991e-02
3.601760157265533890e-01
1.507647072293169799e-01
1.576114814304398759e-01
-3.428133031824106003e-01
6.042772511955407655e-02
-6.058790802424027788e-01
3.016091022145893641e-01
-7.452598563380044006e-01
-9.084473430703749602e-03
-2.326841846538994507e-01
6.451858638915898558e-02
4.260754287398770268e-01
-1.068156824072218347e-01
-3.961238722418795599e-01
1.093946318735253970e-01
3.207569089451081101e-01
-5.527279708775459377e-02
4.313103039456827048e-01
5.315036506610136546e-02
-1.022555958911517821e-01
-6.016810120080108293e-01
-4.186166428755542790e-01
-1.097501895174377989e-01
-4.620240275427395238e-02
2.632426323647041877e-01
9.149032428271334713e-03
4.022911790865085213e-01
3.269924928342293202e-01
2.578083638271609912e-01
-1.027442801032834169e-01
-3.141193873976515227e-02
2.182550808163317702e-01
3.557687958686654717e-02
-3.214648250221587289e-01
-8.288290602025819021e-02
7.935251972206086579e-02
2.251246644514682260e-01
7.808183985538215410e-02
1.382880540090316961e-02
1.607318144810621907e-01
-2.951947728892218570e-01
-2.590770214239284663e-01
-1.921424508578160786e-04
3.557761260735923248e-01
8.483790714553868240e-02
-3.584913773410637328e-01
-3.065020762091693607e-01
-1.392435088159459378e-01
-2.033518978302156222e-01
1.754440510763793648e-01
-2.680824771923266403e-01
-3.025911493055865598e-01
-5.099114068487457102e-02
-5.285882449156047436e-01
8.791704802264358257e-03
1.501455888125516336e-01
1.350457048582834607e-01
9.940616839429639029e-02
-4.307892777307202881e-01
-3.956971939323410403e-01
1.139986243969784213e-03
1.496919033155923694e-02
-3.854792959257260510e-01
3.481056186432810451e-01
-3.709047252967264119e-01
-2.862517525026438137e-02
3.729064069401115122e-01
-4.914068564828871777e-01
-1.171475145646988930e-01
-4.147580999487748832e-02
-1.131320610709773133e-01
3.217863186367969641e-01
1.643158727601685964e-01
3.921970631947360036e-02
-5.343643275789564800e-02
-3.642441948418430053e-01
-1.767615649902663788e-01
-1.337402811513478673e-01
7.190192623923118143e-02
4.829932570689181581e-01
-1.957925049074581703e-01
1.116274940485654371e-01
8.380766031163969839e-04
1.157875929824718070e-01
2.202688872532254649e-02
1.756887847388728940e-01
9.923818918656463015e-04
2.790542352565888659e-02
2.174725769341943893e-02
-1.852708262476024104e-01
-9.186033087395735486e-02
-1.691183053617986987e-01
-3.434728189864930670e-01
1.115419181965273364e-02
6.643088931996450619e-02
-1.599487225899048903e-02
1.693575247458675159e-01
2.941955294013487987e-01
-1.348664548464283686e-01
2.452313030220502343e-01
-4.076319127326742675e-02
