1.333139113760844485e-01
-8.337086163966447860e-02
-2.110126174415483113e-02
6.143638059928502315e-02
9.170659515431642955e-03
-1.617444130841347860e-01
-5.609089505969987871e-02
-1.108312543819359314e-01
1.611561613207746213e-01
1.606134893774078254e-01
7.919413073471838482e-02
6.426568030682182353e-02
-1.275305408033179100e-01
-1.178858779520501054e-01
5.610230927266238177e-02
-1.611422562350725562e-01
-1.832547103101314079e-01
9.534803095264450523e-02
1.949238019212311268e-01
5.091875411499294235e-02
-1.055305696440374391e-01
4.807850519385045013e-02
-1.791712404087458521e-01
1.414959081089717241e-01
-6.459723553458061873e-02
4.474824725841224093e-02
1.500063563004043199e-01
-1.471285948493445683e-01
-3.003931591720341784e-02
-5.483077691819537164e-02
-4.105875513791950454e-02
3.831117254850487097e-02
1.018869549253069717e-01
-1.990410510369971728e-02
-6.092098145433121927e-03
-1.240445810865356269e-01
1.547536432686798524e-01
1.958621984076149014e-01
-5.652489576369548741e-02
1.541785704592198436e-01
-8.221889531004525353e-02
-1.587956046172917524e-01
2.805875373794622374e-01
1.735554508296509590e-01
1.217384522988975010e-01
6.798883683151732416e-02
2.516850335053926260e-02
-3.550390689457485083e-03
7.733897376091240783e-02
8.467782468090442882e-02
1.016308895108869320e-01
-1.968013585250517894e-01
1.038776437907285716e-01
-2.449714709043960270e-01
-7.220949580497797171e-02
-1.223782164426697600e-01
-1.775672983179974462e-01
8.763596551755739594e-02
3.202690804741475383e-01
-1.947939763652722367e-01
-3.892351757165474907e-02
-4.200302691918871012e-02
2.641984759062004917e-02
-1.110542878091062419e-01
1.708183524544686360e-01
1.562142262481195365e-01
-8.641204169387894929e-02
1.123713986877784010e-01
-1.802496701456387240e-01
2.629409493561561395e-01
-6.232135311711279463e-02
6.050357745910740770e-02
-1.359353670964885130e-01
1.206689722643649806e-02
-1.026156867138670187e-01
-1.764334187391741193e-01
-1.087969193966873416e-01
-7.130035867034532904e-02
5.957047827878513696e-02
-5.290573874762098498e-03
1.646959791020324512e-02
9.467551263710112519e-02
-1.480455536576844033e-02
-6.425354279947818881e-02
1.219967656782698084e-01
7.648409687868401585e-02
-5.995930948817911749e-02
-1.830965371764772531e-01
-1.514733548184330758e-01
-2.546935210656811055e-01
-3.286973256149609141e-02
-7.570783723269593202e-02
-1.344942391274228958e-03
-4.186834953608740972e-02
-1.198178832879580324e-01
1.640652471548323735e-02
6.102488992320301980e-02
-1.287587438943285645e-01
4.575813623948184888e-02
-1.832098354429885154e-02
-1.554085955566931743e-01
4.505866509846941786e-02
-1.900712629264495260e-02
1.381872861724867674e-01
1.795135383916303395e-01
1.053625965496566286e-01
3.014982609193991511e-02
1.722952015909606088e-02
1.639655871787193686e-01
2.685576117853125458e-02
8.368293406862120642e-02
1.122761284938521426e-01
-1.428610573642702108e-01
8.468862327691133521e-03
-4.435665124815654781e-02
-3.515182535487778454e-02
5.443653670906100500e-02
-5.041413624104350982e-02
6.918532330992388513e-02
1.752920066850141567e-01
2.333809340808420951e-01
8.292050142655110756e-02
-1.094313316893879076e-02
-5.630197934229533123e-03
1.611695428457735335e-01
1.634524901476777925e-01
9.975100815610989102e-02
2.256236978553651240e-01
8.660791170389127436e-02
-1.640998049914527690e-01
-3.243815007746143897e-02
-2.100396329979555277e-01
-5.069934931353575064e-02
1.541618381239616142e-01
3.069090102361015093e-01
-1.923826877133133061e-03
-1.916230475411112577e-01
2.040881515087375475e-02
-2.290466885874211170e-02
6.896966501569771861e-03
-1.408844592267881057e-01
2.122328826358971521e-01
-1.969094376841584726e-01
7.063073766555197364e-02
-2.943504231732210069e-02
-2.499317356356425268e-01
2.820006908624796138e-02
-1.171600319743925783e-01
1.540498941561151414e-01
-9.895919167294921215e-02
1.857968242041257989e-01
-8.818670888419274934e-02
-1.732891467003458141e-01
3.185637978070828685e-02
-1.155484577515218832e-02
-2.374761949086705293e-01
1.251753905079989460e-01
-1.073523985904573236e-01
-1.197129120313068645e-01
7.668030326551299181e-02
9.032792671423640896e-02
-1.499303301307018110e-01
-8.866924528028638508e-02
-1.411126782663492674e-01
8.072888142806579348e-02
1.984445948155163786e-01
-1.605876460050922189e-02
-1.405571354461450373e-02
1.399309990854944730e-01
-1.571328673033507706e-01
1.116246345765515291e-01
6.132263001220467774e-02
-4.117336023350590124e-02
1.759410628619078043e-01
1.097560570368463356e-01
-1.460742052399336688e-01
1.010280658501778832e-02
9.691886297435911568e-02
-1.741857372980395724e-01
-1.078473664794340342e-02
1.212989840338151715e-01
5.876595779932920760e-02
2.868756770737466988e-02
-3.620902682660784994e-02
-6.270652208889054835e-02
1.023516420493864876e-01
2.124124152488059414e-01
9.403786653993619071e-02
-9.162729394368993030e-02
3.851936700389477913e-02
-1.529658582773721076e-01
1.141611368996820058e-01
3.535414321960229228e-02
-1.177586395752974330e-01
4.369641574553052854e-02
4.399220726011801585e-03
-1.243936882503756530e-01
3.531090483358230447e-02
-3.062530432837426084e-02
-1.187843868626732302e-01
-3.287466117464261234e-02
1.273141968428753712e-01
7.966009962156524182e-02
1.296417207762764513e-02
-3.425453098324889034e-02
4.652812709484904297e-04
1.158751827271232993e-01
1.027549509043092640e-01
5.910825707801022066e-02
-1.366153970711508625e-01
-8.494651808848903418e-03
-1.161442872188752778e-01
1.228553566346587550e-01
-1.220722804410435125e-01
1.468940329239729337e-01
1.312963348303466081e-02
-1.846643643269636204e-01
3.442710368062294746e-02
3.930908755245407504e-02
2.408741248589816447e-02
8.418004157924821595e-02
1.427641420027129897e-02
1.836440919673296424e-01
-1.595315702494921328e-01
-1.362741756883419364e-01
-1.160734258453459539e-01
-6.383122003246659293e-02
-1.109142089338572244e-02
-3.156448267048547751e-02
-2.743284773366944651e-01
9.915464852015731800e-02
-3.293481624237833139e-02
5.031367370994922067e-02
-2.198223966953542774e-01
1.582293500381905943e-02
-7.318027906600611809e-02
-3.409763961237036872e-02
9.902125289981508760e-02
-1.180633718959155781e-01
-1.532376507839816882e-01
-1.796661153142496475e-03
-4.475027856078389599e-02
-1.009789750641021805e-01
-1.160540378113284199e-01
5.920923231179669316e-02
-5.115030700845318856e-04
-8.826184822927432561e-02
4.258760221249661276e-03
-9.488736066765564303e-02
-8.506054311662290812e-02
-9.727444423814278485e-02
1.840646786893070097e-02
1.048049012880602343e-01
2.059001090205923867e-01
7.513017290829302475e-01
1.000000000000000000e+00
7.350042463663459813e-01
2.565587269789175173e-01
1.327861792401742735e-01
2.075489258615942634e-01
1.891861929233307205e-01
1.579393470742859740e-01
9.993537836368365443e-03
1.992253973118461238e-02
4.952869199907348335e-02
-1.184496914163357673e-01
2.974932506778922847e-01
3.440753324051268880e-01
2.554097709495072310e-01
2.755216648414026137e-01
2.051426581240096414e-01
2.455403656540570134e-01
1.037211742451058655e-01
1.045424411512523022e-01
1.012407919259543931e-01
6.700394332208711723e-02
-5.279674340206381294e-02
5.598737025089823779e-03
1.331152618198595816e-01
-1.692488620526476639e-01
9.866006549417297156e-02
-3.279852201548954377e-02
2.584131227722182705e-02
7.821235921920907663e-02
7.763414489539045837e-02
7.761128026601069041e-02
-8.260109302248959395e-02
5.143301578611746139e-02
1.202512992783525136e-01
-7.656084027188421459e-02
1.506698328572769474e-01
6.786432137729704606e-02
2.721523879301420701e-01
9.454201941452880509e-02
2.256394390389786508e-01
-1.148664552936281072e-02
1.125911539574927789e-01
5.430544218600362461e-02
-5.940861188720468478e-02
-7.044961445408717826e-02
-3.508115375680315173e-02
4.229439667826131455e-01
-7.653819902985396773e-02
-1.300479034292401359e-01
1.172597718529836686e-01
-3.507107857215779889e-02
-3.274627109442995038e-03
-9.356180967279995042e-02
-1.537534815955583223e-01
8.368674031602292562e-02
8.831104192963826205e-02
-2.730897229486408187e-02
8.686138864334994047e-02
1.119181162144469444e-01
-1.877670007321106116e-01
1.154932669633830788e-01
-1.091974272472853724e-01
-7.806739541788726422e-02
8.872790256456034030e-02
-1.280844340917418854e-02
2.913980046773991320e-02
2.184697057254692074e-03
6.534285646384499491e-02
-1.189138688160731178e-02
1.187558480010915147e-03
3.667153191374478149e-02
-8.290229988965877594e-03
3.046597791749608986e-01
1.307013902499231384e-01
7.959571544043021057e-03
2.653425748175455151e-02
7.083718406303776693e-02
7.035226848789176424e-02
-5.964908142356836057e-02
-3.960827229256009413e-02
-8.000728110582909502e-02
1.140223658915024835e-01
1.741372089726132000e-01
-7.373935796680441100e-03
4.912447007431488405e-02
1.135559741386911285e-02
-9.733365262413130881e-02
-9.398887670649229420e-02
-2.119502452427056982e-01
-3.243521785901178067e-02
-2.104943089277166723e-01
1.211243355641719588e-01
1.873968960571372189e-01
-7.740337448408550480e-02
1.305366716593432674e-01
7.907065413546164601e-02
-1.988847399674244232e-01
-8.225751198104122586e-02
5.332713317440772316e-02
9.482665449821364723e-02
-1.538203230374884239e-02
3.949030966193719377e-02
1.957259757927629074e-02
-1.586464342014246021e-01
-8.566524939974617947e-02
-1.059294996917317516e-01
-1.377405808303262535e-01
8.553600247449744121e-02
5.521770131453234559e-02
-7.656521041666107530e-02
-7.845405001932759248e-02
3.181582799111690729e-01
8.297814067209578759e-02
2.537097572886756192e-01
-1.690586231339370193e-01
-7.353024073836873786e-02
-7.174932956022969655e-02
-2.663844983083151208e-01
-5.526785191274340842e-02
3.714399886583270027e-01
-2.313439847742562727e-02
-1.563034630459343433e-01
-1.533229965278169737e-01
-7.183829720501748450e-02
-8.053794546018064326e-02
1.256072104708401971e-01
-3.727084135091857792e-02
-1.202629503282354184e-01
-1.146790044426357624e-01
3.118733382140023713e-01
-7.668994382924193554e-02
2.704918204993775332e-01
-1.526230981325597813e-01
2.624534984383648517e-01
1.260945052250634080e-01
-5.760693873906443802e-02
-1.083381671695399923e-02
-1.269958522432123038e-01
-3.531493253066737142e-02
1.373626294151972238e-01
5.019925192001232356e-03
-5.131095565507572814e-02
-1.882142777371155831e-02
7.813753543470162988e-02
-2.639769888895803981e-02
-1.247929869910014838e-01
3.161806765306099942e-01
-1.356880278801485540e-01
1.517984086603825500e-02
-3.709032301537884546e-02
1.285631759953277664e-01
1.811519200175152333e-01
-1.307064622309689339e-01
-1.941458191667573274e-01
-1.776237056996695096e-01
-1.691741553908163165e-01
-1.331303894651046926e-01
4.174635727070499791e-02
-1.769154606572168054e-01
-1.103982176874622814e-02
9.575993802499339902e-02
3.700328971263538991e-02
8.968088968593176946e-02
-5.661664165890759742e-02
-1.330445893248853768e-02
-1.602995094935327214e-01
2.362277306517057002e-02
-1.702882196813773619e-01
8.267513688892746959e-02
-8.291793700404238507e-03
-4.286185212092986224e-02
1.811122504000986511e-01
-6.752512263439991447e-02
-1.008156553589574789e-01
-6.554493620788495734e-02
1.054710194522350680e-01
3.511422672261107353e-02
7.021767137923749617e-03
-5.696849669474805811e-02
5.865338490311332656e-03
-3.234337112811518089e-02
-1.927556703066104771e-01
3.730062206782176065e-02
1.338641762938003743e-01
-1.485873289351956894e-01
-1.578600980750029248e-01
5.348757379344361990e-02
-4.068705663091912866e-02
-1.659568271458472521e-01
-6.633662820171444541e-02
5.025505740420864453e-02
-6.790623702198321510e-02
1.517272522873676088e-01
-4.300565800692931345e-02
8.321801269919776312e-02
-9.515207419839651071e-02
1.842459278267957190e-01
2.091471065438984048e-02
3.169598751198414166e-01
-7.672150970727510677e-02
-7.128861893856884568e-02
1.481760440636750720e-01
6.675668542099390257e-02
-1.767044716672328680e-02
1.584980974751231883e-02
-1.167194771510113582e-01
-2.720625443187359993e-01
-1.149792017924904097e-01
9.380941868402828399e-02
3.665662028917751614e-02
3.130335199766839382e-01
6.439852831401656104e-03
-1.739916921319272225e-01
-3.878024197112733135e-02
-6.533105080406709231e-02
-8.601619460205194717e-03
1.091007655345956062e-01
1.021604651113885154e-01
-1.631329559584885625e-01
-1.852720668188717890e-01
-2.011468331260863329e-01
-8.378940634501043372e-03
-6.917039022726098607e-02
-4.077712169200849862e-02
-3.561079877662891996e-02
-2.628157455179769633e-02
2.456258707949148523e-01
1.565915571422015484e-01
-7.621168540470882324e-02
4.376541193847963140e-02
7.175438589617837148e-02
2.752560772817096435e-01
-5.151741071781847439e-03
3.796294189685574527e-01
-4.785276966037371738e-02
2.080961468671981840e-01
1.957000910459050780e-01
1.164532604078280797e-01
-1.885723258239666716e-02
-1.702906379013383320e-01
-1.097892714328956437e-01
-2.488361571672410566e-01
1.041820074156512253e-02
-2.193728250627455245e-01
1.587707954297594426e-01
1.314412651579223608e-02
1.019150138295209368e-01
-4.641731879571207864e-02
-3.834984907661886239e-02
-3.687549092981377841e-02
9.881133856941040627e-02
1.266670286004458190e-01
-7.703144716074668275e-02
-1.463930532379510707e-01
-9.585243888880702612e-02
-1.669289648224213107e-01
5.580559718063812791e-02
