-9.581466043107508823e-02
1.342502286611685358e-01
3.068830318553030789e-01
-1.293966837379008639e-01
1.754145111926181666e-01
-7.612808660051303966e-02
-7.942357343020967075e-02
3.473411526029107632e-01
-1.678318221971332458e-01
-1.660608538027076309e-01
-8.598510738901592176e-02
3.386802784380020526e-03
-4.381064883298353974e-01
-3.505735818675717042e-01
6.172737997764517204e-02
7.482661123254012725e-02
1.536334450855623979e-01
2.141844195651112885e-03
2.322802934363564775e-01
8.510115624901024023e-02
-1.442538617695337533e-01
1.433626484620757202e-01
1.126016412068742700e-01
-1.490935129011253767e-02
-6.429946613891049378e-02
-1.427642296604390293e-01
5.175271769594868426e-02
1.316629537756571489e-01
1.251767955071757255e-01
3.241441318444621134e-01
6.406855683175660676e-02
-1.508410870359607192e-01
-2.832806094787361229e-01
-1.101972503753784194e-01
-9.534177057636848696e-02
7.034879360828918959e-02
1.346642782177411568e-01
2.065472630984319935e-01
1.145934073558738248e-01
-2.392437718680548997e-01
-3.405140796862660829e-02
-3.410767477261019698e-01
-6.786883157109685483e-02
1.148509069785042802e-01
-1.355515085137355136e-01
-1.562531654691542149e-01
5.479642525017584809e-02
5.751448055582576713e-02
-1.788287515649558124e-01
-2.777665692075762666e-02
-1.270497474335541277e-01
-1.015648261843157402e-01
6.206605384391010449e-02
-1.805389859132014441e-01
2.773508779305429717e-01
1.747032156078501541e-01
-4.072134929897942152e-02
-1.802686210852149085e-01
-1.002848248570618189e-01
-4.258975360762438933e-02
-3.403286151920099228e-02
2.815089200656921142e-01
1.077102041599540122e-01
1.457187406818865882e-01
2.612228935902288773e-01
-1.704041426138537263e-01
1.324669034014388236e-01
-1.708528438781395098e-01
-1.039075839617928793e-01
-2.545256580889415643e-01
-9.831494474759779750e-03
-6.368119332301198920e-02
2.493411531776533463e-01
-1.823594431748909728e-01
-2.674661932712721693e-02
1.726620779008439244e-01
6.818460688557442806e-02
2.782400025835186919e-02
-8.654731072270002712e-02
-2.081275162513404609e-01
-7.253224779906514152e-02
-1.617827680862840567e-01
-1.492904080560742142e-01
1.921383180660677162e-02
-1.744001490863970882e-01
-9.250378899870137506e-02
-2.143782351211031001e-01
2.238986541436153166e-01
-7.812459551964395787e-02
1.282539257734536253e-01
-7.012307473133849722e-02
1.029510893534465316e-01
1.110206454584415359e-01
-2.427492508257552697e-04
3.828456386433269354e-01
3.162903970773727619e-02
-5.633934762289266596e-01
-2.800250645699932095e-01
-8.262088138715471819e-02
-6.223142395676182874e-03
1.870708674928370785e-01
1.804436621742569122e-02
4.924858900824932717e-02
-1.070612016047836484e-01
-7.477196662441919217e-02
-7.224700670843636763e-02
1.018569994545902718e-01
3.536129373194371039e-01
6.847174172423207972e-02
1.686845787746518444e-01
3.535191715920182887e-01
-3.094085563775727521e-01
2.233379535271311223e-01
-5.660805658419074821e-02
2.484881839215682675e-01
2.661205593243620715e-01
-1.417005738393519731e-01
-8.334346125391310645e-02
-1.614312290146630302e-01
-8.735063469920671675e-02
1.173176131425537755e-01
1.599512439979580980e-01
9.397331567488431681e-02
-2.240250935128309737e-02
-2.915627626968974595e-01
2.380482458803379331e-01
4.414921941211121664e-02
-3.065800435400157786e-01
-6.960969551251762477e-02
-3.781154332574578336e-01
8.271683652408795551e-02
-3.271190159085515803e-02
-8.433640594867515550e-02
5.655519319161180641e-02
3.596387645887715034e-02
1.654536525902330357e-01
3.215899342180621179e-02
5.317513565305190260e-02
-2.513767441129907132e-01
-1.072301084040299390e-01
-3.849181986934600841e-02
-2.043828198173060773e-01
1.820985299238540578e-01
6.782635956445976638e-03
3.754549785658485572e-02
-4.456196173514999082e-01
8.443275211642023437e-02
1.993300338000945082e-01
-1.871954363889060668e-01
-3.416754183093794750e-01
-7.882109304793552540e-02
1.244679020104714623e-01
-8.457532001878853567e-02
-6.630848833565999856e-02
-2.142324220260249934e-01
2.483377062625246046e-01
5.130317846684654542e-02
-1.643696519410006995e-01
1.252421773171687180e-01
5.516327071832527462e-02
-1.084105845536296880e-01
-2.084376665879833779e-01
2.416088464278720038e-01
1.244974199172414059e-01
5.696337930244192993e-01
-7.243963286112582722e-02
-2.313961355294619562e-02
-7.534340407975033405e-02
-4.157377111192105817e-02
-1.575817953958825735e-01
1.768557493207187081e-01
3.133171547337610524e-02
-8.970598396048534706e-02
3.813787315105274245e-01
2.532555281472204101e-02
6.948555675033481205e-02
2.270201394762139113e-01
1.850412095832100201e-01
-6.145332302292719900e-02
1.931254855384985369e-01
1.886701870498167302e-02
9.281888276067705446e-02
3.667991804743505613e-01
3.011990587514332476e-02
-1.212245747178787442e-01
-4.122238845263163226e-02
2.423299235774133698e-01
3.126379746592669595e-02
-4.023114199049253326e-02
8.173710896241950796e-02
-8.325277916707700399e-02
-2.347075999827830939e-01
-2.681075775634347846e-01
-2.499051110101953022e-01
-3.049133821964671864e-01
1.964413343595010075e-01
-6.121595077308806393e-02
-3.069013217463346099e-01
3.874495058951352155e-02
-7.879864179321202644e-02
-7.313818054979498440e-02
3.385651050893094816e-01
3.342949462927217730e-01
1.432371805581680035e-01
1.899350096151196932e-01
2.665718190890432049e-01
3.251771971754826018e-01
1.732166503392198464e-01
-2.303471892332455140e-01
-5.111236271620759469e-02
4.977171068875208687e-02
-1.542234461534968126e-01
1.303403179176615134e-01
1.307257609158610744e-02
-4.485971099534173667e-02
-1.064240304117220065e-01
1.415251697711164824e-01
-5.882875972312441581e-02
-7.383026757972329865e-04
-6.608177471853626805e-02
-1.082338338632642637e-02
-3.113202599693429828e-01
5.741470395953876538e-02
-2.793712846011601678e-02
2.633757792308349388e-01
-2.114034790545818721e-01
5.129453089141727817e-02
5.553895927729277093e-02
-6.529644974834603044e-02
1.207596121002354160e-02
-3.026157440664780165e-02
-4.900469240972885748e-02
-3.117002659871238174e-02
-5.910816315735207410e-02
-8.811292186843855401e-02
1.406370795703577314e-01
1.463251258694586165e-01
-1.799729727805035595e-01
-2.279930298645378439e-01
2.048955785266131646e-01
-1.382937692099416860e-01
-2.321504996904892679e-03
-9.027552766778761117e-02
2.130552692753008570e-01
3.507929770510082035e-01
1.252171116588229605e-01
1.771928813666922564e-01
2.873915085684501936e-01
1.857920783610930437e-01
-6.153000591502888472e-02
2.812933957242403915e-01
-5.346411999685151545e-02
4.725444307412492856e-02
-9.726733375067704579e-02
-2.513608336898566498e-02
7.143328337021725982e-01
1.000000000000000000e+00
4.258685662215870305e-01
7.289571874189955392e-02
1.468935578903728112e-01
7.631812028951116822e-02
9.415278610052764396e-02
-4.338727835044908776e-03
-9.415933927272664150e-02
1.380387941244276828e-01
2.065472071952222100e-01
-3.599799462377295534e-01
-1.100078419726472911e-01
-2.882385568221729200e-01
7.017959628735286060e-02
2.984657471579703694e-02
6.058185156028631640e-02
1.095048751076873328e-01
6.425251860889846789e-02
-2.914696394189061901e-01
4.544633756968047278e-01
-1.411844008213688356e-02
-4.681959625256482127e-02
2.333673389861223024e-01
3.010778362831946497e-02
5.394069962163051679e-01
1.875467459818251637e-01
9.581357068460080728e-02
1.341347378374400934e-01
-1.483307073581095481e-01
2.466560345469581694e-01
-4.454397374060958988e-03
-8.942003901439868341e-02
-2.816271820683994842e-01
-1.755847032537446450e-01
4.214047093693342599e-02
1.218851966826244165e-01
-9.924027972866214520e-02
-5.758196260923833902e-03
1.384252195222421267e-01
4.200258476167412214e-02
-1.922993532397525018e-01
-6.963228087663383969e-02
1.083979982096236472e-01
1.409941273539364395e-02
9.732905051364784677e-02
8.382709308726210562e-02
4.487332429904264397e-02
-1.645928685837909633e-01
-8.081152969218509396e-02
5.266888449230780478e-02
-1.257641207654575932e-01
1.680406369540543843e-01
-2.015292190184473642e-01
3.424577659680881625e-02
1.176028604162555370e-02
5.819145956048266816e-02
-2.917408192284320911e-02
-2.978462333432885245e-02
1.912139774621341992e-01
-1.174214228333464623e-02
4.372773447563631927e-02
1.677096944922194521e-01
-2.101080931246337713e-01
-2.072245274850006147e-01
4.398890428508440975e-02
-2.358743506592201333e-01
8.455918079722211933e-02
3.125551907144783481e-01
1.876555834872921658e-01
2.329557697237963354e-01
5.428369398360308878e-02
-6.767350730579882456e-02
5.359592223687233148e-02
-2.933909681631353128e-01
6.963388924275101810e-02
-1.829937207399552346e-01
-2.589130388618820014e-02
1.036168622822959684e-01
1.117323934800517338e-01
-2.696070862435869797e-01
-1.229134303947317236e-01
2.218409251412084560e-01
-4.218692140472292129e-01
-1.113019375009026146e-01
-8.410674280032713612e-02
2.349659259099070308e-01
2.973872366969104175e-01
1.740415876056165545e-01
-1.963650150554596963e-01
-6.611087310843111534e-03
7.747861486165723982e-03
2.671351457950089242e-02
-1.281158780460843749e-01
-3.482688996801316939e-02
1.907416350505539149e-01
-9.735116150099096255e-02
2.916862363693108195e-02
-7.491346158044866199e-02
-1.486703756015224087e-01
3.263333009052005879e-02
-2.580432666751587556e-01
1.621102410165198571e-01
-4.617505619980464583e-03
-7.030270668358955775e-03
1.782938931911740715e-02
1.150354553018639037e-01
1.870931455350935413e-01
-2.241761195869443057e-01
-1.016653625392532900e-01
1.548535949373989473e-01
7.070630994850746198e-02
-2.277492725151712971e-01
6.302112908100067357e-02
4.451708156036458808e-02
1.788894125447483274e-01
-1.521992907726688327e-01
-1.630071077622879949e-01
1.828414549817828361e-01
-1.708030864034601470e-02
-1.559011739606910030e-01
-1.330849638762252561e-02
-1.966700315911594221e-01
2.154010547901509531e-01
9.539309181120165029e-03
7.526163162957523467e-02
3.704272520952953118e-01
7.183568889029680153e-03
1.949202854814511762e-02
-1.760069311487688914e-01
-2.488719283699517837e-01
-4.843338906375616038e-02
-1.403320746949980047e-01
-9.749615343137102430e-02
9.208366719285232885e-03
-1.017791774333319105e-01
-6.559235458589784268e-03
-2.235193684642005074e-01
-1.627807460728846467e-01
3.178943737515936285e-01
-1.891226195896546780e-01
-5.209292824272664796e-02
1.127976693276130649e-01
1.578587850816893789e-01
1.037056506211031792e-01
1.461186010311565642e-01
7.056865839174554511e-02
-2.231330994787005528e-01
-2.106775195227130193e-01
-5.478884511828197718e-02
2.021990583047046097e-01
-2.278372396892804908e-01
2.226359483557985991e-02
1.660608198394287749e-01
-8.751387705450179577e-02
-1.718542574330432504e-01
1.080844123046604682e-01
2.616743320701804265e-01
-2.020617089299727442e-01
3.567894586540107382e-01
-1.408670057976785794e-01
1.707215774464585986e-02
-1.521658289575266443e-01
-1.512591923073251521e-01
-9.285610462912552432e-02
-2.687053096727570201e-01
1.785735027578700951e-01
-1.750474310804520442e-02
-3.565103574018130828e-01
2.517824249555012384e-01
-8.530143046016842867e-02
1.568549080326744616e-01
2.980366646348357740e-02
-1.560589137871870313e-01
-3.231912412401327095e-01
-7.152725356082446917e-02
1.303181235843571262e-01
2.688888468444039503e-02
-1.679848137506773365e-01
6.625461376579767914e-02
-5.801221822494546931e-03
3.474513982079407287e-02
4.067811154111275473e-01
1.704658374624814371e-02
-4.298901583528680903e-01
-1.631463402424327414e-01
3.151095166910070858e-03
-7.601551711358513555e-03
1.076175556217437851e-01
-2.589778399201686510e-02
-2.445038253190756627e-01
7.583133213771924355e-03
1.048075892336295667e-01
-4.475684306422739733e-01
1.202251163426905703e-02
-1.921565455791084953e-01
1.187325566166632512e-01
1.682164762959715287e-01
1.095301976874693412e-01
3.492774413187513805e-01
1.906780910853800304e-01
-4.087453636794657202e-02
3.571189766047944136e-01
-7.562065684451284298e-02
-9.956815535004978623e-02
-2.915822030143834787e-01
-1.969967173199760613e-01
-3.365088286699020187e-02
1.862351206842481899e-01
-1.670319673892177170e-01
-4.030989184309014678e-02
-1.138277353817189197e-01
2.146409745822240936e-02
1.871111672328761369e-02
-2.322705849379534671e-01
2.807801952207070739e-01
8.966725937480271580e-02
1.859529077195710284e-02
1.573260605516837718e-01
7.629588685314958596e-02
3.674444185880057501e-02
-7.744728099875496097e-03
4.376858856010808485e-01
1.034157058634173759e-01
-5.330786058461651350e-02
1.070771778934910823e-01
4.978854210543641468e-02
-4.943878524151065941e-03
1.439749718151535351e-01
-1.504439975026445886e-01
-8.158617372673816759e-02
8.403083030949203003e-02
2.046106334604949895e-01
-5.582354727587796744e-02
2.226806995671559430e-01
1.284280891856866835e-01
1.663538705406362173e-01
-1.369015116090531170e-01
-1.204552935999456953e-01
-6.455325096884555192e-02
9.620878327004064867e-02
1.313116939284112994e-01
-8.617255513486726803e-02
-1.304778247224318288e-01
2.118122658406140502e-01
-1.173178985244654748e-01
3.565340238888620433e-03
3.485679612758464385e-01
-9.916874743762199573e-02
-1.142982231483446465e-01
4.547994410509494101e-02
-3.208900454100835353e-01
-1.930002025073807304e-01
-1.142393437471192208e-01
9.035534394617952825e-02
-1.077366109833897273e-01
9.851318004992978827e-02
