-9.679229819872539609e-02
-2.603568575489452752e-01
2.080583102097913542e-02
-3.437486923348473389e-02
2.364374973886435582e-01
2.138836434811349496e-01
2.257543636794115127e-01
-2.927505044176566540e-01
-2.328613282944683449e-01
3.431669622550201915e-01
-4.041006756331346761e-01
-2.683779877075343490e-01
1.962982804677140813e-01
-2.968624511821288947e-01
5.167295386552341052e-02
-5.889856029696632911e-01
-3.553218312820808494e-02
-3.713294626333436127e-02
3.529442473973604805e-02
1.651878847834352126e-01
1.710151797498047632e-01
-3.080655628999354537e-02
4.954818337722062711e-03
1.641168162766933336e-01
1.983405599276832354e-01
1.498229272390450006e-01
-1.817947529903307935e-01
-2.153415208956246940e-01
1.130287336313859914e-01
1.319679663794009472e-01
5.446484229367961477e-02
-9.991218072297024244e-02
-3.376538201786901533e-02
2.361748953935647877e-01
-1.606735278136225131e-01
-6.392169492317917832e-03
3.914578418144472327e-02
1.990498229400299024e-01
-4.581793054273138044e-02
-1.230150584141789377e-01
-3.628236439382390849e-02
-3.643729541647811737e-02
1.339624134916831966e-01
4.707552138165794764e-01
-1.610830021421657543e-01
5.077919380012024808e-02
1.170407410855741487e-01
4.285002601935215122e-02
1.416859792102549351e-02
9.922596266823162370e-02
-3.244583285307655052e-01
-1.921780980157309360e-01
-3.936861879359128680e-01
-2.262393424954792231e-01
2.181187770520049696e-01
1.063746765890484919e-01
-1.910100398944354627e-02
3.160828570554585770e-02
-1.226998881628924010e-01
3.267377685415364108e-01
1.245411871392527459e-01
-1.687810668737604325e-01
4.467360351277585018e-01
-1.477400430681448662e-01
-2.817989174570161848e-01
-2.896802528900974116e-01
-3.669981565478747099e-02
-1.558031250710281979e-01
4.735297060049515894e-01
9.572954713630661694e-02
2.509441939111461961e-01
-1.767945471269784241e-01
-3.870038854077065271e-02
-9.206806122563392092e-02
-2.453893973030535081e-01
4.561871946112953241e-02
3.742373790843195325e-02
4.040052696928657650e-01
1.897141879214112037e-01
1.144218864838178751e-01
9.381110853694772655e-02
-2.332548780051199588e-01
1.638038767210100721e-01
1.677339951588964762e-01
-5.369996171322511010e-03
-5.262539447608141630e-02
4.947595940618809696e-02
-1.097052041745599921e-01
-5.211864956376755648e-02
-1.148268566893519832e-01
2.324539638797778474e-01
-1.059185827796914892e-01
-7.129637916935564236e-03
-1.594564862979511444e-01
4.609183056051638916e-01
-1.951012611865519664e-01
2.750140896974270777e-01
-2.896350075121402745e-01
-1.646680865182631182e-01
3.097618109869760827e-01
1.267588421250147868e-01
8.038318293629298505e-02
-1.675215829731354911e-01
4.976439586713889141e-02
-4.125213177624946770e-01
-4.204179530062895909e-01
1.909834999132328515e-01
-3.246985531071740483e-01
-2.247567508984298426e-02
-4.526667606342801853e-02
2.900114430008131072e-01
-3.263051149888807623e-01
-2.359769654507946623e-01
-1.123411279890226544e-01
-1.055193453262348452e-01
2.356186012413490072e-01
2.562408131678554635e-01
-2.155154832935371190e-01
5.704871165528002663e-02
1.926643009058844891e-01
1.092325001686088176e-01
8.452137295047010279e-02
1.685307006638027960e-01
1.547436382952377953e-01
-8.214526390033487224e-02
6.872423663181716214e-02
9.149607196361111972e-02
1.638736825458205620e-02
-4.657328574777822722e-02
-9.347678840612229367e-02
8.921631841050207956e-02
-3.374973353098054130e-01
1.893726634166015832e-01
-1.752084589954163996e-01
-2.220048629787646499e-01
-6.431164686830749544e-02
1.950029120024695528e-01
-2.973775293009895404e-01
-1.167575468360842333e-01
-1.057436160377457357e-01
-4.164923544536502376e-01
-3.231604034847453122e-02
3.644214183526680584e-01
-3.397228573661604384e-02
1.560647302225788846e-01
-1.309157522495960901e-01
-7.700880211546003162e-02
-2.448496585601558917e-01
7.411886228329313264e-02
2.911294445307210932e-01
1.659062108289907078e-01
8.873968257897051071e-02
2.791209442792234596e-01
1.342374538104173787e-01
2.106045260722625989e-01
2.303010994506051456e-01
1.300165572122014557e-01
-1.238245352541382099e-01
1.377084961701236787e-01
1.361459825617958863e-01
-4.805037153583312237e-02
-8.865800208549431960e-02
1.426426033685188333e-01
-1.635620912654201509e-01
1.218921942096939243e-01
-2.278328119993323908e-01
7.836036689818662304e-02
6.240073140827781528e-02
2.095370781262898274e-01
-8.961451591429100624e-03
2.451052722045385102e-01
2.600359545455812604e-01
-7.425549245326095171e-01
-8.819160312904936183e-02
1.473470498926698069e-01
-9.775785065616789116e-02
-3.056306618332300662e-01
2.531623919473025008e-01
-5.226201234025260739e-02
3.130362086238312747e-02
-1.174507217169861589e-01
-1.500336015473176798e-01
3.234936071257996648e-01
7.780080133317428259e-03
-8.480100741075830006e-02
3.627012232383889367e-01
2.014469353059502588e-01
-1.675099329701968953e-01
2.627553661385173545e-02
1.058020197880736729e-01
1.425119826800379796e-01
-9.959415496890250408e-02
3.622798172633676095e-02
-1.525016433540020942e-02
-2.385298849011468214e-01
-8.537413263154037396e-03
2.429742421436417998e-01
2.953665110171369568e-01
-6.734038458245415748e-02
-9.469837905406099099e-02
-3.913904936283230107e-02
-1.518164382793237843e-01
-2.806886768362547024e-01
2.117031984468549510e-01
-7.705206206812216518e-02
-3.931786839498882524e-01
1.325002387041561815e-03
1.568303455654269929e-01
-1.756211743478305887e-01
-1.554732565534342470e-01
-5.080918437663613230e-02
9.607835216202956913e-03
-3.124398134117748471e-01
-1.469972431748344244e-01
3.992003252960405380e-04
-2.399828077319780123e-02
-3.121491987649984701e-01
1.732264213339780590e-02
-4.084917111556369412e-02
2.707524908692299781e-01
2.699014184590887155e-01
-3.230237567322070263e-02
5.631796241987229168e-01
-3.144802283993307530e-03
1.942514226284858536e-01
2.506369420982537122e-01
-7.732408337055049485e-02
-4.187489422674007256e-01
1.564761082196191866e-01
3.355661096131699050e-01
3.405060155581597359e-01
1.181289838245207641e-01
-6.461388825530781088e-02
1.534863952425425011e-02
1.676257226420656277e-01
-3.242957243399828271e-01
-1.511802990301275296e-01
1.868391650306894247e-02
-2.549933805535680165e-01
1.281425464230768752e-01
2.081892231615784794e-01
5.487553698952996745e-02
1.711980649301588220e-01
1.565695129723551626e-01
4.574340115220574404e-02
-6.696458738571313407e-02
-7.122751758500697750e-02
-1.983096782884363196e-01
4.406799012227315820e-02
-2.190672659066953895e-02
-7.873215649684069117e-02
1.888672498753845019e-01
8.618427910121753133e-01
9.358354845969500332e-03
6.552073315873760961e-01
9.682165761578577223e-01
1.000000000000000000e+00
9.350656704155738685e-01
2.335291667506343427e-01
-9.566349348062183622e-02
1.047467941424539833e-01
3.756339238311563050e-02
3.858310507432783920e-01
-1.214743559113839882e-01
-1.278643351687151763e-02
-2.709726722258987697e-01
-1.967521416909454035e-02
2.906871631479046036e-01
6.945761721779229736e-02
7.100096518434327597e-02
6.146166067368824537e-01
5.353616543244438253e-01
4.933999905266211461e-01
8.649959168054043024e-02
1.067622580552894523e-01
-1.291092067278229172e-01
8.274533930907775059e-02
-7.929688887511586459e-02
1.205855552783234447e-01
1.497986109205803329e-01
4.467932849663676376e-02
1.324294599294806030e-01
-4.315311457979708054e-01
-3.466420789686152082e-01
8.928584487564078520e-02
-3.575011605010404714e-01
9.887496036204616867e-02
-1.651864056610232445e-01
1.228458979193331191e-01
9.147170313538301178e-02
1.550404837352277188e-01
-1.624248715839861357e-01
-2.709177622702838018e-01
4.663016840532713814e-01
3.592622753847741213e-01
-2.566947370531480477e-01
-1.694724490899407465e-01
1.601906394423766311e-01
1.537474862163821510e-01
-1.026486746391434973e-01
-1.448780851244556855e-01
4.729181023817023710e-03
-2.544285956655294445e-01
-1.116220953794913179e-01
2.538196005067869243e-01
-2.336725512736486654e-01
2.272935128035445396e-01
-3.278926514796063896e-01
2.685379366565717185e-01
7.574308893786395325e-02
-1.803903374723633823e-02
2.947636633785961635e-01
-2.380465277357708964e-01
-1.250746583414398538e-01
2.986440165532783797e-01
-7.690726471726978819e-03
2.231891341876597601e-01
-1.920726112134660546e-01
3.096903981317921106e-01
2.909767967134193611e-01
-2.736340509693780398e-01
-2.080661184120495208e-02
-4.896784637528044798e-02
-9.029623422727844559e-03
-1.845433349403385603e-01
2.292781532710456982e-02
1.032269389423677852e-01
5.278712523852642224e-01
4.447683975783328081e-01
-2.203163070612435825e-01
-3.925367147719977662e-03
5.882595235154237656e-01
3.879548843919238682e-02
-4.724343196635311104e-01
-4.215967587799730049e-02
-1.744973215615786832e-01
-2.438379966315471215e-01
-7.087556942882872191e-02
1.859068707688328603e-01
-1.688364733542833118e-01
4.307688255049993975e-01
1.824509647063013718e-01
4.406224388544187354e-02
1.236881758293027905e-01
3.483639632443030210e-01
4.216691851570662092e-02
2.417969157923843260e-01
5.586617126627011487e-01
1.540945349504579398e-01
-5.030521919461114488e-02
4.093221114451485732e-01
-2.188365000369403013e-01
-2.935154066269004755e-03
-1.171425240541151130e-01
2.260379472437319126e-01
-1.263033265973351471e-01
-8.409308175379978656e-02
7.434982508162811532e-02
-1.738303374206467411e-01
1.516629141001735355e-02
-3.108899076249326265e-01
7.428371263184613445e-03
-4.317003568251526202e-02
1.799451710396744730e-01
1.341891541848570513e-01
5.912634990796906964e-02
-2.738606633802818657e-01
2.004774352606751853e-01
2.129371981714430206e-01
-1.841254223857359262e-01
4.179729960241569675e-02
-1.282237798689807862e-01
-1.330987024968221799e-01
1.059895066104584865e-01
-3.795060198718550049e-01
-1.459716420536290304e-01
-1.298399245715759487e-01
-1.669362485624598380e-01
2.600030364875041133e-01
9.101469423926734914e-02
3.902311594513443449e-01
1.096918972896322730e-01
-5.915874666218128020e-02
3.065583458169433562e-01
-2.449405640842086396e-01
-1.410950317805786114e-01
-1.255294072949462436e-01
-2.425442925487684698e-01
4.440172447093024971e-02
2.013070003296324462e-01
3.404568458550989996e-01
2.140708265391424725e-01
2.771729629122196559e-01
4.897771996741053235e-01
1.151848365938081160e-02
2.745508965335842211e-01
-1.447499988959411732e-01
6.533741900354271548e-02
1.587867299272213151e-01
-2.027038307206315559e-01
-1.609678800092205486e-01
-3.721072007736552223e-01
-1.953351207032283376e-01
-1.172850692628773644e-01
-9.875128149877515638e-02
2.012225243436294442e-01
1.458429265498876193e-01
-6.485269970383585048e-02
-1.234988070849359493e-01
3.140967961270836328e-01
1.658090977744960948e-01
-1.812231417489352514e-01
-2.630025629291325440e-01
1.615882011762801718e-01
1.679433396122719802e-01
2.084476555612310711e-01
-2.437860824295090822e-01
-1.368117388349297248e-01
-3.107725195651153127e-01
-3.459181176899753796e-01
-2.202168057818554292e-01
-4.554079977920388184e-02
-4.561896522501240892e-01
1.453663724751397268e-01
-5.846728867350863695e-02
1.051852037099302445e-01
1.761437928844865330e-01
1.689356491228076185e-01
2.035112884202123773e-01
-2.659806360555685423e-01
-1.964372793720284560e-01
3.582863077848314100e-03
1.049727757619313001e-01
6.083088893740803277e-02
-4.925318206311323638e-02
-4.380921543616845271e-01
-8.784317051409910870e-02
-2.362303176363398649e-01
-2.026185664138974996e-01
2.693557114717946566e-01
4.601500680613171967e-01
-2.786992718874066813e-02
5.285759112650582903e-02
-3.160839773389276242e-01
-4.551164502317054175e-03
1.361592617159457230e-01
-1.554876630239327984e-01
-1.108906477090477460e-01
3.137307160177638665e-01
-2.842796184530015369e-01
-1.727382813604003975e-01
-1.497621610171739719e-02
5.969257717089414966e-02
2.200785599669605186e-01
-1.050596504251539165e-01
2.547211154970452918e-01
-9.192862875852961246e-02
-1.217269430389698037e-01
6.694073986134999044e-02
1.923896048927083713e-01
-8.645137827979851308e-02
2.184413167070569650e-01
2.701909935305771837e-01
2.634341941849520641e-01
-1.125911866409049777e-01
6.529777961162117061e-02
-1.889181582172038409e-01
-1.790058137902652002e-01
5.609752483671107681e-01
-2.817649570042895027e-02
-7.841535709435713819e-02
1.877152674493682005e-01
1.594469342402968781e-01
-1.699216738141667016e-01
3.320478829757120276e-01
1.801647291053791733e-01
9.915794836623739728e-02
1.538298890360721427e-01
-1.487258007426663642e-01
7.578168875448329511e-02
1.184891774461993008e-01
-3.887895856497668862e-02
-3.153698233793771760e-02
-1.788837423316476383e-01
-1.911867230609991253e-01
3.077840708290108807e-01
1.784528379506693241e-01
-4.422394659031537723e-01
3.103868898091001194e-01
-1.375705510871783055e-01
5.827274303786144499e-02
2.518746148933600493e-01
-2.807967162246712781e-03
-3.640996302708216503e-01
3.138324395178423987e-02
-2.551611939150648656e-01
1.543898562587777135e-01
5.666038240955999922e-02
-9.708934836782863453e-02
2.240517455969641691e-01
2.979096489017644678e-01
-1.920151727821476084e-01
2.455936485994025115e-02
1.968639002019700601e-01
8.919092479487331776e-03
1.317593397841617942e-01
-1.818073812551837184e-02
1.225630237383359099e-02
-4.295499750204340161e-02
1.980303881337346639e-01
2.587498506777861224e-02
-1.472749056945671930e-01
