4.468373196772244538e-01
-1.680364310224652935e-01
1.018472897767192242e-01
3.765315606844191754e-01
1.496980438003730207e-01
-8.401880154613186602e-02
-3.160084648430279142e-01
3.896923932327709394e-01
-5.304734643302439628e-02
-2.353635926458482741e-01
4.789477759420339154e-01
-5.386387894164496037e-01
-3.063720776686478797e-01
1.779087901359194257e-02
-1.126167733450888497e-01
-6.485150691930443786e-03
3.926283285374835424e-02
-1.711031885081101822e-01
-3.138805123104259631e-01
1.637899823215372419e-01
1.990394083106901413e-01
4.169891355196919114e-01
-4.828016999927908781e-02
1.467843950521967866e-01
7.673498206495593665e-02
-3.449314432796686258e-01
-1.705761296663386717e-01
-1.407029811355760551e-01
-4.039766526352313591e-01
2.410188363434519754e-01
-2.211093684872311727e-01
1.190638884687347104e-01
1.689181626716250162e-01
5.157546170445249656e-01
-1.293702192596348499e-01
3.941408558580410115e-02
-4.714985455681150461e-01
8.694310961980615537e-02
2.540256321516286553e-01
1.647994184663657546e-01
4.231770588467275718e-01
4.721322518775777216e-02
3.070132507854574921e-01
1.837370957662538482e-02
-1.402953823979715964e-01
-1.108455628009247379e-01
-4.393959914734463235e-02
-6.869901236762200325e-01
2.419320811561929130e-01
1.984931249433311007e-01
-4.975158491953415307e-01
-4.893764081223551110e-01
-3.172937205589276138e-02
-5.152864875120654053e-01
-1.345159858112468521e-01
-7.675392712626755154e-02
-1.862406635799209176e-01
-1.399931518924389384e-01
1.257334787775178375e-01
-4.097914965835517953e-01
-3.625279954550983952e-01
-5.966695071822858409e-02
8.136470274878118344e-03
1.788426884794424021e-01
8.926087848984505524e-02
-3.530809319782426958e-01
2.335798299322373317e-01
1.929094449459638760e-01
-1.004967800566693575e-01
2.318787579399461674e-01
3.914015337865232175e-02
-1.094960428664919078e-01
-2.743203375375294351e-01
-9.018612555500134242e-02
-8.354526890742448864e-02
5.353169880149218074e-02
5.063918786145100992e-02
-1.138718433986409401e-01
-2.878813533062941216e-02
3.665311021225541033e-02
-3.571413381354859862e-01
1.286824717601462720e-01
9.594635089462049543e-03
1.444787589216652290e-01
-2.109906125141439159e-02
-4.877230193583420581e-01
-8.469388232190447341e-02
-7.399753448919542398e-02
-6.181106880975144324e-02
-4.502800391711503369e-01
1.281427416889143467e-01
-4.535979612361930313e-02
9.648385537913004018e-02
1.428668323254218830e-01
-2.234197019084454006e-01
-2.120714275177898178e-01
-1.677627623467666529e-01
-1.784868585608724578e-01
-5.134978511706709270e-01
2.438914697137463949e-01
1.488910493723698270e-01
2.214442210019441637e-01
7.815890247916633393e-02
1.512624017225916440e-01
4.311790182512131309e-01
-3.839293181034849622e-01
1.532527580324393457e-01
1.110753220420974546e-01
-2.577173194794761812e-01
8.966034580713799426e-03
3.605353064327164181e-01
1.324826022195392528e-01
-4.153019790623794227e-01
-1.260721259916645076e-01
5.585230895678503643e-02
-1.247621549424381138e-01
-2.446204502725294605e-01
1.386725563060255476e-02
-3.237937761043552243e-01
-4.970169168206102772e-01
-2.113938262653036748e-01
7.327254089978546547e-02
-2.581232226159300702e-01
1.532454944150026810e-01
1.841938984374433541e-01
4.988404206893986559e-01
1.125134947326654755e-01
-3.380285895561425252e-02
4.656496479062815358e-02
-1.975068700110069880e-02
-1.019835067011188867e-01
-5.097777779847885438e-02
5.090965151590143463e-03
-3.681804964888472087e-01
2.417887565128902239e-01
2.077392360501935098e-01
2.570008497458439178e-01
2.769511680699555112e-01
4.061796173474898075e-01
1.087687006317248489e-01
1.141311038994325261e-01
1.146590907439262591e-01
1.568934441396492296e-01
-1.652442788613811900e-02
-2.079930456462374122e-01
1.517634077841485407e-01
1.051579511469749595e-01
-1.704091925882278702e-01
-6.200006027160964717e-02
-1.773880020614961583e-01
2.653409223802832284e-01
-1.023256641775645709e-01
5.834533342768132291e-01
-8.721516988869068565e-02
-7.814440516149490090e-02
8.575468378866656083e-02
-3.558336011773632901e-01
1.820173346738568343e-01
1.041278698339240250e-01
-3.820072529863634270e-02
2.766235951055019959e-01
-4.672891866933046034e-02
3.875334270978028073e-01
5.211603871163784929e-02
-4.479980761599566125e-03
2.940800420085580291e-01
-6.692106441019423854e-03
-2.246949817674260830e-01
-2.183165890587627778e-01
2.036184181581086605e-01
-2.678992224227395580e-01
-6.067217943144327143e-03
3.279743714007574834e-02
5.890295816062784268e-02
-6.351224392918611295e-02
-9.597851417972694255e-02
-3.940328908747480208e-01
1.925773951530999548e-02
2.908940421001587340e-01
4.979434014936043318e-02
-2.955289452861378230e-01
-6.535347847096978358e-02
8.663313428398675131e-02
4.276107162140425078e-01
4.716738506034856560e-01
-2.496501937723318298e-01
2.522685821837727382e-01
7.753839046340194052e-02
2.651692994385680957e-01
4.013911427013471256e-01
2.718894142608517805e-01
-1.486848224347455116e-01
3.189612430464553450e-01
1.377202523253095168e-01
-1.888072284524935363e-01
3.814876368799259843e-01
1.360361134903833868e-01
-4.068372421850978415e-02
2.603908724179972434e-01
-5.261258277524740734e-01
-3.439812617584999677e-01
-2.686849186383296062e-01
-1.731703856431734689e-01
1.923433412859611447e-01
-3.065721478859909643e-01
-2.493011507641244850e-01
1.697467531246980021e-01
-2.152678531374516979e-01
-3.963310457064460057e-01
-1.053909437434557839e-01
-5.361475618144015409e-02
1.892013125949668084e-01
-1.352264566715436767e-01
9.490667725025121737e-02
-6.934189007091141888e-02
-2.280025154668180176e-01
-1.202622428654798320e-01
-4.118980565644009967e-02
5.150535664006412884e-02
5.923365281847856600e-01
-1.578935931123942593e-02
-3.654475330281484191e-01
-2.443215995422196307e-01
-4.461734937704630449e-02
-1.707663126623722438e-01
-2.633368249241141434e-01
1.101693522738715486e-01
-4.216472616276942253e-01
4.694886025798276075e-01
2.910257178561101443e-02
9.693139251472583651e-02
1.070774127335838988e-01
-2.237426234322567598e-01
2.428197199785913918e-01
6.466870483038016371e-01
-2.406327375668190216e-01
6.978896192649572394e-02
-2.062523102144863951e-01
3.214387312271772545e-01
1.089615098709214615e-02
-1.038906637168956065e-01
6.118430900883087276e-01
-1.887450638393983471e-01
-2.411784912321865773e-02
2.191300151655786732e-01
-9.379884296028505319e-03
3.932428569640110116e-01
-8.895113932554610248e-02
3.770016104207286611e-01
4.606290669567037477e-01
3.605402328318900729e-01
3.524069096922211597e-01
4.800605753363057504e-01
8.363795978247759999e-01
3.605694018558902036e-01
8.647826206328196319e-01
8.190830879138314424e-01
1.000000000000000000e+00
8.117486821362602800e-01
5.157855503738570935e-01
4.997105764374006331e-01
3.704713119358188367e-01
-6.000516443613026531e-03
-4.490985306556335294e-02
-2.375045257893884931e-01
-2.041770131593766691e-01
-1.752605880188473075e-01
5.673257224670480263e-03
-5.514758500720749052e-02
1.205793143513968352e-01
-2.198418220314588833e-01
1.701657170033656075e-01
2.558590187359505164e-01
2.401227079464793024e-01
1.894363603881339120e-01
3.959985392797578108e-01
1.562450233382415010e-01
-1.208291714010455292e-01
-3.350474860598766647e-01
-1.666949767268753602e-01
-2.870697333560876530e-01
1.536272122037489474e-01
-6.081970007931297023e-02
-2.380315100347469518e-03
-7.407224435045084432e-02
-1.046420009778744747e-01
-1.085759010949109565e-01
-1.485012271578011467e-01
5.892454275863506785e-02
-4.063089690967686823e-02
9.413469482108147157e-02
5.834105915139512627e-02
-5.903652862702952336e-02
5.710457464551378648e-03
-9.450125975060744143e-03
1.411987673493041717e-01
2.400406657636058316e-01
1.346094204951004125e-01
-1.909020708417469847e-01
4.372025936810486901e-01
-1.620672525213130155e-01
-5.886866263905964347e-01
-3.025470745361373281e-01
3.302988740444671723e-01
-3.487007180436469539e-02
4.138515116324096785e-03
2.576563393374480815e-01
4.614584135811425347e-01
2.388751191917765915e-01
3.396727972799178374e-01
1.497874297319586601e-01
-6.380435810494980431e-02
-3.852095587846014468e-01
1.188597281548592205e-01
1.393265077780917183e-01
-2.855148845695192339e-01
-1.122856259199151163e-01
4.778125669324648217e-01
-1.976141544481813672e-01
-1.559216620876347492e-01
-1.629373968422524466e-01
-1.324522690810498587e-02
-2.803711917047170821e-01
6.018306129159139289e-02
-2.150792856113247220e-01
4.784127660156413664e-01
-7.258064858396220953e-02
-1.609704327883632394e-02
-1.441760173459285914e-02
-1.158864881833712585e-01
-2.454898155679621774e-01
-1.499752825727744820e-01
-2.689530537207042715e-01
-5.553294610264551678e-02
-3.027116515418126763e-01
8.582105554988990123e-03
2.279796177173525618e-01
2.784858184781894286e-01
2.987324670558972883e-01
2.310452295188940852e-01
3.414609409814154395e-01
1.112349980001297277e-02
3.678404514862065877e-01
1.801055949216035512e-01
-1.671390056084638351e-02
1.175690961854422567e-01
-3.360840633919358611e-01
9.638336769617572575e-02
-1.290954965999137893e-01
4.114986107419023598e-01
-1.220875181026611772e-01
3.218267273535349582e-01
3.221352959712032310e-02
3.983707165055110910e-01
8.823453204180818632e-02
-6.266224070947810920e-02
2.072299466683810154e-01
-6.124220413748154151e-02
7.431924598869205090e-02
4.090484928568706158e-01
2.366889431654120579e-01
-1.233323228492445162e-01
2.818896580639065341e-01
-2.440426836587911152e-01
3.021825831517729530e-02
-1.745344213854328197e-01
-2.501125102471915551e-01
-1.409510414652853996e-02
2.052177422290887288e-01
1.918182071538155065e-01
-4.919682901022075922e-02
2.908070963722367286e-01
4.793608624229376280e-01
-2.446555539714280747e-01
1.208412398003415045e-01
2.142137283908319423e-01
-1.446052834520113739e-01
-1.809915796289060796e-01
3.680267734941672919e-01
6.253874072282072927e-02
1.693053567765764045e-01
1.818812850750534116e-01
3.645507789468862003e-01
2.004969429352242705e-01
-7.802503675744032474e-02
-7.834370778040962435e-02
-3.381376154447760518e-01
5.335505175471355610e-01
1.177768309600537161e-01
-8.160803786082497513e-02
-2.394558717039670659e-01
2.691599679837701764e-01
4.837158827341010020e-02
-7.281595990858244494e-02
-1.755125002651980182e-01
2.269832423147378209e-01
2.202723043924068036e-01
1.471156570315923784e-01
-5.494351781422566194e-01
8.675506901481111477e-02
-4.232333049193694879e-02
2.773269397567248995e-01
-1.651954733702066386e-02
7.166292852592134888e-02
5.876446916605712056e-01
3.768419965928831994e-02
3.929590857411897203e-02
2.417179304938486539e-01
9.519837891736201985e-02
-1.420659628938129859e-01
1.166164743188355390e-01
1.050626533946317220e-01
-2.349081823430502342e-02
-1.267376862047400465e-01
1.907790062178991997e-01
-5.948153385884920319e-02
1.509160051723822948e-01
2.881961707695058217e-01
-1.105512261028943066e-01
-2.235431261278446602e-01
1.449593030734344645e-01
-5.852803891089762046e-03
-2.854585056541070198e-01
-1.734934102941125267e-01
-2.603743816865185523e-01
3.789400330014719986e-01
1.395421133642901212e-01
-8.137359490620865374e-03
2.992194385224776765e-01
-2.991783500763813830e-01
9.170124656194585111e-02
5.757552689117745315e-02
-3.478520005555060801e-01
2.745377233619141211e-01
-8.386642612588805779e-02
-2.728374031769871810e-01
7.220413651690696377e-02
-9.994374870770159069e-02
-2.698418130174499302e-02
1.571500306807830649e-01
-2.730825993672227753e-02
-7.095888061644985145e-02
-3.830423781753334866e-01
3.528586652612963892e-02
-3.688124080686369100e-01
-3.893492689666393503e-01
-2.010156339614788401e-01
-1.845450794726718746e-01
2.199064427810878408e-01
-5.080935137355178238e-02
-5.077898763700596785e-01
8.936945687973449001e-03
-5.913404233766534901e-01
9.234733014507480464e-02
2.872764299377565944e-01
-9.380961275966253482e-03
2.216496299853552288e-01
-3.976606079398566362e-01
1.497998947070847686e-01
7.223215985678790863e-02
1.574259334475854033e-01
-3.049901350580351833e-01
4.872770242753957787e-03
1.290974715235816972e-01
-1.094199239314228161e-01
-2.465415731790855103e-01
4.506419067500036513e-01
5.119937947930419675e-01
3.680904160270161984e-01
4.380274148461297257e-01
-2.766080323767297622e-01
-3.221551666795745006e-01
7.138536679491337342e-03
-9.554953709844961340e-02
8.651036310880977354e-02
-1.207822901941894567e-01
1.312030832868106567e-01
-2.650720726125974092e-01
-4.373130902026111655e-01
-2.443143703477450857e-01
-3.569168077536624128e-01
-1.625126358388077064e-01
4.555337332185270816e-01
-3.038899151931270803e-01
-1.288572752858266612e-01
2.351070677458348135e-01
2.504007677988681624e-01
2.717819379189923001e-01
-4.221865907591101919e-01
6.594859511469611246e-02
8.048722525565625216e-03
-1.438301733519620484e-01
-1.659164181474060418e-01
3.777559057351819599e-02
6.461770393874737006e-02
-2.108563074310345342e-01
1.990561580678459896e-01
-1.229198642026964848e-02
1.660002862767476772e-01
-1.992617919374893298e-01
2.599459266771846078e-02
-2.557108206065913936e-01
2.289446014319418687e-01
3.394703784172334315e-01
-1.260190581472937499e-01
-2.099790598969365207e-01
-7.387646386329845827e-01
3.417778727671292455e-02
5.036047809058245145e-02
-3.443822270687175169e-01
1.435751606529215574e-01
5.835363868075884447e-02
