-1.551511308012572532e-01
-2.858646595239688892e-01
2.071798322367714718e-01
-1.529379342623526927e-01
-1.866869931374529057e-01
-1.161889079497799016e-01
1.157485135440744634e-01
1.397403236039024624e-02
8.589435724935481908e-02
-9.554572081942279416e-02
-1.148908201665487933e-01
4.966938203146254449e-01
2.019889932685025313e-01
-1.543462208335695807e-01
-2.279269655429927433e-02
2.221466183790219984e-01
3.498732108588290673e-02
5.847080167979699927e-02
-1.089687891166919720e-01
-3.453684943610362684e-02
1.093528390607712286e-01
2.508116072171406308e-01
2.530227202110863632e-02
2.070477449076615906e-01
-1.110382993554202419e-01
8.559529976592956946e-02
-1.310578194178045608e-01
-1.606208536401671771e-01
-1.460742835096880410e-01
-2.955290985090123224e-01
2.323955697557627542e-01
-2.746466186512738772e-01
-7.827527649610087346e-02
-1.352139032667093732e-01
-2.136576012653577661e-01
1.624303703785332786e-01
-2.897698516744259267e-01
1.800018027550909921e-02
-3.677986992718169923e-02
-1.873341468232491147e-01
-3.880452738599041856e-02
-8.047172927891957372e-02
-7.145272905133251418e-02
2.575802907732310798e-01
-1.125536744732869021e-01
5.595790842679873589e-02
1.702327333563540823e-01
1.840328798137961519e-01
1.049077115006322169e-02
-8.495928242573118350e-02
2.772182709384745508e-02
-2.880139912798660440e-01
1.029621065988218787e-01
1.221385208632927155e-01
7.212953008406478017e-02
-1.027642106362147562e-01
1.950602302110714115e-01
6.377175352400787922e-02
-3.736725885695280774e-02
2.951658827856829537e-01
-2.238695184215878931e-01
5.217183449791501504e-01
1.538539111708446261e-01
-3.677524752117142248e-02
3.326049978719473610e-01
-1.081366121195421887e-01
-9.729856964634740193e-04
-2.383141447904742749e-01
-4.723837599119293240e-02
1.536922026532267782e-01
-6.801440653296887684e-02
2.570350696938883059e-02
-2.120108639611310852e-01
3.548387901709075809e-01
-1.280253233141723512e-01
-2.140638443625032458e-02
-1.397030544902390925e-01
-2.413060599652569471e-01
1.332285434942635238e-01
-4.601264472103047121e-01
8.320077441526628481e-02
-8.396119118749887159e-03
6.708484842663967052e-02
-1.554488788837301572e-01
2.928228869491466060e-02
-9.658957295957033840e-02
5.523843216789894872e-02
-1.299236774595778632e-01
-8.267568100578479018e-02
1.203226929490045921e-01
-6.957012887638532039e-02
1.959863494311779933e-02
-9.021503093508224935e-02
2.171010947272065117e-01
1.396358169485955869e-01
-1.764328660360772738e-01
2.911928736164920983e-01
-7.185006673635230268e-02
-1.651011965186792441e-01
1.916301936587162524e-01
1.430131821616222598e-01
1.092784776957976545e-02
-1.440646239390287187e-01
8.187114775150307333e-02
1.772432975021715484e-01
7.593280941254450245e-02
2.748762871976940803e-01
-1.805012788687888337e-01
-2.280390020819427765e-01
-1.842003461886926041e-01
-9.114816190821604935e-02
1.769403736950637407e-01
1.805124984708958713e-01
2.996188088660251339e-03
-1.355648760071541392e-01
-7.935460352661368733e-01
-8.135460229253602821e-03
-4.318571712892092102e-02
2.104786853335816055e-01
-2.089495027513186554e-01
3.034739400903601239e-05
5.842426491111548520e-02
-1.419588355621175524e-01
-1.398896449387141139e-01
7.573741061905181482e-02
5.664448143174806438e-02
-1.016766363862662281e-01
-3.357093229836554671e-01
2.333194585753979589e-02
5.393671176428508490e-02
-2.428359105922074657e-01
-2.749105596062126344e-01
1.204936462786429935e-01
1.659663648074008735e-01
3.005257573915473546e-01
6.909546684331108191e-02
4.681410098357288163e-01
3.222972715248090259e-01
6.640647547563618969e-02
-5.115385771172645257e-02
2.550426324410536849e-01
9.496641031080726991e-02
-1.572225277924318154e-01
-2.698302390412731233e-01
1.954150143027515163e-01
4.156214799625296830e-01
-1.704609233332877172e-01
8.435337505791865031e-02
1.845066710384797026e-01
-8.135997653249960049e-02
-2.251056591138733132e-01
-2.292196808088509674e-01
-2.402238306055654027e-02
3.802295837048536714e-02
-1.963183165396498869e-02
-1.094569603731850548e-02
-3.934874752458514952e-02
-9.697327712985907844e-02
5.077965821518613809e-02
-3.118433521431870567e-02
7.960045470353784014e-02
-3.170605852069874331e-02
1.047836112422187785e-02
-4.569226781616904653e-01
-2.819656259770281781e-01
1.221434938242244722e-01
-2.737723485606002871e-01
-1.347142403255598975e-01
-2.010033366216998629e-01
-8.122029478206888378e-03
7.231156000570403142e-02
-1.176216090452544411e-01
3.506698598291773106e-01
-1.644115132723751038e-01
-2.572188235734479411e-01
3.108367203967798975e-02
1.414347292826913516e-01
1.542564555200959531e-01
-6.755102173002110189e-02
4.924077510511108008e-03
1.766029176177283389e-01
-6.448044664778473933e-02
1.299643154864897343e-01
-1.722854427409529765e-01
1.720190019613275501e-01
2.615206303917712582e-01
2.804271814594959736e-02
2.462015621081235783e-01
-1.833235191753076199e-01
-6.298652360409562334e-02
1.611235361294590385e-01
1.741066512691566426e-01
-1.786981805956668889e-01
9.010651826143596665e-02
1.796384071110748715e-01
-5.053103263814404111e-02
1.857941496362907063e-01
1.743369328878172364e-01
3.685515707598047835e-02
-3.921814142053409863e-02
-9.591468483773125941e-02
1.859625151035834700e-01
1.502280248902234869e-02
-1.695542723677104235e-01
2.642368433816914830e-02
2.745403432849953251e-01
3.099262554216332122e-01
1.229283470307871301e-01
1.714371942835787865e-01
-4.453595344763012220e-01
1.828191665135453850e-02
2.033466866633928515e-03
-2.527012272388958619e-02
1.350354657979668371e-03
-3.899053831736957187e-01
-2.229976024899601728e-01
4.538890225739206086e-01
-2.240034925031628710e-01
3.483737315317678718e-01
-6.757450834784450855e-02
-2.597469484178765997e-01
2.539553228339828106e-01
-2.277790683351775813e-01
-1.460644544394462396e-01
-4.623393626345241592e-02
2.339668357449664615e-02
-1.157796757112382058e-01
-1.944150230313372585e-01
-4.230458732486928886e-02
-2.459961602947238479e-01
2.857715812054560933e-01
2.053609559603406243e-01
-3.146125182414178933e-01
2.061202570657622302e-01
-3.890704849905832902e-02
1.274459578330908172e-01
-9.606618969729768809e-02
-2.691241316542267725e-01
1.579223858827682736e-01
2.254448631847415507e-01
3.274790918233703996e-02
-1.268138858219103049e-01
-1.154244860921706389e-01
2.089001080420798545e-02
6.219687829301253496e-02
5.415737473924235879e-01
-3.857761374481617073e-02
1.159233950765699017e-01
1.610229017688374342e-01
1.166322621500307938e-01
-2.383109726699261799e-01
4.417328227946752395e-01
7.263838944938468822e-01
1.000000000000000000e+00
6.954706235279527471e-01
1.281395933151213418e-01
2.312584103749524000e-01
-7.264558410078228445e-02
5.419740159337801261e-02
2.040383058616147549e-01
3.226504575397710073e-01
1.276537116799588700e-01
9.602288214720780535e-02
2.978814469797043119e-01
5.400468901551686018e-01
6.159212431498515272e-01
1.107451139253606553e-01
3.579145093839227604e-02
6.843375173634959341e-02
1.994786872235341027e-02
2.122138806759259200e-01
-1.281841793265669216e-01
6.045058232581682067e-02
1.961094368067064220e-01
6.619276578895497143e-02
2.409183122118263576e-02
2.926342731120898932e-01
-3.668901675248900651e-01
-3.109776043802685019e-01
-3.076778233770241511e-01
3.419139035897102441e-01
8.454034700091181409e-02
3.059067953958047315e-01
1.290259538162738528e-01
1.241453348354748659e-01
1.422424608159868487e-01
-3.540756656580133083e-03
1.699738822139875705e-01
-3.589644093655020018e-02
-5.069239060082161158e-02
-8.227278610159319272e-02
1.504514062908292038e-01
-7.655077625123932195e-02
-2.362537865449766128e-01
1.294851217405988408e-01
6.719996454892573912e-03
4.666595896366333984e-01
1.534555596673467526e-01
-1.971604352103826785e-01
-1.943044736884111945e-01
7.626541628733474187e-02
-4.252550727988761714e-02
2.218813439902615203e-01
-1.047986593189413340e-01
-1.664175642555022483e-01
1.044145826864205234e-01
2.123649800081048589e-01
-9.395984800174313201e-02
-1.241684378332026245e-01
2.995292599816023471e-01
7.640041109411509213e-02
-1.374398231943310157e-02
-1.209350785356770597e-01
-2.000041585306380765e-01
1.645041593750776465e-01
-1.025756769106263772e-05
1.762681662543226502e-01
-3.415063841539308087e-01
-5.449499975901744148e-02
1.106173293869174290e-01
8.059030207051644246e-02
-4.484782690910659592e-02
-4.138924170652735768e-01
-1.210105113501354357e-01
-6.718591712866786581e-02
-6.349275067613008305e-02
2.632606509038101228e-01
4.285646293711956600e-01
-1.500535371944578256e-01
-1.185611323251855309e-01
1.319259261237932801e-01
-1.950264209579785357e-01
-1.110725360432111702e-01
1.130173500775592116e-01
-1.488650089685252531e-01
2.795810239866395805e-02
3.442514060903990869e-02
1.094219414476068075e-01
-1.178525848670682608e-01
2.395243609194241119e-01
-7.626189148625005243e-02
-1.935902281266122793e-01
3.296440751658182289e-01
3.772148494241410188e-01
9.697450274436392181e-02
4.073186561479420764e-02
-2.150177151448698920e-01
4.902601109514347077e-02
1.149439982301000973e-02
3.056371563371843014e-01
-1.350943668479130944e-01
2.486797512667877352e-01
7.980783396261505180e-02
-3.347786870540773729e-01
-2.297393254726805972e-02
-8.314033736337976543e-02
1.531243240727021560e-01
9.103133923569194097e-02
1.330543699783571232e-01
1.304533692421815105e-01
1.831280675349452602e-01
4.365907338696238260e-01
-2.079410666889472056e-02
-1.762505714715415783e-01
-1.409756142052172589e-01
-2.622075449193371766e-01
-1.905898242221368000e-01
-3.236678384203271752e-02
2.641564589806675301e-01
2.565423154676177431e-01
8.137623097473167810e-02
5.050762318432419629e-03
1.804205973159923437e-03
-1.361113025135387844e-01
-8.636177807449528510e-02
-1.932603569053860104e-01
1.631684290802453141e-01
5.645141276443188527e-02
-2.451306527840686408e-04
-1.495029905950744434e-02
8.422457670099735283e-02
-1.382990638029615582e-01
7.324283516596938326e-02
2.977765407679938692e-01
-5.173999221301120444e-02
2.312669300442418696e-01
2.288071445975749796e-01
3.368483231767697705e-01
2.890685166102233139e-01
-2.531766261053589040e-01
3.484343892876836518e-02
1.047464025393051723e-01
2.859572746870747695e-01
2.588856816435892161e-01
-1.221117740872622315e-01
1.625998184502435162e-01
2.392407687307290254e-01
2.400289349423120611e-01
7.309354082263321267e-04
2.716985027501830213e-02
2.099744378327646210e-01
-2.098168752822526517e-01
-5.019176881366007453e-02
-9.620638426158226175e-02
2.597649687940991117e-02
-1.520138934032750078e-01
-2.810616836922711498e-02
1.825783520563720175e-01
-9.612880005179995357e-02
4.446250275482672987e-02
-2.386412843250646648e-02
9.146981116820467050e-02
1.435897351094007901e-01
1.308802932092409041e-02
1.641191767434144189e-01
-4.169062556877051184e-02
-4.238521989681310470e-02
-1.539035560553033977e-01
-6.483485321179966072e-03
-2.128581487913246695e-01
1.084483773368606074e-01
-3.204210615310815746e-01
6.693387285282852150e-02
-6.227672171745442242e-02
-1.694173839017564798e-01
-2.837217480746476866e-02
-2.934919971450603710e-02
-2.960718879655972399e-03
1.805701187383243200e-01
-1.315344493342191778e-01
-1.603813203027399381e-01
-1.609952201796454319e-01
2.202067623050600054e-01
-1.202417317293935223e-01
6.769704028193264389e-02
-1.287421188919553594e-01
-1.268040567516685035e-01
-2.240421528001702509e-02
3.975208102133840488e-02
2.874652677124978628e-01
-2.458413103732472703e-03
-3.185674433139550898e-01
9.508379533426082608e-02
2.508860021802515883e-01
-5.625585714737843523e-02
-2.043186928645687739e-01
5.042499788191139726e-02
-1.555361065261743891e-01
2.182593534322732360e-03
1.319507530821844854e-01
1.408184512138894728e-01
-1.697932695126362912e-01
1.282228206561192851e-01
-6.197260536103478545e-02
3.447994313277424894e-01
-7.131019745414413080e-02
-5.018310531993004989e-03
-2.858537787889250392e-01
3.458528198955507227e-02
2.185296786695942739e-01
2.489327084485155883e-01
1.765007470595631178e-01
-1.742463763012641331e-01
-8.474474787082042493e-02
-2.919868766906890678e-01
-1.826848473124581262e-01
1.550127392029526929e-01
2.756019049339868965e-01
-7.270421127994272648e-02
-1.079259438882951838e-01
9.217751663196914469e-02
1.413218326874655373e-01
-2.382533833420943659e-01
1.697996777585033257e-01
2.421819641376032547e-02
7.006412677904612363e-02
-9.791006475624498828e-02
-2.535279184611473058e-01
2.167181564857156503e-02
1.467496102241075684e-01
4.812221263478944772e-02
-1.046612484739406490e-01
-8.186367071469198564e-02
-3.074133531362925331e-01
3.149137361524906864e-01
8.435091095399718797e-02
-6.771902679588466881e-03
-1.756337331773689947e-01
-9.453441447157691357e-02
-2.268113981850700678e-01
-3.047305822513460272e-01
-1.525495389001330915e-01
2.082598404369575759e-03
-1.399437567170346355e-02
1.220679510648716853e-01
-4.824430475093832715e-01
1.762671524358445929e-01
3.796286514207697360e-01
1.061968990556675790e-01
-4.210491625548042349e-01
-6.700240430129540594e-04
-1.846721509354126156e-01
1.291903120753930267e-01
8.866193936565576472e-03
-7.256319875415591369e-02
-4.592254775952116230e-02
3.570128487868092643e-02
-2.805893078466001889e-01
-4.318395743837064038e-01
-2.367555841281398371e-02
-1.434953362320157133e-01
3.015662175213204010e-01
