3.727589668566540504e-01
-8.054813681037174822e-02
3.393436790194245128e-02
-9.459460919364201525e-02
-1.553956609979017037e-02
-2.109404505194224788e-01
-1.574622292913551158e-01
-3.593879747690117421e-01
-3.811330193740982558e-02
1.652625161697990619e-01
-4.556955077890847972e-01
1.411477636098837363e-02
-2.806793799036940706e-01
-1.644181168487984790e-02
7.257473045145591828e-02
7.995726541056276046e-03
-7.554021592867095347e-02
-9.416804420834831713e-02
-4.357216451562179876e-02
-1.929664436596214283e-01
2.122287115663420987e-01
3.318344991725028503e-01
-1.523310796682132429e-01
2.149581169597375996e-01
-2.729608406934828091e-01
3.762989595936622744e-01
-1.634150419679769595e-01
1.896287359180008902e-01
1.327148600466542816e-01
-2.211989717753361506e-01
1.566852055512174824e-01
-1.070287569601478389e-01
-1.839923272476565730e-01
-5.328477361799790341e-02
3.258019727914650276e-02
-2.522128673395593323e-01
-2.530398610822965910e-01
1.948598762867947698e-01
-1.826907398291308382e-01
-6.377386352398457803e-02
-7.906007606762018025e-02
1.325278504096035360e-03
-2.016457117061714877e-01
2.440368398664890803e-01
3.400375172615353603e-01
-7.001862633397484825e-02
2.169530148187904517e-01
8.014918359015330007e-02
2.336992257073194565e-02
-3.516942780449123784e-01
-5.700207920819838625e-02
-5.639582070393717173e-02
-2.120536497228268369e-01
-3.369401072957278198e-01
3.775445480095707684e-01
-1.388335730447897154e-01
1.145397847715712153e-01
1.410633615317808121e-01
1.991976729323365891e-01
4.764163763681657920e-02
4.390062827594731765e-02
2.589836313170208390e-02
-7.775854044051538905e-02
1.744032837085182086e-01
1.914167171062433059e-01
-9.640122242043012990e-02
-4.449086829125695891e-02
4.375757733701993168e-02
6.615200897660984940e-04
1.434917479286715661e-02
-2.568253015274520740e-03
-6.546817997203100391e-03
1.812057587659742508e-01
7.632940300571321168e-02
-2.626817728560661425e-01
-1.943008956678024257e-01
4.660871056443453841e-02
3.054648299203858303e-02
2.089156127239404637e-01
1.074838134688405195e-01
5.079165617713551212e-02
6.886617134884497060e-02
-2.241408436693539952e-02
-1.047464116900515274e-01
4.122740928822801187e-01
-1.460088397243433367e-01
-9.156514030331667012e-03
-4.161402715936654007e-01
-4.270630290137628071e-02
-8.651502701176384813e-02
2.958351959904130246e-01
1.545098894412274826e-01
1.560188593054285811e-01
-7.470654596351726517e-02
-1.014271024001131560e-01
-2.876583398474248932e-01
1.912544010047273479e-02
4.015390112682615253e-01
1.164133687800785050e-01
-9.357343077169069656e-02
-1.121933405306518305e-01
-1.161956610746701229e-01
2.793230618540629706e-01
9.861103333570162000e-02
-2.557383171248705511e-01
-6.453326533586010993e-02
9.696149678117546578e-02
-3.435479960133201033e-02
-6.235023787085236524e-02
-2.883007751568317789e-01
-2.858970124533480317e-01
-8.366146132716782702e-02
-7.692626779997133180e-02
-1.611827956535632766e-01
-8.746821219012724732e-03
7.410119329085082529e-02
1.756289981355342034e-01
-2.644126006784241686e-03
-3.755243284870173059e-02
1.900144660015168629e-01
-8.917228596053701495e-02
-1.052265950122167337e-01
-3.580839161205839200e-02
-3.716592624179516219e-02
-7.110817355811663298e-02
7.029730153923464953e-02
3.044920022166116569e-01
-2.129392820910611939e-01
2.677668865442859314e-01
-1.523853709456334526e-01
2.163291594085848535e-01
-4.232848993229996193e-01
1.260273326700060426e-01
-2.422902883079723624e-01
-2.842243027132424979e-02
3.002956520197038737e-01
-3.956982741064744569e-01
6.618557082142612069e-02
-6.795763745151180146e-02
4.840310545385960173e-01
-8.511608847048074411e-02
-1.510333223794167457e-01
-9.567841174509725266e-02
-1.900468905344718240e-01
-2.071279292298003338e-02
1.487559195404665191e-01
-3.241732784248559374e-01
-1.479896604065641386e-01
-2.313593139415896505e-01
1.508533826100066401e-02
-8.239511916407260550e-02
1.986118958514746999e-02
3.549774366029613826e-01
7.493548440514702369e-02
-3.081982715296419095e-02
1.527833278130362460e-02
-2.824615131843168370e-01
-1.094682444085184891e-02
3.053866914730376525e-01
9.607296618089475326e-02
4.287978199468599483e-01
-5.713358901030225062e-02
-2.429689004225396853e-01
2.697792122204584545e-02
-1.065713979982806370e-01
2.605990208191331647e-01
-1.210771445822370757e-01
-2.423710399284805667e-02
2.920647378382354997e-01
-1.418815827136722107e-01
6.816954834488925252e-02
1.443184943412957888e-01
-1.916361325297100127e-01
-1.824145235022469613e-01
5.652724891043816591e-01
-2.748768263652583491e-02
5.616010246420254093e-02
-1.670959262063801895e-02
2.866454678635162456e-01
-7.726945560443605754e-02
-1.495056690331577343e-01
5.934976539946458518e-02
-1.153758614686029582e-01
-2.545235748248799168e-01
-7.887841621428916261e-02
3.329049482353105271e-01
-2.012106591903929098e-01
-2.476572998893734542e-02
-3.851574951649943540e-02
8.976081825780307666e-02
-4.583556840076848278e-04
-3.935759695945927755e-02
1.993281846348392977e-02
-1.422322891179240295e-02
-5.478795621367948954e-01
2.902079598018732220e-02
-9.957944780172527099e-02
1.813381335679515455e-02
-1.658802382941005349e-01
-4.535928070393180703e-03
-8.010583871445516035e-02
-3.912992513519000237e-01
-1.579755879516864803e-01
-1.766192532727668130e-01
-5.994331832614103323e-02
-2.618373897209917422e-01
6.391916582766593580e-02
-1.540412362890032638e-02
2.520166899119259396e-01
-1.598911081964467934e-02
-5.643071852570639459e-03
-2.771409402134965561e-01
-1.049165825459329043e-01
-2.846387959766379927e-01
-1.756200705483490498e-01
-1.585946446493885498e-02
8.572377002465492168e-02
-1.848872240177045490e-01
1.950082575670117335e-01
1.236114073326475410e-01
4.099401326427792175e-02
2.077625101684883180e-01
1.067741480726863146e-01
-6.117322507490936118e-02
8.630575540049630068e-02
-2.809191097206770737e-01
-9.092559159899397947e-02
3.527535742361906923e-01
-1.106179692424383854e-01
-1.070897765993289036e-01
2.534290848288368037e-01
4.580164366033582790e-01
2.872817441688395590e-01
3.650698239504832077e-01
-2.020026666348043176e-01
2.179446926580272947e-01
-1.221592390605570760e-01
-1.821628540192051643e-02
9.097664748178639627e-02
3.748917396437929095e-01
-2.104883708033150613e-01
-3.128941481046977890e-01
1.354094338201398406e-01
-1.967997327590484125e-01
8.172284680523150824e-02
-5.805834820716431616e-02
-2.151494294730081636e-01
-2.017516183009050376e-02
-1.262709697783803708e-01
1.671701027875136247e-01
-3.823549459232665204e-01
-8.914351045771563842e-02
3.483877118497667649e-03
-5.244018366517796265e-02
5.190280692505997440e-01
6.662299015014386816e-01
1.000000000000000000e+00
2.743591323674735016e-01
4.953615775561751033e-01
2.081771196856057604e-01
-3.910591237016171340e-02
-6.388643123487881825e-02
-2.018384479652314267e-01
-1.396260984034399522e-01
2.824434244374046110e-01
1.133399472673920078e-01
-2.431394852618650737e-01
5.811716723639542143e-02
1.443622271272111401e-01
2.874147545304714946e-01
-3.212378882583033501e-01
1.202478473425696998e-01
-1.158146408791923404e-01
-8.623451512822397080e-02
-1.281665498323593944e-01
1.570867723282129980e-01
-1.307074116363707572e-01
-1.756313692260765003e-02
-4.018049030312740300e-01
1.070911993013479030e-01
1.904855917396139908e-01
-4.205315476998687518e-02
4.256068985632277535e-02
1.141248123665837694e-01
3.370876705321246281e-02
4.065013355687107088e-01
4.118666250145354146e-01
-1.599728150330318177e-01
9.317090568300076536e-02
-3.025685524842230412e-01
-2.500643093024532138e-01
6.823299974540479595e-02
2.116418605802467268e-01
4.054291619347444309e-02
4.439576818531534852e-02
2.123237091030791886e-03
-5.838343803745160883e-03
1.281474773963286462e-01
-1.205025852225099061e-03
-1.749329191118759452e-01
-5.706128753932580150e-02
-1.714749227291842079e-02
1.715869810572284160e-01
-7.706595507989610905e-02
2.137699241752090418e-01
1.458255489666779037e-01
2.197641760568632904e-02
-1.279325653839246402e-01
-3.800539336691799441e-02
-9.396904675408630780e-02
-8.306871133790826034e-02
-6.642744841316773619e-02
-1.371037132636967193e-01
-4.210868799773914706e-02
-1.867333431110902719e-02
-2.319225643919051449e-01
1.807714299383801904e-01
-2.459095352373603591e-02
2.522924922553510529e-01
5.331243647863241619e-02
-1.988800784120415277e-01
-2.550416948167616993e-01
2.315875273032820814e-01
1.177157320261478790e-01
1.119965627702564082e-03
2.876402511004979012e-01
3.916152241879134605e-02
-2.521159995334016843e-02
-7.062778376614410603e-02
9.946649183270508954e-02
-2.151556402684978997e-01
3.154768013897026879e-01
-1.599625676379907990e-01
3.192865931882681862e-01
-3.845308313909633346e-01
2.211850235587258517e-01
1.888660729861794674e-01
3.290362588541284605e-01
1.074963375988766817e-01
-1.842729437578381757e-01
2.165263801521963988e-02
-1.984144383895262709e-01
2.509581438300119149e-01
4.804258326466957080e-02
-1.566625629792085805e-01
1.568836336477579252e-01
-2.002371990583342587e-01
6.124472395636289951e-02
2.069024446704415543e-01
2.719920792846724274e-03
-1.110647707565711184e-01
3.916985492295160104e-02
-2.338008582884359143e-01
-6.129143387564828238e-02
1.118356351518699776e-01
1.372981301380804819e-01
3.081209096414663784e-01
-1.513863957348376144e-01
6.678913756344828645e-02
1.208295737613063886e-01
-1.578108002723449810e-01
2.066752400272651446e-01
4.849932142533246865e-02
5.809310092575060286e-02
-5.234386084604353284e-01
-1.211337132905140890e-01
6.659824720997790069e-03
1.620098147736656058e-01
1.509403260923104957e-02
1.600549235015642224e-01
1.595525891076026714e-01
1.519552601651097956e-01
-5.437377621743972878e-01
-2.224868449048850727e-01
-3.458846205859214540e-01
2.888842868175192646e-01
1.792805741984859202e-01
-2.425662467215367046e-01
-2.330437339074319381e-01
3.429776684117001873e-01
2.535741021021424291e-01
-5.448357633752878848e-02
1.154206547644699987e-01
2.770500317334455564e-01
4.552924651341089257e-01
-6.442727165627853969e-02
-3.593402057314832865e-01
3.784486559982880860e-01
-1.666974507645851422e-01
-1.534928258242747312e-01
-1.859305542073286244e-01
-2.066567904728849880e-01
1.597851244399921267e-01
2.143877756076852104e-01
-1.220736365882304358e-01
-1.436938559638810398e-02
2.391781796754202660e-01
2.603488364414254241e-01
2.313002349186074613e-01
-1.250683383208435751e-01
-2.657760002552985168e-01
-5.433120955330504598e-02
-1.788850892567436235e-01
2.026223879584233487e-02
-9.845569115058643017e-02
5.170766784260816956e-02
4.844176972382806257e-02
5.954798667824474229e-02
1.294967309654026233e-01
-1.718381233987218704e-01
-2.612733637910708007e-01
2.877617199773828682e-01
3.915463032219896888e-01
1.290122002951457625e-01
-4.247475160598459393e-02
-1.877672370266293134e-01
1.819291898945732122e-01
-8.070785380137528164e-02
9.620426812145321804e-02
2.759037093311899613e-01
9.923012637057164465e-02
-2.997321697221421721e-01
1.245941315185963710e-01
3.015062534414248430e-01
-4.386175885541340191e-01
-4.532465638795314944e-01
-1.288757494536486303e-01
1.181311177187324285e-01
1.590746639348390029e-02
-4.315232858796536758e-02
4.338162982762509556e-01
-4.522599767060380554e-02
-1.554394363836515414e-01
2.719777600635120071e-02
-4.137216233759730133e-02
-4.641180909349548050e-02
-1.807529803839852955e-01
2.697677873372831270e-01
4.168350047362114896e-01
-2.306604338319880390e-02
7.127174466452070034e-02
2.470040070028277912e-01
3.404549207319956250e-01
-1.656449604518362151e-01
-1.576032110088945726e-01
-8.970536358343625394e-02
2.280693230981384323e-01
2.508236840044260063e-01
1.440231277137186683e-01
5.495271052470401818e-01
-2.365581153484282856e-03
5.999722030163542885e-02
2.782598573276229281e-01
-2.185040879491571275e-01
1.097072090169611269e-01
-7.486113908305330744e-02
-2.853230498768969392e-01
-4.403335465100336604e-02
-1.260093485425526350e-01
-1.789006158975444405e-01
-2.009096525167415048e-01
-1.558013076701594279e-01
1.006998658233031613e-01
1.386981874174307919e-02
2.621436492263618523e-01
-1.964037752579410670e-02
4.970396306563883981e-01
-4.428183060765241569e-02
-6.304935701289707088e-04
-2.891099858490281740e-02
-1.011313749722215355e-01
-3.110344547804879192e-02
6.019550614538562439e-01
1.912471467262668451e-02
2.507063035185133626e-01
4.730771319038035855e-02
-3.062983514342588337e-02
9.527117642044563572e-02
-2.193443963224664742e-03
-4.731664251005886918e-02
-2.206002906208701445e-02
-3.039786706661535276e-01
-6.077128368028281713e-01
-4.942043101367967761e-01
-1.321017445683191627e-01
2.565912135157478735e-01
1.359210115946949717e-02
1.034204008209236268e-02
-4.523360579070313803e-02
-1.781731989170152186e-01
2.743509545417143758e-01
-1.526033122307518530e-01
9.137076151296012749e-02
2.081021261044815607e-01
-3.710698641126615738e-01
2.856175085924919643e-01
6.944634437286231754e-02
-2.380966302212270957e-01
-1.810867487602823012e-01
1.983732141858375320e-01
3.422673097496978928e-02
-2.450233691526959856e-01
1.542122765010653720e-02
-2.430902667603825895e-01
-3.516921777053558240e-02
-1.088228464048232452e-01
-3.800306484050191419e-02
9.272032583054497235e-02
4.643567903236115457e-01
-3.425217027661472263e-02
3.036672330695251443e-01
-1.846555691394857479e-01
