-5.528451218413724666e-01
2.641112908498108869e-01
-2.005396271846173195e-01
-1.462015279728389253e-02
4.053816601211015502e-01
-6.244102670077451150e-02
-4.335150954781520349e-01
5.316155216455292071e-02
-1.001145031979261274e-01
-2.417381762771847187e-01
3.665970784237926883e-01
3.689117541293777114e-01
-2.719657321452064735e-01
1.061842048214778206e-01
1.870194980704419363e-01
-8.362167245504541213e-02
-2.531530428532867694e-01
9.539694210601627755e-02
-2.610850562436782818e-01
3.283839761879341346e-01
-2.690847598216252190e-01
-9.525281892309170328e-02
-3.609526057583503089e-01
-3.247759641729403013e-02
1.855270268627576546e-01
3.230770272412373245e-01
4.119928558454487993e-02
8.764796356450181569e-02
1.765017892660061122e-02
4.634709633770830450e-01
-1.653576695158474608e-01
-4.089807851871289923e-01
-2.494218038322096598e-01
4.930657325410643388e-01
-1.064242370245028872e-02
5.913299533700133725e-01
3.074311761139725263e-01
-3.705502029578870982e-01
-3.057381441017180124e-01
2.911864789857973035e-01
1.397090486064724024e-01
-3.232399447127302650e-01
-1.898287158008038211e-01
-1.477605599571944761e-01
6.140565883583353618e-02
-1.812504541563605964e-01
-4.566346921644691415e-02
5.100184896072397223e-01
1.338483167109585370e-01
-2.340211966264383464e-02
-2.869648305770974295e-01
1.582660822391667166e-01
2.963092539839902173e-01
-1.773099677974893790e-02
4.235835551861202308e-01
1.489486635959094141e-01
-2.896227801475577662e-03
7.910913868918810488e-02
6.763432026340351344e-01
1.347478814231876931e-01
1.817670909838168258e-01
2.661609540918709049e-01
6.053137368264178281e-02
6.823546070212790872e-05
-2.602646865055213143e-01
4.602525489984592988e-01
-1.459675612570042191e-01
-9.673391556120562729e-02
-1.196580097802724119e-01
-2.334610157816496834e-01
5.019577310073456422e-01
4.902702079194839468e-01
-4.063794869785050667e-01
-1.239144651092672772e-01
1.318612828166605966e-01
-2.211781859954186358e-01
-5.638772014653890829e-02
-4.117322870168743654e-02
8.842800965456362738e-02
3.163734204758191226e-01
-2.940918315408991845e-01
1.229606232062146476e-01
-2.408899355582633239e-01
-4.842036103722311413e-01
-3.931664388587227110e-01
2.669904894155147868e-01
3.528348565422270156e-01
-2.557544102770447636e-01
-2.018901834443845994e-02
3.211084465215738315e-01
3.837544193765647926e-01
3.668547518483248338e-01
-2.609585282315629584e-01
1.233705558546230457e-01
-1.575401831229640004e-01
-4.793656017063126912e-02
1.361842892335840549e-01
-7.016087315821911696e-02
-3.518258742255083726e-01
1.709586534550114334e-01
1.725964272852226478e-01
5.936395286451755932e-02
-7.422392795137487675e-02
1.180874341448454601e-01
-2.322540971925296238e-01
-4.382041583950405800e-02
3.094775522741886609e-01
-1.114841847182381496e-01
6.449450212789144266e-02
-1.719147735572816305e-01
-4.261072285111855429e-01
5.035630164565090272e-01
3.374645055691098960e-01
-2.140232530490041307e-01
1.373213696529136107e-01
4.679818050487661307e-01
-3.042533251555180063e-01
5.012827858954301830e-01
-6.645061773165508723e-02
1.159296268501704696e-01
-6.955728775331052050e-02
2.893783059795848600e-01
-8.514796236221708337e-02
-3.105430775323792525e-01
9.290364951973915930e-02
1.693004004715913391e-01
-1.155363693831637506e-01
2.695179667123513423e-01
2.197595481481088298e-01
-6.342743386817037976e-01
2.420947186137173135e-01
-3.850029794836324903e-01
-1.649096304166950688e-01
-1.150764430598691240e-01
6.523441578865279977e-02
-1.533579901036256216e-03
-4.311209807911015046e-01
1.420153763904381805e-01
5.176511063914663868e-01
5.729381888584469396e-01
-1.341001634139994160e-02
-2.878031572618163780e-01
1.994923720955341095e-01
-4.147148620822554282e-02
4.998601528575184472e-01
5.735359617460462911e-02
-4.868429622430184289e-01
-2.561782511436845600e-02
8.868543085843466622e-02
6.593539712160687016e-02
-1.209440013397859448e-01
-2.964224382145076997e-01
4.835654620544569959e-01
3.281233206907998023e-01
-1.578209963375300506e-01
-4.070430575208500712e-01
-5.818639325737982038e-01
1.494740629093902207e-01
8.187444491567050231e-02
-6.093864145888776979e-02
2.147283515762208328e-01
4.148047451856577972e-01
-2.819945060215935384e-01
-5.013361844205557194e-01
1.212720298240178712e-01
6.970531624984818708e-02
-3.126923538998719887e-01
-3.464275380713194852e-01
3.723394225834802951e-01
-4.672698915789984253e-02
5.578850415659005607e-02
7.597338937204345388e-02
3.568041767135750608e-01
7.911355665740911480e-02
-1.114597920381484447e-01
-2.057486839751961061e-01
3.552202376413225032e-02
1.145586920299422606e-01
2.880521819907889136e-01
3.314161214243995235e-01
-1.359520741382969911e-01
-7.566558782035932851e-02
-3.346640460894172442e-01
3.276976482931806545e-01
1.407989097782057220e-01
1.599974522609896033e-01
3.107470392092404610e-01
-1.612533710622779046e-02
9.520922064170364574e-02
3.698952863530660662e-02
-2.925324350209285162e-01
5.245980381524938396e-01
-2.845379142864535860e-01
-1.065575318945757577e-01
-4.399858928070430469e-02
7.494627955178688461e-02
-7.353344252231119871e-02
-3.273681064849821576e-01
-1.235494125073891697e-01
-2.384789698909607625e-02
-1.275650650474036973e-01
3.077830803884029631e-01
1.125777888598943344e-01
1.913436963755728304e-01
1.501916016553686561e-01
2.482202025388273725e-01
-1.729736150966027508e-01
-3.675696949372568856e-01
-2.364212522944371397e-01
-1.058046611251433899e-01
-3.157664135367648783e-01
4.068398331081155006e-02
-3.237080969539654629e-01
2.452701487074028519e-01
-1.801494706356999986e-01
1.326891053842214341e-01
-1.148407011106460929e-01
-1.342835856849333154e-01
-2.598550142910417415e-01
-2.498816773669236824e-01
-6.171875676406563677e-02
9.306323135609088915e-02
-2.248547001508790499e-01
1.844810732169734346e-01
-4.767614894795891844e-01
-2.103100319763373249e-01
-8.888963628531822148e-02
-1.005603858212035344e-02
-5.492338530952042275e-01
1.983142280728355036e-02
5.554964261734877118e-01
-5.036589309070677034e-02
2.223130616659840519e-01
-1.133203589221974117e-01
-2.159661550652413123e-02
2.462376558278484839e-01
-2.654676125718500868e-01
4.219749911487527538e-02
7.568834119481941680e-02
5.404069051217181424e-02
2.862119030411180431e-01
-4.322965583120502164e-01
3.445002331158845688e-01
2.900131714508164538e-01
2.510755128657637392e-01
5.701996062998704318e-01
-6.889600529411450403e-01
-3.795253263516747411e-01
1.248958204526329357e-01
-2.635456164414961555e-01
1.243613775573799429e-01
3.696721472237200767e-02
-3.325112996344996019e-01
4.891060659699719704e-01
3.774594759429817925e-01
1.000000000000000000e+00
9.477660545772476075e-01
9.876874644732608344e-01
1.872642061730533658e-01
-1.460000578513017677e-01
1.310400789881365491e-01
-3.312442654106965978e-02
2.363924294549464011e-01
1.864889604888380625e-01
2.440098191445702058e-01
-4.219042448775956605e-02
5.025353939816624704e-01
-1.406919088031478859e-01
-2.723554542876205353e-01
-1.050411114462575790e-01
1.804989789424994717e-01
1.991850100053574601e-01
2.215263111952159580e-01
-5.633958941589134461e-01
1.148536542413687300e-01
3.941469073231407272e-01
-8.130543063689518735e-02
4.320121408151644249e-01
-6.016934349337743626e-02
2.214546385459998171e-02
2.083356989921009428e-01
2.730510575803414830e-01
-3.557195551518427257e-01
-7.943368040210661840e-02
2.670275787703286774e-01
-3.719255721728357278e-01
1.075275654569336770e-01
-3.790609817798230169e-02
-6.128468365622862651e-02
-3.705804839750154005e-03
-7.972801616849621575e-02
-2.142442195563298846e-01
3.289730747336697125e-01
3.109143873778235159e-02
-1.511560168906774249e-01
9.341216998440046715e-02
-1.805554897572275719e-01
1.004686981201251134e-01
1.716436346048259565e-01
1.950864240369133348e-02
2.631678467604281479e-01
-1.513343123355923858e-01
-3.975103150797302809e-01
7.862600336074347662e-02
1.355086402482480190e-01
6.102911549379741452e-01
1.607254786975907124e-01
1.941679706435795738e-01
-2.065350602216064202e-01
-9.662199641194195443e-02
-2.690350347938995079e-01
-2.346835603295515105e-01
-3.453051275166899581e-01
6.836956326487145796e-01
-3.933840124266711757e-02
-8.178627955287257056e-02
-8.441298753749830464e-02
1.311451189644166349e-01
-1.762470391343110704e-02
-2.670304956057631407e-01
1.571584389131487902e-01
-4.683920548976143183e-01
-3.219166197909914540e-01
-3.074273803554690709e-01
-2.802775697901349963e-02
4.984850807188799526e-02
2.941928076491323596e-02
-2.750476434756821131e-01
-3.302267364665151944e-02
4.184621307221406822e-02
-2.862155765385538397e-01
3.023154632943262921e-01
1.593148915300252738e-02
-2.674846980018822859e-02
1.284493294719656065e-01
1.714361378607431041e-01
-1.071537946870088909e-01
2.508824865543184401e-01
3.770121852925629735e-01
4.451023832308995121e-01
-9.480068329151346285e-02
4.312523134443826955e-01
-5.347358020827428643e-02
1.569966073067831716e-02
-5.777933355202045929e-02
-2.629018701782455739e-02
-1.735224756358766385e-01
1.757817714131106324e-01
3.456876814344760906e-01
-3.014946623079115540e-01
2.008764388166926207e-01
1.613875887045498059e-01
-7.389519603971318046e-03
8.419884343664520154e-02
3.442108481880256504e-02
-1.330408998461351522e-01
5.371986687202000288e-02
8.191153427048439295e-02
1.819901808336285842e-01
-3.174534935949950842e-01
-3.948503418363356193e-02
-2.764403155459263430e-03
4.884668271058503208e-01
4.234104819537071705e-03
1.347443256941472378e-01
-3.928778068036447579e-01
1.435957075056697695e-02
3.877025767371111015e-02
-2.698741181406197343e-01
-1.337311820536277868e-02
-4.204120833833383669e-02
5.103045912424390984e-01
-2.560995128068392912e-01
9.187994057179152407e-02
7.521235368653689246e-02
2.226161113651009549e-01
-2.222499318548301350e-01
-1.572363037574192601e-02
2.895723247471751471e-01
-1.128132907796543238e-01
5.125992312343070623e-01
-2.250268730847936882e-01
2.360338735884263961e-01
-1.191233310908937360e-01
-6.083264471477909385e-01
3.112096097428787567e-01
2.576508706497518397e-01
-4.408986554066803287e-01
6.311240539521248971e-01
3.234080007097352993e-01
-1.484567573108194483e-01
3.124105888265615305e-01
3.983541294284530243e-02
-3.078081809198076058e-01
3.893350902956826953e-02
-2.158198074782348430e-01
1.558747293421812799e-02
2.037890736442403705e-01
-1.069053478497939691e-01
-2.790669655352021050e-01
-2.133072440534916903e-01
-4.396219558602535576e-02
8.747634786050802191e-02
5.484210542122354148e-01
1.345377768308424205e-01
-4.492091911621928224e-01
-5.528744049928093623e-02
-3.188243636240644524e-02
1.185963898357128843e-01
1.855745346930961770e-01
-2.105158933927569198e-01
-2.915278385456689936e-01
-2.992313105956162511e-01
-2.460909740762497466e-01
1.143504869885895829e-02
1.830430702303055199e-02
-5.749549368950324785e-02
-2.101913474445190333e-01
-4.475096056480512008e-01
1.007167625197145366e-01
-6.995324352982359439e-01
-4.321450766004698157e-02
-5.443310967235410747e-01
-2.441602557999008050e-01
-8.023042233542490576e-02
1.829134991437756513e-02
1.815636215570617662e-01
1.983543273688731234e-01
-2.789175015890184989e-02
-8.493169889680828033e-02
-6.160405497424421145e-02
2.009600517589857915e-01
-1.689439437766741825e-01
-4.687015649700621012e-01
1.524754853094354434e-01
-2.932714908665386144e-02
-1.316228232066765091e-01
5.062737033945540199e-01
-3.610661402997674130e-01
-9.873411420950471695e-02
-2.546500868859415956e-01
5.346597192096175233e-01
-4.497748739723771150e-02
-1.489049474774469320e-02
2.620819519041562295e-01
1.282136403113412204e-01
1.705622269319091444e-01
3.051048489783709794e-01
2.167050033570933898e-01
-1.017544496501936180e-01
-3.146075400723403193e-01
-3.322034495295361767e-01
-1.318079450359763982e-01
1.198483714769443126e-01
-1.247030667662964859e-01
-2.047597870977196227e-02
1.904598549860190004e-01
2.774066051669294430e-01
-1.706151137173375631e-02
2.271488845120751277e-01
4.670005386673344028e-02
-4.131299068290196497e-02
1.492175440961995489e-02
-6.397065099618615136e-01
-2.742339781182314140e-01
2.051901494311828278e-01
-2.268049259747125304e-02
2.046943866431120695e-01
-4.529160665668325453e-02
7.123477853354198523e-03
1.013807682882836986e-01
6.511203709757998337e-02
1.327284037231548364e-01
-2.643290270417856802e-01
6.521996515168660968e-01
-9.801682768418738811e-02
7.194710249790640944e-02
2.633881621829498587e-01
-4.488831318900063927e-01
-5.866655208893687204e-03
3.116812238582711836e-01
-3.929217389693789864e-01
-1.779148239945361754e-01
-4.402107613993616608e-01
8.076547127123102909e-02
-2.990986518592329002e-01
3.535930157322926815e-01
-9.557618940965759147e-02
-1.165566082437044237e-01
-2.812529652464006436e-01
7.161952168848569056e-02
1.238702157430752182e-01
1.447320028339024178e-01
4.758078296672067775e-02
6.405237789440920704e-02
-1.454162031508684783e-01
-2.323268646463417242e-01
2.345552381550750631e-01
3.430468080264545416e-01
-1.342138249435085307e-01
1.585304354046200292e-01
-1.026824589996073733e-01
-1.349477990988326159e-01
6.275470227051147543e-01
6.300472791911342074e-02
-4.072548056541083206e-01
1.280524067208088368e-01
-1.528583322567962088e-01
1.668169527044006117e-01
-7.147797820501002042e-02
-9.422801194183781648e-02
-2.365285868964521754e-01
