-3.142206299336525177e-02
3.426156824989145394e-02
3.952495950405297137e-02
-2.944469747289098129e-03
-2.839507333366484559e-02
-3.153882855846837363e-02
6.193568425387205312e-02
1.329831555584884070e-02
6.658641253285653427e-02
-4.927190866335261210e-02
-1.241886691663796061e-02
-3.042533218636295916e-02
-3.988403474102880653e-02
-1.038929649707806069e-03
-8.432754779879617080e-02
8.688896971739430014e-03
6.001374444366135326e-04
-3.603797910723195025e-02
2.111280326419126205e-02
6.130654589256257642e-02
9.012741778988986319e-02
-1.072435788089394632e-01
-1.304784114023796737e-01
6.013848450890316860e-02
7.935271082243589014e-02
-1.608642845425958812e-02
3.816680723409406756e-02
-7.057421915199713243e-03
1.110611515464575705e-01
-2.314758845951486385e-02
-6.749616195679276898e-02
-7.444933885022009257e-02
-8.265101747620531847e-02
8.127862126439822088e-02
-1.157190093881966739e-02
-9.665870247063648724e-02
1.257974262702527338e-02
2.611179467309335950e-02
-1.534968146487092899e-01
3.160622036861471251e-02
-3.124830201773829905e-02
3.946555548928842166e-02
4.335474261802753360e-02
5.997822130904703619e-02
1.099597061889008021e-01
-3.187000770335089023e-02
5.151347416869568076e-03
-5.868322752405108478e-02
7.621555011102958133e-02
-3.396059681771890909e-02
-8.143681629348660522e-02
-3.122097102014133665e-02
-3.540656472143486472e-02
3.210081649293032580e-02
1.576470166403365694e-02
-3.658834454521992657e-02
2.278886156429716855e-02
-5.017937707538758230e-02
2.774425835480631708e-02
3.316104913925195519e-02
-7.353378067175370125e-02
6.363403168205422622e-02
3.146549269885236342e-03
7.687684402315001810e-03
2.569815051295088262e-02
-5.436268585315926632e-02
1.451889948663229180e-02
-4.238926055233312867e-02
-4.898024411037675552e-02
-3.941101326321261311e-02
-1.429228028209011403e-01
-5.503585681356291774e-03
-4.344985933846551990e-02
-2.276555419308530850e-02
7.754162936382089089e-02
-2.076096781144140188e-02
-2.871763329878075297e-02
-3.552380230902292546e-02
8.380705355165389558e-02
-5.173541014814320160e-02
4.712086951819655783e-02
1.129238115072306869e-01
-2.212862591528258482e-02
-3.971963412383613945e-02
-1.219067584235517393e-01
-8.782129986897087293e-02
-2.293449396355829589e-02
8.499366347962716839e-02
-1.525765322487249165e-01
6.347698855165558041e-02
8.134683842620131500e-02
-1.338142425870623986e-01
7.635470178784492523e-02
-6.088580949018822935e-02
4.993776408703511777e-02
-5.844019945898491081e-02
-6.595584129677278806e-02
-9.431440340660207644e-03
1.990289387329925719e-02
2.937625001403433231e-02
1.370273593398665599e-02
4.527627718022605302e-02
-8.727489567910409751e-02
6.751042661757304664e-02
3.202280654300563439e-02
-1.195931252082524376e-02
2.167162705078435996e-03
1.362192944526945289e-02
1.346094286480223334e-02
1.010626328586349681e-02
4.191629547461812877e-02
-4.255264683801078529e-02
-2.597390967665632808e-02
6.732376756605955304e-02
4.907655025575202029e-02
-4.789232322567767847e-02
7.554019920410498176e-03
2.818719188903065845e-02
-1.418849320492194914e-02
4.920266728026310987e-02
-1.695420610517652318e-02
-3.871682931773359759e-02
2.038340541766258188e-02
6.912491076109304744e-02
-8.040460733160964546e-02
5.557648921155876331e-02
3.016423550775305246e-02
-2.910277540126820074e-04
-1.995506017037202914e-02
1.114815752882468425e-01
-8.845673289374336723e-02
-4.017878524706303481e-03
1.328282209253235924e-01
5.147840239505382942e-02
-2.800505518347408060e-02
3.773183978557434481e-02
-8.357392270576961824e-03
-4.238771680748292664e-02
7.831308208055692832e-02
4.438289334813939890e-02
-5.987032727256985654e-02
5.259589960807409259e-02
5.721586505467163297e-02
-3.866040537332943172e-03
4.370792393673905707e-02
-2.666801689655869632e-03
7.646698559052590716e-02
4.642291829187224911e-02
-1.740313445292173203e-02
8.570572108062893268e-02
2.381846795465751565e-02
-3.346892981194495020e-02
-3.145249528204666772e-02
4.167314372882514883e-02
-1.632336047950087299e-01
4.804109452733467539e-02
-4.812030087109651910e-02
-2.518826649730573214e-02
-3.140214287674001487e-02
1.534409651587204104e-01
8.719460871394671408e-02
-1.282734152986832708e-02
2.003092078247131758e-02
-4.065683323867453486e-02
-2.598493746066364921e-02
6.443649858929936802e-02
-5.697616393247031258e-02
6.254431079202900368e-02
7.483336763516451606e-03
1.598942364387786683e-02
-5.256573036789813878e-04
2.132072484755574270e-03
-8.259810545785171640e-03
1.023315331869862760e-01
1.078058487952830019e-01
-6.794433623016747636e-02
1.177509914179604572e-01
-4.204564245835413355e-02
1.788550639939684439e-02
5.563550928844405996e-02
6.555415017680585321e-02
5.746965174756239747e-02
8.490140567623766232e-02
1.614210092945618236e-01
1.176775117222778611e-01
-6.068259586696688607e-02
-5.099192372499762593e-02
-7.633173876172659467e-02
-2.642695364700496999e-02
-6.198275129058578720e-02
-4.089790292725184462e-02
-7.233352401695141310e-04
-1.111734881973796066e-02
-9.865781392208774689e-03
-3.513528831089267335e-02
1.370459668293601274e-01
3.809781329750615980e-02
-8.329993538103787343e-02
-5.539733011636380211e-02
5.748009272738428821e-02
-1.962993322986459135e-02
1.569124376308416932e-02
-8.282227776630936289e-02
6.700312638464282766e-02
-6.915719653433820280e-02
7.428508271773430482e-02
6.838226649692366599e-02
-5.430020324772458912e-02
1.843554529035581341e-02
7.063280116314908652e-02
-2.022352714642285457e-02
8.848654179138505660e-02
-1.168241633561513219e-02
-1.261686639554295830e-01
-5.112979191411522184e-02
2.005704747794197218e-02
-9.714309544658081622e-03
-4.244255034424691993e-03
9.025079076409302237e-02
7.888961443780576413e-03
-7.243393182223226839e-03
-4.854528156421476781e-02
1.459639354991322351e-03
1.569051148344677293e-02
-2.115852942235699891e-02
2.951112279472975150e-02
3.551317989785163567e-03
-1.220457428301780500e-01
1.860977828847167753e-02
1.072394226028012404e-01
3.849606269291173249e-02
5.089679320316766592e-02
-1.253297742173592119e-02
-8.947255945645130049e-02
4.066444109284961944e-02
1.376080306687575694e-02
9.507201145742699699e-02
6.065818809482066004e-02
8.120613810217010287e-02
1.414866970011147695e-01
-7.579641084768312664e-02
-7.703332468914309006e-02
1.290002240152950952e-01
6.072345434334502912e-02
3.392634376895460602e-02
1.139379172501878840e-01
6.908653418143217984e-02
-3.916146587365605669e-02
5.590882816340825984e-02
-4.574512263866110234e-02
8.131005871087176526e-03
-4.260495362313376083e-02
4.466753095802279000e-02
1.468432060157025265e-01
5.403842444482791496e-01
1.000000000000000000e+00
8.343571395807862778e-01
4.503585700039056117e-01
3.985509443467552537e-01
1.609125710493898020e-01
1.443825762586112837e-01
1.171167448972537245e-01
-7.105880208088913297e-02
-6.817552532072201563e-03
-9.853046864551184402e-04
5.643768497006092059e-03
2.512796566396547152e-03
-6.719357150580329563e-02
8.592353089907718566e-02
1.082717948381867606e-01
-3.200474880997441346e-02
-2.293832753428411142e-02
-8.910585366488209258e-02
-4.586116482316106996e-02
5.096111513200969091e-03
-1.432929941161147601e-02
5.387264078707774267e-02
2.467653200302429364e-02
2.163717368077253816e-02
-6.328131447753848615e-02
3.682985856845418654e-02
-4.593038342078031855e-02
-2.730205809096048972e-02
-4.877492663520664046e-02
1.171126866654925852e-01
1.236288407502753595e-01
3.820541247145486236e-02
-4.880953593401825275e-02
9.777743368879739105e-02
-1.478279760638847445e-02
-4.865759206398261733e-02
8.623153798372388754e-03
2.348253789117013199e-02
-7.376330696438047896e-02
-3.055841104448760517e-03
5.990281792730356436e-02
4.452545016266182265e-02
-9.938367958449860484e-02
7.925526967074229823e-02
-1.782439236033814267e-02
-2.464121411573865980e-02
-7.804249044857725082e-02
7.356831379091338663e-02
-1.047534439157613156e-01
-9.947337958623930776e-03
-3.395982094861927508e-02
6.007289571002234069e-02
1.538982601477243035e-02
9.709092487811113448e-02
1.019132924827211711e-01
1.013943736649335903e-01
2.156789769230700940e-02
-2.304273333586616054e-02
2.116709421720082418e-02
2.899140540743219349e-02
4.464122319097509062e-02
-1.897390519968368203e-02
6.077987184871767867e-02
-5.238515849663484547e-03
-6.266226875429274645e-02
9.346103833427238383e-02
1.120744498208705309e-01
-6.957309492423517649e-02
1.563832177753338992e-01
-6.113425046695153409e-02
4.692127561426984693e-03
-1.280955362404183895e-01
6.739818640435429886e-02
1.083014018602713180e-01
-1.404781566987703661e-04
2.160270985742082997e-02
-1.468599665305404811e-02
2.393113969188236101e-02
7.671642709741621768e-02
-5.293506852981667149e-02
7.655637566289257012e-02
3.561668061628472937e-02
-3.764983488783365390e-02
6.661590876991316246e-02
-8.783286314905684386e-03
-6.296008249527171308e-02
-2.689108279221117878e-02
5.153110111139321686e-02
-5.077905879243409942e-02
-1.799536569620286200e-02
-7.793361786633094118e-03
-1.106489422425715879e-01
1.240149243494317877e-01
-1.976850300485620548e-02
3.868830592297996945e-02
4.962649897602644522e-03
6.030990108408314405e-03
3.381522258955916259e-03
-4.912705402961345391e-02
2.191490802828629028e-02
4.187908760096244881e-02
-8.979216850828848628e-02
-3.029778220202960712e-02
4.883387452912050369e-02
-5.064478571161899756e-02
9.799825462764158446e-03
-2.112415858596473905e-02
9.722865440471628595e-03
6.468344340733932218e-02
3.705328816156640281e-02
1.848009684942147207e-02
4.233039785586150544e-02
-1.177602517868233806e-01
-5.155539219124922849e-03
9.680068928829292652e-02
9.477973340317884243e-02
-2.086873724734714455e-03
1.094994364058260589e-01
-5.367624823471522921e-02
-1.151813939914132431e-02
9.428159956140701181e-02
-1.990211009591046423e-02
1.019283012234682186e-02
-3.297328866235094136e-02
5.144212966733776454e-02
-9.442710518895794380e-02
-9.161171477218386927e-02
-6.538585159542917302e-02
-3.201199641742964730e-02
1.280166070461843941e-01
1.026320504797863936e-01
-2.611183125995162127e-02
9.537450283870166357e-03
6.611085386771113626e-02
-5.584296810810242262e-02
2.231289716654337799e-02
7.639355838333583559e-02
-7.326166210223532260e-02
-8.500857431692138144e-02
-2.829242394795861149e-02
1.487315691412813279e-01
-2.864422479533244859e-02
4.581300736033633303e-02
-2.162645654216791002e-02
6.254607919791055348e-02
4.202130497275700927e-02
4.451072138768179254e-02
-5.407107278378328608e-03
6.794863102791769138e-02
3.246314150238591156e-02
4.000835076946469837e-02
5.142476762708567822e-02
-5.503783233946410447e-02
5.542567845140720928e-02
1.450652030067477727e-01
4.227566957079498949e-02
-1.943261743652021159e-02
-1.346965154528937669e-01
1.310243643737495356e-01
-2.323284202022620967e-02
6.467946627176317416e-03
3.970118556908569518e-02
3.452914766613348480e-02
1.894332744970578805e-03
4.609350755287922041e-02
1.091224747026766084e-01
9.502343635703613955e-02
7.895790125516141678e-02
7.572892406909113860e-02
-1.362962827122558319e-02
-4.750016163075242159e-02
8.878347287491296369e-02
-7.025468554612754324e-02
-5.166684064790941916e-02
1.567435774198560824e-02
4.924422343090262971e-02
1.862703844272609391e-02
-5.061060884250660752e-02
-4.125354923617359157e-03
6.303048570052645350e-02
-1.084820373009348082e-01
5.433545484513366969e-02
-8.945436415625331039e-02
-8.058821448953987221e-02
-1.600181599759258402e-02
-5.493013027462510280e-03
-9.008339663490050331e-02
4.823917329407189508e-02
3.248043725276143767e-02
-9.747998798406341814e-02
-2.645507031841306048e-02
1.157514904952915424e-01
-8.035202342732943991e-04
-3.129926392764073584e-02
2.403202957073732535e-02
3.928769578342546087e-02
-1.043039821580123427e-01
7.427105062627849252e-02
-4.139765170611212769e-02
-7.691083836905956983e-02
6.998079976528470691e-02
6.425908021216195087e-02
-3.929318977712827760e-02
4.209258782952740585e-02
-1.802178724005048171e-03
-3.596885839893384368e-02
-1.487335729044155647e-02
4.013835385318222093e-02
2.427948200737935908e-02
7.867759502989045417e-02
7.318384422315625526e-02
1.163108729515287786e-02
-1.530237841726434650e-02
-8.115793069453048833e-04
-1.164994565806169863e-01
-5.013404964723022772e-02
1.195608547730650922e-01
-7.711771339046789853e-02
9.570270645928950770e-02
9.387349998702562703e-02
-1.742757683044398112e-02
-2.361529481574365253e-03
3.819653703121231314e-02
1.085187535568300950e-02
-6.869096343798370731e-03
4.634443141710091474e-02
-2.778702460142782465e-03
-1.371898446241237579e-01
-2.629596292885533204e-02
-6.103814609790610309e-03
1.362564343116434273e-03
-4.098968471148781850e-02
2.207763232087961783e-02
2.902628785909114675e-02
3.128347442956799784e-02
6.099189472154818367e-03
-4.772606611798586168e-02
-5.016887071137035581e-02
-1.177757256379480776e-02
7.633434833584321066e-02
2.867561222747962678e-03
-7.362400081385955981e-03
1.747221457768505931e-02
1.396068729640380091e-01
-1.220172213318507226e-01
-1.176806189064651259e-01
2.242529585011642911e-03
2.015495984562689583e-03
-3.581785857386809296e-02
2.248981192175126750e-02
-5.440076748523572925e-02
7.986310653840764107e-02
-6.139988131142015693e-02
4.980079944441253431e-02
1.033211262658681601e-01
-4.547335241090880165e-02
-7.485055786265013000e-02
