-5.497426283072389536e-02
3.088127704911076271e-02
-3.744635537827201155e-02
-2.279543145010882454e-01
-1.612026181155714055e-01
1.351248111620845238e-01
7.176173144639912127e-02
-5.109442758242761090e-02
7.906150497535463506e-02
-2.145773061667625714e-01
-2.039885989797666777e-01
-2.341663112878491770e-01
-4.109206387045237496e-02
9.548278728582976216e-02
2.604041810300875559e-01
-1.764251069898415125e-01
-2.978472884386963448e-01
2.444464957962959317e-02
8.828421614041674637e-02
1.248102476589899867e-01
6.254506354499337175e-04
8.193290361320153259e-03
-5.121445783046164879e-02
-5.812911205208031590e-02
1.072985913116462353e-01
-1.185796821000918155e-01
-7.531531517611184112e-02
8.746870440273757374e-02
-6.433885031651744024e-02
-1.384805482399474874e-01
-8.396183594897779767e-02
1.214677254039179671e-01
1.910839788982349463e-01
7.226130656947139796e-02
1.771119523072278990e-01
-1.652342084816728080e-03
3.399359418917026476e-02
-9.660788929738366171e-03
-1.849930516730350361e-01
2.671146339464041675e-01
-1.441012489097395419e-02
2.555133632748461670e-02
5.850941415181493827e-02
1.075980407252543070e-01
-1.666786750361046177e-01
-1.420288322426542515e-01
-1.476658192366265554e-01
1.901236694565372129e-02
1.695634024299559894e-01
-7.437303421791428316e-03
7.353183892249912090e-02
-9.355335371039034953e-02
-6.551565393298421081e-02
1.090969816550648452e-01
2.659267988255685500e-02
2.053951125229883101e-01
-1.646454803918569743e-01
1.376693149898522983e-01
9.077245641137880044e-03
-2.296365811922298627e-04
-1.307484009247978085e-01
-2.919141884763813977e-01
1.931783795335429432e-01
1.947588531553598179e-01
-8.909357071111966009e-02
2.877166997552444427e-01
-1.196276985456949382e-01
-1.321734733588367239e-02
5.945035607980168196e-02
4.196436476981184327e-02
-1.619896827035877951e-01
6.566992919001003737e-02
2.154661501413743935e-02
8.404734942679915888e-02
-8.516162516694919526e-02
-4.165599661220931865e-02
-1.138743975918918988e-01
-1.316696115553827873e-01
-8.740621759700846483e-02
-7.134325002770271207e-02
-2.275376887653078328e-01
-2.169356517365241682e-02
-1.648292933903347801e-01
-2.284814287449027370e-02
-9.677576357626574421e-02
-3.568182233448329022e-02
-3.270135164406825362e-02
-7.599214329127784717e-02
1.635810358899539851e-01
6.779035417031284427e-02
2.206315985760593998e-02
-2.581907278543942308e-01
-1.932569888273789338e-01
4.816133212144711045e-02
-7.957102569350130161e-03
-5.387796066563703586e-03
5.708235588586164228e-02
-7.767717627718695450e-02
-1.749697965995475057e-01
-7.652447725574139381e-02
6.894307372704905346e-02
1.576665687668275528e-01
-1.057771599685887465e-01
1.783478676747563552e-01
-5.316097647161075607e-02
-1.094459156681393264e-01
-8.411646264722044686e-02
3.733706094774644907e-02
-1.804418170643556701e-04
8.197462037416979042e-02
-6.831740353781631803e-02
-7.238109285518436187e-02
1.084873548767706086e-01
8.046740504092073087e-02
-1.927830992769511975e-01
9.832152540256053341e-02
6.033509158078575324e-02
1.139940969339997695e-01
4.437910056855694403e-03
4.371636299670204895e-02
-1.108470111949634435e-01
-5.775887843283462886e-02
7.543830989289754263e-02
-1.332254364569027683e-01
6.734151371841050338e-02
-4.102195720952155761e-02
1.549644200326112664e-01
-1.153637603071188400e-01
3.178677512442066311e-01
5.810750994171032940e-02
-1.038588312487329643e-03
-4.223618045907440860e-02
-2.879311031669050738e-02
1.547903802740264456e-01
2.870607266468789068e-02
-6.616289065379176923e-03
7.509702647799632036e-02
-7.969401713987324387e-02
-4.270924871775448606e-02
-7.423598732737456130e-02
-1.936431244517664851e-01
-1.217569727976771932e-01
8.651335930605708047e-02
-9.591403421207693458e-02
-1.091932382139974983e-01
-1.845786228537128482e-01
1.372307919031122703e-01
5.763182385305923305e-02
-2.297273887871904285e-01
7.067090575303978939e-02
1.529347055806699052e-01
-2.932618343173911540e-02
9.186908827678734457e-02
5.599745844068729564e-03
-1.848640386139553116e-01
5.450865555016512487e-02
5.798863975777416441e-02
2.578352030919641158e-01
-9.055640602666374661e-02
-1.261777962568197409e-01
1.997276300457657972e-02
-7.999614115350070151e-03
-5.532249146678540341e-03
-2.422115055929884714e-02
-1.499316725435199116e-01
1.247909476027044273e-01
2.572114653549715732e-02
-6.901274128042060585e-02
-2.549691857226861480e-02
-1.516559833066230822e-01
1.396831069013674820e-01
-7.538596584238954623e-02
4.006320139283711668e-02
1.662875887846773926e-01
1.557743984085731281e-01
-1.646104732358164846e-01
-1.175674734470700672e-01
-6.756477111767070221e-02
-1.015449026484749467e-01
-1.331158159228808813e-01
3.796964258457372760e-02
-1.388577626591739334e-01
1.903306328185662422e-02
-1.241094610370941514e-01
-1.342488657880872849e-01
-1.200699432924956164e-02
1.098746837090264772e-01
2.996989105660977093e-02
1.721923032032078305e-01
-7.980339125038840575e-02
-6.656562624333288609e-03
-1.312607214696226259e-02
1.395677526084805088e-02
-3.228352477360235673e-02
-3.433556781764485893e-02
-4.994583489980412849e-02
4.197862431138087852e-02
3.604600686846335528e-02
-5.533060642372868848e-02
-2.386516873909921288e-01
1.906278906875608081e-01
1.309720847627570128e-01
1.642971521099237664e-01
8.677439330480636592e-02
2.401797917445029629e-01
4.581164652962962935e-02
-1.561409488238566234e-01
8.031621746440306686e-02
3.454484848691030674e-02
-7.131868870046535226e-03
-1.521306599310189847e-03
-7.203728395916195182e-02
1.875028437052807251e-01
2.934433141027332700e-02
1.063843974195981951e-02
-4.774309700632864417e-02
-2.359539735602735888e-01
-1.541217262270899724e-01
-3.259344550710085303e-02
-5.029351403874526144e-02
-1.733543621441493987e-02
1.434301409888278644e-01
-5.984769430823431297e-02
8.936111097680513038e-02
4.954652564312302804e-02
9.391865723789333265e-02
-4.180925121964401692e-01
-2.065600510008203106e-01
2.635294795115808095e-02
-2.800189819934194302e-02
3.584786251485733155e-02
-1.227591925302898013e-01
-4.939488863144274322e-02
3.417036478180170145e-02
-8.437366735370349646e-02
-1.186732156914209191e-01
9.024954223069553416e-02
6.698006788489478669e-02
-6.033477060927025341e-03
8.810651149182596731e-02
2.865458863525829555e-02
6.402868081826168511e-02
1.243716527586907761e-01
-1.341214491662087553e-02
-1.280450201930083409e-01
8.315103394001144288e-02
-5.892450232180382330e-02
-6.980128416960082460e-02
-1.868943484694408907e-01
-1.696794415645652976e-01
8.642185834884837103e-02
5.364463692067459460e-02
-2.301024473605462750e-01
5.712487262749680987e-03
6.436324051760791143e-01
1.000000000000000000e+00
7.283329875121444807e-01
1.956106963955151490e-01
1.987882540518979002e-01
-4.117833937539364109e-02
5.959464499750748157e-02
2.603247375660025162e-02
1.107224820963155637e-01
1.082422846089702434e-01
2.702244616638337787e-02
4.001357550750284098e-02
-3.174269051749051967e-02
1.574509825010312614e-01
-7.213116665044468079e-02
1.123596035939511961e-01
-5.396442558417277602e-02
-1.926314752636948055e-02
-3.416661997195491463e-02
-1.469509554296108134e-01
5.574317475769870189e-02
-4.711173184388025605e-03
8.730163535636870087e-02
6.097731303806854658e-02
3.783356658435065023e-02
-2.140567882839869984e-01
-1.960297471572852723e-01
6.929046549183094650e-02
-1.385815349429611598e-01
8.636012375570665048e-03
6.897898431599974733e-02
-4.663252968794516506e-02
-1.579523051053864646e-01
-2.201288951179330294e-02
-7.975219459511803666e-02
2.400115933770077814e-01
2.291857822962650726e-01
1.067373894039232579e-01
-1.239117478046881937e-01
-1.050283977913618605e-01
-9.020232083606664897e-02
1.413182112880896797e-02
4.251612212223360165e-02
4.852425637604906167e-02
-1.539958135173786768e-01
5.253811445515738088e-02
-1.425300292940087088e-01
1.029430240119689859e-02
-1.209958195505926315e-01
1.137904039989497823e-02
-1.963119443685054644e-02
-6.969770005198432095e-02
5.723688002756718157e-02
5.695620218813006105e-03
1.489374477066233438e-01
-1.091329405480275828e-02
-2.921481763776240595e-02
-1.862611045076651220e-02
-1.540040879208172120e-01
1.795806778007361798e-02
7.015591114421672325e-02
1.029736699551006595e-03
1.070697003353884846e-01
-8.289457060544154487e-02
2.592759665665298474e-01
-1.216485841413187108e-01
2.888885913842772352e-02
7.274235696528220940e-03
5.477046487795116103e-03
-1.559979637172958511e-01
-9.673897008968913858e-02
-3.407512922243347009e-02
4.718624551967125907e-02
-1.069591683820972083e-01
-2.080983825919653640e-01
-7.830264345474478860e-02
-9.588378019658742868e-02
-2.038190966812040150e-01
-6.258891546671919992e-02
-6.192251760086233542e-02
8.696687087726394372e-02
2.071884574595417999e-02
-2.114118417585524323e-01
-1.737338709044093377e-01
1.305449980347022365e-01
1.198211284880807415e-01
-3.612865056763343158e-02
9.371805933664775767e-02
-2.996127760737540280e-01
-1.022433920187162254e-01
1.031284024648441849e-01
1.068088716895583129e-01
6.386807930949825463e-02
7.197620916621097487e-02
-3.120523377721907965e-02
6.089252604196567636e-02
5.838854219665873951e-02
1.045106701271767552e-01
-6.548325427930502818e-02
1.224225573581455978e-01
-4.484273198502470442e-02
-1.700469443497770183e-01
-1.746849043093549603e-01
3.064132478490481405e-03
8.967743776195959138e-02
-7.243300800582035126e-02
-8.277629582504959782e-02
-1.280664501243937436e-02
-3.028584022015446200e-02
-1.614026615639442275e-01
-4.094149344910234974e-04
3.407438785052031849e-02
-1.056157165128582542e-01
1.047002423755816203e-01
-1.341563531660809085e-02
-2.267834287415866623e-02
6.837281719472117214e-02
-5.429644902154998759e-02
-7.053535556412982022e-02
1.233850065864794954e-01
-1.094966502193868152e-01
4.850527358047446386e-04
-2.820091512297048797e-02
-6.005046859064111509e-02
1.990581065793550486e-01
1.399323966319753199e-01
-1.264064716724774828e-01
-1.309085095865604453e-01
-1.218761098204819426e-01
4.052647122400457325e-03
-7.692592968942650600e-02
-2.193828634149917398e-02
1.468670798527773602e-01
-1.511518192054152054e-01
-1.656917001793079269e-01
2.189170976473299723e-01
-3.565771761953330510e-02
-1.714808397885800306e-01
5.779284639527057510e-02
4.179859953458169020e-02
3.784364785361595679e-02
-1.910385027635609079e-01
1.709590729468473541e-02
-6.515014259138281194e-02
7.275674461074368993e-02
-1.860627647689886907e-02
-1.096125021951171313e-01
-9.181313049461316267e-02
3.160446665775602793e-02
-1.067671938643276891e-01
1.349361378142086357e-02
1.092714629823882261e-01
-1.471043193872833832e-01
-9.492006822768976615e-02
1.190963683493506259e-01
-1.354410683550078542e-01
1.273034215319787110e-01
6.631218151018686280e-02
-1.464088378976445837e-01
1.511248995337791667e-01
-4.559809511928816089e-02
4.821228247313952275e-02
9.352907228409985951e-02
-2.248001370291784901e-02
2.010033933428470865e-01
-3.810349314669509574e-02
-1.064209314206657486e-01
1.600953952288061977e-01
1.524229756035467565e-01
-7.593247708733709411e-02
-4.000110451780434367e-02
9.823879169579115278e-02
3.179028154737631451e-02
1.915262492560010632e-01
-1.852492810131199097e-01
-1.464294771603504540e-02
-1.473431525380629499e-02
-5.521831666154478763e-02
9.413320677125804059e-02
1.614421835433042796e-01
-2.192275133292412304e-01
1.853006602646843082e-01
2.763348300778772915e-01
1.363830757769208812e-01
1.362237472163957963e-01
-1.361670501637204378e-01
1.038988464324306499e-01
1.478566943772414988e-03
2.469783020838825158e-02
-9.217096271639145522e-02
1.977481379620239441e-02
4.500953776643171027e-03
3.293991970173414385e-01
-3.001908804206572870e-02
1.082242062226608098e-01
-1.510127352046798654e-01
1.470986709200974851e-01
-8.084561758316409497e-02
-6.116372555256113785e-02
1.679502522278328858e-01
-1.228879635783215914e-02
-1.557779218927951015e-01
-3.838506940699039360e-02
9.201892088382017387e-02
2.546846920127777969e-02
5.867460475863642277e-02
-5.239031682350180769e-02
1.271332476038222227e-02
4.370732902731025438e-02
-8.954686648188156517e-02
-1.522269379189483962e-01
3.683378859140316597e-01
3.284527891287631479e-02
-2.513163676071041852e-01
-6.834792427225197531e-02
1.330889269942227560e-01
9.823889437225070964e-02
-2.436114663069381125e-01
7.103922553743750000e-03
2.975017525966816567e-01
-5.955828497338781086e-02
-5.821227688004976947e-02
9.494271875069232661e-03
-9.154639885181507786e-02
-2.592965154618753765e-02
3.583030771852659807e-02
-1.029525169911730681e-01
4.766987756701405315e-02
-4.520527627676635546e-02
5.994779601221645465e-02
5.633726475364920529e-03
-1.386730915908782232e-02
-1.555962442048909322e-01
-3.840727478733499400e-02
4.447497034729723520e-02
3.456663307365188953e-02
1.003227004759180974e-01
8.292505849549998420e-02
1.270559284595103866e-01
3.406184282592820967e-02
3.185009137843545363e-02
3.930239736563494873e-02
-6.405574423693856378e-02
-7.136117433936159382e-02
2.639773867469492885e-02
-3.253768040898553232e-02
-1.095779159525957780e-01
-1.065464744951264697e-01
-7.555586827933580274e-02
-9.746272411904949307e-02
-2.452435882405160639e-01
-9.573915250652506592e-02
4.860704160093189119e-02
-7.662615821775376921e-04
-5.373130481749783388e-02
7.736928595647443729e-02
-7.162128436989735614e-02
-1.302576749534952172e-01
