-8.922011698094793608e-02
-4.538466168032485176e-02
-2.203328364764155778e-01
-2.295305668042598758e-03
-2.989056944808698435e-01
8.419420984650953510e-02
1.018778739103033265e-01
-6.883301220702799927e-01
1.972278525749105449e-01
2.670539997823618839e-01
-5.273962785549144439e-01
-1.479909188622046678e-01
-1.635581565106376534e-01
1.893409934192406274e-01
-1.965828639461420224e-01
-6.453891597886023401e-01
-3.616445822505074403e-01
3.196501819087462226e-01
2.097753964777468172e-01
-1.493200524648223559e-01
2.428551141193001639e-01
1.854879703132739088e-01
-1.795574138839788891e-01
4.512814927576876134e-02
2.512550696193809885e-01
2.161733331301800287e-01
-5.305271037947993928e-01
-5.536337900872592144e-01
-1.278103434435941821e-01
-1.979291507059200220e-02
2.103378054431895294e-01
3.393948063143225058e-01
1.439977565634579793e-01
2.936325118534056089e-01
-3.328878248908264670e-01
1.900355579220890379e-01
-1.158863721647961226e-01
1.911102086701300384e-01
-4.268074238520485619e-01
6.417533179935504262e-02
4.797958208762699850e-01
-1.810281079514228231e-02
1.210712280000736385e-01
2.262640481203915810e-01
4.858866859796898141e-01
1.184892515644023758e-01
2.817422702171013538e-01
2.560794745552922858e-01
-7.655272444577898572e-02
-3.088522607222063399e-01
9.417026074863027452e-02
1.094374348624090332e-01
3.905292434331741336e-01
4.628578002332877084e-01
5.527247040928436883e-01
-5.036408649600413456e-01
-2.970843464030730741e-01
-4.121465302601047265e-01
-1.683975463835918618e-01
1.487912520627109880e-01
3.278320050555081355e-01
-1.203513733775949668e-01
-1.445105752927480502e-01
-4.601843848223605149e-01
1.291871016383015491e-01
4.844490417415278638e-01
8.975436806255012237e-03
3.006138815143989951e-01
-1.064676878577818786e-01
-1.921453539226508356e-01
-7.992860301426919778e-02
4.586345143551016912e-02
-1.133185308516166181e-02
-1.821344051225399496e-01
8.156916115948539782e-04
-5.558485621440537039e-02
7.446022054740045193e-02
-5.417869637412437572e-03
-2.052934807623248425e-01
-8.283081246587950530e-02
3.029648206502033037e-01
-5.187542042785758811e-01
1.573209415886453189e-01
1.497927118475733503e-02
3.006463007275508859e-01
1.439996881145471676e-02
-9.995337799359255149e-02
8.977363055593771957e-02
2.672785699360386569e-01
8.743297550793747985e-02
5.706607941009914087e-02
-3.311131685753175291e-01
-1.153202884316451710e-01
2.571578000710215139e-01
1.783000056428816482e-01
-8.476950266373704801e-02
-4.673424939651188437e-01
1.325219288562751174e-01
-4.470111033043114301e-01
-5.390156060618314648e-02
7.290004964493583539e-02
-1.596465056041597164e-01
1.406161232367045544e-01
6.162944934456388718e-02
2.957339533317034364e-01
-1.250410590905825792e-01
8.859309003109636094e-02
1.210227127676285069e-01
-1.416708971023211971e-01
-2.939792460555844533e-01
5.174561371156252004e-02
2.252767696183254065e-01
-5.120694289973002494e-02
-7.528854870670761423e-01
-3.202743886527221751e-01
-1.195174459757900043e-01
1.633571951802994804e-01
1.896543034214801804e-01
-5.362535799780165924e-01
1.172998795550445617e-01
-1.510536867756069879e-01
1.556036141672476492e-03
4.337237983961633042e-02
-3.121251840662437882e-01
6.255749422066504695e-03
2.100950592796845262e-01
-3.417952719350395713e-02
4.943715922141332375e-01
-2.010133381278403908e-01
1.406840383892815349e-01
-2.927005717675813107e-02
-4.595606700244366793e-01
-2.812287540836438948e-01
-3.184129365707598358e-02
-3.179263625074519456e-02
-3.786015762919046068e-01
-2.484322993535433358e-02
-3.549837592990567892e-01
-9.949600424313756464e-02
8.123092173700340035e-02
2.641917584264715790e-01
-2.460578218783507909e-01
7.587136569675809739e-01
5.978454136556533849e-02
2.446678300597321665e-01
-1.396607669421228923e-02
1.176040737249563484e-01
2.468221739261103609e-01
9.062596114213623821e-02
1.335163003734201048e-01
-1.498409835580114258e-01
3.401859160687195627e-01
1.382589734751477339e-01
-1.470207624609624064e-01
4.010555957427762164e-01
3.080962399618819569e-01
9.928498599960067228e-02
4.208342063112640030e-01
-9.088310061106538162e-01
3.456766541028109541e-01
-3.110659169495890719e-01
4.255825769980088324e-01
-1.461747275012160729e-01
3.211156866847068581e-01
2.546195808452905163e-01
-4.681414956415200224e-01
3.187914691770571962e-01
1.934618880212750081e-01
-1.242417730663500919e-01
3.772768787670990331e-01
4.485529199445593695e-01
1.854404518165870819e-01
-6.869341365264271249e-02
-2.362847190453343516e-01
8.760581152901018853e-02
-3.075758873337633426e-01
4.541611422726372083e-01
7.025820067191991258e-01
1.396422055486957192e-01
7.624994680065202979e-02
-8.945112645336120161e-02
1.550066944751560816e-01
-9.252209846403265658e-02
2.419150682477108072e-01
2.880059141683479207e-01
5.046042909620452876e-01
2.617044187715319992e-01
2.231321967989759736e-01
-2.204974405727855025e-01
1.692075362846549580e-01
-7.318755800516850429e-02
-1.297706850718565452e-01
3.914128249770481571e-01
-2.182273880117096762e-02
-6.710743285710206452e-02
2.068315654616185162e-01
-1.176919672627356472e-01
6.040279887714160578e-01
5.303575927693084946e-01
3.050927272362581877e-01
1.115751696687186378e-01
4.212352594263280570e-01
3.916738599784747032e-01
2.034081405689878164e-01
1.962502879466271333e-01
1.765911273161687167e-01
-2.886473001863738008e-01
2.560137522213435934e-01
-2.326807377293448054e-01
2.881590937489111326e-01
-1.543321083575099617e-01
9.683818465440238721e-02
-1.161509119325915551e-01
-3.077460174954324557e-01
-2.048837676824623588e-01
-3.676554926373311327e-02
1.122785084828575169e-01
-2.227594405128753563e-01
8.511781665938959740e-02
-1.033304819907850808e-01
-5.585485311672653275e-01
-1.554508300090948758e-01
3.086927772641418488e-01
-1.850387517379112057e-01
-3.391728930978725187e-01
2.527332228214919652e-01
5.845312842528104652e-02
2.743748880329742179e-01
-4.436283882411400925e-01
1.119337188299784069e-01
1.034226318356093050e-01
-7.955747342086125912e-03
4.554038431918123742e-01
2.038690469132653782e-01
1.297203844707548077e-02
-4.709324314249364596e-01
5.130035340741991856e-01
-3.198635644906294151e-01
-1.426056440831966754e-01
-1.499138560802249498e-01
-3.046172150728564398e-01
6.462814687445679607e-02
-4.330449457349540565e-01
-2.329921222540899325e-02
2.701435449787662479e-01
4.048605023106011114e-01
-1.629040854833394003e-02
2.383918498576002576e-01
1.000000000000000000e+00
1.904923042853167159e-01
4.081109768356671053e-01
7.619767227455513936e-01
2.915723767276434120e-01
5.081492736106539843e-01
8.185074604649144048e-01
5.207156765654130659e-01
6.930117376088349435e-01
4.978831867412853995e-01
7.830669182940759310e-01
4.537104056696917298e-01
5.154171466450925276e-01
6.568358361049890792e-01
5.132698107930935283e-01
4.429073210336731403e-01
2.637061239255559797e-01
5.777051556378590691e-01
-4.114497729386080160e-01
-3.108321737903185222e-01
6.248921322171838710e-01
2.752371040126734836e-01
4.232539028224231031e-02
1.500635798165760870e-01
1.268280140601154293e-01
5.364816824377279664e-03
3.131824649486915357e-02
-1.200986861657219185e-01
-4.987516061095475378e-02
-4.673852266118671550e-01
-1.033809628672731629e-01
-1.312239694617624575e-01
1.780387419485111311e-01
-6.742797956668478143e-02
-1.505495362621845079e-01
-2.718623741232750746e-01
-6.040843593427633329e-02
5.943264186854788633e-01
3.136970834087309812e-01
1.265375793985642761e-01
-1.937651508797436362e-01
4.625706849609939608e-02
5.371646444601692050e-01
-6.870275817793448925e-02
5.973197894972042121e-01
1.803682011736286450e-01
-1.215047657525646918e-01
2.328120582813223982e-01
2.903194767213438388e-01
8.819921493175078564e-02
3.979130044660271759e-01
-2.259975231321686706e-01
4.006738282013919683e-01
-6.082318782331979090e-01
1.930174470447816870e-01
-7.587087371947859316e-01
-8.932854198926056810e-01
6.325291955100624530e-02
-2.573720093873037018e-01
-1.950316110472521958e-01
2.992697908021720310e-01
2.106708568866382525e-01
-1.756718587367670226e-01
2.709978412090277011e-01
-1.666818609080301383e-01
2.297355880327854039e-01
-4.875158913680108785e-01
-1.541849400555876104e-01
-1.545336609965926311e-01
2.183284311818789805e-02
-2.006503739835117373e-01
-2.688433927656053157e-01
-6.253827323388052584e-01
2.943804192359714827e-02
3.608103190465561383e-02
-3.829111479322659939e-01
2.240631253198388517e-01
-3.907082271878023483e-02
-1.647118625792310109e-01
-1.486499317707806467e-01
-2.634836280433631647e-02
4.354222413509543921e-02
9.763560022472265176e-01
-1.393370800673607857e-01
-1.166808166842027428e-01
3.769025890777434606e-02
5.430323348399138661e-01
-2.750061475130339411e-02
-6.126133673449617179e-02
8.798678016344906039e-02
-3.612920737136808835e-01
-4.639603491159688398e-01
-8.162681462878290661e-01
1.614601250286012424e-01
-2.983438850752408444e-01
-1.064700397445467184e-02
3.028902096585121551e-01
7.874229948011549074e-02
2.727545502076724193e-01
1.861532479841510601e-01
-3.251058881220309504e-01
-2.423810545591660592e-01
-4.152407724020857477e-03
4.712144528726189274e-01
-2.096607978139311268e-01
-4.293516265289667455e-01
-5.668495770774912845e-01
-6.136593447907652266e-01
4.425135602808196178e-01
-2.432698499931143510e-01
-5.170793136331331974e-01
1.610149438367472763e-01
5.564550568422234056e-01
-2.338710786470072633e-01
3.378331812902116149e-01
-6.459798742260702831e-02
-1.368721892313926325e-01
-6.771191925461207684e-02
3.424634124682890413e-01
-2.895880012726441133e-01
1.894439317495824962e-02
1.109485481458608452e-01
-3.860694071882125877e-01
-1.223011465702419226e-01
-2.576511060520664254e-01
-5.033205066644675513e-02
1.336490817797144626e-01
-2.581495311530380699e-01
2.940724498093930106e-01
-9.684548678602068750e-02
-2.464795868612873475e-01
1.737268631430094468e-01
-4.992700909003080362e-02
1.961740250044966827e-01
-1.395298012219070016e-01
5.067741884611091097e-01
1.943868052635170374e-01
-8.390121975052960979e-02
1.380563947545144221e-01
6.155065054436915928e-02
3.619206789385874257e-01
-4.260478106424419459e-02
3.171894201896769405e-01
-1.510454548509042039e-01
2.321403691191424035e-01
-3.376300436433834484e-01
-7.230448950204976244e-02
-2.571549031155154208e-01
3.857874805481464331e-01
-3.724154485389044589e-01
1.705324930120118501e-02
3.652053389737165978e-01
-6.445166040662316798e-01
-7.083619234764720884e-02
9.608989102905461654e-02
5.127775500779312157e-02
9.719825452551856745e-03
-7.870726917766752984e-02
-4.118549860347219815e-01
-1.903484496536807791e-01
-6.079741083719135408e-02
-2.602112038827675278e-01
2.255626734319369775e-01
4.310559364108986213e-01
-1.575093981850974600e-01
4.836716328039067925e-01
1.732389214769735619e-01
1.905896469254319547e-01
4.821575665554377749e-02
1.742655700333447522e-01
-1.099294304140719658e-01
2.138000008302715638e-01
-2.111850740826873019e-01
2.151861102829611683e-01
8.682786172318014695e-02
-1.140036054263848520e-01
-9.813578680182275839e-04
1.166590704837304621e-01
2.907594440231435762e-01
-1.521291364305933091e-01
3.606205850626074960e-02
-1.944761250955089893e-01
-1.822776048941586804e-02
-4.299704704762923879e-01
-3.666760858216288471e-02
7.186791476008845825e-01
4.155603458559968821e-01
1.535234789717205943e-02
9.341604084534131658e-02
-1.524050991958368073e-01
2.496022076492994055e-02
-3.489456265823779879e-01
5.006038970153506122e-03
4.076204421383409215e-01
-1.170636381345712407e-01
-2.584494525137865928e-01
-2.385318777406456037e-01
4.330539667971943785e-01
-8.259781104032830334e-02
-1.274958667042569993e-01
3.582243108337604953e-01
-1.837081377046122510e-01
-1.713944513075185139e-01
-2.736438684518038289e-01
-1.386476722813005658e-01
9.298664197915697260e-02
-3.684298046131986859e-02
7.888573584108359016e-02
-8.041432403422316133e-02
6.565476608501563671e-02
-1.277446519738364983e-01
2.864903828650698370e-01
1.129921020390081271e-01
7.692228965913432137e-02
-2.885312128408076826e-01
1.417170954002182348e-01
7.864703531215651300e-02
-6.060301595624172366e-01
-6.976148010606362249e-01
-1.152565054326844390e-01
4.027136085074469775e-03
-1.657658601509842122e-01
-1.321978021490916311e-01
-1.521899013948854740e-01
2.427132138439206666e-01
1.257822777588573637e-01
-2.423562135744146973e-01
-1.333507093107196839e-01
6.285147563812426043e-03
6.210888482539859146e-01
1.620688548894621273e-01
9.524226918864038896e-03
3.379577585992568634e-01
1.749846339999072409e-01
1.409768930440462587e-01
-1.708455930510519114e-03
8.763219011772885314e-02
-4.113082172210232312e-01
4.913010546217041336e-02
1.216627214136185992e-01
-5.619619578382819558e-01
-4.506688430885726904e-01
5.864084214002266426e-01
-4.764118608080518125e-01
6.964538579300759424e-02
8.568583669079116172e-02
-3.808950852284263555e-01
1.088633155149495990e-01
2.457390038688178902e-01
2.606302795459076727e-01
-3.069491823286045751e-01
2.013678612309067750e-01
-2.089786545626477199e-01
-1.234506926577653985e-01
1.517234005242762140e-01
-2.116250707302993750e-01
-3.616243292868816517e-01
2.322257185478082686e-01
2.520803712620479226e-02
9.156517876094791286e-02
1.396643963289308232e-01
1.068380504597238601e-01
-3.648095587948352314e-02
-2.559784653984979452e-01
