-6.751212190437953786e-02
-2.739864383435582779e-02
-1.121489782664905899e-01
6.151422173256784927e-03
-7.796643140744587662e-03
-1.087467313749878803e-02
-1.541467508158039512e-01
-1.101557851977166408e-01
-7.762845903001484860e-02
1.607161240242653832e-01
-3.375839456237125780e-02
-2.388524366302657020e-01
4.069589753145221728e-02
9.428800155846790709e-02
3.225358684412983346e-01
4.111016031333899479e-01
-6.560172821975338020e-02
2.708111403743606108e-02
6.154173806968191857e-02
-5.150554200798452414e-02
2.198591525018160631e-02
-2.565679997609299212e-01
-1.992798637315527227e-02
-9.738624801481877979e-02
-2.974373779064659051e-01
-1.262844259866978680e-01
-1.185577715799156912e-01
-1.339490029054781206e-01
7.906120925901795327e-02
-4.926697846254361572e-03
-2.530869920629219005e-01
3.139533608545101023e-02
1.633377397665788933e-01
6.919865739506056435e-02
-2.739491899297126776e-01
-3.511447502246974051e-02
6.191657223125659158e-03
-9.602370890363673417e-02
1.083710744673136855e-01
-2.268039613822694089e-01
-1.492226261064339976e-01
-1.897957428563878390e-01
8.231347895892335287e-02
2.158406422980093109e-01
3.849350901843034967e-02
-1.457318079313434100e-01
-2.321594824825958248e-01
1.486043436946325388e-02
-2.705782202141445922e-02
1.890728962737197594e-01
5.951906456948134749e-02
4.072958572986286330e-02
9.351569515423596712e-02
-6.800562518344933916e-02
1.763566878435057772e-01
1.329680358936790596e-01
2.316794999425188517e-01
9.457219179286462107e-02
2.904550186503638831e-01
2.453509052150357750e-01
5.801052804410145730e-02
-2.453965895912796347e-02
2.981487239481103377e-02
3.211740096193495958e-02
8.587832818277618685e-02
9.821222200761889343e-02
-3.797472744036339137e-02
2.537833357700885473e-01
-1.982173501927317616e-01
3.939748099151098304e-02
-2.040357637986093819e-01
-8.011518477796995830e-02
3.010086346030662382e-03
-2.154645553082997211e-01
4.422799289808845846e-02
-7.413449482972504778e-02
1.029817279680028258e-01
-2.560354995744847928e-01
-3.089490472006348187e-01
2.540806589074555699e-01
-1.550933949236056320e-01
2.608160586517783985e-03
-5.161240531427385009e-02
1.581030316163012095e-01
1.377941440324557121e-01
3.142296281454849960e-01
1.514067354426356371e-01
8.864698348098458414e-02
2.076771357907491733e-01
-1.496573057231634918e-01
-2.525152891682813650e-01
2.218822401920900744e-01
6.928676548811213420e-02
-3.684420955303667478e-02
-1.446198492563970650e-01
-1.234690279873784935e-01
1.226033006156004163e-01
-5.692219645505468273e-02
1.705414594630029201e-01
-1.949564003577952120e-01
-1.379932783641316940e-01
-1.400474773790789107e-01
1.164809974208098481e-01
1.831759596509653087e-01
1.216633209597024201e-01
-6.208820186554139114e-02
-2.176190217778991853e-01
6.318187156362360668e-02
1.295315730992493454e-02
1.970891574242649158e-01
-3.655778803464847238e-02
-7.758291527122189446e-02
1.021255604378180082e-01
1.529456965407815228e-01
-1.780795562868788262e-01
-1.969126024022977428e-01
1.061184934267632579e-01
-1.911312288208906751e-01
-2.705554637839637788e-01
1.193869013979386023e-01
-1.012497663190148750e-01
-4.655214266800806328e-02
-1.578948530792094740e-01
1.243764358212623433e-01
-8.638135210332456571e-02
-1.942604640867997001e-01
1.531112267087901824e-01
-2.381657154101443630e-02
9.703251453424455164e-02
1.527539691670380673e-01
-1.857648551018049043e-01
-1.503021837256421078e-01
-1.083806637090385938e-01
2.056076019888907203e-01
-2.027386736015566460e-01
2.736575045370290837e-01
-2.194271225247219903e-01
1.847127286652749389e-01
2.289324224813601150e-01
1.580948378580103453e-03
5.224315310665295781e-02
-2.154625102250608826e-01
3.390459361183903453e-02
1.684120206568707201e-01
5.149269894063855657e-02
-5.712705673176838445e-02
5.377235272793566556e-02
2.007182370198209720e-01
1.653459638209645588e-01
-2.403118349460829639e-02
1.475029820885909448e-01
-2.665829414661879601e-02
2.244638047090420641e-02
-1.135445162358848792e-01
6.264401129174914859e-03
5.238471735297919180e-02
2.754483308377972048e-02
-1.544095396138394638e-01
-1.164199662400957069e-01
-2.045467645483355912e-01
2.149832268253073220e-01
-5.480821983636362943e-02
-7.699050028047942085e-02
1.515296620761898416e-01
8.734852774090839933e-02
-1.328752463735321035e-02
6.446263383226716326e-02
-2.112594082504778426e-01
-7.467708969444419864e-02
-6.132481079731266771e-02
-3.216850259619783575e-02
2.320441383000971039e-02
3.737075025752132351e-01
7.900102005361359092e-02
-8.319014714987602033e-02
-1.151423891967660318e-01
-7.456056291171024586e-02
2.238142803140122372e-01
-4.386755667271650255e-03
-5.360253075817936197e-02
-2.564964253971075969e-01
-1.766171048990522116e-02
1.755798502709836895e-01
-2.591137353720591174e-01
-2.827990868320300333e-01
-2.207603772052130764e-01
-1.602029549563611655e-01
-1.486205966394054667e-01
1.594860868227684081e-01
-7.721056794359475173e-02
-2.645237155671614215e-01
1.526972101879837951e-01
-1.964738130190230858e-01
1.600197761515282369e-01
-1.060575602464270822e-01
-1.631550910713565339e-02
3.797861796939197565e-01
-5.141113206453121892e-02
-2.831520092062682070e-01
4.157014407200914502e-02
3.299626352253111627e-01
-6.975187384317807493e-02
3.277172683999422798e-02
9.931420360475691489e-02
2.774270278368632381e-01
7.769176069491630365e-02
-1.236881711092625014e-01
-2.590251167159254506e-02
1.078098125897517245e-01
-9.681329621667834201e-03
4.415249552737651978e-04
-5.241756357610035527e-02
-5.124778418033520272e-02
-4.200172102928542012e-02
3.097782073800764077e-02
1.490658307081087763e-01
1.734188467500104580e-01
1.819844367783466504e-02
1.357377538946550125e-02
1.239449316298840004e-01
9.133918044562246152e-02
3.476053574107540456e-02
-1.118553303565099216e-01
-2.490824485146711231e-01
-1.549183188795774935e-01
-3.082347075569580319e-02
-9.979155952175762512e-02
5.455531575013044393e-02
-1.729159683611565246e-01
-5.244265003983089590e-02
-2.444447257236218862e-01
-2.963736343150119579e-02
2.132000949417493241e-01
-2.230935155847917420e-02
-8.967089702867254986e-02
-6.292712672614989011e-02
-1.811534667170236756e-01
1.011613894592891250e-01
3.245297214501592920e-01
-1.527781058550166937e-01
2.470159095718237330e-01
-1.146438310487477887e-02
9.426141235114009198e-02
2.273256733846309996e-01
-1.610667898799509057e-01
3.964959786986893726e-03
-2.000902487525565640e-02
5.465848519009073279e-03
6.651884853034184530e-02
9.825107191435623888e-02
-3.015342339773619540e-01
-4.644347927951610056e-02
-1.952649387154843652e-01
-2.430259362745224722e-02
3.296477558170650690e-01
1.000000000000000000e+00
5.584826897815382551e-01
5.653756799977037450e-02
-8.939755941311634813e-02
-8.984521513217481881e-02
-4.047886972725354138e-01
1.915155157436434497e-01
-4.563314950931900843e-02
-5.141779651645518590e-02
9.847593964544135506e-03
2.229231570427915587e-01
-1.541853817842464003e-01
-1.967795473917416035e-02
3.241266653485544436e-01
-2.249473570522679267e-01
-1.499255992308992924e-01
-6.581461849145509024e-02
-8.905885128370072401e-02
8.362984710872707617e-02
9.759206786736884798e-02
-2.404341145647558367e-02
2.749413736307165790e-01
-1.254103068466505821e-01
1.489861969492276561e-01
-3.148212207610054381e-01
5.395834019098645629e-02
2.190807177345927004e-02
-2.382776716122855451e-02
-8.134855420543907201e-02
-7.099152552096114899e-02
2.099968623257450831e-02
-1.893224289338255872e-01
-1.277411757031463868e-01
4.683778763907944787e-01
-7.435166146867738801e-02
-1.448228212505740242e-01
-8.772355151997079936e-02
1.525652212177883993e-01
6.130702495993489015e-02
-7.904604523840290387e-02
5.473378711880764504e-03
-5.479214670903455320e-02
-1.632485250971138224e-01
1.513659460891253819e-02
-1.191497324314114981e-01
-1.984105901101163583e-01
1.133666363399118554e-01
-4.682043617578445643e-02
3.351926848067687814e-01
7.274777003034495204e-02
-1.170848528997971844e-02
-2.557789014890185508e-01
3.825078276899134821e-01
-2.623599929241816203e-02
1.985918364384255397e-01
-2.135339003294685345e-01
-1.448185056831478579e-01
-1.450537709326006619e-01
-5.471811566025203133e-02
2.135470269027095469e-02
2.712263406587942915e-03
-1.093710906935655425e-01
1.368972906505659948e-01
-2.120286666299291134e-01
4.003416239835702606e-02
7.673477140627554469e-03
3.780486895695530092e-01
2.448569903342446008e-01
-6.586046605148671018e-02
-7.919314359454081298e-02
1.367469678689183787e-01
8.881368102712229942e-03
-2.099200281202937834e-01
-1.843144528985669328e-01
4.250544969543274543e-01
-1.536561648235540145e-01
-6.607613974686538105e-02
-2.516357045186686792e-01
5.948256688461182884e-02
1.243531494397750042e-01
-7.649852914511824642e-02
-1.902349166054110099e-02
-5.622199578111265056e-03
-3.619118061771398054e-02
-2.713572429835952107e-02
1.981495678286016582e-01
-1.995281710952490350e-01
-8.285065167984344281e-02
-4.962080318949211449e-02
1.489468570404787473e-01
-1.317908676711662119e-01
-1.547954804463776424e-01
2.645384581860314999e-01
-1.337546685087867560e-01
1.226866717395011519e-01
2.138609970713578889e-01
-6.454361986377263327e-03
-1.853448034960621452e-02
3.183909117621529228e-02
-8.565205103518398755e-02
-7.084026839805862563e-02
-1.468880394850063109e-01
5.389390185418261453e-03
-2.868131064827412341e-02
2.168083056405824827e-01
8.014756206804996008e-02
-3.789906291006338301e-02
2.846229429392883037e-01
-9.766465580093670884e-02
-1.230654687463075547e-01
7.776861220327082463e-03
-1.017414695158820326e-01
-1.754335422477610804e-02
1.518451230242328087e-01
3.922806979527560661e-02
-9.766684788479322588e-02
-2.241873080100349191e-01
-1.509790380447034175e-01
3.546058177863638250e-02
-5.723533458130059676e-02
2.950594583820093653e-01
1.012602325706343231e-01
3.735683961870990555e-02
8.170723526227750833e-02
3.635047300382193702e-01
-7.875322386921472517e-02
-1.421991604250216756e-01
-7.703449875806869795e-02
-9.240939235523894235e-02
-3.121148095515044463e-01
1.059780312958317865e-02
1.391092838397894604e-01
1.124559117145934595e-01
-3.450070214542891311e-01
-4.602223636705640025e-02
-1.320083108752423059e-02
5.872765015055359666e-02
-1.254214240665339208e-01
2.911605803706977108e-02
8.837735383031637693e-02
-4.070268374939210038e-02
-1.195060850320200652e-01
6.091580481860427165e-02
-2.370382778608864233e-02
7.016077682773759483e-02
-7.330190768228318776e-02
4.932799079214737759e-02
-4.089953960741536942e-01
-8.625555384571871598e-02
8.308391021801218856e-02
4.676949467955317241e-02
-7.214847581499468643e-02
3.433569884547100215e-01
-1.412993852455481959e-02
-5.561796806674358662e-02
3.605355594307941836e-01
-1.027817264264761776e-01
-8.712582782030424411e-02
-1.444124407569581381e-01
-5.182217896090800247e-02
-1.240959347798865769e-01
1.065317945446096065e-01
1.587515293833134666e-01
4.254017589914758923e-02
2.006610664390250653e-01
-2.851968387459655196e-01
1.650262984433481794e-01
-9.069626878110194704e-03
-2.578943220510233059e-01
-3.224415398906364111e-02
-6.821547723043455691e-02
-2.182731581178357916e-01
-8.046006401986706413e-02
9.479910364602327222e-02
1.565805597576450450e-02
2.936976489845748162e-02
1.257068124151090871e-01
-2.252831445574124958e-01
-2.476396941048111255e-01
-1.188504720112478069e-01
-4.971574233513251923e-02
-3.396726326784157979e-02
2.384469294781942916e-01
-2.471604638708271851e-01
1.324183355752032165e-01
8.717262849349838305e-02
1.089333916240474848e-01
1.999334478526416659e-01
-2.853471909277244811e-01
1.481787878033016259e-01
-3.720918193705732846e-01
-3.812529302537739917e-01
-1.173289103832992203e-01
-9.487107083961875131e-02
-9.983338551561871110e-02
-3.611188986024707614e-02
2.054621175142231082e-01
-1.144698177076089313e-01
-3.630494469540507807e-01
3.693517530452553044e-02
7.769127069288445098e-02
8.427973001887084648e-02
-1.578573883156036417e-01
-5.050871183526726982e-02
-1.007537638173987143e-01
6.890156299601206402e-02
-1.070786470046920791e-01
6.989598214659818731e-02
-2.032229152058593058e-01
7.946226281494983557e-02
-7.054640488717338342e-02
-3.077005160496134595e-01
6.320839550807512419e-02
3.270452808269287415e-01
1.796452037646315003e-01
-1.588845123231869549e-01
5.909889020515418645e-01
-1.787206969243783916e-01
2.783642862067379209e-01
-1.754444417026419512e-01
5.526497626399778929e-02
-1.835391919592495660e-02
-1.783830603368117551e-01
1.857348021023842999e-01
3.119263253751782816e-01
-4.913311822140516844e-02
4.065794610318456542e-02
2.221155956069475676e-02
-6.647616742375707377e-02
4.582284077170761111e-02
5.981229107771705161e-02
1.104744958058304777e-01
-1.176884188091305850e-01
1.564902486076441002e-01
-2.659391488918684820e-01
-2.284573277317127407e-02
9.785086783673550836e-02
4.563984253319446766e-02
2.578277223665746409e-01
2.003232730508171522e-01
-1.170599765355032629e-01
1.823005763056628203e-01
-9.649840463191990125e-02
3.783475330984921448e-02
-2.209940775734149931e-01
-2.440328248384946927e-02
-9.656267420379867350e-02
5.143427061726130178e-02
2.256587154823691821e-01
-1.372033241512759238e-01
1.799871363195365281e-01
-1.337909211926403275e-01
-3.431491103814666155e-01
-3.811299742201084140e-01
5.822586658597669711e-03
-1.655667216524787377e-01
6.438571489677613613e-02
