1.904260700373816215e-02
3.515688918072579910e-02
4.414271387459083734e-02
-1.395119931860764467e-02
-5.214794163680052178e-03
8.493530668368531530e-03
6.871965913839440596e-03
-2.152182515195992518e-03
3.247444138434442407e-02
-3.466445961711391716e-02
1.572030251133292242e-02
1.812003956853840136e-02
-2.848410373190958522e-02
-1.079918436397151772e-02
2.751931931474457457e-02
-7.210412361879793564e-02
-2.747836452383820016e-02
-1.276294947796671742e-02
1.463286080690382775e-02
-1.241890835391258607e-02
-1.823941030467656215e-04
3.525013726900379923e-02
-2.534973638616273145e-02
1.673712004357744837e-02
3.441145084618326550e-02
3.705590141328963388e-02
-2.271100510240436215e-02
-2.570320081383246566e-02
2.074496802553342858e-02
3.529920157690288190e-02
1.568531130836040011e-02
-5.386271454252984821e-03
4.793152327122494200e-02
-9.063532141935613448e-03
-5.731007957614150244e-02
3.429479088349365185e-02
6.311227973437034955e-03
-6.528562448439927893e-04
-1.832198001402987261e-02
3.071290234714007302e-03
8.472297309982819088e-03
-3.340699283776114858e-02
2.374150952347303667e-02
7.677141655754808267e-03
-1.801811463527664553e-02
-1.553233295065619291e-03
-1.787055022350090075e-02
1.070529684228596103e-02
-5.828497421830878579e-03
1.887428774687072500e-02
-3.053935488840095122e-02
3.412114632243730405e-02
5.180253616859575860e-02
2.917561080939855972e-02
-3.012892835345165957e-02
4.170626528045951777e-03
5.708487926364142623e-02
-3.543230565742242627e-03
4.600858856695554328e-04
-3.597550517404091847e-02
1.809290118276763240e-02
-2.793240054618401427e-02
-3.497884027260476231e-02
1.369998633008848166e-02
4.113815087629021927e-02
3.336634888719484937e-03
3.387724907727050067e-02
-9.832686365697979047e-03
-1.522613339302638334e-02
-2.125607084755112494e-02
7.044174368555600196e-02
3.060016411063841077e-02
-3.680065650329595456e-03
1.942266964594310460e-02
-1.759882202881634869e-02
-8.641233509172834004e-03
1.586507494725476752e-02
2.037899554913284728e-02
-2.434744216572726216e-02
-1.820758853171922098e-02
2.044974923762887462e-02
-4.274785244571415593e-02
-5.219554348803739918e-02
1.643919924416986644e-02
9.944541422285261764e-03
-1.899694906903922785e-03
-1.395687904999724782e-02
2.033869864782992826e-03
-2.539551602927789861e-03
-1.299315635181260385e-02
4.180468450565986982e-02
-2.473419779363544152e-02
2.626234810956143764e-02
-3.181156446023168660e-02
2.223448825865322401e-02
-2.654334295178030633e-05
1.133582601437383743e-02
-3.033522234850474092e-02
3.266405061242719926e-02
-5.319661040370626814e-02
-2.086182264497062067e-02
-8.035878257274021302e-03
1.662337614283944387e-02
1.093142570768084344e-03
-1.361353591990604323e-02
9.663322450719213919e-03
6.635831521516945102e-03
-3.432931248587828971e-02
2.556045178914953184e-02
-8.888018509873144707e-03
-3.525506044587291277e-02
-6.130444542190298385e-02
1.714354435878185159e-02
2.284103126335366302e-02
-5.228416676620090305e-03
1.443303488667132747e-02
-4.394912258501618152e-02
1.849954497863874614e-02
-5.645074744847635752e-03
-2.387303946212230091e-02
2.292102251142823580e-02
-6.861419997851755763e-03
-4.639828419265017850e-02
1.894576773574558823e-02
9.155713081015114108e-03
-1.756428103272631921e-02
6.218475459328662996e-03
2.068596604907884436e-03
4.789439310418929646e-02
-2.028806983612525122e-02
-7.246824620008422008e-03
-1.134023112599053321e-02
-7.343897502929563892e-02
2.381313027420623243e-02
-2.040270329018759390e-02
-3.724874136074618567e-03
1.658130340522710744e-02
2.944960205425051561e-02
-4.455321891052180759e-03
6.782337696804713149e-03
1.867729123943649445e-03
3.526843245945913974e-02
5.690702213271508700e-03
-1.078779620966799357e-02
-6.760949613071227070e-03
-1.512390096246840621e-02
4.605413876131870393e-02
3.647773361478315584e-03
2.508339787155119266e-02
-3.691887243650671113e-02
-4.051126889381142897e-03
-7.938644625013946757e-03
-5.325451247670483224e-02
3.367727114963060125e-02
1.083857448379059105e-02
-1.601201193571526182e-02
6.446400877375963031e-04
-1.269611347507626845e-02
3.963341515272279098e-02
4.477794364550151396e-02
-7.311783352972725525e-02
-5.164288500561406946e-03
2.958704516844554155e-02
-2.253962320640044009e-02
7.046843594986739248e-03
-1.945079064677525393e-02
-2.860317836705682584e-02
3.472669313369533550e-02
5.789060680744325532e-02
-4.669299073062666700e-02
-2.377614358129791217e-02
-4.450065670246751426e-02
2.914601103910554377e-03
-1.036467051367740561e-01
-4.267474708749048433e-03
9.793302012669104217e-02
-2.323344722894387163e-02
-3.399647338698221638e-02
5.741074385311759759e-02
1.380551755621686229e-02
-5.812529751171421899e-02
3.096272980658837295e-03
2.989088805610940619e-02
-1.376257503841821737e-02
-5.076406608977449691e-02
2.942162491265848737e-02
-1.186941160551822395e-02
3.325871608909601596e-02
3.826206371077368190e-02
1.224562093799731223e-02
-2.870187546050865027e-02
-8.488641992681088266e-03
-4.745725318131541887e-02
-2.821463820227745195e-02
-1.673461811903794241e-02
-2.921534487542127440e-02
1.367741902682686334e-02
-7.505931925406909497e-03
-1.948429008213792973e-02
2.151340661988563208e-03
-3.091513436170062034e-03
4.026597083343794181e-02
2.427689943030460207e-02
-3.959131139074979072e-02
6.266094976409460060e-02
-5.369743739791034594e-03
-4.560662975377929168e-02
6.199873943014489602e-02
2.942443298970796352e-03
-7.896515332645816232e-02
2.332710907519695148e-02
-1.304377408526307368e-02
-3.687191335603889897e-02
-2.668605125785218288e-02
2.429167052920066378e-02
-1.806881108753330759e-02
6.561030631101684614e-03
-2.874895338630171354e-03
1.105931888717308180e-02
3.511687068359159360e-03
2.520731968270173429e-02
5.100778612417992963e-02
2.528194064441306038e-02
4.026822749371813080e-03
-8.790385083123049628e-03
-3.396091913657855316e-02
-4.387686006804127070e-02
5.474705269961874232e-02
1.198891162929582518e-02
4.856586872957935515e-03
-5.556681069333557071e-02
-1.035515098332466001e-02
-1.332734607134739881e-02
9.425966568963238534e-03
6.344025359184921053e-02
5.039127382930397997e-02
1.634752202742289010e-02
-1.140426895258116885e-02
1.881280573970445930e-02
4.103198408436384281e-02
9.500075280744308195e-03
2.747794495620796071e-02
2.662716095012404062e-03
4.848145355073898294e-02
6.466750267053408829e-02
3.755220211772417743e-02
2.058192366046680474e-02
1.261663176466076494e-02
5.408346886883255711e-02
3.372138726730671086e-03
2.734078336572960330e-02
5.328125417104533079e-02
8.763139886468590545e-02
3.327798787000206260e-01
7.717002806227912792e-01
1.000000000000000000e+00
6.977643594338496236e-01
4.457738143837464695e-01
2.290278972956695247e-01
1.609124952691259047e-01
3.774361255843877022e-02
3.846917978588958870e-02
-1.118094080846900387e-02
9.559367911452783945e-03
9.053802480654539464e-02
-4.933255495487975234e-02
-2.605553895097938080e-03
-1.510563388277500786e-03
-1.327126770206563285e-02
5.199278173270868719e-02
-1.299899352081897337e-02
-6.617955898689649626e-03
-1.966458264671659684e-02
4.366175933225595329e-02
-1.690046609061594124e-02
5.803800253605755077e-02
3.161919428065567556e-02
8.015566350499311876e-02
4.331888346991846772e-02
2.084372754714799297e-02
2.624238160790071800e-02
4.964159673347642160e-02
2.603581733467784376e-02
-9.506804715346201320e-03
-5.138771013601344320e-03
-2.966222607453045459e-02
5.856190327435058067e-03
5.331877392412467649e-05
2.540318293515212225e-02
1.590725509520418343e-02
-1.448579468156670734e-02
-1.919686749859673969e-02
3.969521862068348811e-02
-4.265312868479387634e-03
5.340202919403286286e-02
2.655403834159003346e-03
5.271427345182217589e-02
2.075176299135780486e-02
-7.958881404846648508e-03
1.541209754650972076e-02
3.590063371297578382e-02
-5.659822967541543529e-03
5.270768225677905511e-03
6.817537520009872218e-03
1.397859945495047787e-02
-4.379957568088605098e-03
7.935382669139521075e-03
-1.265853814626566147e-02
-3.704787137965293714e-02
-4.429784686190471610e-02
-2.874010634746257376e-04
-2.094602977813244879e-02
2.806574837889710614e-02
-3.697426367225525173e-02
-4.435365495301230726e-02
-2.698403953052127754e-02
-1.209097188851981919e-02
-3.441906440389574245e-02
3.321447065078431821e-02
1.239348393436533018e-02
4.073991208462010571e-02
-2.356595943683176611e-02
-2.293098326833463776e-02
-9.743851152082394843e-03
-3.439286501797100565e-03
1.438210770820107752e-02
1.090401449875080288e-02
-3.716723335384120031e-02
-4.388895707673961394e-02
-2.893941708629949039e-02
-2.423019627940435280e-02
-1.341843231935573900e-02
-2.725331893100794295e-02
-2.992432816069112364e-02
7.166673591451501457e-02
-5.385516131445210880e-02
-1.649551105193202555e-02
9.049653314313031716e-03
2.774166289607618574e-02
-3.442767144278163771e-02
5.542576490187287909e-04
-2.278327809469836776e-02
8.092079301792122481e-02
2.723642903197534548e-02
-2.730443223862365903e-02
-1.564087702295848328e-02
-2.848749753693181896e-02
4.978401615487998422e-02
7.488799029895014392e-02
1.137037864112133700e-02
8.139351956090230822e-03
-1.159336554562527891e-02
-3.319202356033508494e-02
-3.855841092070548537e-02
-6.651962019283845506e-02
-3.499897545742693128e-02
-2.543548569932468917e-02
1.227005769738003654e-02
-4.288443219176528778e-03
-2.865895233641758272e-02
-3.197586405136582793e-02
-2.377006367030987805e-02
2.284163967807412848e-02
2.696613637717942477e-02
5.333367931756257535e-02
-2.123604153261706567e-02
3.665130738735634941e-02
-2.072590291379279668e-03
3.154341387255862883e-02
-1.522779345868488510e-02
1.715876061945068379e-02
5.433351523436717907e-03
-3.094310842239907447e-03
-2.510004036860958090e-02
3.721097584572610056e-02
5.923838350714584478e-02
-1.973853353576810951e-02
-3.940654313823097749e-02
-3.295491508055112956e-02
3.105871167877414726e-03
3.437591985709236020e-02
1.267491326228886933e-03
3.236459344835040941e-02
-1.779495478921313753e-02
4.397251507140037541e-02
-1.182171285788486716e-03
1.739454058457686608e-02
-3.478742363144864125e-02
3.654034421692756857e-02
-1.993704800221406809e-02
2.087447455861735426e-02
-5.053044176447644975e-02
-1.431788607962117786e-02
4.078819967975007288e-02
3.636772415572734479e-02
-3.745726759941517270e-02
1.888650379656800493e-02
-3.755716156998004530e-03
-1.062685630180705901e-02
3.708488133387401187e-02
1.395195876457602790e-03
4.242396362301317585e-04
-1.131646405415482996e-02
2.015006134733630938e-02
2.075444832709801707e-02
-1.173513738546058324e-02
2.365739273977925800e-02
5.160498492918594998e-02
-1.806458318668016996e-02
2.508936532709679992e-02
1.650052458394495394e-02
-6.915895369087794731e-02
-3.258873979924226810e-02
-7.872816273233038120e-02
2.671125658752128082e-02
3.192538725894601779e-03
1.527728354033369533e-02
1.325570631769518691e-02
-1.798041814422726096e-03
-3.236168514377094768e-02
-9.491898284807750649e-03
-1.606891161483207930e-02
1.010215461327487220e-02
3.042597976346149077e-02
1.988884299917562451e-02
-4.078515061331446784e-02
1.732307473270553377e-03
-1.992046987535963862e-02
-1.069228468610979553e-02
-2.122236240684082995e-02
-4.921015575652301806e-03
3.445869765080927100e-02
4.719169796503170505e-02
6.498956202984711161e-02
-3.561744097233552481e-02
-3.089706023101096780e-03
2.068363841088077457e-02
-4.665526882462898983e-02
2.612195596700415262e-02
-3.166959486059343909e-02
-1.132106305796490298e-02
-2.950902652842884652e-02
-2.493039802729812501e-02
-6.337215055304828634e-03
-1.457428012797414539e-02
-1.845826834182953333e-02
4.093500986984167228e-02
8.999559076337496077e-03
-1.859340342368500515e-02
3.715858482095350107e-02
5.973189185061369283e-02
-2.524874173568387309e-02
-2.831623391169686699e-02
-1.950806181396180089e-02
-3.778497510712585956e-03
-7.766018363372196448e-03
3.594441808397747656e-02
-2.360601109603496436e-02
-2.650408622673195227e-02
-1.137101110386396982e-02
2.210263568171594306e-02
-1.750210241501803455e-03
-4.804760837664266010e-03
-3.192712043402901739e-02
-1.173153457508853588e-02
2.505045062319215254e-02
-3.594237645652458013e-02
6.704497428563529517e-03
2.600593777055844324e-02
-7.268378283845803450e-03
1.274014292089158985e-02
-4.841504216058630655e-02
1.983380619062559067e-02
-1.361816245990863164e-02
6.071793445008794032e-02
6.871902256805371978e-02
8.159790978240938353e-02
-3.463902804770969089e-03
2.477121102442597037e-03
-2.169808780978139950e-02
-3.848483113461310251e-02
2.625331955532612949e-02
-3.019230696781656162e-02
-2.375244398273029453e-02
1.247540629649816595e-02
-5.198423501724266926e-03
-1.891212986568297297e-02
-4.443781344230659548e-03
-8.464244400146158503e-03
7.644982927676606532e-02
6.593196506696864106e-03
1.638610518033118899e-02
7.304165099998617683e-02
-2.435584019926553476e-02
4.442366738500771496e-03
4.084904612111615180e-02
1.225605245082777954e-02
4.016952592971943792e-02
6.300637058542456204e-02
-4.611501545114410350e-02
-2.295933732821014983e-02
5.992992060501160442e-03
1.861937322226604264e-03
-4.307274217750328010e-02
-1.280507767307248815e-02
5.298678279119025877e-03
2.659194541083390734e-02
-1.022194219850902164e-03
2.560418031754280177e-02
-2.104702327326854472e-02
2.454700129596250682e-02
4.834975841142285374e-02
