-1.605119162809784047e-02
-3.364258186015870594e-02
2.824587437294734642e-03
5.097910195213783968e-02
-6.307352200101172535e-02
-7.590398380894078367e-02
-4.171503411532574007e-02
6.628239676245054925e-03
-7.194026190872432336e-02
-2.013640137714581627e-02
6.783059058751321480e-02
4.326821539963379010e-02
5.468021236810720331e-02
1.432056171930856658e-01
-1.791098642416870737e-02
5.733660338907700313e-03
6.715900067035611432e-02
5.119565920007159571e-02
1.043575378614410021e-01
9.253641385268086827e-02
4.158182145900024551e-02
-8.266642509407083617e-02
9.009805028388306880e-02
3.025342028765235641e-02
1.069210722148619813e-01
-4.428566937418849936e-02
-1.515913861614533696e-02
6.883675951366897278e-03
-7.072792096685792673e-02
-3.643934832163660265e-02
2.539759209934303041e-02
-7.999832169054971187e-02
3.441069895571364362e-02
-6.922346158472063304e-02
3.021589975438818132e-02
1.350060622574077440e-01
6.544813514039385730e-03
4.363069377410026817e-02
1.032995241693326488e-01
-9.306787437682327579e-02
-1.355834667221338108e-02
4.340493408992206897e-02
1.061227511356309383e-01
-8.254958238554542180e-03
-2.093336396245295411e-02
-9.781089702673674557e-02
-1.803284204802237936e-03
9.364898697902785882e-03
4.264151188733397019e-02
-3.092486886435153598e-02
1.726047469635951237e-01
1.646666927002878034e-02
5.986549867398250485e-02
-6.636472028472935325e-02
-3.780446735686927850e-02
-1.076926638689859883e-01
9.723953825131714801e-02
2.003167645275990075e-02
5.089112223742812968e-02
-3.712816172987880390e-03
4.572893174287324253e-02
-7.454226171581020133e-02
-1.460086955139001386e-01
-5.196208184463665253e-02
-1.015984132300466226e-02
-5.589471538384031823e-02
-3.500280807304276959e-02
8.029233251119226311e-02
1.018916015614055974e-02
1.913560450050980355e-01
3.792351694462861578e-02
1.031843409129189065e-01
-1.601983830092883199e-02
-1.189907197161949731e-01
2.468647544934568852e-02
-6.523117764887623182e-02
4.934825067776629770e-02
-1.043883895507595055e-01
-4.240463635899167222e-02
-4.985283712356025632e-02
5.711854368830775186e-02
1.757077925354648060e-02
3.028375671962099062e-03
3.121373170298800959e-02
5.179890518910305885e-02
-7.786568394340433186e-02
-7.531954413057296259e-03
2.141368203812182500e-02
8.138924625803670154e-02
5.478460056222849567e-02
5.924134251461554007e-02
9.188875811495442192e-02
1.074351075750885481e-01
-7.750072038432053757e-03
-1.082775694827230462e-01
-2.947851072246322410e-02
-7.417783041791778387e-02
2.986515994804976246e-02
-9.349654095816829075e-03
-9.355209575977871395e-02
1.911352323337470530e-02
-2.598428826850498682e-02
1.802575956095793953e-03
2.751308813669195094e-02
1.388600138493727432e-01
-2.751563295004973153e-02
6.082363425482224806e-02
-6.029435429251460421e-02
-2.934839383934617976e-02
6.841572891880436103e-02
6.954034530562339111e-02
9.420441364159905240e-03
6.011796280158931277e-02
2.980629464337890625e-02
-1.559562902656206826e-02
-3.670790410091865491e-02
-5.206152444052026401e-03
2.417852868504459518e-01
-2.508616388195474868e-03
1.359750770107124029e-01
-5.612950786934311348e-02
1.546261683919342329e-02
-1.004697349113743005e-01
2.517308435680801551e-02
-1.330544536638690323e-01
-5.722835351207038179e-02
-8.738266949711375256e-03
-6.327142063135450523e-02
-3.537444682866256601e-02
9.705059811861060926e-02
3.495920839799610685e-02
-5.381015910013234316e-02
2.296760240517331519e-02
7.042475625877243905e-02
6.978237608288567762e-02
-2.004876234683604375e-02
-6.780493366263075361e-02
-1.718287858656805146e-03
-2.217252712108768592e-02
1.064791781625157828e-02
1.367259320835560732e-01
-9.203989898760649158e-02
-4.534302555416058061e-02
3.491105263087521116e-02
-8.772487510014682910e-02
-8.088242562245631651e-02
1.212419822565175137e-01
-1.118364739565534949e-01
-9.945446403822943982e-02
2.040235906692484599e-02
4.577965397564880135e-03
9.042665881227979208e-02
9.145951721735130768e-02
1.010419464402724510e-02
-7.492438901271176316e-03
6.740559480661632852e-02
1.326044630491345772e-02
-3.174822887184482190e-02
1.451607121910013232e-02
-2.703726053089288220e-02
4.381555701045531520e-02
3.010421857779702406e-02
1.531804360138069587e-01
2.276080977439367409e-02
4.552195825611962676e-02
1.603556872750203088e-01
-9.155940828908046151e-04
5.465443829465343149e-03
2.621053836947468893e-02
-1.104327652172087254e-02
-2.602874007229108791e-02
-7.050642094982649544e-03
-5.103162787622349261e-02
3.091604048611910210e-02
-7.488098676681999299e-02
-2.248064379659922563e-03
-3.089690458759251478e-03
2.908320529313917699e-02
-4.017317197326401162e-02
8.609360157076817455e-02
1.176005965408772475e-01
-1.399431592613997466e-01
-3.315005109977455650e-02
-2.639673794720545641e-02
1.565718161006345727e-02
7.225867375847570828e-02
6.496515073455898237e-02
9.901253097062824582e-02
1.698758351384613285e-01
-6.162176213201525643e-02
-4.507131818595463968e-02
-7.023289945906769846e-03
4.654494549175142160e-02
2.359470494055576194e-03
6.716150455363271987e-02
1.520543933064684612e-02
2.142655618911358181e-02
-2.345627946982623696e-02
-2.117026919981254349e-02
-1.077285334375048184e-02
4.669902880290124902e-02
-3.439937142154345789e-02
1.202222806667457844e-02
-2.465482236785303261e-02
-1.207438551524220305e-01
-5.654218045910379409e-02
-5.305020814332495060e-02
5.042126107921708622e-02
-2.063095097272040282e-02
-7.163797649882537588e-02
-1.229071676870521490e-01
1.362199201070637689e-01
-7.222545049304328335e-02
-1.810373828603830393e-01
8.839543711174066565e-02
1.326122233815144047e-01
9.283899647732837823e-02
7.667378744721008166e-02
-6.590508220141209905e-02
3.563422609129230506e-02
1.250589707521911065e-02
-4.642433187855922287e-03
-8.955272213955153826e-02
1.431034987501266509e-01
8.038296977910251370e-03
4.997686364384557739e-02
-5.723061487130878117e-02
3.683435039430810187e-02
-2.207696984476901700e-02
2.359417217915214891e-03
9.329936779103541189e-02
-1.211312448753122523e-01
3.057346286439779556e-02
3.898032439816700046e-03
1.927135256295044521e-02
9.067209633813319569e-02
-1.345964448003295066e-01
-4.300370172852604339e-02
2.902099632250657729e-02
-1.118480392417551920e-02
1.032871364809970771e-01
1.983448861069864178e-02
-1.400840179306639954e-01
-3.171529413968681571e-02
-4.249824212644464499e-02
3.699555563843794082e-02
7.705963782020242014e-02
-3.462038689074976860e-02
-8.561194379526737563e-03
-7.258998834322130667e-02
4.992519457584797954e-02
1.016818652882445634e-01
3.124049922905085611e-02
1.931975226868443488e-02
1.188718448425056251e-01
5.684203396621667626e-01
1.000000000000000000e+00
4.958160325867798646e-01
1.247886266218410922e-01
2.183085348968105341e-02
1.008134282134261345e-01
2.001610315707972043e-01
-5.067128328116180663e-02
4.190195936697717338e-02
-2.520990278326972270e-02
-5.348454374679377510e-02
1.607781342884191944e-01
5.208956081657163499e-03
6.386320536447818996e-02
-7.658425745109866123e-02
-1.095115824259054564e-02
2.499167973061930739e-02
6.089257119788966943e-02
-1.468462018227001051e-02
-6.608489420155767846e-02
-9.953468533536598273e-02
-2.318488811049991549e-03
-4.582233308722916815e-02
8.816259754966869477e-02
8.073799169469107750e-02
8.107086778189738496e-02
-5.783506094039842643e-02
-1.346884024321527359e-02
3.681970276129924863e-02
1.329288193880092360e-02
6.754536975459700388e-02
2.121013632750242892e-02
-5.103230783046800584e-02
9.035014371189500210e-03
-7.722689055324056563e-03
2.470975070207494934e-02
9.808180163383705547e-03
2.227932640683405463e-02
-2.325630175078903517e-02
-4.778197374597140806e-02
2.079524584815959851e-02
-4.697817440252198377e-03
-1.386320329171854618e-02
-9.375001459881765475e-03
3.326354752391875308e-02
-1.158720853343744167e-01
1.623327976923445715e-01
9.549620948732556736e-02
-6.256092085296743877e-02
1.286652604516033416e-01
8.720106502673173610e-02
4.278226258974749535e-02
2.175912384051231774e-02
8.144892748871444821e-02
-2.448180425190676912e-02
-3.586248994830228826e-02
-4.808472742010878181e-02
-8.915567435179280742e-02
-6.219641443251039750e-03
4.337678421326194439e-02
7.452461222626415027e-02
3.751985471408429001e-02
-6.892472172429563171e-02
-3.240249763779661646e-02
-6.817824975018919875e-03
1.266794775303324017e-01
-1.703228320778960858e-01
1.956368269323230727e-02
6.537181453208533444e-02
7.005139729727102860e-02
-8.775929732062748290e-02
-7.403762086886105098e-02
4.975168716812016639e-02
5.373128761544066628e-02
2.650268764378257980e-02
-1.284845254438734923e-02
1.459006465365353389e-01
-7.990795586589824473e-02
-2.870650355096890025e-03
8.263451011532300938e-03
-8.971055288369240988e-02
5.510181959883562325e-02
-1.286921137919589675e-01
7.521764224606429516e-02
1.271121284302182981e-03
9.965395500506016302e-02
-1.371965988319883388e-02
-5.448407546944538000e-03
-4.632273023204210027e-02
3.605751147280145813e-02
7.206589086154176205e-02
1.592566167109690789e-02
-2.688174643238965336e-03
-7.973349373128070516e-02
8.668919427994696558e-02
4.314602515444952019e-02
-8.376582452577902016e-02
-7.662450619326965917e-02
2.333394315684030745e-02
-4.576649844010320309e-04
3.138228037660759778e-02
6.987599024226252842e-02
1.760270456810927864e-02
-2.645693091176810549e-02
-3.908552515986337544e-02
-4.589841641565837668e-03
-1.205588965848306132e-01
-1.049129241730901996e-01
-1.804440633272149513e-02
-1.791339780534896217e-02
9.074007746864012295e-04
-5.150221104377018105e-02
5.883013355650414111e-02
2.012129924053261340e-02
1.286447007721616687e-01
4.641898820059323083e-02
6.377952404261018338e-02
-1.093442668998273054e-01
-7.492461142354508996e-02
-6.781213131386913673e-02
-7.068554127441237234e-02
-5.415607058132151236e-02
8.835710904440324809e-02
4.768727557576069032e-02
1.001701451722346453e-01
9.542225072752055781e-02
1.124209979558094402e-01
7.816111492604478628e-02
-2.423038037593217703e-02
-2.746557895020350359e-02
1.958521812710684040e-02
-1.405797241366502914e-01
8.608193246690517067e-03
2.391859361091991723e-02
-6.446801202051070934e-02
3.681175226669310824e-02
-6.961971588858073545e-02
-7.432304217073411323e-02
-9.268519944943305611e-02
4.166586804533628854e-03
-3.609688988782015079e-02
-5.629682845799288682e-02
1.444850116188537044e-02
-3.754951056703510759e-02
-6.342009240890228439e-02
7.121238741343641210e-02
-4.756446177115280366e-02
-6.327350254917916972e-02
-7.827731769609791446e-02
1.372306472341935923e-01
2.602776402830306660e-02
5.095177922253383423e-02
7.867048037498294843e-02
6.193637185806035589e-02
-7.073525741898403774e-02
-2.571886587973394589e-02
-6.035364580633276188e-02
5.321120140789841607e-02
-8.649482530048907547e-03
-5.129866674771102475e-02
8.224582557682220962e-02
-1.665612202189357830e-03
6.488768848036138848e-02
-3.949223726646928362e-03
2.287287086135052910e-02
5.294588912395749476e-03
-3.060705043114249953e-03
4.469007435206128614e-02
-4.182729010844093293e-02
4.386934722224333782e-02
-2.229347523112265236e-02
4.546054418394591262e-02
-1.076882133162523382e-02
-7.126624382653921896e-02
-3.364554561574987362e-02
-5.481549713577325150e-02
3.373874591203859796e-02
1.407494515732297669e-01
2.199357564161029399e-02
-2.338213146211850016e-02
-9.513170417529996647e-02
-1.049603691519344489e-01
-8.485758048412350707e-02
-1.141718785763319415e-02
6.987768800602613128e-02
-4.042616389523803581e-03
1.093745524043213298e-02
-4.339907419461964955e-02
-3.306982141070925058e-02
-6.992776615210090363e-02
-1.100391867604240403e-01
1.253278270755935064e-01
-8.271118674822476591e-02
1.769032257087104626e-02
7.191135050721250699e-02
-4.391875663512771755e-02
5.636215647939206430e-02
-1.315451561500886324e-01
-2.085888790595475870e-02
-8.449181171984541938e-02
-5.677023019858289284e-03
-1.254291284675405904e-01
-9.835273318728986192e-02
2.305348898100422969e-02
-4.621599656850504390e-02
3.873084696851089581e-02
-8.652149407048179142e-02
7.121302389802468269e-02
-1.759042513617472409e-02
1.497681942888277606e-01
2.572181529559044652e-02
-8.711960329856130447e-02
-2.719122889782834770e-02
2.904323132360850726e-02
-2.201884899154204350e-02
-1.434795602154665881e-02
5.179898788471529875e-02
1.046488894081597648e-01
-7.174410734093653041e-02
-1.060977089443842364e-02
-7.950173789049230777e-02
-1.345461146132729269e-01
-1.122083979824730141e-02
-1.432265682935023321e-01
-9.957081654066923804e-02
5.813486320500870635e-02
5.004959988148415667e-02
6.591054813616444019e-02
-2.444229996117476891e-02
-1.583408645369491774e-01
1.852767342264629788e-03
-4.860895360662700893e-02
-1.118225798580779057e-02
4.443873458626405870e-02
-1.198291002896991753e-01
3.105547688764992691e-03
4.849159281160193152e-02
3.440535748210947486e-02
-5.981443413153111205e-02
2.739489906959592658e-02
5.225075119167502807e-02
-7.203419855408822736e-02
-7.904720431953463078e-02
-9.308887148646638465e-02
-1.399327062980772474e-01
-3.847828707583792959e-03
-5.181111089645471651e-02
-1.791214523831083927e-01
3.331917430035812033e-02
-2.301505748006174579e-02
-7.159180731829278832e-02
4.695418747625251105e-02
5.922084450324297672e-02
-1.994539479136409055e-02
1.324199704168928793e-01
1.113732367580667348e-01
-7.373938991320047598e-02
