-3.693157742394193727e-02
-1.098637822885211723e-01
1.683206672942350879e-01
3.122351703892249364e-01
2.809387244639155456e-01
-1.293969667267958479e-01
6.141088570950432590e-01
2.550197218016966305e-01
-1.723540431702560716e-01
-2.799165465406268094e-01
-1.266724574139053427e-01
-6.918068875596290745e-02
3.161037692701400004e-01
1.353437159171902160e-01
-1.196229383896641324e-01
2.662818378565680044e-01
2.287160424525299662e-01
-1.233345487690514636e-01
-5.131906284897954501e-02
5.194074593757083136e-01
-2.923402875552874036e-01
-1.470528134662751896e-01
-3.994306730675947770e-01
9.281318793854989591e-02
-1.109234522902064479e-01
-2.863901234974662313e-01
2.448262635558673683e-01
-7.710994580278848765e-02
-3.875247780852233426e-01
2.318445605910088303e-02
3.345848786056135893e-01
-1.131518658078032730e-01
1.272097141624561056e-01
1.675145326663730339e-01
-7.706871511779230799e-01
-2.458476354281512177e-01
-1.934507470853144562e-01
-4.386240000297920300e-02
2.876513322768099734e-02
-1.686194484262596716e-01
4.923178848333177315e-01
2.730321026024734934e-02
-7.234403262048848260e-02
-2.390063906772955590e-02
2.209272320879653861e-01
-1.291714244674771750e-01
2.106891980214522231e-01
5.175607510967856345e-02
-3.967994893543901891e-01
-1.083921955029507472e-01
1.117304686698826488e-01
-9.158435516914392727e-02
4.012219276899737785e-01
-4.275225384742505907e-01
-1.508516653487599612e-01
1.506484784034455571e-01
4.419671324350422092e-01
-1.951569000574965296e-01
2.936462625540512961e-01
-2.453351565946347013e-01
1.179569527982411992e-01
-3.216991129334898503e-01
2.240740750203217835e-01
1.012103888852439876e-01
-1.586361020871731309e-01
9.975337081014105933e-03
1.629498802813796401e-02
1.649073677773113811e-01
6.793162869819736882e-02
1.707448156287058594e-02
-2.606689533439903719e-04
9.110047452714076233e-02
2.942264194666839305e-01
2.086479938199376216e-01
-7.325701306246526490e-02
-3.051974550358977911e-01
-7.850768863864419911e-02
-2.659589078599907119e-01
-1.990631149838937575e-01
-2.872551480651057143e-01
-1.393399332870711403e-02
-2.478346408779426580e-01
-1.161031876275006175e-01
-1.330165217539238109e-01
-1.303360710320426996e-01
-1.507707052032100691e-03
-5.944475280713683307e-02
2.252985280903754828e-01
1.528791196212156145e-01
4.268091893417283629e-03
-1.919337496874211624e-01
2.465409279925827590e-01
2.504454733357020513e-01
-3.040356304081520689e-01
2.178428997039089932e-01
3.404742252688705562e-02
-1.234217493852362429e-01
-2.020029855082916548e-01
-4.391210168928553204e-01
-2.411478486356972983e-01
2.456702956712399077e-01
2.498560519408457026e-01
-2.332884564810634720e-01
-2.536755726406169087e-01
1.004192852742296777e-01
-2.818283969062411187e-01
-5.446041592157888772e-02
1.764805980113824946e-01
1.364996970034015322e-01
2.574872386801384527e-01
3.950331413812308012e-01
-4.236373568871562023e-01
1.323007789682440483e-01
-1.660302543848118928e-01
-3.940750979354460393e-01
3.424004527242304197e-01
-1.890130841381891524e-01
-2.105085021844219084e-01
-5.753624614707419926e-01
4.694972394501499557e-02
1.528345846875059644e-01
-5.378033208293579032e-02
5.547078886779074208e-02
2.898801233116212600e-02
4.309714368447404298e-01
-3.071569437139465286e-01
-1.293896076158043418e-01
3.395220174016243542e-01
-4.550469040536293808e-02
3.027260926013413123e-01
-6.760320884186306334e-02
-2.797513641364069992e-01
2.845155776886937882e-01
2.627720323543230596e-01
-1.372250218332078664e-01
-1.045956074404520986e-01
1.743332240064715266e-01
-2.096927037384846704e-01
2.389386509333820685e-01
-1.732083694602865043e-01
1.376627148716633720e-01
-3.510811993511683271e-01
1.619722702150395155e-01
-1.472515510846289233e-01
1.333710576915193152e-02
-1.948118752302564413e-02
-3.796455410647030515e-01
-6.325031134229701646e-01
-1.508708294368899250e-01
2.389708997801532897e-01
2.273178641608866735e-01
-5.399406600180230997e-01
-2.042568468784402014e-01
1.583984024750397790e-01
-2.137504990806627647e-01
-1.482690317466625052e-01
-5.953606452110192793e-01
-1.807144580959456071e-01
2.324595071098752019e-01
2.477200113372878543e-01
5.333565504718749128e-01
4.881567055046884818e-01
5.890707495760503232e-01
1.103594487011049230e-01
1.938218735110981972e-01
-1.591798723147758166e-01
6.276239197061732333e-02
1.947069673827165346e-03
-5.095501168656040303e-01
1.812632087790223140e-02
8.330176455660835699e-02
2.179114943487974465e-01
-3.517963539734024203e-01
2.593335616597762239e-01
2.289386448811441266e-01
-1.188276151663193170e-01
5.318455192765622064e-01
9.775577570734345079e-02
3.256117403585557790e-01
7.149698974070189950e-02
-1.478882114560683414e-01
1.509569703138436969e-01
2.793883306328089344e-01
-2.361781434310124550e-01
6.285544024352573977e-01
1.085046568961603453e-02
-2.019262787347212706e-01
2.055490297549464884e-01
-1.559221275039329446e-01
-5.595583819165833583e-01
2.126061436780718739e-01
3.175233079970651850e-01
-1.697070297685009110e-01
-1.209410707411811281e-01
-6.755167324603907064e-02
-1.019993357299178727e-01
-4.418337934685412915e-01
5.666719740188184140e-01
4.402560133521912084e-02
2.934603691394080394e-01
-1.793455022792591058e-01
-1.688986674405272559e-01
-2.985362285400888771e-01
5.927226778630013265e-02
-3.027943949639624877e-01
-1.926417448665586063e-01
5.244137100463437395e-01
7.718976202828460587e-02
5.959821331439115605e-02
-2.711713274998436840e-01
-9.498373513566418791e-02
7.844964433074477772e-02
4.688025838855140043e-02
-1.410672154088861707e-01
-1.835376602072946173e-01
3.498457051619672242e-01
7.321112811830797762e-01
-1.377478766153924505e-01
2.491494087831449822e-01
-1.132563612608219472e-01
3.414292992401689042e-01
-3.523835476681471679e-01
-2.570689093977078232e-01
3.084957251440151402e-03
1.645969408947270743e-02
1.438406488890380530e-01
1.994135665191902052e-01
-1.440352787156834735e-01
3.393173544677260400e-01
3.996625869386079000e-01
-2.579236759105639765e-01
5.185564835385006455e-02
9.704030352326814546e-02
-6.008149018554829329e-02
-1.581490598201263503e-02
2.535527539643697703e-01
-4.920029034174636662e-01
9.594365259972154059e-02
3.698355000986957020e-01
1.095754636461513387e-01
-3.226168911710154685e-02
-2.192237610326439046e-02
-7.968675592992108259e-03
-4.428772392129243229e-01
-9.205085901876144949e-04
2.633853546794376332e-01
2.548669937995353130e-01
9.643471004416582365e-03
-1.627298800114916066e-01
1.932342034735299863e-01
-2.118246473907580973e-01
2.002658286571293855e-01
-1.764715063032631925e-02
-8.193625496024672938e-02
7.847482255723469136e-01
9.077125146440302439e-01
1.000000000000000000e+00
8.389495242299750410e-01
5.707080600109754043e-01
1.378258692437281385e-01
-1.984024719081859678e-01
-5.503538122145368305e-01
1.493906289002401855e-01
-4.775770871448673026e-04
3.620205249838867601e-01
5.629464079692146905e-01
2.822985793463986259e-01
5.131756288686121353e-02
1.977381515914219956e-01
1.555654595388284156e-01
-5.598719026439395730e-02
1.527547022954000577e-01
2.364321707550594842e-01
-2.609217603640208716e-01
1.790251392252359408e-01
5.064475638526107215e-02
-2.902152941440778733e-01
9.506916388196343104e-02
-3.101190608850410216e-02
-3.185494024102396571e-01
-2.592711172780860496e-01
-5.498192246950861506e-01
5.926173819862124992e-01
-3.768731528844472822e-01
1.566425470383936147e-01
-5.207318077115602462e-02
-2.199967824208337586e-01
-2.525504066057915331e-01
1.193517196833946414e-01
-1.898638307066096431e-01
2.316637531977809306e-01
-1.635444443298768313e-01
7.727203566852247629e-02
-4.619657816778424131e-01
-2.781678971996916910e-02
-1.068033004135492403e-01
8.225382729218923272e-02
3.415971448002262378e-01
-2.352815821472563074e-01
1.385807497176096414e-01
2.315629914801930755e-01
-2.909758593786347936e-01
-6.476416181584359055e-01
-5.622107168630371410e-01
-3.688692579832423268e-01
5.292299502842968961e-02
-4.806413520791832233e-02
1.407944906672974617e-01
8.849820526112796293e-02
-2.832288799049064165e-01
-3.712968493420801819e-01
-2.099310492987639925e-03
-9.216056914437457948e-02
-4.750120277257695034e-01
3.363304702215898223e-02
2.385750788273155454e-02
-6.851133454776525689e-02
2.139905298474575335e-01
-3.328068988756328617e-01
-1.860720156061754227e-01
3.714396875800955733e-02
-1.416807840545716325e-02
-3.345410858492937622e-01
2.462924879097033171e-01
-3.527109222246469500e-01
4.194122488220572431e-01
4.527557349884837011e-03
-1.697894574225596587e-01
1.883746880167387339e-01
-8.886552584982913838e-02
2.761138491019657915e-01
-1.520539231918311696e-01
1.460220639849826030e-01
3.541767219629343710e-01
-4.538656574661215637e-01
-1.146749786550598643e-01
-6.032369328666356001e-01
-3.452417736237516910e-01
1.092040304987653698e-01
-2.034770310147049899e-01
-3.121064817237423350e-01
-2.400496412557193426e-01
-4.219226573287368498e-02
2.462081804713621425e-02
9.787694040765140824e-02
2.584242427133578990e-01
-1.845205113069800160e-02
-6.242789616871473601e-01
3.406130595729272431e-02
9.762049555735815079e-03
-3.754714309912534631e-01
-1.509321010906614358e-01
7.137260065893088479e-01
2.155367136003098483e-01
2.734999241057205488e-01
1.784513069639377669e-01
-1.853853304412077241e-01
1.767444722157669734e-02
2.469712548479357714e-02
2.750991076043863420e-02
1.226425890196219809e-01
7.511861845412055871e-02
6.880031952849505195e-02
-9.656852950522189227e-03
-1.473750927317696024e-01
-1.591604629046769470e-01
1.837521252275297057e-01
4.144450118724147814e-01
-1.465535686382442859e-01
-2.735278968457249826e-01
-1.192003185611934385e-01
-2.383586371942697513e-01
-4.561392819281463451e-01
-8.058968450429976338e-02
-4.149241880235432500e-02
1.758346779248190772e-01
-2.220330558778420629e-02
-1.687217931861388076e-01
-2.172217310847404381e-01
1.527421385349926782e-02
3.154840957077694741e-01
-3.656659885990511394e-01
-1.010789144029394099e-01
-4.691254447958415619e-01
-1.413320794170243588e-01
-6.270488407253864693e-01
2.182884221230401989e-01
3.616366868573221705e-02
2.556930949559127822e-02
3.413946686794652186e-01
2.364871272915111677e-01
1.640429060935436612e-01
-6.892312867060435000e-02
5.335719573374563263e-01
-6.478632184789546999e-02
3.568074293333154401e-01
-8.339451643212189569e-02
1.656101640727347113e-01
6.674896347659051710e-01
-3.791436739677472856e-01
3.323206460538351004e-01
9.087692894707911917e-02
2.301679935742466931e-01
3.625719395331302580e-02
3.579631698645959759e-01
-1.057529719009365488e-01
-4.267959230225792377e-01
1.483307231106622548e-01
-1.529695667897071065e-01
4.525769872660551259e-03
1.478530383858697450e-01
-2.920263419050683762e-01
-2.192416613920214474e-01
2.917358098639477593e-01
-3.817305994221708021e-01
-5.507861956850471780e-02
2.560477961503366054e-02
-2.579130546398653578e-01
5.339445067184479532e-01
-2.472167728429356184e-02
1.370083650945767839e-01
2.871591340298850770e-01
3.998261406464624357e-01
-2.246101491986389823e-02
1.282273631395481339e-01
2.803424022510600522e-02
2.936965326694869205e-01
-6.060040669749037212e-01
4.085617814120480473e-02
2.143474539748315977e-01
-8.087371736760605445e-02
-2.607735961218295984e-01
-1.585474496056828858e-02
-2.831005881128170407e-02
-6.419447080325328958e-01
3.034031320179692015e-02
1.028024282404062240e-01
5.331633436003141435e-01
9.637728350066600280e-02
2.587938113765475556e-01
8.723535554399437092e-03
3.897402042254662358e-01
2.867928684133768114e-01
1.009853458057687406e-02
-5.359119455860136827e-03
-1.546070072230543713e-01
-3.561353145879313509e-01
2.575337702931667638e-01
-2.415901354808581147e-01
-1.109421713883493726e-01
-2.135927347247327732e-02
-3.274763998445847507e-02
5.500378684408007146e-01
1.940179708102029998e-02
-1.092019003182232578e-01
-1.484301485523110697e-01
2.184928901560201642e-01
2.658527945509689960e-01
3.132871371322175080e-01
-2.015802725197761783e-03
-2.144865234942409105e-01
-3.376645041942153980e-01
-4.597093702786412828e-01
-3.236935858540813116e-01
1.039958257042048195e-01
3.492207005207602633e-01
-4.126948160549058220e-01
8.083103593969483136e-02
-4.182928698343916230e-01
4.875378258470443038e-01
-2.187889072899829312e-01
-1.319823128875832231e-02
-4.904703938928610119e-01
-5.182367862456140582e-03
9.914756187475651239e-02
-2.371965720115932208e-01
-1.318493203932676050e-01
3.580125186473442911e-01
1.473117725332456218e-01
1.489004631876524876e-01
-1.245764868097577055e-01
3.130545580907866943e-01
7.293418652043782979e-02
1.569094077257888464e-01
1.666035897907507946e-01
-6.188013100562028690e-01
-1.215783614692648729e-01
-6.225797637230673365e-01
1.014480679847799410e-01
-4.667497607646826918e-02
-7.971658392791454439e-02
1.286365758804982606e-01
2.888116872540902880e-01
1.425744105822221719e-01
-3.546637278024225570e-01
2.480381309457017625e-01
9.906318319545311113e-02
-3.521435819119748956e-02
-1.008433498766068276e-01
1.456800577475480807e-01
4.403401592585110547e-01
9.542736302392540448e-02
3.437290162126273585e-01
9.596632416952749489e-02
5.279483378115341630e-01
-8.090572565944646743e-02
-2.607146244080420505e-01
2.378233988056388803e-01
-4.512254041716116104e-01
-6.867861722401250035e-02
4.301242205946461533e-02
2.667908282766842110e-01
