-5.392299782171139366e-02
6.641018735210993396e-02
1.387922139987455838e-01
6.045353812667131344e-02
-4.949036210636703625e-01
9.761113106388272231e-02
-4.094067219898035459e-01
-2.541253232069920487e-01
-9.481316078711844730e-02
1.208998350436180369e-01
-1.735176292848954471e-01
-1.793025596893801088e-01
5.201098429231526543e-02
-1.020164754317796629e-01
-1.715173288107069427e-01
-3.879469811386374589e-01
-2.896038509182730092e-01
3.885123778576994868e-01
9.692334141582396034e-01
2.910126078077145961e-01
-1.988073203944160927e-01
2.053961261100112345e-01
-1.513488870512805784e-01
3.649247173184284043e-01
-4.132404480803924390e-02
-6.528282485876214514e-01
-7.367473147928289834e-02
4.805925523585508619e-01
-2.236042863198866304e-01
-1.084718382301602321e-02
-7.897459181449047183e-02
3.978721726828229333e-01
4.756136220913947943e-01
-3.351148066399342595e-01
-1.189987344454887935e-01
3.659616817576305525e-02
1.598553891749995848e-01
-1.036595539358250023e-01
-3.143714934007724726e-01
-1.098550632286467293e-01
1.638710714677608093e-01
1.572352020732516453e-01
3.704550959506491825e-01
1.286167039548411772e-01
-3.268670895609406823e-01
-6.347165277888015822e-02
3.818566087642482482e-02
-1.914260814202106420e-01
2.103738356561464240e-01
2.895335167148054278e-01
2.034020311443574258e-01
7.344700309376073211e-01
-5.799396361336278671e-01
5.873482401573754119e-02
-4.246806686296559219e-01
-3.580014260917918079e-01
-2.172755626651380889e-01
1.160312300891421095e-01
1.865770199677701802e-01
-6.190466765213040179e-02
1.794409991596552789e-01
-7.881902246876884566e-02
-6.715223920004777247e-02
1.300789589169211447e-01
3.552717136718966939e-01
5.021034375710310416e-01
-2.118866638701137062e-01
2.034387045218115642e-01
-4.514748437756912341e-02
-1.453611201452572298e-02
-4.795416646439307207e-02
3.645496673815971089e-01
8.969097048797881194e-03
-1.063928892676851146e-01
2.201063915661766734e-01
-3.436705849994193818e-01
8.665818137500702623e-02
-8.488070703911161641e-02
-9.429332471694934492e-02
-7.013786172499719695e-01
2.296605653763110766e-01
3.360204366081930849e-01
-3.373634533778241407e-01
1.749092448632456887e-01
2.869868289581107290e-01
-1.540757879894163185e-01
1.477462621329286574e-01
-2.072520867856520455e-01
2.497842208730753077e-01
-2.003849361434603404e-01
-1.930474915960579962e-01
-3.421783199387993246e-01
-5.329006575146512104e-01
2.403117355882468109e-01
-5.998765789957558048e-02
-2.649669557473564030e-01
-1.848966206817992952e-01
3.202550618004117999e-01
7.250108722106347603e-01
8.091719798747047665e-02
-3.061481149772639632e-01
-1.842474106112688137e-01
2.394828464017271508e-01
-3.674233010807303468e-01
-2.711254101873615263e-01
3.921516369024635185e-01
-3.036946731445020614e-02
-1.910103651542426062e-01
3.453424136298862690e-01
4.564944149636696036e-01
-9.044292685144550425e-02
1.644879062927541435e-01
-2.631686893728962806e-01
-1.566446018446883692e-01
-4.760528007231589753e-01
2.454463877912973213e-01
5.726193843139090051e-02
-4.459042960357428309e-01
-2.536145155627896330e-01
1.581428805726283193e-01
1.413261492441225155e-02
-4.023572725911059300e-01
-3.058205216303261920e-01
1.876120887959014105e-01
-5.991258319176372416e-01
2.158933691536115210e-02
-1.042377061033440272e-01
1.046080627901282561e-01
-2.307141880777415499e-01
-1.954749019091783502e-01
-7.079744925982683901e-02
-4.342138035106603115e-03
-1.785980597157358352e-01
-1.646471770526638512e-01
5.060196033718259434e-01
7.248107854683878692e-02
1.247988595333216350e-01
-1.664984951650000655e-01
1.633000403495629971e-01
-8.871976201844977705e-02
2.621731031969113390e-01
-4.780012301995450325e-02
-1.967667350663699355e-01
3.595010018358251180e-01
1.880516859469473223e-01
5.213136924385931570e-01
-1.251685824584021223e-01
8.963375936540848854e-02
-2.657228796542190352e-01
-1.400172866547984805e-02
2.627848006442458639e-01
3.651709929097386037e-02
3.035103658380202130e-01
7.559635459538064373e-01
4.536636994016505775e-01
-1.036491265904180281e-01
9.928485563532246649e-02
2.926793639199503083e-01
8.861315081534183735e-03
-5.789210982560636376e-01
6.456323209213904457e-01
-2.929459588767165390e-01
-6.425987563623529464e-02
-3.925058970079084997e-01
-1.011489035877856935e-01
-5.343142095574588968e-01
7.639869395384428497e-02
1.691584700991286827e-01
3.961416728180178898e-02
-3.371801627854870143e-01
-6.067896900289084308e-03
1.897749270750155592e-01
9.147650682221294960e-02
4.048384839500041021e-01
-4.522138690994076393e-01
-3.190419553037723288e-01
1.474255758527405480e-02
-1.691125530532858190e-01
-1.660745897188071196e-01
4.788102321825190022e-01
-4.846542808860649365e-01
-2.938872333426790218e-01
1.361578867017577410e-01
7.552010350630744551e-01
9.776105457485148587e-02
-1.277004940510303721e-01
2.713525322504488080e-01
-4.821994431680205057e-03
-1.051059389946048528e-01
-8.267552393943271294e-02
2.853619241119638092e-02
-2.221250933236028069e-01
3.256687975321374134e-02
-7.716696622552708662e-02
1.908563843620810774e-01
-4.250965881725114470e-01
2.546468748125362280e-01
-1.432865712181571605e-01
2.411064184476841010e-01
-1.276454944254772246e-02
4.831760916911746473e-01
-7.992909093490638273e-02
1.619092247658569517e-01
-5.023681251512073231e-01
-9.173038558164764433e-02
-2.744807684085606714e-01
8.657401182284467644e-01
-2.939548681435841249e-02
-2.758168132519032284e-02
-1.732341099366930259e-01
1.414117400532822755e-01
-1.769813035388101419e-01
-2.088766250591101992e-01
-2.533718151338411051e-01
3.286181652746439918e-01
-1.364946747075192202e-01
3.196906939611280363e-01
-1.516175790187843930e-01
-1.783326228276856384e-01
-5.145207414398470513e-01
6.491642199850901351e-02
-3.120122668566550073e-01
-1.425037653103652380e-01
-1.383461454100004540e-01
-1.248281966190603193e-01
1.846523044137275971e-01
-2.171536757568970355e-02
2.668648775611045521e-01
6.239315735651281003e-02
-3.124604346632605112e-01
4.181602226743880157e-01
-2.222759067670002919e-01
8.448756099933261987e-02
2.321245119093873557e-02
2.705893347041199437e-01
1.031393125717869862e-02
2.538839824464695361e-01
-6.613629535469807419e-02
-5.790957925845390264e-01
-1.404218526058876870e-01
-2.164465715752159625e-01
2.954379790563563257e-01
6.264606724162856688e-01
-1.501704816961055566e-01
-9.232906165138844712e-02
2.099408510972720354e-01
1.790457561091665373e-01
-6.604503819875870985e-01
-2.464224264684673066e-02
4.133534844310730177e-02
1.782693083000542467e-01
-1.742060811567924250e-01
6.119196843390045659e-01
8.132562898640928184e-01
9.678808234616007589e-01
1.000000000000000000e+00
3.238393617306263850e-01
7.958492098634319944e-01
6.171893056904546038e-01
3.704692110674766004e-01
1.629669537579895855e-01
3.198457292414256248e-01
-8.543266386129819145e-02
-1.258373752820934888e-01
-3.349668668006279271e-01
1.608991305620372514e-01
-5.151468688301481108e-02
-3.862374576895533096e-02
4.751711444844809035e-03
1.129776769531851133e-01
1.810670570145670160e-03
-2.049451490287969579e-01
-1.049001408283279230e-01
-3.732818578120832287e-01
1.536582680399175421e-02
6.595340685031685357e-01
2.572414262427613618e-01
8.226892435998281461e-02
2.356095850953066340e-01
1.622421843756431670e-01
2.797090487408394610e-01
-3.675943076377852781e-01
-2.685644547237222013e-01
3.106935636640964504e-01
1.585471269706434649e-01
-3.277236077366615929e-02
1.168808976714310194e-01
3.220541930288881027e-01
-3.998182906359267763e-01
2.788652308001083879e-01
-1.894274338291201953e-01
-1.405134088028465733e-01
-4.981690759710364902e-01
-6.561377268069803481e-01
7.945473010262603039e-03
1.776928346239632917e-01
-9.860112209188511001e-02
4.685795341388754309e-01
7.488585430425992451e-02
4.281971777018471759e-01
-3.819639583694192098e-01
5.054440611990578675e-02
1.525301523678347371e-01
4.264802183774139555e-01
-1.018558956902142487e-01
-1.817919482629408445e-01
-1.071407509761378857e-01
7.429582518512338474e-02
3.622192051365862864e-01
2.417992100223366470e-02
-1.377149921912922126e-01
-1.044612303328510405e-01
-3.168750477779030961e-01
1.435664814098638886e-02
2.608825926641152870e-01
-2.668257348134542642e-02
3.401542012318378161e-01
-7.036418459910281920e-02
8.258061307944215834e-03
-2.228614851640748906e-01
-3.177710782108519316e-01
-3.879437255292941811e-01
1.480209056453371530e-01
3.765129150810696546e-01
-7.494011479765019801e-02
-8.642905674981637976e-01
1.149087762142373681e-01
-3.459527098381785792e-02
1.100457060751522907e-02
2.549179831436692578e-01
-4.117927537098603485e-01
6.700967758915223060e-02
2.250678246552923201e-01
-1.850230282907100107e-02
2.771840293123705168e-01
2.231045790338926083e-01
-6.111217088262491659e-01
2.181033700779864137e-01
-5.639913613246089891e-02
1.803186168737493655e-01
4.844844814072910566e-01
-7.821767603214386079e-04
2.889326536965147185e-01
2.916571131925809190e-01
6.010331129459165478e-01
-8.072580815274858768e-02
-2.340516164289334622e-01
-2.166074052803835803e-01
-1.728139429486351963e-01
-1.014321428341662806e-01
6.558325675884016381e-02
-5.503365104004329100e-02
-4.575502246136499696e-01
-3.120770173477571130e-01
3.120218321976764297e-02
-1.268560401414449423e-01
1.901933392765728370e-01
8.054595128223942524e-01
5.690934538172907203e-02
-4.217588034244252326e-01
-3.078300538073133197e-01
-2.639470189503240749e-01
-1.803315334983655871e-02
5.331878925623728671e-02
1.375243892383365418e-01
-1.183022454535944401e-01
2.452352745788596855e-01
3.820199468936643639e-01
1.026954530729206894e-01
7.271101209171325352e-02
3.877450096911582711e-01
-2.877473533275496861e-02
2.623583267741961822e-01
1.946489239006421457e-01
-7.976400978453650203e-02
3.636722027875376462e-01
1.670828648066161326e-01
-2.441371724722345427e-01
-1.619752694235329984e-02
3.058081988738638457e-01
-1.091589557120870441e-01
2.504373732085458659e-01
2.706732613946357668e-01
-5.293363218128765979e-01
-1.926854881152329224e-01
3.289624677706237121e-01
-3.046810785045576675e-01
-2.739054898451883657e-01
-1.170715006243866901e-01
-9.673111115884450162e-02
-1.895506786160193746e-01
2.143541928041790834e-01
-3.556630030218282945e-01
-2.565435775824687625e-01
-1.525872357786014488e-01
1.413673608742848087e-01
-1.114735229753573975e-01
2.179517936839474035e-01
-1.470488205563007245e-01
5.937980334161868656e-01
-3.524088397839679199e-01
1.224673291574071288e-01
1.046647516127379163e-01
6.909695655645044232e-02
2.609687319114831761e-01
-3.027634583914785016e-01
1.284610332356623252e-01
-1.439365186309991829e-01
1.350594663020480424e-01
6.060226652492137905e-02
-5.738026462150157547e-01
-4.897486568212163632e-02
-4.037343545333192396e-01
5.303204364436755469e-01
1.806516527786080906e-01
3.259009287313014980e-01
-2.877231581463057797e-01
9.449023340463688636e-02
-2.028383379951081700e-01
-3.044509416828234949e-01
3.922665148406080937e-01
1.784344657454688399e-01
-1.288665134675207602e-01
2.161892088511379872e-01
9.775189916712535843e-02
-3.176183317825067021e-01
-1.113403086134305831e-01
2.147857533651450768e-01
-1.197751310379410877e-01
-2.717722801893074358e-01
-6.816650402405197151e-02
-2.756239750709046921e-01
1.254892193117259913e-01
-1.222111205926074314e-02
-6.683799748935065344e-02
1.875597663441288393e-02
6.329587667673346185e-02
4.503312558380003217e-01
-8.022924260716082778e-02
3.655955706387721271e-01
2.211822286268471105e-01
-1.564033254136482365e-01
5.089637472657789763e-01
1.342610620069304046e-02
3.085538859500365841e-02
7.131973873760004412e-02
-1.683390551433649740e-01
1.158222787468418530e-01
-2.991448758390812257e-01
-2.346153739076650702e-01
2.398278611616058986e-01
9.047310150569290443e-02
-3.185971951667376234e-01
-2.563667213838560222e-01
-3.205380095092978388e-01
1.206141036684531820e-01
2.738651918785083295e-01
6.909489658968774595e-02
-1.144019239477974681e-01
-2.386465190200617870e-01
2.194945164502846158e-01
-1.599915500565975146e-02
1.512998909173641215e-01
-1.726167917329903545e-01
2.338259679031535754e-01
-2.327200324833082201e-01
-2.767972174401465146e-01
-2.858067587542753030e-01
8.395898749507960668e-01
5.719844531860081016e-01
4.050286923148027074e-01
6.291913630292164106e-01
5.199352371852140609e-01
-4.951466598073069048e-02
-1.915244785646132708e-01
7.025865276261133996e-02
-3.793879978564959621e-01
-2.051321524709392441e-01
4.769372632941901863e-02
-4.448390469666377300e-02
5.860394556532254606e-01
-4.727565802927628097e-02
7.280864756800418114e-01
-1.567156165872200801e-02
-1.236288858863010126e-01
-7.967120725825456440e-02
3.249594936190694505e-02
-5.779184553602398910e-01
-1.060578947695765134e-01
-6.516815062140567383e-01
4.033857664009023458e-01
1.437821568934482541e-01
-6.488675504877944311e-01
3.569790010754964049e-02
-1.165231803569883734e-01
-6.670434231828221705e-01
-3.433059618780775479e-01
-3.964299718870508693e-01
3.815894800719320523e-01
-7.264029809008852590e-02
-2.963701112274428895e-01
-2.652063749585760744e-01
-9.723553509603720391e-02
-2.121944450488112144e-01
6.177024277949393349e-01
3.613085004429734681e-01
-3.083432009902105642e-01
-5.230709753380642368e-01
4.565015872296229738e-01
-2.244362523873849047e-01
-4.397611769036963714e-01
-3.438962198824315752e-01
