1.022540037062849433e-01
-2.303817369952810071e-02
2.852652172624987048e-01
1.991912212007398708e-01
-1.277575554943131443e-02
-8.333973639037774161e-02
-1.537627170929531384e-01
-1.143264471275548533e-01
9.145905306897411310e-03
-1.919640607887050932e-01
-2.058157716890979816e-01
1.667836823700772353e-01
-1.451576428439669067e-02
-3.117273961183056330e-01
-2.669532637717562107e-01
2.998738808935016431e-01
-9.655149116133135423e-02
-1.632983968278051146e-01
2.732647628595761824e-01
-3.678795300455083017e-02
2.237826489426039678e-02
-1.274680794649830640e-01
1.237705412105626485e-01
1.676785298499758325e-01
3.117066881712695636e-01
3.102227036936687776e-01
2.053554034747812895e-01
-2.346108981072701771e-02
-6.382082672494705788e-02
-2.821170337247651608e-02
-1.814621939295721909e-01
-1.207852602624624877e-01
3.639395181170778648e-01
1.461613213782920473e-01
4.251769693129290872e-01
-1.003239579820818239e-01
6.329034928378919345e-01
-1.048362157378580559e-02
3.128866413169926752e-01
-1.402610721168113805e-01
1.257322058954162547e-01
-2.828997495669651752e-01
-1.858749945154970773e-01
-2.077435704261280658e-01
4.055330483939263986e-01
3.723643185366284358e-01
1.197893019356404964e-01
5.991111729552651283e-02
-3.064006537786382323e-01
2.837116565947483404e-01
-7.284089061645065977e-02
7.051248132839071925e-02
3.105917387516476252e-02
-2.034678250144074385e-01
-2.301127380107716516e-02
9.646271756674863751e-02
-1.732136015309907739e-01
-1.352276187031229981e-01
1.343208770837079069e-01
3.610355451211508804e-01
1.594824357335626885e-01
-5.715768845976235829e-02
1.767077008807824701e-01
5.316795376615211094e-02
-5.820549569475005902e-02
1.281025612609776321e-01
4.718171298309660200e-01
-1.269837265401036197e-01
1.179721234613463447e-02
-1.797952444094239044e-01
-1.090871580410615049e-01
3.474964294958586553e-02
-1.699081941882913879e-02
1.373102061266390506e-01
-4.579202801129293732e-02
-1.091045731645868128e-01
-2.567553439406243809e-01
3.653740692814392288e-01
-2.345044310043606917e-01
1.364231642713099324e-01
1.934643086561382841e-01
-7.586958153412864947e-02
-6.544912575779564257e-02
6.394523248823953676e-02
-5.490966378582657903e-01
7.262991782559492793e-02
-1.948709705658487334e-01
-1.497040521195514284e-01
-1.751983458740462296e-01
1.031123013687356982e-01
-4.300127048367654581e-01
1.629901083731895572e-01
-1.935825817149195993e-01
-4.008159823911689457e-01
-2.086437825979044203e-02
1.173727029498363439e-01
1.463749626757414879e-01
-3.419321424047223612e-01
2.263755037134687065e-01
4.216231246726142960e-03
5.450951186665559112e-02
-4.105325703825521422e-01
-5.440833273215250898e-01
1.642902543236450866e-02
3.872370714722856572e-02
-2.938284271068004883e-02
2.217848136633929126e-03
2.282476583591319663e-01
3.887728328698352720e-01
-4.954972315806382283e-02
-1.634913894250095978e-01
-1.570290089615578033e-01
-6.839376214316550406e-02
2.445134594944732565e-02
-1.726199733256709168e-01
1.708629521599258350e-01
-1.398544786422735164e-01
-8.656998080118739891e-02
3.259179597456866168e-02
2.222939276896184202e-01
-3.642134197739001385e-03
3.793006871547962011e-01
5.849167502065121677e-02
8.922622216086643909e-02
-2.522908746732558868e-02
2.012918830961809430e-02
-4.358888850838442686e-01
1.840449545550134625e-01
4.733737554676452075e-01
-3.305420164794408699e-01
6.142688048944072200e-03
-2.180610864241407931e-01
-1.948599752483576864e-01
3.341388465796459872e-01
-2.237014695946042686e-01
-5.927864840178770356e-02
1.271502658153633447e-01
-1.160280987070790443e-01
-3.970014968078592471e-02
1.560347736688525444e-01
3.365819678282784833e-01
-1.190433194655110410e-01
-3.366114726806978402e-02
-2.659825011359434610e-01
-3.799644531567095695e-01
-1.452832773013038314e-01
2.701600759457519207e-01
-5.016550714254956744e-02
1.352562632291317013e-01
-1.716836937468550761e-02
1.847000599940924193e-01
5.853166744272554622e-02
3.109358606640166486e-02
-1.424307101007559195e-01
1.398581553317798376e-01
-2.600821487438736423e-01
-1.923753510350854623e-01
1.838498208678785439e-01
-8.776021441323489380e-02
2.669020077574928429e-01
1.261300294462326388e-01
9.559717742475284941e-03
-3.798458617091343137e-01
5.200135383500220643e-01
-2.039853694560598840e-01
1.838823853010435050e-01
3.957920388094917086e-01
-9.443871101585357697e-02
2.037529557372424194e-01
-1.337041441631382221e-01
-2.803679139706161672e-01
-3.048449924411485434e-01
9.010298354983363456e-02
-1.087711232087051477e-01
-1.910683298498491167e-01
5.310014103023536630e-02
-1.855964333796620291e-01
-2.722344299949049362e-01
-2.414495256624518693e-01
-6.637421107130184184e-03
-2.150634729152297794e-02
2.327134191667618590e-01
-1.247052717516109466e-01
-2.516088793102356780e-01
1.092976347026373557e-01
2.762282440707670705e-01
6.172326482991750268e-02
1.624543092328524785e-01
-6.840668605903563182e-02
-1.785715629053290510e-01
1.852959540133354288e-01
1.974823710255812700e-02
1.823984851273193486e-01
2.481212094604206275e-01
-1.294806441218809556e-01
-1.163811857165360508e-01
1.204631443784964957e-02
-3.391314225735345828e-02
-1.981415007304411502e-01
2.727249783348437151e-01
-2.843599799552760654e-01
-8.977320058951590576e-02
-6.475923049181966928e-02
3.892274537845169524e-02
-2.567076706180108081e-01
-7.060337218366621523e-03
-1.583604313740273606e-02
-3.150619626623638037e-01
-3.973246120228350609e-02
-1.419207587921215985e-01
-3.507051609904897060e-01
2.426098668116100643e-01
1.118287554477822576e-01
-2.576857330550956782e-01
1.395283165883154375e-01
-2.690734245587382834e-01
1.075646763209212042e-01
4.437298842912573010e-02
9.216855231219707456e-02
1.388562579652103945e-01
3.261714587664078513e-01
4.239515717020064245e-01
3.004405926094171064e-02
-9.810840666607453797e-02
-3.651868420687560696e-03
-1.173417487262189973e-01
2.266548201205489388e-01
-1.406540233606680124e-01
-5.603728048584982746e-02
-3.474276208927266074e-01
2.355033157518188203e-02
1.817590752412559241e-01
4.824860405606580527e-02
2.899860214371625944e-02
4.208798911064360465e-02
-7.573118096150528722e-02
-8.478888715732095516e-02
7.694485996799110827e-02
-8.105934953989900327e-02
1.962642967343232736e-01
2.766812497733385223e-01
-5.912183706788263216e-01
-6.152461959738506070e-02
2.647103213634966964e-03
3.806851340385496441e-01
1.813477411110399617e-01
3.079523109050574248e-01
3.510243701526995497e-01
-4.550164753083694169e-01
-2.536516178623826612e-01
-6.022305391891839138e-02
-2.125771864535125621e-01
-4.480307576809139380e-01
3.345467415689174495e-01
1.296700574911176518e-01
1.000000000000000000e+00
9.743747775456267357e-01
-1.850829147424835064e-01
1.902156848226888020e-01
1.593633858100951817e-01
1.721707725002429579e-01
-1.023499084943865628e-01
2.557768885048488094e-01
5.373027863292449691e-02
4.439648214269700799e-01
4.960508180918649646e-01
-1.862523345102148065e-01
-1.481555658593412261e-01
-1.655927088497776145e-01
-2.454727702616665563e-01
1.246390384991056532e-01
1.467524343217408711e-01
-2.059226090842175283e-01
1.215076475877284456e-02
9.669707874082309612e-03
-2.556255354956628589e-01
2.228851653570599611e-01
-1.084082142088160089e-01
3.873347178405366908e-01
-8.832266054035550762e-02
2.328553739405829145e-02
3.130474101602956916e-01
-2.891374495317159399e-01
-4.685636086335087658e-01
-5.075334870408912957e-01
4.175928327408451324e-02
-1.729068389820462293e-01
1.209541092353683817e-01
2.531224664129021196e-02
1.599638957609485213e-01
-3.737935235249419119e-02
3.436704681249088018e-03
2.321958747250718880e-01
-2.004061042603832721e-01
-1.297685179612063644e-01
3.544023313032674261e-01
-3.214295962713894367e-02
-8.244320629644098786e-02
-9.751356124993523777e-02
-3.595034099881663781e-02
3.437091914174023044e-01
-1.707232250155208964e-01
-4.093593707947253968e-01
8.365420143330253022e-02
-8.699973477415925971e-02
9.350717363140885474e-02
-2.862298249033306541e-01
-2.167705969034348368e-01
1.150999600434627623e-01
2.151864323852730465e-01
2.158073785447825188e-01
-2.833970229440703203e-01
5.237118068490301259e-02
2.803649214061402772e-01
1.444473764302627583e-01
-9.974820337617952559e-02
1.379946897696059105e-01
1.536422221040842639e-01
1.755340462807079005e-01
2.476219197174152897e-01
1.974223874326264394e-01
4.197861940574779127e-01
-2.293517117120089932e-01
-6.094060089102104616e-02
-5.741908045645056219e-02
-7.982144260520043777e-02
-1.433958451583262073e-01
-7.524590415755234851e-02
2.225220850130419856e-02
1.771373774771666243e-01
-1.324650666374561567e-02
8.888446768444450974e-02
-6.449695157260462719e-02
2.639191019842029307e-01
3.091162347458654702e-01
4.287513691289724371e-01
1.879599355203823430e-01
4.702185866375528933e-01
-1.985485526809088186e-01
-1.291598247501234697e-01
2.227528947222943423e-01
-4.637956669883361305e-02
-2.260373688851306517e-01
-2.169362715464497327e-01
-1.574262855416168685e-02
6.451338776114119190e-03
-2.778789232737565174e-01
7.813287164995105782e-02
-1.357174640913562935e-01
3.881952813168730310e-01
-4.798205832013302530e-02
-1.720858059882474644e-01
1.352003696897794427e-01
-1.826677824154842311e-01
-2.819454342918437106e-01
-3.720782200509594739e-01
8.030716944930400836e-02
1.779059964926737736e-01
5.668268022274772916e-02
1.799838182035012613e-01
2.198632314608852389e-01
3.129802683917850548e-01
4.619031458022442860e-01
2.454744786603217654e-02
-2.260535667977990049e-01
-3.131145638281924715e-01
2.312699740820677724e-02
-2.778714952848096442e-01
-2.740579031350420247e-01
-1.946549345395700431e-02
3.072707278142171317e-02
-1.238729905286537342e-01
-1.634471552433030550e-01
2.991103870965466371e-01
-4.238511625486253154e-01
1.665330766630482573e-01
4.210751291518579076e-01
-2.912165281460974905e-02
3.691398264280914554e-01
-1.135877017482619517e-01
2.789238264393584937e-02
-2.033009701169696815e-01
-5.692759214725136470e-03
1.247691715076228169e-01
-1.361587588978510795e-02
-4.751329546797548042e-01
-1.107820087152843608e-01
-3.453392219201842361e-01
3.987653824313058259e-01
1.622543101661217957e-01
1.666218314308808846e-01
3.464136677061763203e-01
-5.481578049172645961e-02
1.862506873441955590e-01
-5.170312715598012199e-01
-8.719184318517496715e-03
1.665735756356137576e-02
-8.332529500461573202e-02
-8.689347638812386712e-03
9.950463265936919377e-02
2.521942280520257373e-01
-7.313685994844702776e-02
1.489046606458420963e-01
-6.746353470919598527e-02
1.238802414740306640e-01
4.732650298943001932e-01
-1.499892790456866520e-01
1.888003561198085545e-01
2.540597942839764589e-01
-1.859547634044124154e-01
5.067020007282240640e-02
4.656200528355795565e-01
-1.612901882635987549e-01
1.588370714446837306e-01
-2.024665874967416027e-02
-1.231399570314423986e-01
4.041769345746016318e-01
-2.718617833084227553e-01
-1.276624105333927506e-01
3.863369821206737859e-02
7.174510482764230590e-02
3.074554416287121703e-03
1.465487836225518592e-01
1.261531202224867344e-02
-3.975978592775417098e-01
2.116401127220284839e-01
3.622650632313950680e-01
2.456242514584897063e-01
2.116900922786437433e-01
-1.196637159179626680e-01
1.477496349164678091e-01
1.275428463508863075e-01
2.477419812874773752e-01
1.504282599098571149e-01
2.893804132497940773e-01
4.319068862932238378e-02
-1.012976504718972881e-01
1.319433096844329911e-01
1.515287744548824145e-01
-3.587396390336574509e-02
-3.761980578083595761e-02
-1.795499995143920446e-01
4.060816208879842321e-02
-1.190780104065720588e-02
2.374160806559611273e-02
-3.223064288369617558e-01
-1.789832712074856114e-01
-2.856130731560483915e-01
-1.735617319296489103e-01
-2.585749857221599640e-02
7.131912436747899209e-01
-1.864132650339446473e-01
-2.350215100428319492e-01
-2.909617622470123677e-01
-1.507808934155565050e-01
-1.481355881265398466e-01
-4.160339517352035915e-02
-1.446477650320396602e-01
5.450509287851086349e-01
9.743243506313965796e-02
-6.319034844303191012e-02
-2.947261301114474374e-01
3.471433024825592573e-01
1.103577533519591210e-02
-8.859437688709115299e-02
1.086009050385329106e-01
2.676757924117056930e-01
7.665740764808633145e-02
1.564499315029245774e-01
-2.823862678862207876e-01
-1.400702541022894321e-01
-4.441675452489021909e-03
-1.962281622898907896e-02
-3.968419551500353970e-01
2.144505902944072173e-01
7.904668867970088275e-02
3.811762878687304235e-01
3.527008483315340337e-01
3.904149023210772840e-01
1.096197151689748267e-01
-3.808141279937561630e-02
-6.632520925214285823e-02
-1.348245452097618091e-01
7.520174930762525689e-02
-2.722361461017326900e-01
-8.311815781703965622e-02
1.570418805578882582e-01
1.017663432917426253e-01
2.232942517191442017e-02
-1.279097052871144280e-01
-1.501509244206206406e-01
8.392596512748071169e-02
6.259874426317140195e-01
2.392608658091538998e-01
-2.731673343712472946e-01
1.859054902631846196e-01
-2.572815705385147478e-01
-4.700945481189120478e-01
-7.558971541999057187e-02
-2.304214218144951809e-01
-1.440623200869493581e-01
2.844034030825157711e-01
1.975639776981713835e-01
1.966742080894199052e-01
-1.044854276188401515e-01
-2.128676598585856616e-01
4.866708293291314158e-01
2.021894957024722439e-01
6.739678018620764467e-03
2.236145506854574361e-01
2.240850418248088900e-03
-9.894030332612022138e-02
