-5.088105536362244607e-02
2.073002913125154278e-01
-4.077397287662370973e-02
-1.352209682706736193e-01
-4.345961753730581134e-01
-9.297735713799848423e-02
2.074010557876443117e-01
-9.150621933316582801e-02
-1.059212481452877497e-01
-1.952677849401582011e-01
8.214556617866487775e-02
-1.356638972910757523e-01
-7.740389012046594575e-02
-7.087116389077743883e-02
-2.615518796460499298e-02
-3.443510857386359453e-02
-1.539580589360573792e-01
-1.699328610200743495e-01
6.685359560961827430e-02
-9.911420354594671633e-02
5.081126482561616579e-03
-1.853656463383590927e-02
7.204714397508003854e-02
-3.277254693962141641e-01
-3.873860059976685921e-02
-6.455037278534334066e-02
-5.122223433434776318e-02
-2.481723299143531181e-01
-3.175017763863414721e-01
-8.071531975664883451e-02
-2.213679987090430568e-01
-2.284052999449905086e-01
-1.151268902297199886e-01
-2.461453696059035523e-01
3.613201401877164272e-03
-1.184105854396000218e-01
-1.084203617905012546e-01
1.223577550092437398e-02
-3.731574588316995122e-02
3.813816198817628761e-02
9.880021999753428597e-02
-3.301894299156535317e-02
-3.697715169332779772e-01
-1.138518415014353746e-01
-3.011261435513317153e-01
-1.192697023142052920e-01
-3.886611392665068054e-02
-3.727145890052031060e-03
2.064183832553619646e-01
-1.094072326214991231e-01
-1.354477715536230586e-01
3.116448557265995983e-02
1.784649729511783925e-02
3.950902426237604820e-02
-2.756354906190630061e-01
1.761475845393095652e-02
-1.596977916326914604e-01
-1.416279424350567195e-01
-1.368057675602149803e-01
-6.981103006688450796e-02
-1.259395954142372709e-01
-2.985392168838377647e-03
-1.774019632139397229e-01
-1.916818116758290391e-01
-7.828381934302573730e-02
2.277461720711869142e-01
-7.501556578576117941e-03
-1.451750685815944852e-01
-1.801791045829864990e-01
5.592367566645081549e-03
2.766990354226942506e-01
-5.655444714567103154e-02
1.253695842665523419e-01
2.309999057052025406e-01
1.025030597852612246e-01
8.825440678882955081e-02
-3.866186888223852036e-02
-3.046018525160160140e-02
1.348262645935541792e-01
9.147409051538197763e-03
1.427496644998533792e-01
3.465781118940140515e-01
-3.476837989171201876e-02
2.070145504523464020e-01
-1.210708833417618729e-01
-8.625946769224587807e-02
-1.458541038317220928e-02
-1.435416817201788826e-02
2.432084684395939278e-01
-2.913649503347826575e-01
2.408581617282169463e-01
-1.391105303339847110e-01
-1.746032952939099159e-01
-1.925278139678198719e-01
-1.755965992587020241e-01
-1.318840774707945029e-01
-6.153062819860836280e-02
-2.365555108197563150e-01
-7.883916058762512058e-02
5.188791279612783858e-02
1.474732943636493099e-01
-6.454941026728891473e-02
-1.131806654209731033e-01
4.512839865446620358e-02
-2.774978286879222766e-01
-1.611674626039198976e-01
2.507763332175204085e-01
5.184012633792465380e-02
1.510753773617452000e-01
-2.215103878800809833e-01
-2.117125362678516642e-01
-1.078526715947117180e-02
-2.312931383896237314e-01
-9.907908115331238996e-02
7.934585888558300104e-02
1.607165067017439219e-01
-8.868876401276218346e-02
-3.025198253798270717e-02
1.610695456792021404e-02
-3.029213957605857432e-01
-1.546156776023574486e-01
-1.791484357049641374e-01
1.225557845018252767e-01
-9.003883699550091491e-02
-1.815118646844340322e-01
2.273175838374365543e-01
-8.975065141271633407e-02
1.332110147835749714e-01
1.765491909862230147e-01
-1.342019625126571469e-01
1.559651347261860332e-01
-8.500176258726314937e-02
2.007043830939242157e-01
-1.406911159538536404e-01
-2.429941693941124192e-01
-2.505253988328327575e-01
1.171624300201562496e-01
2.134029163618817726e-01
-1.116201625750151971e-01
-2.919586728091515537e-01
-2.910320556152955901e-02
-1.070218035175071469e-01
-3.258971120563893265e-01
2.494069377768861062e-01
-1.581443391483203925e-02
-1.555936398349348493e-01
2.772378903353205429e-02
7.331323799195720026e-02
7.736592471932117465e-02
-1.463810756721929951e-01
-9.375704925743388873e-02
-4.146577447401653127e-02
-1.806158718411138564e-01
1.562820326242848334e-01
1.622726675947715191e-02
4.072858108161957202e-02
-6.592104054302130867e-02
2.196945954972243098e-02
2.396324555814002485e-02
2.457550818005148907e-01
1.092773959726115324e-01
-1.669781649106817298e-02
-1.359296091758185887e-01
-8.904034915746475431e-02
8.713117258017724631e-03
2.007600772049849269e-01
-1.377030480915744648e-01
-4.675458264387062912e-01
3.544713450861738946e-02
-1.143978082595730195e-01
5.878784202353436704e-03
3.364825454938408667e-03
-3.734895193076741560e-01
9.844315655159407985e-02
9.813367736181807799e-02
3.280623308393463833e-01
1.000987433694236206e-01
6.473595951549127037e-02
9.421814981929972632e-02
-1.266120745537151482e-01
2.410237618568767115e-01
1.214592175407651908e-01
4.470525029448368243e-02
9.357542236816879244e-02
1.828385229401972012e-01
1.911285937229286469e-01
1.890149767819716553e-01
1.790920949929632189e-01
9.568012777433380564e-03
-1.607411553182739872e-01
1.912917491289534699e-01
-3.360183254425417321e-01
1.616922033572318618e-01
-4.753926268367499562e-03
-1.728950095161332356e-01
6.966780746388238910e-02
4.055820623309437829e-03
2.005741306164118831e-01
9.573904523141205103e-02
-7.357706721450980869e-02
5.019341737650490076e-02
-1.278678238806364165e-01
1.519527773211939436e-01
-6.488442747572006897e-02
-3.512615239788371979e-01
5.274822513279849023e-02
1.796850494658188135e-01
-1.223885653969969400e-01
4.401357420950597898e-01
-1.833603509111375318e-01
-2.596255891989052156e-01
-9.071006687444799210e-02
1.245203231374069491e-01
2.175164810735505105e-01
-1.402202426196312024e-01
-1.613786912106630334e-01
4.202861740008072278e-02
1.170390121443189678e-02
-1.944384581814083968e-01
-1.621954691863114473e-01
1.384637029282759502e-01
2.406573239244747808e-01
2.041715033147834257e-01
-1.932073410898473009e-02
-1.553668826649917678e-01
1.780007349616600232e-01
-8.431289521402552875e-03
-1.689450814695068470e-01
-4.206024957890303756e-02
3.219783211732819839e-02
1.879665593195064058e-02
1.469033102188873896e-01
8.342821276081779924e-02
1.541768045952416344e-01
-1.957426318717622390e-02
9.678209911800536580e-02
3.116277450561213969e-01
1.827326278330717452e-02
-2.794554304313004445e-02
-1.727576173872960308e-01
-2.676517477859420291e-01
-1.287254662361590196e-01
-6.519342540647854456e-02
1.719107503642672979e-02
-9.808409278192017910e-02
5.367745320289594481e-03
3.747035472091424235e-02
2.534650336359878797e-01
-6.047845582609649023e-02
-2.819845819502742601e-01
-2.852940250663462685e-01
1.600757119722196753e-01
1.192589209108266407e-01
3.221619028303180921e-01
-1.573255232242815327e-01
6.388320234235937978e-01
1.000000000000000000e+00
3.832785222381315249e-01
3.495586995639490269e-01
-8.896908037015902049e-02
3.672512458955012882e-02
-1.934273447052925199e-01
2.297287526049821699e-02
5.762831358282276967e-02
-5.822397034613246286e-02
-1.527177589383398038e-01
-1.346583082291845090e-01
-3.096156006752161516e-01
-1.993267563977816070e-01
-3.134709803647299509e-02
1.090921635870863438e-01
1.032558877704936318e-01
8.093800771400541660e-02
1.270040253237654168e-02
-2.738849433543707676e-02
1.469290427540837218e-01
4.137983265547654499e-01
4.841351458496345045e-02
-7.783725782342112987e-02
1.496132883161326727e-02
2.292038624379224288e-01
1.030778718912909869e-01
-1.441217397317436956e-02
-3.844060538450935760e-02
1.806008306550370701e-01
2.132965808022458526e-02
-1.163906471209512072e-01
-1.399667442834310049e-01
1.433789445129065310e-01
-4.041706314064009292e-02
-7.622954256133390033e-03
2.745685023189874951e-01
-2.106276939108188417e-01
2.980844357002103706e-01
-5.394351781778399663e-02
-2.283340926416867478e-01
-3.081752775453971624e-02
-6.709017935042213554e-02
-5.350207868742144074e-02
-2.124197026539333399e-01
-2.301882440006518538e-01
2.107810783664613996e-02
-2.886020013488722058e-01
-1.264870904899423609e-01
-1.742292748786353485e-01
-1.578803755243655405e-01
9.078635419309447063e-02
2.662529242595921830e-01
1.281686719616170200e-01
2.628575694560325582e-01
8.420361435558312846e-02
-6.652519993335877235e-02
1.607986321800531360e-01
1.979289107604625120e-01
-1.078829607106887439e-01
-1.918170842520355857e-01
7.828093022150896252e-02
-1.512632274972676993e-01
-1.580925589636459072e-01
7.802839440336321875e-02
1.577820772609728750e-01
-5.616434773867914898e-02
5.811231687061657603e-02
-6.725458401699714595e-02
-3.475745609808273406e-01
1.028592399472207097e-01
-1.222603609235781291e-01
-2.415649430276845533e-01
-1.313852828792839711e-01
1.121341950408391297e-01
-1.028728757836953056e-01
1.061080226520032255e-01
-1.390182700532176796e-01
-2.592067236780755679e-01
-1.145456757318873142e-01
1.523496042900123471e-01
1.615131481049964790e-01
2.061303383906143705e-01
-4.041534799204866274e-02
-8.960292227938233822e-02
-5.538422047319380842e-02
-2.759076894360849019e-01
-6.104644576526905425e-02
-1.623928382654009905e-01
-1.821578894001892879e-01
-2.034983115396111764e-01
2.267648759682379736e-02
3.784909494346278686e-03
-7.271949402844829491e-02
-6.574483203838403511e-02
-1.336392871002111127e-01
1.730406098439852547e-01
-2.263056654996523642e-01
-3.510694540554785692e-01
-2.435934009117102506e-01
1.632449334047295086e-02
2.736496432599408099e-02
2.472590764208730807e-01
7.410072248178270482e-02
-1.233692975221941379e-01
2.445289092174067133e-02
2.692500740023138356e-02
7.400144021121492222e-02
3.111015069817573211e-02
-9.131397794975948390e-02
-2.615815520915685255e-01
1.984084597490751167e-01
2.297415810022220006e-01
-7.174971850574572707e-02
-2.543654977168771092e-01
1.635782259572133024e-01
1.682756189703019101e-01
-5.749388743046127126e-02
1.532183593370622376e-01
-2.709415467585616494e-02
-5.930619652052141616e-02
-1.406822918959286517e-01
1.802747297305242191e-01
1.013370799035431813e-01
1.061274338512897299e-02
-2.036508355131262660e-01
-3.641466907809685905e-02
2.617176703359891943e-01
8.264777569636259924e-02
9.217006736390641330e-02
-9.025853905459522986e-02
1.337273782569198544e-01
1.402601044866083613e-01
1.116667366328038813e-01
9.531758896350811527e-02
1.910589478582210010e-01
-1.790140191552525364e-02
1.817104584002074419e-01
-4.507809987153982983e-02
-1.810774552293700490e-01
3.953415257058957161e-02
3.503408252360353664e-02
-2.469756488181532872e-01
8.666752875320338223e-02
-6.160724225461257364e-02
-1.790141002112425050e-01
-2.651319063332501225e-01
4.094621107458564224e-01
2.687574393510650528e-01
1.782879007434191865e-02
1.874254133942017952e-01
2.671634985190728950e-01
1.475313640278644867e-01
5.241886537115045958e-02
4.033829722266042694e-02
-8.282932335157335013e-02
-1.459664699340421368e-01
-1.064326464238139758e-02
4.332736603046380419e-02
-2.083551736610179395e-01
5.637722075714104303e-02
1.734250825462047008e-01
1.587812869875546984e-01
2.522973693476697199e-01
-2.283390896838874695e-01
2.957004119458012115e-01
1.291502974354075683e-01
3.535625527745792640e-01
-8.068104990602326110e-02
1.508630520990758214e-02
2.238436361432983857e-01
-2.583265999389939838e-01
4.641397890376940810e-02
1.096964560099629588e-01
1.436707933368655266e-01
8.285770892952984412e-02
1.319098545516243226e-01
2.099113921004501226e-01
5.132132052104027009e-02
2.837872051875299784e-01
1.903896472164525594e-02
-8.859331406432106870e-02
-1.222195503421887181e-01
1.441870007211777660e-01
2.285991260780298115e-02
2.758850108631049486e-02
-1.887287792866320368e-01
1.860456194650880468e-01
-6.509619882546337222e-02
2.196532859155971296e-01
-5.167719775776639241e-02
-8.253223685586610903e-02
-2.229977430156306339e-01
1.144720783161560507e-01
-1.538696959459052126e-02
2.614076714597065032e-01
1.456541731713252297e-01
1.257435431978249085e-01
4.879187821784721109e-03
8.298471025540481161e-02
-3.261049487934387092e-01
9.338295041982756783e-02
-3.809826169370997967e-02
-7.300871129876777832e-02
1.227713060122951894e-01
-3.237686588042355817e-02
1.389563050155203927e-01
2.196770473016975977e-01
3.250153089233644155e-02
-1.459392551942846894e-01
2.595886732353477333e-01
1.402736926427425035e-01
-1.484742592336651679e-01
1.144435989448333996e-01
1.090908528425535290e-01
4.765385912645208472e-02
1.158236258179580619e-01
2.477153299114264740e-01
-6.043620146761573275e-02
1.318655214470781101e-01
1.742470367096186912e-01
-3.567545012720739206e-01
-2.089479105608582910e-01
5.360080127663992278e-02
3.460815622021561344e-01
6.192974223365623615e-02
-3.062678608698507499e-01
2.828557801526055959e-01
-1.344174893295682072e-01
-5.275048459176291671e-02
-2.121459281326716975e-02
-1.858129976336466913e-02
2.490574721847948203e-01
2.030830308376241899e-01
-8.172389390509912643e-02
-9.691880935317824519e-02
-2.232423711808994571e-01
-5.698317482371495664e-03
-3.568372002353746297e-01
8.764866528243982213e-02
-7.804877317264063974e-02
-2.158770450897210327e-02
5.711053176795609365e-02
3.094001172985866299e-02
7.092987464211110427e-02
-1.519313072415561655e-02
-2.467026027655444265e-01
-4.531260091982932531e-02
3.647398643548938751e-02
-1.216013599641693477e-01
7.912833786312135909e-02
-1.162255897353109690e-01
-2.397779543832836424e-01
5.956060969441622638e-02
-8.693601978339793313e-02
-2.721385368132462224e-03
-5.022440452179857684e-02
