-5.758203631641424514e-02
-6.164459773643151536e-02
1.808480431182116210e-01
1.464373359713070366e-01
-3.163637564324026097e-02
6.844346183773861170e-02
1.146998750188868571e-01
-8.222478491296626724e-03
7.061689584379891860e-02
-2.933544171178133209e-02
4.016952963666648585e-02
2.689564202168494289e-02
1.108718529760324562e-01
2.380415400685521599e-01
7.993217960240754649e-02
3.051258160188551061e-02
3.631492557404909505e-01
-2.536867403275798183e-01
-3.149346657768309909e-01
1.070557590889213428e-01
-1.077660914175430640e-01
5.471367942252468308e-02
-3.792530561962340757e-02
-1.350922210486747987e-01
8.790246492060424521e-02
2.397652430506198307e-01
-7.832451336364333605e-02
-1.747594457687591252e-01
2.308682435353886786e-01
-7.313245909958314417e-02
3.122915518512518057e-02
6.679084294576309588e-02
-1.436650203205898924e-01
-2.763702173404078075e-02
-7.103658004598682220e-03
-1.695142284520993470e-01
2.448454353322713217e-01
4.004782499218489944e-01
-1.573132747907089735e-01
-1.062633444616638972e-01
1.789420009868318562e-02
-2.683381004596927522e-01
-3.900167306018215152e-01
1.237695476461549010e-01
-2.091865896524156554e-01
2.263617154708340573e-01
6.989769737707564323e-02
-6.838334418405253579e-02
-2.603258668980746871e-01
2.307754153337738257e-01
1.729412514209302254e-01
-1.176116922964283579e-01
-1.884466520414732060e-01
4.637636137653501633e-02
6.594454395047395778e-02
-8.462474359649821420e-02
-9.541766220119764219e-02
-1.704468412914070946e-02
-2.863436301653109195e-02
-1.988700263216312825e-01
-1.244938051147802122e-01
1.545267319520117755e-01
8.008367889429324205e-02
2.331513140371585802e-01
4.705170006282186068e-02
-3.470412140490597430e-01
-3.109742636701299801e-01
-5.665329536675769995e-02
-2.356597995073822227e-01
9.362789035361925027e-02
1.516672869023679149e-01
-1.257682619170297778e-01
1.109332920048839433e-01
2.497284234046198356e-02
-8.696976581073584400e-02
-9.058536414529284875e-02
1.765226350363879870e-01
-3.006535911551697082e-01
6.523324990256328115e-02
-1.342234348271291455e-01
-7.747958345343947117e-02
4.768200861756746733e-02
-9.889052206419883528e-02
-4.600442000990269120e-01
-4.437603568779793090e-02
-8.095320354975496513e-03
-8.339991095409207689e-02
-4.631595761270314998e-02
-2.783685589480939249e-01
1.603084877730397706e-01
1.097358545667205532e-01
9.360528984053100021e-02
1.553758564936368047e-01
-2.522814156016659481e-01
-2.185075801826760478e-01
-1.131807847425128077e-01
-2.201290662436239387e-01
3.598623212727191517e-02
-5.218312206070790937e-02
1.902058751799266256e-01
1.473741243948249735e-01
-1.146721909525524191e-02
1.799679864084112457e-01
3.498249856615130715e-02
4.889599338053016164e-01
2.835890853512446075e-01
1.552513530090645633e-01
2.790979667274341436e-01
-6.358771483624010845e-02
-1.514183030916060879e-02
-8.474602213785356608e-02
-1.136895286458055321e-01
7.594486906446186458e-02
-1.004057674671445383e-01
1.295988578455916501e-02
1.653149710811155082e-01
1.632799378601410834e-01
1.806772961223737997e-02
-2.048224436913483743e-02
-2.858368344306574382e-01
-8.889556193278516649e-02
-3.383019908887375804e-01
-1.009785752827723621e-01
-9.003224584912389306e-02
-5.136124966822858129e-02
1.966568913582469602e-01
-1.620028622144996655e-01
1.428508456439308572e-01
1.663121414691153266e-01
1.141978095043219565e-01
-9.230664097790564071e-02
-7.673521526917256863e-02
-1.631944498260108345e-01
-6.208465393082168715e-02
-2.214183045873943934e-01
-3.834531669341139648e-01
-1.901782872817951997e-01
-1.286668296637591136e-01
-1.119941905561366025e-01
-5.363699709913477787e-05
-7.665992196862002339e-03
1.759182095456545414e-01
2.656919851586552750e-01
3.539758838202826663e-01
1.726568315421399546e-01
-1.233509130748007034e-02
7.463382900141345144e-02
-2.216907684710479332e-01
1.667579918111777859e-01
8.818862737079091740e-02
-1.426267283224207094e-01
2.289799446834590302e-01
1.487712174917914243e-02
-1.640322165033123447e-01
-2.540153339364423224e-01
-1.775426537401678106e-02
2.999253397179754699e-01
-2.145884984201730794e-01
7.270409458967867777e-02
-2.086768297845010417e-02
-1.698499276860124252e-01
1.913664730155071880e-01
8.105625178494450800e-02
-9.913567619090316030e-02
3.468741562213376040e-01
1.174903779467159765e-01
7.747643791747256536e-02
2.282768690039002069e-01
1.929722356861716392e-01
3.621024220218683337e-02
1.332340938781298618e-02
2.391553392906251574e-01
-1.458169367885496781e-01
4.140324501603649399e-01
1.938470426289565507e-01
-6.083873291555787211e-02
-2.747299422667848212e-02
1.823978191187641262e-01
1.997570971691452202e-01
1.492168525921554190e-01
-1.123612232839295705e-01
2.582707552282900720e-02
2.950597687917340117e-01
2.110426368899729066e-01
4.777700662690144429e-02
1.255475561925334937e-01
-4.432535446353665781e-02
2.549054772693689838e-02
1.116044082202596321e-01
7.906576385138505692e-02
-2.490126458629549899e-01
1.515818504359011665e-01
1.445330573873099544e-01
1.496235226294253817e-01
-1.458201041239630680e-01
4.974141276242000087e-02
2.410794523780017129e-01
1.687587625628336405e-03
1.870531639838690918e-01
-1.150819535989000414e-01
4.008354964621277938e-01
1.050032061562071878e-01
1.796579695757063166e-01
2.728139650945953648e-02
-6.669392100281948225e-03
1.186670985694127239e-01
1.028668978629237868e-01
-2.086244068522169395e-03
1.417311985240291283e-01
-8.854650592141646848e-02
-4.975243294888596901e-02
2.137669060977477886e-01
1.170599092058112051e-01
1.244370116820392030e-01
1.048630850942514070e-02
1.797288251635044687e-01
1.063481191493738792e-01
-2.676768002000964319e-01
-2.538997045589351798e-01
-2.157404487221589728e-01
-2.281463210698669308e-01
-4.037103068587841875e-02
-2.813305051001315782e-01
6.690453294676516893e-02
4.104432197339463739e-01
-3.641837009363599331e-01
5.461968279862857573e-02
-5.715450447980530840e-02
-2.382857027076057121e-01
-2.168908014367655623e-01
2.961116719803192354e-01
-8.113267712934085774e-02
-1.537684446677847760e-01
-2.374681680016445806e-01
1.067636354542189914e-01
2.381503220916645347e-01
2.821913530233793876e-01
-1.327598384077771920e-01
2.107864611427694851e-02
-1.782096177426515382e-01
2.911977605320743567e-01
1.832713424237090161e-01
-2.209397795058084812e-01
9.976492357005922740e-02
6.113073915235330003e-02
1.696121870939026888e-01
-2.233924690709370997e-01
9.438430190918821461e-02
4.077238306645712407e-01
1.947286988550080422e-01
6.938558834466459491e-01
3.509434814773761957e-01
3.712954688822550087e-01
2.291018808923029337e-01
5.922615993564351866e-01
6.076386932889503711e-01
1.000000000000000000e+00
9.436621907644052731e-01
5.583984170208312614e-01
2.627086366841724918e-01
5.084207072989570531e-01
-6.898537136472457365e-02
4.908311087261843508e-02
-2.577742688734648846e-01
2.948200650948491486e-01
-7.821376219566411603e-02
-2.052883379921146001e-01
3.156687828000804275e-01
7.231254981187891506e-02
2.573024180693868068e-01
1.007347563616198399e-01
2.972420212258312100e-01
-1.350759532775897553e-01
-2.294121024990800894e-01
1.993410681807321061e-01
4.671834153116669053e-02
-2.269730817321228000e-01
-3.494192544795526184e-02
-1.809768048820520614e-01
1.640711920340808261e-01
6.604921678941039209e-02
-2.500920313905859171e-02
-1.118182348931275466e-01
1.830792082946037791e-01
-3.035480199493613140e-01
2.154269998764474225e-03
-2.057061966862444233e-02
2.957875293447101983e-01
7.320536323940161905e-02
8.060837661908350216e-02
-1.733648490791219465e-01
1.100346306795325357e-01
-1.731660941690441602e-01
-3.477050813426841441e-02
-1.124006023227507728e-01
-2.025780515321468356e-01
-3.434352236592226604e-03
3.472881325465104196e-01
2.864776943282668076e-02
4.140325653759719948e-01
-1.920180171093791854e-01
1.700987874887917028e-01
-5.977729795241893546e-02
-7.274025472537473669e-02
-1.006861914484941251e-01
-2.763631444890930489e-01
-6.723079189346153894e-02
1.008068677477680364e-01
-3.502706008912541136e-01
-4.885710756299606605e-01
1.344782766664714448e-03
-2.488001069390988196e-01
3.506476182869688873e-01
1.857625565550616031e-01
1.380919445409343749e-01
-1.455233547637249103e-01
2.643925890700278836e-01
1.686442956076706634e-01
1.228716572750755409e-01
1.288107046068862338e-01
1.225651495668615143e-01
-9.640244549994608780e-02
-1.629297175377593110e-01
-1.377906907108592260e-01
4.731206706681363554e-03
2.278878358228487999e-01
-2.331653306644991819e-01
-1.196442119917826008e-01
1.496921248910827174e-01
-3.891067075544512588e-01
-1.411662992384338788e-01
2.023982984522012252e-01
-2.752702349058972486e-01
3.904095273081620299e-02
1.353637092040323175e-01
-5.427922082422271394e-02
3.677066678625863505e-02
1.390974487543519648e-02
-2.479928885727539657e-03
-2.170102817277927976e-01
2.454956660082135977e-02
-1.478367016950051238e-01
1.094510650593627787e-01
8.378080927314760992e-03
-1.001701988651020753e-01
-3.350535664080539489e-01
-2.307761625597758437e-01
-1.298542207149289973e-01
-2.131847136738832527e-01
-3.079241349246537168e-02
-1.671086473510563497e-02
5.925239931130008020e-02
-1.859694187290558964e-01
-8.724990368193963342e-02
-4.152466402258535999e-02
7.131629343324816239e-02
3.763756931023094082e-02
2.479035239341295382e-01
1.518702105332487284e-01
6.559235230092547164e-02
-2.973427003496750820e-01
1.653213652886175999e-01
3.071967202479401055e-02
1.919751526743371517e-01
-1.417302288478423239e-02
-2.224135039016555404e-01
9.803209013914243597e-02
2.301701929781501677e-01
3.594103303006373346e-02
-1.015497259742490221e-01
-8.103079789819259485e-03
5.386829636537990990e-02
7.832068424952143282e-02
-3.467779321938879722e-02
4.726441181008859960e-02
-1.523347828888656497e-01
1.505237853998997177e-01
-6.070292724564206599e-02
3.131861924621798243e-02
-6.375599072508347787e-02
7.580558596728878551e-02
-2.549027804525189622e-01
-3.928923243491997397e-01
-5.305241903699799144e-02
-2.554694244918104817e-01
-3.155837479128428824e-01
2.924923081794391089e-01
-2.846060307181107543e-02
-6.275419244107236123e-03
-2.571134256185531597e-01
-8.154864850995044434e-02
-1.800564531952860980e-01
-9.913125112826789986e-02
-3.215259287123095611e-02
6.591914958833168525e-02
-1.659455976966685564e-01
1.653048431045721356e-01
2.832582444442673444e-02
1.601270855379065827e-01
-1.791059681340586018e-01
2.995580804167603528e-01
8.172408737817157820e-02
-1.708110831756648185e-01
3.248116517173562645e-01
-7.989825510457751467e-02
2.558542051801608874e-01
4.751008054923271107e-02
-1.710947618685448590e-01
-1.976091211731707264e-01
2.551375461496759867e-01
-1.954476153228054680e-01
1.803776906118637752e-02
-3.316968128098365248e-02
6.790124825900052674e-02
-4.572556861983671783e-02
-2.751352577980569758e-01
1.587029276940994105e-01
-2.095244269968142559e-01
-2.226234160132045670e-01
-1.046067555828658485e-01
1.578048923390994729e-01
-3.254410980958900163e-02
1.903793211750591519e-01
-2.357265142137708325e-01
1.817340190773988201e-02
5.806395915236887799e-03
-1.636713734624255512e-01
-2.772436780860252498e-02
6.247693771218357922e-02
-3.892641043951677871e-02
7.846838830681872323e-02
1.096252224720919988e-01
-2.092872051283642676e-01
1.996506020981825835e-01
-3.279714051556767429e-02
3.729082616163013897e-02
-7.647850068642064736e-02
3.712035069680236915e-02
6.335411319666808816e-02
2.936491962276764900e-01
-1.352559208630810597e-02
-2.145822751072097301e-01
-9.911136094595675294e-02
-2.510437011401124921e-02
-8.302922218911236441e-02
-7.407155459930178654e-02
-1.049130347887858722e-01
-3.053672893032626234e-01
2.226116863380137034e-01
-7.688699681346045089e-02
-1.717348863791181290e-01
3.087439625989662692e-02
1.081332054813613219e-01
-1.001202309873093360e-01
3.278224350501167395e-02
-3.604170033931438245e-03
1.196076265485873508e-01
-1.623752858353885442e-01
-1.673965506849851570e-01
-1.691336085156849300e-01
2.477847569895225699e-01
-7.080378431710862563e-02
-2.391903172603335875e-02
4.572454190127425711e-01
2.678421648418823908e-01
-1.872385383882212151e-01
2.538369291307993308e-03
-2.731741044451970746e-01
-2.295087816142150627e-01
2.057156372152578461e-01
3.488723517685526909e-01
-9.318812245172301834e-02
-1.419664255905186967e-01
3.354668550439483532e-01
-3.597777755301145332e-03
-1.535581590700211552e-01
6.959199232027074578e-02
-6.646071153967296474e-02
3.609127035286982532e-01
-2.291184628664517942e-01
3.749543586347487412e-01
1.234880128503758334e-01
2.041800167859229853e-01
-2.852683486289696660e-02
1.647739556929239402e-01
-3.871835225722757012e-02
8.720761146714089973e-02
3.054411689179007960e-01
-6.861613906099546523e-02
-1.530996672257468882e-01
6.802393061883078573e-01
1.221498060854269568e-01
-1.287293936030649982e-02
1.571274712212588076e-01
-4.070330431372228691e-02
3.096693832721496564e-01
-1.514615159257047539e-01
4.795424785662236178e-02
4.069816757996572165e-02
-3.077915563681407618e-01
-2.434558102683708480e-01
-1.388933864815208863e-01
-5.653012927013364303e-02
-1.665099864809957142e-01
-3.330621246466590381e-03
3.877356964851118998e-02
5.225268989944605730e-02
-1.174841885132861113e-01
-8.829010528830032178e-02
1.317896040370356847e-01
-5.015778765108230147e-02
1.058248241357743341e-01
