-1.589470480115565965e-01
-1.191411716692620387e-01
-1.143730766585119851e-01
3.585629043857758713e-01
-1.893847098303495444e-02
2.997861811707475677e-01
-8.789142024725478397e-02
3.195103760982902913e-02
1.784996838698888477e-01
-2.157366130883779098e-01
1.390711124986405700e-01
-1.439133113578909551e-01
6.041334342718573253e-02
-5.169656568189433948e-02
2.548688810725435044e-03
-5.009229807936333573e-02
4.224692145728077552e-03
-1.087665416765750265e-01
-1.352957219469860806e-01
9.761249824714916812e-02
2.434027953354040985e-01
-5.701866870949048004e-03
-4.628100274405846232e-02
-1.736870977567183533e-02
2.720057798354655887e-01
-4.686395487162962198e-03
1.010856108436973405e-01
-1.741206100205900387e-01
2.096238323746466709e-02
-1.326825149727343389e-01
-1.577769805937125625e-01
-5.307076228818340125e-02
-4.029900912591624640e-02
-3.416170366098813527e-01
6.221693814065185069e-02
-1.493644802352550203e-04
-2.128737623617223684e-01
-2.508294200186878542e-01
-1.087078932482683225e-01
2.736733607093175258e-02
-9.779847634798717604e-02
3.025409434349606852e-01
-4.944504995044497475e-01
1.341212771179182972e-01
-1.144607390375700362e-01
2.027472147725263296e-01
3.227433920563350656e-01
4.724689064687104811e-01
1.486463549122512828e-01
-3.379343256605821799e-01
-1.715251294676591598e-01
-2.760105550111818240e-01
1.513629879518316179e-01
2.011708749929912443e-01
-3.365778787556863438e-01
-1.646142872771018950e-01
-1.686901832838889892e-01
7.819625678047298356e-02
3.810160722491142682e-01
-1.435640506101261704e-01
6.505650016146738435e-02
2.652737222721353039e-01
2.825140700632487734e-02
9.058230334471505107e-02
-2.106434924832150668e-01
1.409053812572726994e-01
-1.192875755968399731e-01
8.562321300979151839e-02
-2.217923517342249851e-01
-1.315130503906809453e-02
-3.520212601089234283e-02
-3.097422293593334319e-01
1.317530049387736768e-01
-9.937673230254227830e-02
-3.902008469220842879e-01
-2.492475877947743779e-01
3.957351188011502818e-02
-1.526652103997892529e-01
1.535466804186207124e-01
-4.280147453576867850e-02
3.270810028321144980e-01
-5.084222804828243403e-01
2.245967226182928045e-01
1.030996805171711106e-01
-4.992009202430827686e-02
2.961973619718979989e-01
1.984336938806437883e-02
1.468491525305307410e-01
3.188006208436664629e-02
3.797704134687625022e-01
-1.698762239084260217e-01
-2.520005968443978506e-01
2.787543845720334978e-01
2.002782860303337631e-01
-1.701929875562561423e-01
2.739462208815200417e-01
-8.343840550988597393e-02
-2.796430889993321012e-01
1.503846760651321446e-01
-1.752722606502447877e-01
-7.823151775739965730e-02
2.046939494411305696e-02
3.181668141872903005e-02
-2.823010503305333208e-01
1.307048502145883861e-01
-1.492871688017357035e-01
-2.213480432680761389e-01
-1.974734631688367451e-02
4.179356461984447546e-01
-1.130187088889901686e-01
4.373690730560614998e-02
9.572995507856049691e-03
-2.510606237029063270e-01
3.495253444384557179e-02
1.492201010916664461e-01
2.185138230678347615e-03
2.162268607848098767e-01
2.014520926779282961e-01
-1.373427310415407665e-01
-6.801401084438806963e-03
3.165174430267621991e-02
-6.086483629951046082e-01
-5.333926514984645151e-02
2.432600375173634699e-01
-3.467097555681985382e-03
6.061620024737258972e-02
2.315242516624457236e-01
3.135312346216291846e-01
1.378634665426360373e-01
1.622359124417458720e-01
-5.233311856040241683e-02
2.537261600898805397e-03
3.148364417176167107e-01
1.070208175295462305e-01
9.287117509138427540e-02
1.363672737787961428e-02
-2.673744925959653518e-02
-1.563918689388839323e-01
-1.083671272476955105e-01
-2.945390561528933859e-01
-2.965551118415661880e-01
6.868503883918540553e-02
-3.293851932901739350e-03
3.862544640939548635e-01
1.057910388357124476e-01
-2.335776707435679445e-01
-5.259587289708175101e-02
2.755622897958247969e-02
-1.666091101152744891e-01
2.017669168707041938e-01
-2.496427588674994813e-01
-3.848105819853216425e-01
9.448938332537902551e-02
3.590457860188744910e-02
-8.906652254317988515e-02
-1.561161436983252160e-01
-6.528566564512980341e-02
-2.059361483161799289e-01
1.171746314801925676e-01
2.380824446977441999e-02
1.741076447419229456e-01
9.312964113312600586e-03
5.788084777889098559e-02
8.715181940963581675e-02
2.238419264357356941e-01
-1.475004239022955910e-01
2.783461727552500875e-01
1.682346161935561468e-01
5.366003952177531566e-01
1.042416804316994572e-01
6.552767360285274845e-02
-2.476984854713667750e-01
-2.555148875284990462e-01
-9.595132980568886472e-02
1.258685957406868450e-01
-1.490506821936757875e-01
1.793787897673417286e-01
-1.865218928646263929e-01
1.843136449489132522e-01
-4.520716229268159636e-02
-4.151865337137516376e-01
3.705377368304208496e-01
-3.376346213473150337e-01
-2.223030881075318752e-02
-3.310191004335507059e-01
4.035268489730342023e-01
1.137685223787851252e-01
-2.053847194937733281e-02
9.798199883787192532e-02
-4.131937900109912687e-01
-2.981474697665774387e-02
-1.699425835968430554e-01
-2.798491809228655369e-01
4.965632702522660563e-02
5.402475152652996826e-02
7.173863043042707360e-03
2.290347804365832352e-01
4.156299882043624355e-03
-1.859610943090563850e-01
1.500313734468667060e-01
-2.652132451638476995e-01
-1.891093892104053070e-02
-2.088028779529439438e-01
-1.466154530795352462e-01
-1.947473367856922266e-01
1.255350055589030955e-01
-3.866758274298699449e-01
1.805926418145891166e-01
1.384865596360500550e-01
-4.518486659442199488e-02
2.165201262062248777e-01
1.775089284857099270e-01
-7.991707868735369036e-02
-2.821168198190345811e-01
5.853847054750710432e-02
5.752671511343731420e-02
-1.690221832114752187e-01
4.474284437451324370e-02
-1.366774499865188418e-02
2.612161266532138093e-01
9.426498460026754705e-03
-1.170408051051633896e-01
-2.043301507790934723e-01
1.866836237825791056e-01
4.568471041095243518e-02
1.447750456601683555e-01
4.161160718644204420e-02
-2.063042914532381700e-01
-4.366634519596718916e-02
-8.380481871242691227e-02
-6.029320160297677034e-02
2.043119643818425979e-01
-1.540154343470059514e-02
-1.694153682690013041e-01
-2.162355128671435700e-01
-8.861485201777744014e-02
1.927252355564978703e-01
4.268011174027297287e-03
-1.359315611786296452e-01
6.711409838377731252e-02
-1.258150760990218303e-02
-1.565113380510845253e-01
-1.365250197945264976e-01
1.469978836392430432e-01
-2.107614475949950647e-02
-4.627502568051231613e-01
-4.941472189218242272e-01
3.053708081805051044e-01
6.820502144975133796e-02
-4.155062298242164220e-01
1.597966414570665128e-01
2.199652178595257745e-01
2.167603986041800601e-01
2.856602384445781628e-01
3.043963053637732674e-01
1.000000000000000000e+00
8.093804556815984430e-01
2.562597592603879648e-01
6.723889697992593839e-02
-2.308612705045969271e-01
3.762922659941332904e-01
1.887163663248857259e-01
1.878890742028477001e-01
-1.647917377307749620e-01
1.152776025825741346e-01
-2.937983314506811827e-02
-1.196513356974240050e-01
-3.339539196932872489e-01
7.671544556561528394e-02
-4.209663054867248538e-02
5.961718291661102093e-02
-5.599752912179783992e-02
-2.330385240795338486e-01
-5.757685651231615465e-01
2.469610954145966264e-01
7.317895230346767310e-02
5.424351171323085058e-02
-2.722742537918057537e-01
3.438854734495919857e-02
1.488610732284515181e-01
-1.384787343852868502e-01
-7.254055549978942474e-02
-4.413209153924049222e-01
1.162017421977306481e-01
1.116749358725122182e-01
9.866281719211487944e-02
-2.588811751994244195e-02
-3.467490081215010012e-01
-1.427400401516558670e-01
1.986633514249853960e-01
1.621526563791962361e-01
5.559846204308261930e-01
2.495528600178493761e-01
1.393490718001204609e-01
2.036783206859349715e-01
1.432283869181806835e-01
4.084689265335013642e-01
1.146831509590968690e-01
-1.634334910511828498e-01
9.112867238764481292e-02
3.519933323221953181e-01
4.422499245155794290e-01
-2.731913949969319577e-02
1.643512824850295040e-01
4.333589458768415115e-02
4.449153177462132902e-01
-1.312735406454828280e-01
-2.649656572667836718e-01
-8.118198350645122394e-03
1.478073329396364932e-01
5.868123125248376759e-01
-3.904817700011544157e-01
2.724821663604751754e-01
-1.063207001546068453e-01
2.458955642663498975e-02
-2.118691209411458221e-01
-1.900993538971201477e-02
-2.081127813644655378e-01
8.024716003028720124e-02
-6.954450454996828623e-02
4.383575220933160765e-01
-1.070772029916088747e-01
-4.326035219491572437e-02
9.745720381141594058e-02
5.966193807003965233e-03
9.854907332486377569e-02
-1.897175960497260797e-02
-7.501497588976674055e-03
-5.917917607162728744e-02
-7.280704826970199606e-03
-1.348445403027982992e-01
-1.387872128064619459e-01
-3.549521322676411905e-02
-8.806446438438124413e-02
8.153184792263901137e-02
-1.202067349288670206e-01
1.315372390199650854e-01
9.274124849690325301e-02
2.576747381932667502e-01
1.265651079409832180e-01
2.281149540177601076e-01
-2.142355235054151652e-01
-1.111382351996071244e-01
1.151395537218302262e-01
-2.443766487201617654e-01
8.580522470552015557e-02
1.546435767752664392e-01
2.220779580809248699e-01
3.496371311595628528e-01
3.326385553460985411e-01
9.364863141824694703e-02
1.981293945645795085e-01
-8.298990024768933271e-02
-8.837753536256746922e-02
2.497670043675049023e-01
2.904542054229843351e-01
5.714561102585029584e-01
4.837218981934712780e-02
-4.448179910198787196e-02
-1.191149119755639529e-01
3.341654783714939625e-01
2.189504368425699843e-01
3.724164573052524130e-01
3.589841721918068940e-01
-3.619493725037287862e-02
3.397953253393433681e-01
1.170962168171225948e-02
-8.732388819400380142e-02
2.363197856150152099e-01
1.097909942790969012e-01
-4.542722536604072714e-03
3.440649861725081915e-01
1.527485804529535862e-01
-5.443167010461556765e-02
5.558299240381509715e-02
1.752204910252656567e-01
-3.876440615536603379e-02
1.778290588823996377e-01
7.790397633171705638e-02
1.797668861482761005e-02
-6.072484904420954316e-03
2.776907768090747242e-02
-1.962690700074975758e-01
-2.883544617952078504e-01
-2.210737999163125411e-01
-3.330197416368859686e-01
1.209165182641601943e-01
-1.415514861054817108e-01
-2.477483212665803070e-01
-1.148294641760942980e-01
-3.574471665746928317e-01
-2.727552176287136310e-01
5.082696840961536261e-02
1.966377614213954406e-01
7.188186747374303298e-02
2.026179087046965921e-01
1.047116746250016800e-01
1.701989431921440976e-01
-1.999956354263790759e-01
1.450457825827526082e-01
-2.031566700522832447e-01
2.487095015688669808e-01
-6.524426279185061017e-02
3.378313627868013147e-01
-1.460349806406141017e-02
-3.012157003913398801e-01
3.877985548193156329e-01
-7.326470091721475064e-02
1.292345044888726195e-02
-1.992065656492633952e-01
-2.917633636789301321e-01
-1.401624722604722095e-01
-2.650978331955113065e-02
4.541320524647576157e-02
1.852186926542394030e-01
4.273090866047448144e-01
-3.686063203475909988e-01
-5.358118239698889118e-02
7.510526647767022668e-02
-1.956020991644670248e-01
4.068794841765523140e-02
2.273676130147079810e-01
-3.586387927638214346e-01
1.227005169413920432e-01
-1.109092270510864120e-01
3.130107527915065857e-01
-1.849554133207928219e-01
-6.067558801224887111e-02
-2.459354483188405383e-01
-1.637644979711886661e-01
1.984934958311370956e-01
-2.631231498416030656e-01
-1.210016230711835755e-01
-3.405512253323849520e-02
1.829790048611005249e-01
2.736649798886035129e-02
1.688936429759052282e-01
1.452543879279231953e-01
-2.626116981999937483e-01
-2.337506450405154312e-01
-1.999603222640953248e-01
1.608424609652342741e-01
2.213909103273832210e-02
5.894485521243240100e-01
-8.722455642855788836e-04
3.360835305990756972e-01
-4.741290241200808719e-02
1.915723591186915820e-01
-2.570396230531180604e-01
-1.920545046132771383e-01
-9.528020872675525832e-02
-8.305159753891624974e-02
9.824788712276333325e-02
4.666292914930254658e-03
4.237389868347965494e-01
2.407131821965692864e-01
-9.706709330651515366e-02
2.850309545050723203e-01
1.941240783222533128e-01
-7.898131037679310962e-02
-8.026976077896780248e-02
-9.822478709500403679e-03
-3.943629547623023895e-02
4.385724266499808621e-01
2.409330285111401238e-01
-7.728388795078752760e-02
1.352513842214395356e-01
-2.494196156724224137e-02
1.349495309325811909e-01
1.247146098949763748e-01
-1.699524903926511454e-01
-2.214354576014501697e-01
1.532533138420330010e-01
-2.852131861659301104e-01
3.095515419914335147e-03
-1.150094513314386807e-01
4.027613625075873172e-01
-2.121750393805771628e-01
-9.734009563288325770e-03
4.700373619893306598e-01
2.528551007328582734e-01
9.160621488070337659e-02
3.207944249480949028e-01
1.230282421700375564e-02
2.863062011746984881e-02
-1.766687842976942882e-02
1.419786629872558936e-01
-3.951142212073952553e-01
-2.604133282030165683e-02
4.256131612846637130e-02
1.899502952546225643e-01
-3.313812237198306421e-01
8.445311427703010299e-02
1.681202670448047887e-01
-3.474211535230087300e-01
2.087795169972922749e-01
2.345661816222334439e-01
-9.002496706785050040e-02
2.242725655962535258e-01
1.472503586712017171e-02
-6.226510821623843644e-02
-4.112077027835248089e-02
-2.139498529438249308e-01
-2.085496427141287495e-02
-6.259211982585022316e-02
-3.922560095978574468e-01
-2.449387662041347113e-01
-2.617273326869461875e-02
-1.694876860029390087e-01
1.049042834834068710e-01
-8.982469350947973330e-02
2.492011709338156633e-01
