-2.250395681361708478e-01
1.416435775618078430e-01
2.439512692918923906e-02
-2.496766975868018879e-01
-9.854551542944031683e-02
-8.110706126314401465e-02
7.718379742171509184e-02
-3.905119779778878364e-01
3.938937956698655429e-01
-2.406106911763438230e-02
6.854196225504788353e-02
-4.172815047780211728e-01
2.285648850531599996e-01
2.885444855295367650e-01
3.942482016120932298e-01
8.740381513024636853e-03
-4.039894022699428572e-02
-2.806767708310010101e-01
1.687099894692036320e-02
1.593352042552059755e-01
-1.852269629592826483e-01
-1.703461088067284857e-01
3.607049299374318063e-01
1.697658843275251864e-02
-1.035750948194804621e-01
-1.182950533651728892e-01
-5.760380506086529295e-03
-1.445038958310017330e-01
-8.079613232518893795e-02
-1.223187769082955956e-01
1.603724636361958389e-01
2.187405355772680526e-01
-1.464588179550018465e-01
3.449766843784777409e-02
-1.511325079540239980e-01
-1.596308438957394771e-01
4.617058081315222190e-03
-5.511756105816055795e-01
1.456944986459857705e-01
-1.035068705639613229e-01
8.632504910541657916e-02
1.993194921626587068e-02
1.261327537027470969e-01
-3.967837437798193631e-03
3.523827828746315532e-02
-2.969287490485135184e-01
-1.439936170381990455e-01
-3.047773907887477707e-01
-1.946319492904612369e-01
1.332766201238278977e-02
-6.859544172198185630e-02
-2.165992329587070331e-01
-1.100376385016352404e-01
-2.592520805285792873e-01
-3.203430235111520696e-02
5.708109263917651027e-02
-1.282604517762377383e-01
-5.416193711741620204e-02
3.849117117908370522e-01
1.080818483885534753e-01
1.243337044293667953e-01
-2.536215789520055996e-01
8.833542742816524740e-02
1.253768033298980344e-01
2.206015751555086557e-01
4.175450660229869659e-01
-3.993634443145153284e-02
-1.425584382588596793e-02
1.171120654980137843e-01
1.965983770509879824e-01
-3.017789109802897565e-02
-2.209393026272039595e-01
1.175541200352973464e-01
3.331394293428083242e-02
-1.584977682870578330e-01
-4.033295700754078728e-01
1.717137924160823392e-01
-2.862859722098314019e-02
-6.758562423544565989e-02
-1.287993836578960327e-01
-8.375436775243893378e-03
1.488811573272555422e-01
-1.020840739611343778e-01
3.798033181238678058e-01
-6.396807344812857621e-02
-1.587048933651997659e-02
6.440956015173858462e-02
2.285051285856699588e-01
3.280273098387893604e-01
-5.194680588240820907e-01
3.020670115749080065e-01
-6.523294134168926284e-02
-1.162884587032892714e-01
1.741397223216446244e-01
2.056650204507775859e-01
-1.586764547069768883e-01
-1.626689247937611049e-01
3.023254791126999130e-01
1.879152429153938542e-01
2.359887743622964273e-01
1.624119452809421327e-01
-2.160724967239631145e-01
1.422162689916229850e-01
-6.366625108274834299e-02
-2.713366859002685483e-01
2.446814374026026195e-01
3.612729930420925939e-01
-4.063874438649442422e-02
3.601671149744511968e-01
-2.069854083635189190e-02
2.176395859902041097e-01
-1.219998025144485992e-01
1.580296098025894824e-01
1.503169942412712623e-01
2.522284068551756131e-01
-4.313640869458310045e-01
-2.451561020921479983e-01
2.020920230909353452e-02
-2.467590685637141568e-01
1.216799216578053622e-01
2.913355767828853735e-02
-8.534883651313560082e-02
2.302945546786288877e-01
1.395120527775549069e-01
1.232183406645524261e-02
-5.189049088936287940e-02
2.750255824946467031e-01
-8.235665500816058415e-02
2.093062294716982186e-01
2.292862485419326080e-01
6.950466915413552882e-02
2.113503268470984242e-02
3.212965253606874239e-01
-2.546923641004039118e-01
-2.306554622497509754e-01
4.710732852484452171e-01
-7.796249194366405844e-01
-4.831139435001672450e-02
6.423129606397165459e-02
7.303484360080003679e-02
-3.915821907164299120e-01
3.154140903524036976e-01
-2.727998656991593648e-02
-2.135515673539636894e-01
-1.970030617817908336e-01
-1.101405997189647407e-01
-1.496027326922540757e-01
7.274838965968818960e-02
1.212308164065784843e-01
-2.318139238942398261e-01
2.659482268967479635e-01
1.176397685737462645e-01
3.717804961121697338e-01
-1.948438892233555764e-01
2.049187258931045585e-02
1.304609278797526917e-01
2.871081878096991558e-01
1.440031226180889246e-01
-2.379128328848778839e-01
-3.038008268152017632e-01
-1.816290529639108253e-01
3.536649752495560437e-03
3.483799758973910587e-01
1.148208563012861200e-01
-3.001354429528907963e-01
2.218477411970928848e-01
-3.966859234234602904e-02
-3.088978136975064070e-01
-5.767547614341567153e-02
6.657656644754139479e-03
-5.830030091693625544e-02
8.634467932469688800e-02
-1.045289779731062713e-01
-2.648798037589462639e-01
-9.675942276421933830e-02
-2.946781221720676941e-02
-2.850752077938621953e-01
-2.014919256859444285e-01
1.221610028529458991e-01
2.130460669313889721e-03
-2.845690128173326561e-01
2.521263845778298207e-01
2.548526254989323947e-01
-1.316092836334757099e-01
-1.672546718811448660e-02
4.549904866082592203e-02
-5.078349590302891348e-02
-1.383830285080037692e-01
1.330275122893554984e-01
2.891181658623405773e-02
-3.329442165518815000e-01
-1.087410390175742592e-01
-9.075739111792614777e-02
-2.716010872333260995e-01
-1.733697323194307582e-01
1.388020575997621353e-01
6.969100659882906945e-02
1.902033187252568161e-02
7.599334926064763018e-02
-1.885135322572421002e-01
2.173108219266067787e-02
2.964468113536563101e-02
9.426644590002283830e-02
-1.629444606570351339e-01
1.141344914560472601e-01
-5.832284223183224758e-02
1.641966487730672219e-01
-3.527269137248949527e-01
3.098601307416742334e-01
-7.880660598878745648e-02
1.156113550845418309e-01
-2.791623453966625597e-03
2.308482162000098092e-01
-2.242760331132368778e-01
-3.467839997615759229e-01
1.590758814804448806e-01
7.376936957746065004e-02
2.407753104408227318e-01
1.230778767336764695e-01
1.853184276924358387e-01
2.908136873475399287e-01
1.118541166341279619e-01
1.725232268320778806e-01
2.000798352847144579e-01
-1.615196360965516220e-01
1.438693023755383549e-01
8.643181131193608535e-02
-2.588519358437337270e-01
-5.242006606263198698e-01
2.371129607675864781e-02
2.208400468606823777e-02
4.038835478179685773e-02
1.939729087391594553e-01
-1.108462388260362530e-01
1.208854227612611160e-01
-1.741712704404338452e-02
2.079886837255658094e-01
-6.144899405706186896e-02
3.343298583803216983e-01
2.560787947911087881e-01
1.850996534979917896e-01
-5.066429369616672757e-02
-2.016666504662596726e-01
2.601768543637102415e-01
-1.765791766690248676e-01
3.032316686963709151e-01
-2.323567616134773195e-01
-6.572067236167232762e-01
-1.049652872665577663e-01
-2.000371810402086503e-01
3.312624019058991176e-01
3.965015183979964108e-01
-8.054272601735358583e-02
1.723552805112728015e-01
5.353984562837227346e-01
1.000000000000000000e+00
4.033659066662403925e-01
4.839666583505794484e-01
-2.585468464253051213e-01
-3.844221861324895739e-01
4.358723701098585201e-02
-2.200056432480743951e-01
-9.299928379086967734e-02
1.264013783571318328e-01
6.894785218372553870e-02
-6.781532708039249291e-02
-1.776145957270767323e-02
-3.654631845369078064e-02
4.043392978624174017e-01
-3.376931536193613081e-01
1.399529519224910201e-01
-1.188213778404594856e-01
1.244315101410304325e-01
-2.214515632315139024e-02
-5.813568802386913370e-02
2.100036903734688598e-01
1.911386559434506971e-01
-6.367500169790542286e-02
-4.334042737497976749e-01
1.740540632105158081e-01
1.899852170552486230e-01
-3.755167105940098171e-01
2.116010895799118330e-01
5.807320301568482529e-02
-2.074679430845496331e-01
2.845689971650049166e-02
5.861119595738925603e-02
2.175915643638214880e-01
-1.374174768879899977e-01
-2.123813429673925002e-01
3.191266964061676426e-01
-1.826998102113042699e-01
1.192736498725431443e-01
1.239241039701139135e-01
-1.441024841497445530e-01
-1.102841653186209525e-01
5.482963258785114591e-02
-1.981159347613359600e-01
4.319581214006227958e-03
-1.465384595678504986e-01
1.708407312684720458e-02
1.286406042878730505e-01
2.180606663644412690e-01
-3.717184175281122438e-01
-1.835140615038429734e-01
-1.245206202804137741e-01
3.340116343750397787e-01
-3.333773809689987710e-01
-1.717271667801962276e-01
1.112126179662725478e-01
6.843121726354986500e-02
-1.104722305655480158e-01
6.724516364688837289e-02
2.801355712144554255e-01
9.014206902405026006e-03
3.635026515944220771e-01
4.490934470755324898e-02
-8.388438498396394438e-02
4.211496881031495665e-01
3.609381230434657306e-01
-2.057695471440042570e-02
-1.050977462369873938e-01
8.375603173433000814e-02
-1.418336382891741132e-01
-6.317139881026467840e-01
4.721283325422472033e-02
-4.023873207315350475e-01
7.016763744752410603e-02
-4.310334998875907653e-01
5.217248915926296915e-01
-2.443281543755796981e-01
-1.899848949953030497e-01
-1.294681183404913782e-01
-1.644243854588494647e-01
-3.059740449994542422e-01
2.940039132372961328e-01
-2.621695729468133743e-02
-2.002938370727674333e-01
-7.624595537440548298e-02
-1.005148218083803530e-01
-1.150365503181480058e-02
1.678653554904362410e-01
9.744744304047506245e-02
-3.462437729825011967e-01
-1.703142935132136992e-01
-2.089085054996592944e-02
-1.378667043159011452e-01
1.881113151445430454e-01
5.752165315498990183e-02
-1.135646786446453949e-01
3.080547532419257717e-01
1.501893694757097664e-01
3.606183876883588546e-01
-2.827420156143469754e-01
2.908501944405937623e-02
-3.098648593390202488e-01
-1.492279490425306790e-02
-1.923911004058757035e-01
-3.169595786640320711e-01
-2.438269292535873503e-02
2.038452971697739258e-01
-1.107186535978833602e-03
2.705839686829658031e-01
1.617379155876567665e-01
1.994367309913396835e-01
-8.986844783847598717e-02
1.087988173329201419e-01
-2.923915316061793598e-02
7.911837359450477059e-02
1.785443441887850924e-01
1.674884082333424340e-01
1.917417840663497020e-01
-3.954034993759853595e-02
1.841817743025879472e-01
2.148010887278083980e-01
-2.468975556050888864e-01
-2.643857621002166508e-02
2.983528451249395919e-01
-2.899910964401536395e-01
1.907177150742526694e-01
-4.587761177284930270e-01
-2.925137670853714122e-02
-3.043815184715790712e-01
-2.881857853151096882e-01
2.506583167938071788e-01
-2.856496953407925126e-03
-3.566789400797364396e-01
-2.461326208363492640e-01
-3.670370765042857419e-01
4.182666632924930683e-01
-8.751249789167118986e-02
-3.836245808332958140e-01
-8.218829692789819674e-02
-1.846203061015969371e-01
1.142182900155484931e-01
3.354549722361109820e-01
-2.306562895856855144e-01
-1.782452609368088969e-01
1.466904763863885741e-01
-6.716149326056866653e-02
-6.630334263164999742e-02
2.806325653426858246e-01
7.210425215065023596e-02
-2.365715134457375968e-02
1.917587860171273417e-01
-2.311188574802234275e-01
-1.338584675184058964e-02
2.856227274992410511e-02
-1.856103990931435022e-01
-1.302408926854091986e-01
-9.547650237586299826e-02
1.096689471563595530e-01
-2.905671212977067319e-01
-1.935143469544073069e-01
2.428734210616716183e-01
3.738805404149808109e-01
-4.060272309996244139e-02
-2.270987954212665416e-01
1.934507941122451391e-02
8.832037648765979354e-02
-3.422767793518933371e-02
2.067722771188499065e-01
2.284440002733940656e-01
1.787922813626214094e-02
4.751238330853500141e-02
1.325548604086041748e-01
1.561908845141564417e-01
-4.106474648564899937e-02
3.948098980167011329e-01
1.754177979324380299e-01
-2.999267248436852107e-01
2.579350174927913519e-01
-5.323403355481354238e-02
-1.363505763935356739e-02
-4.943316802242300051e-02
-1.570685703275131739e-01
1.213493134542053681e-01
-7.136036391615874219e-02
8.406021011379467833e-02
-1.980692570787194462e-01
3.687080063087954662e-01
-1.095308537869544435e-01
5.396989442128612424e-01
-9.560381641332159341e-02
2.526149003453213582e-01
1.772100687463081525e-01
7.313446081771170226e-02
1.201015696881066047e-01
1.327134558034060718e-01
-1.792009344119429443e-02
-2.693503429138860428e-01
2.776235598656420223e-01
1.209046864504288304e-01
-5.822325291592542196e-02
-7.506786351063633733e-02
1.665253906061369138e-01
-3.180794080818112324e-01
-1.145374695299912621e-01
-1.630594395425551957e-01
-1.719827058940773534e-01
1.262064682760199730e-01
2.175507435290563452e-01
-4.975426464962095369e-02
5.953329847415018278e-02
-8.081372783116760883e-02
-1.651180453714151675e-01
-1.846725895230064418e-01
-1.894187097705798684e-01
-3.586622603281038740e-02
-2.633188709548662729e-03
-7.022892183400129829e-02
-3.770604756796172019e-01
-1.257579625765062881e-01
8.313168509495628966e-02
-1.256612074088307995e-01
4.173840934687408355e-01
-1.344318679627964919e-01
3.493925159665939306e-02
-4.151587969451751153e-02
4.318087637551348834e-01
5.499999072475032780e-02
-1.916359270221112488e-03
-2.489610062115267253e-01
1.356608375440223994e-02
-7.736875168980998640e-02
-5.209076341696330381e-01
-2.122127020217714696e-02
-3.280367889379740554e-01
5.668585528953366121e-02
-1.455807475240148974e-01
3.433620928747437295e-01
1.907241549046550799e-01
5.939432982911065917e-01
-1.041048469982292779e-01
-4.370896649342112528e-01
-1.591127466721034278e-01
2.604301384948463638e-01
1.090669917541628453e-01
-9.576522862804479064e-02
-2.069283550900206659e-01
1.431985397353013612e-01
-9.699911531968520573e-02
-4.233053100222755050e-01
1.831909203498113536e-01
4.100479085566848814e-01
1.216006081013845802e-01
2.291082740368939052e-01
-6.029311545174590586e-02
1.305089283607755724e-01
-1.487823243964259690e-01
3.556905198475465713e-01
4.962852913410020599e-03
