2.728533630114824415e-01
-4.053784558173356700e-02
3.913844541860860837e-01
-3.817186545569136724e-01
-5.760108652903181969e-01
-6.526407289711551318e-02
3.066053997663566455e-01
7.848293468729417022e-02
-2.112023420193795686e-01
1.162587333542864920e-01
-2.172243458076312250e-01
7.384857794055249558e-02
5.426075141705426208e-02
-4.821944953488441904e-02
1.099246272235722063e-02
-1.160518033971174867e-01
5.711238910494038645e-01
1.389967409844761193e-01
4.144334861997276964e-01
-1.915414069914669198e-02
-2.214418432522933244e-01
-2.957934254080495928e-01
-5.087817063778891924e-02
-3.742039222145230326e-01
1.184313071814310780e-01
-9.303182045278179935e-02
-6.180000392389434910e-02
-2.860361153939800505e-01
-3.019851267549331086e-01
-1.686024446652540643e-01
-6.654162733069493574e-02
1.248310614763397386e-01
8.312154912340029289e-02
1.351300925894811100e-01
5.846771297432030723e-01
2.284808502964183474e-02
3.419506121954353217e-01
-2.064298826684368357e-02
-2.150040567701421573e-02
8.318431918965887850e-02
9.220368579211091209e-02
3.735813321516818358e-02
4.152097850007691604e-01
1.837336611544611656e-02
-2.970476577385400829e-01
-1.092550291895850317e-02
-2.038562521970504748e-01
-2.856422390272730372e-01
-9.602707318984154972e-02
-2.629827881556756619e-01
4.253315831444926531e-01
-1.451365533495328763e-01
-5.209438674666402175e-02
-7.381464751611717112e-01
-3.574197009269947643e-04
7.762557212823412330e-03
-5.926188692852545070e-02
-1.539776319440582519e-01
-5.757329211035000505e-01
2.024956652221581999e-01
2.327029459489303453e-02
-1.510538147930255981e-01
4.678590274091961043e-01
1.860207194544669651e-01
-3.088491754993653582e-01
7.567776305834225670e-02
-1.061550125380028992e-01
-1.937416502963043574e-01
3.072692879870253524e-02
1.585883532047023536e-02
2.180872518716990213e-02
-6.669380482292863732e-02
6.460526111400122229e-01
3.917982045743957642e-02
-1.348739379087395690e-02
-9.181609365263194988e-02
1.960167695704332497e-02
-2.033802397178194332e-01
-2.823277856956257770e-01
-1.203158888460470824e-02
-2.445107306208948728e-01
3.543267435757820327e-01
2.409466934363582724e-02
2.965774557648338527e-01
2.859587722837088619e-01
2.469226751522003993e-01
1.081863430796043968e-01
-2.381192276075339287e-01
1.802132114511884875e-01
3.172677138296343125e-01
-8.999832493203938077e-02
4.726245948509946726e-02
3.416606496970149287e-01
2.523329915321749772e-01
1.031835421463545011e-01
-1.817077399810930471e-01
-2.617031987154600503e-01
1.395160824132573307e-01
-9.083422868368994096e-02
-9.732727139095423419e-02
1.764427149516575866e-01
-4.996348356547884034e-02
-3.726404539274302818e-02
4.997747028204690967e-02
1.688626506924101045e-01
-1.521362394878358060e-01
1.271125978024938152e-01
2.633832284339061025e-01
-3.063752978470461463e-01
9.997628040438470698e-02
-4.180302080092893613e-01
-5.300488904303632953e-01
-1.610921201532060365e-01
6.745259202634451556e-02
7.180998455433393324e-02
-3.262577012441472690e-02
2.526683071155865569e-05
2.676562997018493428e-01
3.384282574073873007e-01
-2.266517922359761739e-01
1.051989649210469668e-01
-3.261690672414903625e-01
4.920782345906477007e-01
-5.785246213112989894e-02
2.376679023713064165e-01
3.061129986804483338e-01
2.894543771063297632e-01
-3.862411264183040344e-02
8.952725694659323386e-02
-1.528039149576455868e-01
2.957942248181191225e-01
2.328129086351230226e-01
1.427508864125358601e-01
4.447320043667765677e-01
-6.585658193543438010e-02
1.953664667272742364e-02
-2.359800731448010169e-01
-2.492556692842923527e-01
1.278708219935867623e-03
-1.560642637427720192e-01
-3.530604242107605872e-02
-1.817820765854655241e-01
-2.258597067426317551e-01
5.880197124297238676e-02
-1.757812472879559940e-01
-2.585161314961665346e-01
3.405014543917309674e-03
-1.397375018751619569e-01
-1.371541348799326376e-01
4.507613397225739699e-02
2.457727709282787887e-01
3.867961397311171501e-01
-9.316368946595179890e-02
-7.559599518006032692e-02
1.696658134151738939e-01
4.760943721236979287e-01
1.783541339710569343e-02
-1.120838178008132062e-02
-2.096068069869557945e-02
-1.041988930813785713e-01
-3.152907130459439711e-01
3.788820681530758461e-01
2.460454023871006812e-01
1.893515627434990689e-01
-2.047041742602725700e-01
-2.524701272692395637e-01
4.996679068024927339e-01
8.236830967882050047e-02
2.394239185289431249e-01
-1.650036793803143775e-01
4.047480273606444134e-01
-1.860017591776804979e-01
-2.057133549244252735e-01
-2.121073822531168995e-01
-1.825753297230908179e-01
-1.247991404551526962e-01
2.230921080306716708e-01
-1.870866331173476893e-01
3.794058174122611482e-01
1.162071544738039891e-01
9.586021004791539513e-02
-3.604679487964793094e-01
1.011919696692669679e-01
1.122741566586493711e-01
2.014299696525414241e-01
-7.974823577837000799e-02
2.414088604928368575e-01
-2.735529050296972020e-01
-6.016579705328024136e-02
2.662721194084068932e-01
-2.771730700168309469e-01
-1.029960519551862824e-01
-2.076958476434620227e-01
-5.957281491173662680e-01
1.640670742306822583e-01
-3.140506976404645184e-02
2.368365579416227551e-01
3.415955443422253324e-01
-4.891427660115780229e-01
3.637929234471810047e-01
5.986593478917080768e-02
-2.794260465823428241e-01
-4.865490001224849759e-01
1.792888802416901517e-01
2.742948518529474411e-01
2.009746798906256460e-01
3.151566298187876147e-01
-4.190829428344440832e-01
-9.815396590578749202e-04
-3.812081287888176018e-01
-3.769415003578838741e-01
-1.597257977433241549e-01
-4.153745380656161390e-01
-4.795852951992227164e-01
-1.236572984859176522e-01
1.361102630702108740e-01
1.589835313912872361e-01
-2.241640114063966627e-01
1.106489558262892248e-01
-2.470186295520000741e-01
-1.164908908778326674e-01
3.906170863528248272e-01
-2.832726130603721026e-01
6.170593303907583732e-02
-2.212132927984048203e-01
-4.622764914511422185e-02
2.614505718074313159e-02
-3.521075653732108623e-02
2.181950669455141878e-01
-7.732204489870689867e-01
1.556765383999522689e-01
-8.984787946325477337e-02
6.766154987199253512e-02
-4.008296870739243289e-02
9.682301060319439823e-02
-1.403758641783924288e-01
-2.125243541608763109e-01
-3.123473140509578500e-02
9.312104867134524122e-02
-2.475984044079241886e-01
-1.077632201479269830e-01
-2.666656843231541840e-01
5.729524367175824473e-01
-3.957720549587975256e-01
1.753163593928921404e-01
5.194450234929555155e-01
4.936192281193184095e-01
6.785381612768395798e-02
5.909167099476553969e-02
-1.322548322261024312e-01
-1.554799014433772171e-02
-2.256911487068691963e-02
-5.050723832047925715e-02
1.302212972899947363e-01
3.448791026247607916e-01
9.976469530173451838e-01
8.229597872412960369e-01
1.000000000000000000e+00
-1.586277364971891424e-01
-9.072542573945316033e-03
-7.083266908784788263e-02
2.228064032216464652e-01
2.003187505718426534e-02
2.353745367603804761e-01
-2.947778380914780616e-01
-9.627604202715057957e-02
2.603945700254186590e-01
1.318980783535450008e-01
-5.987604381079447702e-01
-3.885665760905575028e-01
2.823870988332048970e-01
1.142597018875943227e-01
-3.459053028764908500e-01
3.005750709767296969e-01
-3.119250937214196884e-01
1.134209346528659845e-01
-2.043021967529652372e-01
4.915313441918710974e-02
1.517750388989912991e-01
4.162939738921939831e-02
-2.893700460268341379e-01
-4.037040689048213699e-02
-2.875120759370425882e-01
-3.253850896010947874e-02
-2.787147780656172302e-01
-7.069925437679767943e-02
2.783554248072246939e-01
-5.504447126696228147e-03
-1.132407144245027308e-01
3.721917385210612474e-03
-1.747690891843073357e-01
8.467667239146003944e-02
-4.998352659656156438e-02
-3.675086272452167124e-01
-3.235203294435519128e-01
3.315853389059580242e-02
-4.993372049208156249e-01
-3.072219007744552699e-01
1.687265172774041200e-02
-1.385807767605699847e-01
-2.480250593387548497e-01
1.088436893644139335e-02
-7.529129967723043049e-02
3.794375422884913029e-01
-7.635428325533225036e-02
2.527900535540689719e-01
3.597933885357132988e-01
-3.878050089432794056e-01
-1.814727466901643049e-01
5.010018581736928878e-02
1.719310737402690303e-01
-1.378955812243312928e-01
3.397932928546832515e-02
-3.124582619063721034e-01
3.451283369100508480e-01
2.344958697889940880e-01
-3.396358357122197802e-01
-3.215318081257879101e-01
1.910632713341043898e-01
-4.273200571075396192e-01
3.610839447204349634e-04
4.225633740493242030e-01
1.134050728900585919e-01
-1.204355303015748752e-01
9.248950590816970574e-02
-7.857534726846042428e-02
1.493917752027803525e-01
-2.018398105683169574e-01
5.372859525027200434e-01
-1.230716451721829696e-01
1.433464493114090521e-01
-3.560368966489961817e-01
7.836078758307840619e-02
2.384446167612148115e-01
-2.670116724183134171e-01
-7.100176338142856480e-02
-7.209021667493530072e-02
-3.773291590990332511e-01
-3.556440753208287564e-01
-3.636827124250237991e-02
-3.486125517006465335e-01
-2.331599044141355048e-01
-2.646458577292061867e-02
-1.762906402456849986e-01
3.514290382911807176e-01
8.587876011162297318e-02
-1.079101224473705684e-01
-2.123046207183498790e-01
1.587974827611534634e-01
3.843634823020072866e-01
2.427144478430348917e-01
-2.018886399220476413e-01
2.338705057654624775e-01
-1.406131914071138689e-01
1.033646909769487914e-02
-7.866938908681467280e-02
-1.814383848929236043e-01
8.077765565935217731e-03
-9.008701513654514270e-02
2.671611866243953637e-01
-9.932701872843890945e-02
-8.029059632705301541e-02
1.897580620375671767e-01
6.847319043837130081e-02
2.975872410447453764e-01
-4.539800228587013708e-01
3.808853600105169268e-01
2.194002447108528986e-01
4.324435081930937119e-02
3.667704657811559493e-02
4.832857199429078238e-02
-7.590338577348484383e-01
7.871947367610314383e-02
2.231442888661032062e-02
4.195648435909044016e-01
1.854767019528393290e-01
1.531901531273670292e-01
-3.592962279308198892e-01
-3.799567210555526153e-01
1.405094000048693649e-02
-2.211263708018774143e-01
2.302937072631465465e-01
5.836246952406715094e-02
1.222198532926452308e-01
-2.782471294736752476e-01
-7.027286219256353994e-02
-2.524604428954914659e-01
-1.515713075407087440e-01
1.486770412885719539e-01
-1.904664170151441627e-01
-2.614349737363038662e-01
1.159793601272371272e-01
-1.287611859889363775e-01
-6.726271907731079525e-01
-3.162536248562566876e-01
-1.140305008139068377e-01
-2.246134602457387219e-01
3.472918309791753755e-01
-4.193175191857368422e-01
1.823215459759810336e-02
6.367267795169263833e-02
-2.371188237181834357e-01
-3.807646683116737152e-01
-1.113513586262280530e-01
8.616028365231137576e-02
2.954895682418698724e-02
2.125383435787673858e-01
-2.999911036416447879e-02
-1.737852267439660148e-01
-3.605110122981406984e-01
-3.365815799389559881e-01
-5.005511232359755036e-02
1.520937501848227957e-01
1.155863873482352797e-02
2.907909734620269804e-01
3.162716467521832775e-01
2.598500993996565311e-01
1.560084369923437908e-01
-3.846530193511062817e-02
2.569725497517870161e-01
-4.195416228827328342e-02
-2.953007950587202557e-01
4.213484770762928044e-01
-2.865094882099954512e-02
-2.607175264799036496e-01
3.457180213919647943e-02
9.315345192413612002e-03
-1.899441370327499823e-01
-2.943124121416280936e-02
3.368318808791723185e-03
2.719048450785605323e-02
-3.264422241935974744e-01
-8.237685142278285133e-02
-2.587885350422750030e-01
4.295835952286966575e-01
-7.173880189542314323e-02
1.929547747446950789e-01
-3.822891578860281026e-02
-1.478547265608375350e-01
1.351154387075144681e-01
-1.531506175729204500e-01
1.007172776766179778e-01
-2.223114277643674086e-01
-1.231715640977016496e-01
-3.232066667883203293e-01
2.165103751188708903e-01
1.183620969795167177e-01
-1.722060668527324589e-01
6.097586555666827113e-02
-2.628614654759630631e-01
-4.541089533182891547e-01
-1.519298046068416064e-01
7.726675881494819709e-02
-2.915755471677059993e-02
-3.316488203854465189e-01
2.819584477816210466e-01
-1.102242483107871152e-01
-2.127209518258212362e-01
5.686563477212655537e-02
5.093336255937725987e-01
-3.021791987539012014e-01
1.761565597198516131e-01
5.092757554087562477e-02
-1.152525189594726662e-01
-2.313449588991787695e-02
-1.919797543301801912e-01
1.304232854547326126e-01
2.810758998238233608e-01
2.068893432989908354e-01
-2.677798298014048492e-02
4.482572628744930232e-01
-5.167891894960956883e-02
-1.410725873668312869e-01
1.453383623068898178e-01
-2.110420231499549326e-01
2.282404197583707550e-01
4.276600579359872770e-03
-4.131101410100865290e-02
-1.698552022756405142e-02
2.881805951463022736e-02
-4.375124582681818447e-02
1.409131510819804090e-01
1.716168855918444314e-01
-3.736270832108581352e-01
-5.604279184981463685e-02
-3.044881633809150556e-01
3.095190124936689213e-02
-3.828388634677131613e-02
-2.937263446303702841e-01
-2.125412696115464017e-01
-1.137479597698849709e-01
9.181693329923060198e-02
1.964934068844174375e-01
-3.907248311515134076e-01
-1.257613323019446047e-02
-1.845073709692738595e-01
5.857609929736187770e-02
9.390925862186800741e-03
-1.027597770636814178e-01
-1.787616155289819542e-01
1.997501387804367090e-01
9.321030730701908296e-02
-5.954739399212116702e-01
-1.071211256485557900e-01
-6.597126869927641413e-02
9.345245795504227015e-02
-4.264765790592201511e-01
-1.357667116991054246e-01
-1.315083345497501388e-01
5.138911214207189104e-01
3.313487356112697069e-01
-5.566040695074778860e-02
