-2.125076334240680320e-01
-1.108814617465175151e-01
-1.034491761417201255e-01
-2.148986176620201471e-01
1.254187162658680077e-01
1.094151162748077666e-01
-4.167017875617388123e-01
1.236041719503179620e-01
-2.064601101473261258e-01
1.350461311205508885e-01
-2.535121898285279049e-04
-3.890674470230377421e-03
3.656449580252625897e-01
-4.403108148269559846e-02
1.491139347526331538e-01
-1.884891007053947909e-01
-2.496769235812160495e-02
-6.636166955695729786e-02
-4.177722425316739430e-01
-3.144527785820348531e-01
1.107633476696026770e-01
2.609455759371692163e-01
-1.798852400027863563e-01
2.242007603426857121e-01
4.126982297035125535e-01
1.199303648819752439e-02
-8.245142732074679792e-02
5.335583038148322688e-02
-3.345145676862248951e-01
-2.810211295306472845e-01
-1.206251063877387258e-01
-3.496953127028449848e-01
1.958526473537249013e-01
2.836243712576852483e-02
1.124342117909079009e-01
-4.536460224138176567e-02
2.570968411564067968e-01
-1.816083525696125245e-01
-4.834270784687336175e-01
4.626385451834579277e-01
-7.725809906641735794e-03
-4.827827462401990122e-01
-5.568446546673815334e-01
-2.012786834167575589e-01
-1.651414910502596312e-01
-7.833162675363078420e-02
-5.040870328160128311e-02
-4.247687906676179126e-01
2.250516949032796768e-02
1.160161478850758043e-01
-3.340286999397766299e-01
1.443550022812108979e-01
2.443779504245340295e-01
2.109010152851695519e-01
-3.713766722704831685e-02
3.950047449674198852e-01
-1.589794263685959386e-01
2.208240422449825879e-01
-7.476192699298479794e-02
3.792942091271702121e-01
-1.088317010724766387e-01
5.271722924349117045e-01
-1.515931083571900040e-01
2.922222122662428423e-01
-7.610326968195157971e-02
5.859395959459502423e-01
3.984721396566660023e-01
-1.584572794079417701e-01
-1.760190685642736841e-01
-1.096548077659379589e-01
3.403842626448607689e-01
-1.717990074419847302e-01
1.976735769369936946e-01
3.643383842362071245e-01
-4.439193352403270759e-02
5.385666048309494663e-02
2.596563343902579812e-01
-1.056968792079643338e-01
4.252185057384628986e-02
-3.861676995001457335e-01
1.033451311600346381e-02
-2.099878606186596219e-02
2.816878291806174661e-01
-1.521626595737807230e-01
-6.574909772381481998e-02
2.101510748737682732e-01
2.375425927923179026e-01
-8.649609074129178954e-02
-2.717838835739465053e-01
-1.868911540704191673e-02
1.867232629272459477e-01
-3.648346855200617495e-02
-1.896348430487913503e-02
1.457648451299584924e-01
9.604851655120083542e-02
-1.164850694895149946e-01
-6.491910232452537122e-02
-3.494176099297179316e-01
2.663929725454355357e-01
-1.133802459870455054e-01
3.245806066743210372e-01
-5.118810924605817804e-04
-3.610543157195672537e-02
1.658573141016226882e-01
-2.718661303815270713e-01
3.193286660315844405e-01
2.329273405151404686e-01
-2.996294780796958102e-01
1.620734938862965768e-01
-2.176907177723966524e-01
-1.589372653247639322e-01
-1.674413410698772503e-02
-1.295963238624704174e-02
1.031856198372279459e-01
-1.030071270568806707e-01
-6.559996548630374347e-02
2.012006708200199737e-02
-1.726614447420808662e-01
1.832467877124792921e-01
-1.004771287469629487e-01
-3.292861357222231500e-01
-4.750447454121035223e-02
4.968996125442928236e-01
2.952553955174091332e-02
5.002804196744498055e-01
-2.418573450885728171e-01
2.507211902219785848e-01
3.213276885743653888e-01
-1.561520968081085425e-01
3.351834899197272399e-01
2.195548589618906143e-01
3.026719050055238225e-01
-2.720190691686144024e-01
-2.041776810690804078e-01
-2.227324332091899090e-02
2.745679108332859109e-01
4.344413729456259032e-02
2.896216263924243917e-01
1.182944879308676228e-01
4.924040132971552880e-02
-1.936334158204684741e-02
-1.640747224978324550e-02
9.252327406966849577e-02
9.337153493558822404e-02
2.342136350851785065e-01
1.237549496815358446e-01
-1.492327732228555526e-01
2.138719513881522927e-01
9.455950905110779847e-02
-8.169438937237244458e-02
-7.788286703026837954e-02
2.523287545077145255e-01
-2.008144579001391317e-01
-1.979936916746924402e-01
1.137088042293731283e-01
-2.402269500371075756e-02
3.710023903112233956e-01
-2.658540267462544682e-01
-4.940595731777492339e-01
-3.605400614176189622e-01
2.037125267185824901e-02
-3.328107975216553632e-02
2.407456630975563228e-01
1.103097316325858529e-01
-1.324509228399677607e-01
-8.939645140444378579e-02
9.743474630564114003e-02
-1.126759870938161268e-02
3.066226194868986732e-01
-7.986072001748913129e-02
-5.849480066297391145e-02
-3.009762420481059131e-01
1.311571632725576919e-01
4.220627876006061707e-01
-1.139886980238943581e-01
-2.042809930166654964e-01
2.648256292028938752e-01
1.535473182845619178e-01
4.250993107933333931e-03
4.085981927932514357e-01
1.348989268596242630e-01
-2.135754052602714392e-01
9.436404455383320261e-03
-3.435503714321973545e-01
4.605257586250140894e-02
-3.044118848736880600e-02
5.283798128444466835e-02
8.811952064110213645e-02
-2.043320565187128346e-01
-2.321706886669180347e-01
6.493166482711612564e-02
-1.732895252563723676e-01
-4.806534425481746170e-02
-5.112606661280046788e-02
3.144375345422751877e-01
2.595782810306869748e-01
2.362881201453179147e-01
2.975004491370352722e-01
-2.852516770771788557e-01
-6.293339664318427229e-02
-1.298888816517802802e-01
-2.518235913880409460e-02
-1.095211105578431793e-01
-4.675607426403764477e-01
-9.172930536721524142e-02
2.548207852218266067e-01
3.527451317725936453e-01
1.503352718693586609e-01
-9.255147883622408256e-02
2.883598352532531495e-01
1.116015518976564147e-01
8.078164452569126797e-02
2.379081724836137057e-01
2.333433022030690362e-01
-9.560412754488856191e-02
4.918298332377241816e-02
6.459535910455557750e-02
-2.353528617914490972e-02
1.772925933971724044e-01
1.559659309975424957e-01
-1.238039678690580486e-01
-1.400856166597805492e-02
5.327440025871268275e-02
1.129105263375660279e-01
3.138191954030199876e-02
-4.667055930686286325e-01
-8.405595233812385159e-02
-2.049282928779217958e-02
5.313097178350576627e-02
-1.651850272289740185e-01
7.136096808974226775e-03
-7.235695651223150726e-02
-5.935842290657721704e-02
2.448323402584678676e-01
2.238569459365619407e-01
5.202542254288870099e-02
1.133728546414229654e-01
1.517977929500206602e-01
3.245602538035708418e-01
3.665699278797106553e-01
4.651247555956233293e-01
3.452358733361600152e-01
1.191829697399648808e-01
2.227962938695270817e-02
7.317908789164555283e-02
2.199116834984700952e-01
3.789836961945561300e-01
-1.034858972663559029e-01
2.290404908350901769e-01
5.274398341545835089e-01
4.720491750895154381e-01
8.175724820667487069e-01
3.898106399928994992e-01
4.877439934174543357e-01
4.268861619631950655e-01
3.134462013357924848e-01
6.359569457852112251e-01
6.930801540772699720e-01
1.000000000000000000e+00
7.578157854498820400e-01
5.777519794141479093e-01
2.499033882683012742e-01
2.542463161638852109e-01
1.302232788358242965e-01
3.747615169043075345e-01
3.972983298512359762e-01
-2.976998294095306585e-02
1.360842057173588526e-01
2.446186495901476465e-01
9.356598402491593525e-02
-3.254862110961361799e-01
1.744509400990431613e-01
-4.525609639083922886e-01
-3.583294356106209166e-01
5.125377987872924423e-01
4.865005413966461134e-01
-2.100264145049860476e-01
2.414897832070109773e-01
-5.919407659484800938e-02
1.172792162592734277e-01
-1.418919622546582215e-01
3.029231213592197824e-01
-2.281835905557648425e-01
2.362304504203368849e-01
1.998262812999392346e-01
2.554093141742851403e-01
-2.354996605141390989e-02
-7.393280329046834909e-02
1.966262931509527023e-01
-2.414304056623454431e-01
1.167385521129510884e-01
4.860850402589003694e-01
3.033732133295715672e-01
1.675421644657122955e-01
1.716148861476624043e-01
1.642128506239457497e-01
2.053578648164573195e-01
-2.519555301551451021e-01
3.516867658326982005e-01
3.916248589376453149e-01
-1.451922109588176801e-01
2.551649436385075020e-01
-2.184959272579416467e-01
2.052610854400732376e-01
1.451958588791398830e-01
-3.035790197416335379e-01
1.685719258182002966e-01
-5.636672846520364155e-01
1.917048071649902763e-01
-3.333402786908255533e-01
3.112292517887552123e-01
-9.823962962208374061e-02
-9.517567780436661518e-02
8.880034091498750781e-02
8.783822014956058077e-02
3.726623856094567894e-02
-1.937044181233683604e-01
1.868466210145802997e-01
-2.531645694106692268e-01
6.128479600156230278e-01
9.663861734563344852e-02
3.104317027899437115e-02
-1.836692459097828342e-02
5.033398405492999217e-01
-2.940370811542653562e-01
-3.241904798659336895e-01
-5.668610656006093373e-01
6.246598825165701196e-01
1.372455153461590027e-01
4.483715713277889314e-01
2.233904902119622851e-02
3.914873859438140480e-01
1.659589300431756759e-02
-1.440220725235517307e-01
-7.782894232718411132e-02
-6.367752887669214656e-02
-1.793000217861766277e-02
4.493959159005384701e-02
3.275408177584321432e-03
8.555481495895261856e-02
-3.744143875729973731e-02
2.392400708881011959e-02
2.675255302833627336e-01
4.972564678447120579e-01
1.486560394917872396e-01
2.321333604869321721e-01
-1.297251860816259206e-01
-1.980857434011178420e-01
1.569218016746628808e-01
-7.776277679094017840e-03
1.583478916308133028e-03
-3.330382813179766921e-01
3.429472249334307166e-01
-1.288041887200060409e-01
2.582678270403225285e-01
-3.145317036383788456e-01
-4.171188187622143495e-02
-5.156378707020137231e-02
7.890239447586661070e-02
6.794264380598796782e-02
1.895190409235029405e-01
-4.587040508542049588e-01
-3.020942254379349601e-02
-1.786410878367938326e-01
-2.717345205775690276e-01
7.288809902088486115e-02
3.805465085942307812e-01
-2.177992190288726218e-02
-2.732502233282380066e-01
1.080844138292655632e-01
-4.832422562309287573e-01
-1.245508997759401659e-01
3.843390839643067713e-01
6.898645742864467981e-03
4.136055958483265266e-02
6.365418693949068119e-02
-4.274239838585671553e-02
2.000214855464310104e-01
-3.248794903287801072e-01
1.309329861799947980e-01
-8.555461745356272851e-02
-1.657502069302164149e-01
1.954270466902034153e-01
-5.812384258014458016e-02
3.809178349357740800e-01
2.375480327115141455e-01
-8.277081194773648620e-02
-1.029716151238921212e-01
3.876216553070657711e-02
-7.407433455291377589e-02
5.122477431410010773e-01
2.131761137471572531e-01
-3.525440141343377798e-01
1.631371524419060470e-01
-4.237401219671178554e-01
-2.285156181632960054e-02
3.232571919571270991e-01
1.280798517054741736e-01
-2.498289439529334244e-01
-1.097524280752888853e-01
7.254831211953549630e-02
2.043114834910458588e-01
-4.970071292656928486e-01
-2.319152052134629827e-01
1.825016793666091597e-01
9.231746685929156926e-02
3.218919218184365660e-02
3.526914037765843113e-01
3.946830641051485289e-01
-6.136936853616269810e-02
5.092094170613632731e-02
2.731554023819443566e-02
-1.610526034298691844e-01
-1.552775826020259820e-01
2.434392152119876657e-03
8.633503621529114991e-02
1.758379557744705057e-01
-2.957333204032271401e-01
5.703602708871720051e-01
1.378427994533506229e-01
-4.128429170843602586e-02
-8.512813857755177627e-02
-1.531644484406831097e-01
1.686347529794998967e-01
1.238361774888779437e-01
-1.347315404812547135e-01
-3.050048747096395507e-01
1.464752955072062823e-01
-1.017074969855995131e-01
-2.421680789764018571e-01
3.015636472744365540e-02
-3.017633333705028176e-01
1.135812592097121265e-01
-1.163626138628101603e-01
2.101742031697526880e-01
1.360222260047089793e-01
1.765097384107115752e-01
-1.138882715254862649e-01
-3.233505136045642381e-01
8.509481365420028254e-02
-1.816961800841886132e-01
-1.927910338608841700e-01
-2.509043607607441828e-02
1.517521386033466035e-01
-4.193360860556738512e-01
-3.890213627694973780e-02
2.111663222972391951e-01
1.029413415929695541e-01
2.932221719637796986e-01
3.328900588550929851e-01
1.956899651754889780e-01
1.867567611078472800e-01
-5.785930936497517968e-02
1.653056172050553219e-01
-9.208220029887630165e-02
-1.179663408351301485e-01
-6.354519467940973609e-02
2.401682041748822716e-01
-2.332855086244476073e-01
-2.306178592533934257e-01
1.158241488501948746e-01
1.058911817921247833e-01
2.137320963832534115e-01
3.338007038630995404e-02
3.179647532954198857e-02
-4.643721286023601465e-03
9.455960134261025274e-02
7.607010418613555092e-02
1.626908241332207239e-01
-3.971928495337835874e-01
1.665660199765750873e-02
1.683699988091323374e-01
-2.317767682313394695e-01
-3.826247017071115336e-02
1.957827599349916681e-01
-1.449910765877557815e-02
-2.796958847367248535e-01
-3.292681033348778263e-01
-1.376002144007473504e-01
-2.567685467571871327e-01
-1.182051856758920272e-01
-1.562395989518804429e-01
-2.949708611754094933e-01
2.729231527486781217e-01
1.657609831513681686e-01
1.988538521775748413e-01
-2.518151169013757226e-02
2.551140153158723556e-01
-2.979880848355872039e-02
6.746803628069934777e-02
-2.184175298878135441e-01
7.627998830489633730e-02
-1.899255586372859406e-01
-1.221021842853275419e-01
1.087546124994960839e-01
-4.157770815504154838e-01
-2.585875054759617098e-01
1.236568259340923293e-01
2.891867671360604519e-01
-2.006324353357085422e-01
1.290928150177334810e-01
-2.514640015342856638e-01
-2.573078478926971169e-01
-1.023249558962529421e-01
-1.949612981382918206e-02
-1.299368014698962515e-01
-2.031790843823726989e-01
1.239071519512455893e-01
3.721832426416634698e-01
1.851751369155567595e-01
1.012326879431806465e-01
-1.388709387619736502e-01
