4.798244513583883181e-02
-3.976772823527902068e-01
-1.503138693388391678e-01
-6.213880664927500658e-02
3.819220046773211807e-01
-1.852443429140147868e-01
-1.128080323563209059e-01
2.102395366773448793e-01
-5.327743788702277161e-02
-8.458614628010485692e-02
4.045817313053076125e-01
1.227234366624986722e-01
4.003062405252602041e-01
4.066299245728804412e-01
1.100196334177542673e-01
3.640377783636049303e-02
2.843469097767989395e-01
-1.465484867542454495e-01
5.469394763048360808e-01
-2.755252189553255571e-01
2.397793481029968643e-01
4.381813014227613212e-02
-1.897878147044143315e-01
1.679935521375168772e-01
-2.795533137795944492e-02
-1.577299161571630304e-01
2.437277212952096150e-01
4.999719348851376366e-01
-1.189497449517299410e-01
-4.161665963200431723e-02
2.589082123853413964e-01
4.688489185277451288e-01
3.786718087998981741e-02
-9.351088178098738990e-02
-2.809613325230865266e-01
6.453492685540990204e-02
-1.392833327260015464e-01
-1.182939932827519330e-01
-2.058477719903547276e-01
-8.321026928790221933e-02
-4.098101513377438304e-02
2.269809214383454454e-01
1.908617793999654866e-01
3.103786674555816250e-01
-8.870619479014606179e-02
-1.811567482597576106e-01
1.320555353895321027e-02
-7.409190827200319920e-03
1.693148542720007144e-01
3.798969515671138941e-01
6.062671387750749874e-01
-1.051998837306420687e-01
7.051273685851715267e-02
-7.279273435380688440e-02
1.349515821336217357e-02
1.258087302462184975e-01
-3.698055004822579650e-01
-1.593714165300777197e-01
4.509330478007092524e-01
-4.081279464996470097e-01
5.397815821952457738e-02
-6.199418233118150073e-02
2.470074692905316685e-02
-1.014845142840493791e-01
-1.462923723563734971e-02
1.185172128150545484e-01
9.513833827441503521e-03
1.628271018527247538e-01
3.400226935734092931e-02
3.781910775399296432e-01
-1.217333191797551409e-02
-3.320093834683303102e-01
-6.745408142684270469e-01
-4.336776538982813345e-01
1.136471330145358005e-01
-3.344548146324639593e-01
2.168046603132977312e-01
-2.093543092438922837e-01
-3.279415521864137983e-01
-3.891119525161954029e-01
9.570186589791648823e-02
1.490444552172599246e-01
4.643031886625251931e-02
-4.750036803268853358e-02
-1.480669864731464502e-01
-3.283015091734140661e-02
-3.974772420406466056e-01
-8.836759613316688688e-02
2.524539084976742398e-01
5.275535362789653820e-02
5.461786148226313031e-01
-9.480938755649014060e-02
-3.522578150606298086e-01
4.467308098706643943e-02
-5.377633098168291825e-01
3.521136904238101328e-01
2.422222313785993841e-01
-4.276777106534248030e-01
6.257559811347299106e-02
5.813131146274416738e-02
1.427910572576507886e-01
1.754364474568701482e-01
3.014905914920248953e-01
1.504388321829454485e-02
-1.063186099042197630e-01
-2.304810220972386692e-01
-1.072514660230543676e-01
1.667296798283387227e-01
-2.482666167826580450e-01
-3.616781722500684183e-03
2.585973033657229525e-01
-3.247271674957703524e-01
-8.956252082854317120e-02
-1.781693920455935248e-02
-2.093254224320471868e-01
-1.040918219694606239e-01
1.794129291601566714e-02
4.041658904915389483e-01
-1.039554677147716960e-01
-3.725467419572959377e-02
7.635401458781300443e-02
-2.408301312349931389e-01
-2.008827494511045697e-01
-5.889652865387934311e-01
-1.268345129291330031e-01
-2.148940038917337425e-01
-2.947140854310899560e-01
-1.811900574768159468e-03
2.465135991682470828e-01
2.094077015103141259e-01
-2.051445550719067923e-01
4.243523060591859464e-01
1.713936166240353776e-01
2.632690128869232815e-01
-1.421055369414222017e-02
-7.355545612775080122e-02
4.408240275372407035e-01
2.415024637300382596e-02
5.314497584676796116e-01
2.067649453382025895e-02
1.242819482241443729e-01
-8.036271918864269781e-02
-5.217917319584383096e-01
-1.124893873305963521e-01
-1.540603541670066134e-01
-2.954801578740342063e-02
-1.492206899114562058e-01
1.214054868334567133e-01
2.798005462994608838e-01
-1.397718294972128961e-01
-1.128249530009120816e-01
2.181783332153997002e-01
1.655595032243457193e-03
-2.923151248406014591e-01
1.203915266746983098e-01
-1.797834191560630790e-01
1.944274287514254629e-01
4.361028038525426032e-02
2.590768179971547625e-01
-6.373183485712642649e-02
1.207382418555656145e-01
4.164589258565273150e-02
-2.310149686500849453e-02
-3.270137796048498413e-01
-7.185500779975711669e-03
-1.866042122001962747e-02
-3.961648851420349927e-03
1.072418231094388469e-01
-5.180240023475544964e-02
-1.385174366657152267e-01
1.611810275202777976e-01
2.079881983085654293e-02
-3.502498483742987334e-01
3.702505497700689929e-01
-1.464178478284535031e-03
2.632144029463633766e-02
1.278630085715767384e-03
-8.151405275752085511e-02
2.124118910540871430e-01
-1.381122602643658215e-01
-1.061082612178788631e-01
2.710258502125354463e-01
-1.174143857872413516e-01
1.097945436973397915e-01
-4.398287152751337303e-02
-4.227035646746931663e-01
1.056631798974620173e-01
2.556954854877545591e-01
-2.873323527602663074e-01
1.475146279687538087e-01
9.761791059236515911e-02
1.476548685862060784e-01
-3.510183045629076681e-01
1.708699294859675546e-02
-3.396916228076666405e-02
-4.876092311938077205e-03
1.817525123185031732e-01
4.085225792883956375e-02
-3.170478916457720175e-01
-1.456893302278904068e-01
2.209605027447503478e-01
1.590870390360372144e-01
1.137293975095923504e-01
6.020635323134643918e-02
-1.295629732166792558e-01
3.201100106961246028e-01
1.653458398517414218e-01
1.178790081884790314e-01
-5.304328592608444082e-02
-1.387715667374912198e-01
2.279344515632693302e-02
2.622874821043428839e-01
-3.418451978844742056e-01
-1.538351353866587723e-01
5.313296945184157322e-02
-8.301852351872325564e-02
-4.872031765675260973e-02
2.055257158035576071e-01
-2.028963214921673253e-01
-6.176948536834057923e-02
-6.384555853214221588e-02
2.277985129092265082e-01
1.337074782221081004e-01
2.067851799325114426e-01
-1.914873997213149825e-02
4.900379422449393507e-01
-1.702534669416875257e-01
-1.176777894022186088e-03
2.515891221369815356e-01
2.683970846423753276e-01
1.122514559305949761e-01
6.600942895436774371e-01
3.042663267701271046e-01
1.713464584535983326e-01
5.743397025868614975e-02
-1.031520587410597045e-01
-5.522429088401333008e-02
3.286937654308278445e-01
1.243821280396169016e-01
-1.929870344618554445e-01
-5.099984980512397570e-01
-3.420689124113048263e-01
-2.513922821889061007e-02
1.008039058090644258e-01
-2.126058997689515007e-01
2.258674078619258285e-01
2.376182478170875689e-01
-4.879145712090954962e-02
-1.359283675609680719e-02
4.328115191669377193e-01
-3.011782003550764197e-01
-7.018259618046067405e-02
-1.059687081972414957e-01
3.356128796352277899e-01
5.162716127673734334e-01
1.000000000000000000e+00
9.106947300677136203e-01
7.272036362490938988e-01
1.076158963690280052e-01
3.517970225099206760e-01
8.749064344991062947e-02
-2.230214003336778925e-02
1.550879651090315281e-01
-7.185523434701972523e-01
1.059520969750560870e-01
-2.186450504396419414e-01
1.400243964598869573e-01
1.373809388148193866e-01
-3.367590227431350169e-01
-1.958418721884633007e-01
-1.260944706940513027e-01
5.102427665294795300e-02
-1.292137385682646557e-02
-4.865814809262963836e-02
-2.149303563500496450e-01
-1.593799013319793512e-01
-2.543960194124286756e-01
-8.927868728821974909e-02
4.628688677151626130e-01
9.658129537432758038e-02
-2.088234552400646815e-01
-1.450335907987039263e-01
-3.200462094164870097e-02
-6.413973716608344089e-02
-4.657284917964268911e-01
-9.737650538003421452e-02
1.645420341790780963e-02
-8.348335831506209503e-02
1.485236703695725080e-01
1.590904035812936157e-01
1.409795515997558091e-01
-2.763602896076793325e-01
1.667631038803185362e-01
-1.454255916185005770e-01
1.842825778471479103e-01
-1.540364257738535865e-02
1.171384196563073632e-01
5.098139320946812880e-01
-3.335453134095149319e-01
4.952166618346175164e-02
1.802999027472034776e-01
3.683408374670209262e-02
5.940223218123650423e-02
-2.481240430151946952e-01
-2.821586638072919317e-01
-2.315153448261553573e-02
-5.198635308378446451e-01
-1.275457173115586706e-01
2.045140481338281885e-02
-6.078713792905783564e-02
-1.966549386590011606e-01
4.542421849711471560e-01
-9.987431955157748120e-02
-2.302039543667796229e-01
-2.731933824062973137e-01
-8.330848423133117853e-02
-4.667906821816659307e-02
-1.632788483440793595e-02
2.391269242598776934e-01
1.119672418724895341e-01
1.447483109693974423e-01
-4.365189205652143800e-02
1.943373425716761749e-01
-2.741534430643373099e-01
-8.410819710117085901e-02
1.556448631969547525e-01
-1.605278581158095796e-01
-7.061363864678325830e-02
5.894348783778462220e-02
-1.606381927660089082e-01
1.136175980458218118e-02
4.136088017526202143e-01
2.354461882795866323e-01
3.751175598645497544e-01
8.738806928540047980e-02
-1.418391474995005785e-01
1.532585686103266065e-01
5.391306024908849859e-02
2.429468817021901705e-01
3.918567527752411794e-01
-5.286914510684881385e-01
-2.916149653883770565e-01
-2.413407218081226394e-02
-7.116919826049722397e-02
2.588473323362615597e-01
-6.681057736945592018e-02
1.016000516349881561e-01
-5.178520093473891750e-01
1.145311119708961045e-01
-2.890188194532859467e-01
-3.133585662832749641e-01
3.750722742256203945e-01
-2.348945983638037471e-01
-1.153160380819655273e-01
1.609963179205985417e-01
1.421330647791515800e-01
-4.259583662054923225e-01
-1.407282062911951181e-01
3.955942554635831221e-01
-3.421570988595298152e-02
-3.209584448455492511e-01
-3.104119573837526430e-02
7.894298811119322412e-01
-1.531106386025844202e-01
5.618867638710987877e-02
1.627050591551153225e-01
-2.255624946112397000e-01
2.996632115451240697e-02
1.905692463192663888e-01
-2.781312248859251213e-01
2.135775484198363383e-01
-3.634193520312734016e-01
-7.965699110106122527e-02
-1.225970813596012621e-01
-1.054807577230971460e-01
9.663991013432612909e-02
1.694955918303300280e-01
-6.441869784158099632e-01
-5.041455734734914262e-01
-3.248027368992321279e-02
2.740638076067187234e-01
-1.390083155461497022e-01
4.236581541019481673e-02
1.012835739799897022e-01
4.139595595562697850e-02
-3.588113408073193011e-01
2.396520560888317775e-01
2.896766796374052877e-01
-1.364206176935626458e-01
-5.639862331055511824e-02
-2.519651390234546318e-01
-2.012991243221486926e-01
9.825132652088840179e-02
4.055923975003108972e-02
-3.066346113524305306e-01
4.173070970151282477e-01
1.051430704067749938e-01
1.092835576461572283e-01
-1.621397963198787928e-01
8.551964337993818444e-02
4.110217670172190418e-01
-3.165910443134108965e-01
-5.780593500313394029e-02
-3.261054973153967862e-02
5.148181158210098779e-02
-5.655948067644788607e-02
2.816193734468078885e-02
-2.618000878237071172e-01
4.175896043210109432e-01
3.735887517714514550e-01
-3.320194092431467126e-01
4.464599326797991097e-02
-5.186259268706631259e-02
-2.545843178151963385e-02
4.399903075988877421e-01
7.356705636038711471e-02
-3.654074018057474338e-01
-6.189759403925392672e-02
4.644428662492456478e-02
2.827683711451264847e-01
-5.373897828543300337e-01
-1.020247554250445637e-01
2.378716658124885863e-01
-4.424138791153538475e-01
-7.586272170464539166e-02
-9.882101066723728011e-02
-1.174371360442582994e-02
1.789799268471833349e-01
-2.519401385743498811e-01
-3.746470862285281589e-01
-4.432598580229210432e-03
-4.041711864238877738e-01
4.613085419638108392e-02
-1.265922689238895837e-01
2.341987025576782455e-01
-3.257149912299202588e-01
-2.372315674092457805e-01
-2.821205000164259680e-01
4.341862695661113242e-02
3.377762763517735967e-01
-1.411124466252796084e-01
5.359090320325112788e-01
-4.810616776266909977e-02
1.197617456510438050e-01
5.000657143115113529e-02
-1.358897392101290347e-01
3.323835881312257601e-01
-2.496087626438709683e-01
6.702489486270034325e-02
3.024608993253045663e-01
1.442800871481961789e-01
-1.588427910959797906e-01
-3.074112915025258366e-02
4.568479394438750840e-01
3.016643974611589174e-01
2.052668215133353624e-01
-1.512148668581688171e-01
-2.532986220636664898e-01
-7.867143265603852853e-02
-1.936816864776804148e-01
3.077666171739673953e-02
1.425695317238813951e-02
-1.101151445897857739e-01
-2.015542735493555115e-01
6.553191741041103358e-02
7.317538709920638762e-02
-2.704414748823985581e-01
-4.045947877233685985e-01
-3.017425424672501647e-02
-4.760560017497305063e-01
1.361758809070284792e-02
1.188687939372178384e-02
3.008863421173419220e-02
3.918663613128550161e-01
2.047366061471335985e-01
-1.871079367401010385e-01
2.687846744246997696e-02
2.906220237410007678e-01
2.050047529367707011e-01
1.644945483913799189e-01
2.054656891305776945e-01
-7.433275315641436898e-02
2.675125104297359502e-01
-7.715277939764407511e-02
3.634050494795389996e-01
-1.163470846646230822e-01
3.333258992481807903e-01
3.332233373234621543e-01
-2.916140029460717619e-04
1.556365564141755919e-01
-9.190731155867792879e-02
2.967225028395057973e-01
-8.969488414018736422e-02
4.649817388587440536e-02
-2.016870852396885627e-01
-6.591339835195979269e-02
-1.972297887867149324e-01
-2.062748235136095953e-01
-8.881778781381031995e-02
-3.833805610583640444e-01
6.452859718446582460e-02
2.607163968793496656e-01
-3.175632858771789135e-01
-1.860573170439938639e-01
-3.646905148252315571e-02
2.283599359975159171e-01
-2.928584263051139946e-02
1.065125131477291792e-01
-3.055481854951204168e-01
3.333105195764813899e-01
-2.165752702274097996e-01
7.723966357699850460e-02
