-1.609017318069202174e-01
1.289509600903835165e-02
-7.473480253689970820e-02
-1.220011987813055671e-01
5.965076376651404222e-02
2.236697829709934360e-01
4.503542898465084238e-02
8.776787914492818754e-02
-1.248547953317696302e-01
6.801321760847545486e-03
-2.485940775780877323e-03
2.561576054648352987e-04
8.373158517509374232e-02
-3.783603718034542207e-02
1.154881085687579634e-01
4.527611747154065835e-02
6.035619757703033876e-03
2.799180776486968544e-02
1.458982767841648931e-01
1.757665207891769832e-01
-8.216548156096550870e-02
-2.318522094058202421e-01
-2.565145383942636359e-01
-9.525303830679347772e-02
2.410476798476814120e-01
-2.475210640458275213e-02
-1.179413152800746351e-01
-1.468258542279572004e-02
-4.273489204109215400e-02
2.186797349965325168e-02
-5.294831557225063157e-02
-7.602317369317143636e-02
2.607961604419899437e-01
5.803983876878433118e-02
2.109465618992864000e-01
9.478013524514299071e-02
1.322442059918613744e-01
9.932829340815814423e-02
1.841192346850827055e-01
8.233491461748201901e-02
2.769522766822750670e-01
1.697541117431179969e-01
4.044250714382459089e-01
-1.723672148422553951e-01
-1.813003006117742399e-01
-2.848578139898004253e-03
-1.366922202331054270e-01
1.615661183624773067e-01
2.307100360267945460e-01
-1.709165404842840075e-01
7.245072376503788880e-02
-8.835615895186313754e-03
2.861086400919187200e-01
1.738065349525910741e-01
3.784104169383524785e-01
-1.099578446351045236e-01
2.524004013030498039e-02
3.482533962256005589e-02
1.134371612269706731e-01
-9.807238626660182146e-02
2.655125921398975297e-01
1.787269810379270166e-03
1.272895655711922813e-01
2.367084413454056679e-01
1.842432361240628758e-01
1.227022512405182564e-01
1.082920747483282903e-01
-1.670451858806512868e-01
-5.897344673900817291e-02
1.319946297057770501e-01
-3.425618659520483777e-02
-1.533255978241664652e-01
2.865655001798670387e-01
1.537337917073228200e-01
1.659754169543135038e-01
1.127575861024622955e-01
1.369526772457632380e-01
1.965591205335535663e-01
-9.264795528603561592e-02
1.340097550489731948e-01
6.694108276171484295e-02
-2.238914114365558039e-01
1.931453661438858188e-03
8.756356476069636352e-02
-1.680409902614873052e-01
1.263277284787583388e-01
1.336678002495603201e-01
-1.031843598612160046e-01
2.294986955985257315e-01
2.515434277975168720e-01
8.147888666295030613e-02
3.066819424181733145e-01
3.333309725918510713e-01
1.800265820526401328e-01
1.545989782632392062e-01
-3.279949370862329516e-01
1.509694478527468520e-01
-8.886159185441153130e-02
-9.064157184134667700e-02
-5.750351732376916131e-02
-2.336459847687645530e-01
8.712155230563735364e-02
-5.372340552702598721e-02
-2.214921222592853844e-01
-1.361066699802989388e-01
-1.099256591060766147e-01
6.420637172178908503e-02
-8.412689490498806433e-02
-4.103394339247080219e-02
2.133317743984825821e-01
-4.203877097387914707e-02
-8.386602400601883556e-02
1.859822781841534711e-01
4.000808181079826970e-02
1.455057148043999715e-01
4.055910217144935437e-02
-2.220657423453927248e-01
3.757122752413451314e-03
-4.201976906847164697e-03
8.024743677303995681e-02
1.088064916562637013e-01
-1.414824975376198935e-03
4.060943971614041081e-01
3.532686905874444228e-01
2.972617176931208194e-01
2.299906586815036735e-01
-1.991731614870007328e-01
2.999919483584189139e-01
-4.713567808466732206e-02
-1.510956554372875627e-01
1.417425137016084524e-01
-1.357309490923366314e-02
-4.972719507947372108e-02
1.181877685650960935e-01
2.709363770673400840e-01
-2.238576629985249422e-01
1.469752899673244517e-01
-3.014748817268248990e-02
2.386319591302767662e-01
3.196534476695288562e-01
3.209978127369732537e-01
2.018512320305305280e-02
-1.151646903543969251e-02
1.045938178068438196e-01
7.219019661869674476e-02
1.630021429396887045e-01
2.298692099570897041e-01
1.013770179409744648e-02
-2.347656551875799136e-01
1.766901080705219063e-01
4.920690986137001843e-01
2.462866242989079635e-01
2.735111917194451014e-01
-8.014861182336854460e-04
-3.323073872896108449e-01
-1.115441902958744930e-01
-3.154095996260435769e-02
-2.772728375963540159e-01
-8.809619549910899239e-03
-2.308369521153988413e-01
-3.594130830468310334e-02
4.290583926665437753e-01
-2.571934884644557773e-01
2.471388074324376849e-01
2.238172904916227723e-01
2.775671679487340948e-01
1.833344025267389377e-01
-1.695359472148689484e-01
-2.242210818169550757e-01
-1.601937535230690268e-01
2.526281201231825313e-01
-1.314477326512500377e-01
2.503520509307677333e-01
-3.702721978634661293e-02
3.171192442981845411e-02
-2.025092082669320281e-01
-5.179711617665198886e-02
-3.580501194737982507e-02
-1.013368100481581852e-01
-1.153675114325287826e-01
5.373647421673021646e-02
2.580367761160475837e-01
2.253807722297191188e-02
-4.618763636843102593e-02
1.239978533381131814e-01
8.728086509127438997e-02
1.665441189641082564e-01
2.474644141412752074e-01
2.465382531467451566e-01
-1.340148057100975232e-01
3.829034145959499535e-01
-1.113403865635769763e-01
2.159035256842755657e-01
-6.178015602786533084e-02
1.502298151453156649e-01
-1.693479184700840412e-01
-1.051751247182005911e-01
1.813827313862847734e-01
-6.212289228177968886e-02
1.725420412358847494e-02
8.088308355445264497e-02
-8.732202955179901860e-02
-2.136330907549803537e-01
1.361579674824732744e-01
4.341147956591551171e-02
-2.909633593342051544e-02
6.381815082187984600e-03
7.467823833923044330e-02
9.825352013975975629e-02
8.356506190164710024e-02
2.466923146027509561e-01
-1.376428461622132837e-01
-2.103924167976459897e-02
2.121391159247955904e-01
-4.424968765373660934e-02
5.321322820477951687e-01
2.405661320825207630e-02
9.070864433122209636e-02
-5.328595689615354264e-02
2.887395696636820344e-02
-6.258231558341520451e-02
8.513192315509178487e-02
1.475844297517159009e-01
-7.044576501140797919e-02
-2.226054056420304628e-01
1.095242707016060198e-02
1.059702225028172767e-01
-4.508894031531752999e-02
2.531314507694832350e-01
-1.159315601062602466e-02
-2.526132177224735820e-01
1.497667658736148433e-01
3.032616754210484822e-01
2.032226346560925961e-02
4.345102474998220887e-01
-1.395118704935978116e-01
2.601738398369731198e-01
4.063259060482903307e-01
2.614599771394820679e-02
5.974574694603929786e-02
1.761532892892594959e-01
3.462565593891094862e-01
1.991565868625568281e-01
3.550738125150926239e-01
2.814465454476894335e-01
4.515094882838153328e-02
8.790237274386135391e-02
1.763742225666338481e-01
3.407031464423105893e-01
1.359915652182662645e-02
1.330804472385722359e-01
2.414178189555004350e-01
-1.110033852308568540e-02
4.394666591809328615e-01
4.877520950854452031e-01
6.118629821173986461e-01
1.000000000000000000e+00
7.090536632695719765e-01
3.299173114819216601e-01
-5.813670533967245369e-02
2.795996936393857490e-01
-5.481551669193994447e-02
3.070681483146910362e-01
9.368652362235449504e-02
-3.851905092209928494e-02
5.570184678413669932e-02
3.134765159605226170e-01
-5.755804227537261036e-02
9.883985184706770011e-02
-2.317173615547610255e-01
-4.278580152193977443e-02
-4.180894547208029444e-01
2.943849378150167895e-01
1.257497529199031461e-01
1.135421010243863570e-02
2.472584638979795080e-01
2.334554475783005290e-01
2.586877706827859780e-01
3.189329970687388993e-01
-1.337962272953485965e-01
-9.558848560600180858e-03
-3.419587920852225349e-02
2.200939435608672556e-01
-1.516552927945659657e-01
2.769780436773043308e-01
1.777868035131360269e-01
2.697877718386286761e-01
1.411619124779376344e-01
2.782257537704855774e-02
1.594223293698774843e-02
3.542984412586290821e-01
1.301650218449321161e-01
2.870372598519581597e-01
1.523524479364178064e-01
3.458503584333321723e-01
9.126674529627140306e-03
2.335012096325893849e-01
1.545676156408453128e-01
-2.496899882846360663e-01
3.155164394916151749e-01
5.814100063275261243e-02
-1.411431238039057290e-01
2.393284969007442309e-01
1.131945240812119308e-01
1.872142442426451628e-02
2.492497808590309338e-01
2.039060584944317189e-01
2.031380121281597395e-01
-8.181261789872215640e-02
-1.443971593285815758e-01
1.992843496729801434e-01
2.662083379565540753e-01
3.121030806819928283e-01
4.626534691875824890e-02
2.391750709985525913e-01
1.070931077039595850e-02
1.956500575859834723e-01
3.310946011716640602e-01
7.471844676358098403e-02
2.159626349135791712e-01
2.592959206612371892e-01
2.026438400834321418e-01
3.100407656430567357e-03
1.955420660021630480e-02
7.677628129406338653e-02
2.116010155367838430e-01
2.001507448855849858e-01
2.551352870160645409e-02
-1.404590058538297270e-01
1.145960917165173426e-01
2.669589005258116710e-01
1.674514311051272242e-01
1.332200048143168392e-01
1.679139072739537775e-01
5.224357551887004458e-01
4.062608839538829619e-02
-2.086096094007487134e-01
6.595683329664446537e-02
9.425658018952497164e-02
-1.892899919384252450e-01
9.692001198370389647e-02
1.566023502932465949e-01
-1.124292989608010745e-01
-1.330881655617500436e-01
-1.829160187839366791e-01
-2.548721728525373681e-02
2.159763468400294484e-01
-4.041266984129229800e-01
2.595788181827884400e-01
-1.108485798804073053e-01
-9.092258370026279346e-02
-5.502701006586448867e-02
4.092682396589147897e-02
2.227242519717085312e-01
9.562894221255563432e-02
1.098754609456701892e-01
3.255157439838450295e-01
9.870070047470264063e-02
-1.757384690655826032e-01
1.681327774898888072e-01
6.052983910239106286e-02
-2.277404321459462061e-02
1.945675532236370575e-01
1.020550749569012344e-01
6.148641436569580315e-02
-5.001879304739964560e-02
4.451833391535248846e-02
1.909676556277948856e-01
-1.655740323367417555e-02
8.130645550743931249e-02
3.353409245279610068e-02
6.057524690455386857e-02
-3.131029879156278506e-01
1.319805944802122932e-01
-2.750291573132411863e-02
-2.363624620552913225e-01
-5.810680172264359039e-02
-1.832857621873086318e-01
2.736121452319746350e-01
-6.712132564435513427e-02
-2.573601211702505193e-02
3.402965807350977756e-01
3.045870822039530024e-02
1.043650384880341619e-01
2.270845167913166096e-01
-8.792054177485965349e-02
-2.050230070282908490e-01
-8.003300266303400856e-02
1.196187291656845425e-01
-1.732376322742894548e-01
3.465503397923983681e-02
-1.996546429091466679e-01
1.586746052540543572e-01
4.917429132745976261e-02
5.309276254275704238e-02
1.657687996592752122e-01
2.181905142392072394e-01
-1.046380561331784337e-01
-1.145577771830276342e-01
-1.660173733688375675e-01
3.558233068002043115e-02
-2.824079320678566929e-01
-8.935906711519525647e-02
1.241814536597123653e-01
7.145061586289601363e-02
1.040637298144682366e-01
9.064651318773897515e-02
5.176651682614126504e-02
7.947807730190174780e-02
-1.174722752218559374e-01
-1.810877240279579747e-01
-6.821999317066593932e-05
4.996912599262961358e-02
1.410783278145582575e-01
4.512527523711527128e-02
-1.410723607386149374e-02
1.285852820711691213e-01
-1.295364578330715499e-01
4.012409130765585280e-02
1.389619361590275493e-01
2.104359942397317912e-02
-3.063576459978244459e-01
-1.389486491634919774e-01
-1.050959165263764400e-01
-1.435837886097056371e-01
-5.189272495578730465e-02
-1.119917044294298225e-01
-2.402507378525621240e-01
2.288599434533746535e-01
1.084939922728853229e-01
-8.672974851029421894e-02
-8.193556653025070059e-04
-2.909302276316024297e-02
6.679124083235066234e-02
1.105103262727698821e-01
3.380914260369943247e-01
-6.785484211828324286e-02
-2.243974202442195198e-01
-1.134479948684679607e-01
-1.897568860311280581e-01
-6.121246482262974326e-02
2.355785700227180646e-01
1.915481988269621128e-02
6.183667336193097303e-02
-1.514894840986215005e-02
1.013344889551104078e-01
-2.284321513054279607e-01
-3.206663478262410938e-01
-2.702495267326214257e-01
-2.878599433009432773e-01
2.011995411831315941e-03
-7.264617903200297488e-02
-1.407141357698523387e-01
1.516433648989506389e-01
-5.882895063324889567e-02
3.364674976168779419e-01
-3.095572250941443920e-02
8.475294212645867464e-03
3.263876243029520396e-02
1.421145594706815229e-01
2.193096740060882788e-01
-4.274595784902474049e-02
4.243078312066102253e-02
-3.948791026956992578e-01
6.033646507910660900e-02
1.701028537089190398e-02
2.450214569239783091e-01
-1.043513972405610279e-01
-1.042845983694418999e-01
-2.259913615975596701e-01
-6.689919420960181717e-02
-9.180818201831626724e-02
1.098104957857442138e-01
-2.019057785126641413e-01
-1.600777440262114437e-01
-1.134367002553945680e-01
-1.229959199526268615e-01
-8.534211165199880045e-02
1.259215584758040796e-01
-1.382591339830974153e-01
-4.142035547845879795e-01
-1.462652773037732001e-01
-8.879086083271993043e-03
1.144412278075796069e-01
8.339106783751011609e-02
-1.252344688366351377e-01
9.992431482248714802e-02
-1.384509406707540996e-02
-1.810382735526639142e-01
-1.759940261839806619e-01
3.081565185618639346e-01
-3.196979214195482671e-02
-1.713221478836734757e-01
-1.368496059035978207e-01
9.931395588228628113e-02
-9.332539051714730527e-03
-3.062745824858773003e-01
8.046470208292265391e-02
-4.557427214162966811e-01
-4.402249610719872197e-01
-2.144969647509473720e-01
-1.330327552527611479e-01
3.612182707754043459e-02
1.039312572793595485e-01
-1.922075638430635336e-01
-9.351518444968925925e-02
-8.996353917176221071e-02
-3.104729713059726781e-01
8.692323920742135723e-02
-1.127277111669842125e-01
-1.086671462331817439e-02
3.089174942670095542e-02
