-4.981979572833995090e-02
2.599739039498486989e-02
-2.803213793847452329e-03
-1.398665513205874303e-02
-3.475337646067558350e-02
-1.691301762783332940e-02
3.345039968570929362e-03
8.522349564507892064e-03
9.955158935640246246e-04
3.009487793914891393e-02
2.393251826350379849e-02
3.207651965417591955e-03
2.508968474640912993e-02
2.302150805721677948e-02
9.773472213012456694e-03
-1.684690325590830311e-03
2.278854934552607472e-02
1.562775694158649933e-02
4.293572368045873305e-02
2.629552099030570481e-03
-5.620993099815756698e-03
1.556015816992781242e-02
-3.402869818264041973e-02
-1.068019320466955619e-03
1.397794547404040619e-02
-2.728556480570667672e-02
-4.644885796472258965e-02
7.228539009005731895e-03
1.846341302355986383e-02
-2.667282908110374731e-02
-5.247737408449901914e-02
1.198796675836350141e-02
-2.222563437891419275e-02
-8.767877742907126751e-03
-1.370198252261683840e-02
-7.624409269993640687e-03
8.443579270016354429e-03
5.152328251338751663e-02
-1.444839378942552356e-02
-3.199760477106907558e-02
4.204936455840963330e-03
1.171623475427723687e-02
-1.452131956497134703e-02
3.783249606484841761e-03
3.077920611776505458e-02
-8.250006532201141496e-03
-2.594532962042295221e-02
-5.079232580493227636e-03
1.291028236114911618e-02
-4.940284840315016870e-03
-8.626210465011408760e-04
-2.347476872124008504e-02
4.610940584946883469e-03
-4.806218464870130359e-03
-1.602009982528551993e-02
-1.483956514474679168e-02
2.418552714103834947e-02
-8.407142813871058482e-03
3.272916525418026641e-03
-4.047221656451824995e-02
1.444677830657739321e-03
-2.239039773613230727e-02
7.641950990006806353e-03
-1.029004327085329164e-02
-4.104337488408000417e-02
1.885596262816762944e-02
-7.635765876485183130e-03
2.554254375911825699e-03
-1.456756730457158542e-03
1.232518614202356318e-02
-1.188430169787690546e-02
1.614585456778757852e-02
1.617119040568215996e-02
-4.611115520599546463e-02
-5.633312860519689054e-03
-2.509872323990986961e-02
1.220726879189876386e-02
-1.621816212326945492e-02
1.884287827098686183e-02
2.505941173622981254e-03
1.668893133864271169e-02
2.214248413608187541e-02
-2.888161926340963859e-02
2.027619541356646266e-02
3.108871412003729948e-02
1.546635654391323444e-02
-3.918163149897629233e-02
-4.060472060865467914e-03
-4.020777560865856914e-02
-1.580835299138802150e-02
-5.103896363740317507e-03
-3.734346206108217492e-02
2.637685923833359841e-02
1.376654185930515500e-02
-7.949147161523064178e-03
1.116114270432476624e-03
-2.671421421064560167e-02
5.447106982837354033e-02
1.693570126807351917e-02
4.093103259058464977e-02
2.673631205583283654e-02
2.798000978244507067e-02
-2.675777632594513594e-02
-1.433574144543254929e-02
-9.053808294077555921e-04
2.248571605235200055e-02
-3.400845933721614867e-02
-4.082650688791380870e-03
-1.248006899477248702e-02
2.768576312311269230e-02
5.126178313976235273e-02
2.976906728157774351e-02
3.013228736593782237e-02
1.231992104385656915e-03
-1.684154825972350444e-02
-2.688957676972189223e-02
-2.127697485626630844e-02
-3.653405216593976629e-02
6.035780705512732575e-03
-3.194020717619021343e-02
-3.475416440938441237e-02
-2.211752737233292285e-02
-2.514532576151091645e-02
-1.923288962934495763e-02
1.180626283119615670e-02
2.224284726344636851e-02
-5.528123174332296233e-03
-3.497177283222763222e-02
-4.856475045582348514e-03
1.897371915647154059e-02
-3.670390263747164844e-02
-1.170561302334398893e-04
-2.262875173170027232e-02
-8.989876963578816507e-03
-2.675445110231495366e-02
9.767630405089228348e-05
1.607206177578186443e-02
-1.771461805008333820e-02
-4.305266971319936936e-02
-1.403169072479145199e-02
-1.576046116640951109e-02
1.106198721830875357e-02
-5.583049975617970784e-02
-2.694174177129248036e-03
-3.434092044204627159e-02
-3.384452526054467641e-02
-2.661327516638469642e-02
1.693444341837449171e-02
9.880191092149267357e-03
1.424399109468309395e-02
-4.263547870077674857e-04
1.317320304306797288e-03
-9.088378466589757537e-03
1.833982635999008293e-02
-2.344877430277771124e-02
3.217906709367827217e-02
3.603071372262812988e-02
1.019877269924916730e-02
2.011711575347458966e-02
-4.181364760174569040e-02
2.763396387537277524e-02
-1.551834978213866532e-02
1.684189964205894119e-02
-1.971634420548808164e-02
-4.207888369815483004e-02
2.944930329661240784e-02
4.841670395156143919e-02
-3.690341146473361672e-02
-4.519352869244384896e-02
5.643053209086906080e-03
2.182245504057016370e-03
-1.638746722197896230e-02
4.418839978375335709e-02
-3.307271975400641328e-02
1.235771420407631369e-02
-1.473748774077134928e-02
1.404453707333438821e-02
-7.810529215973793186e-04
7.310127799828402759e-03
-6.189884486439201083e-02
-5.427814852882479474e-03
-1.448121563736192406e-02
-4.723597871050815716e-02
-4.319940894666839809e-02
3.339802820198644034e-03
-7.459333237684475683e-03
-3.565341998410154201e-02
-7.460653257855748288e-02
8.113689580101944229e-03
1.087710541525383455e-02
-7.783166376837921327e-03
-6.216480422544158613e-02
-3.483400746991485719e-02
1.530549792314202413e-02
3.214285802435921241e-02
-1.752666438704988602e-02
-2.808608527007714142e-02
-2.170563379652173941e-02
1.801896170168699541e-03
1.244166775063127416e-02
-4.890308620938964854e-04
1.810776252252022794e-02
-2.439029645671998182e-03
1.822464124660046550e-02
-2.460044217221549201e-02
-1.734407905973854927e-02
-2.932504897969724286e-02
2.257388969675799828e-02
-2.980175068859552273e-02
-1.104743018907518477e-02
-4.269736425757704804e-03
-2.261190998581804126e-02
2.032548615375037726e-02
-3.412083674203699596e-02
1.180272557575214043e-02
1.053892647330311426e-02
1.136635689627429197e-02
1.291217184326221186e-02
-1.455668137414218612e-02
2.816915661110774155e-02
-1.789017916689518428e-02
4.013922630194326040e-03
-2.693726912735761037e-02
1.805558951154119171e-02
-1.911320233662943150e-03
-2.857883986654442821e-02
2.391824524621994491e-02
9.043951215763035636e-03
2.487755158480004988e-02
-2.865261832439825861e-03
4.201268572263849865e-02
-1.453704270745212988e-02
-1.842857672667144384e-02
-3.353117092366051516e-02
-6.684370521178970015e-03
7.561021689359163737e-03
1.902723987266303346e-02
-2.275070678233191007e-02
-1.268016361708598945e-02
3.097866104871816254e-02
-3.260499551218470904e-02
-2.595743284378833338e-02
8.515354121373761020e-03
1.082977962901518661e-02
-2.887444051332549444e-02
2.941725827723048483e-04
-4.854534353476307011e-03
2.771955622670509850e-02
4.060199644305468453e-02
-1.146315571581560389e-02
-2.028216832932348487e-02
3.542177312264416233e-02
6.146191293671565692e-02
2.396024726985650499e-01
6.405350769733272331e-01
1.000000000000000000e+00
9.864277779193234563e-01
4.656973898983680082e-01
1.800750793741038580e-01
5.515553907249747673e-02
8.291858414332099747e-02
-2.004288983210562782e-03
9.953535558689510787e-03
6.707598204536818765e-02
2.078301909694879948e-02
-5.583144316112101727e-03
-2.707662117485039668e-02
1.555865774434091707e-02
-2.387997320427041534e-02
-1.418155931046960992e-02
1.952946609903631961e-02
1.041138026737316313e-02
6.723033396366214810e-03
-4.827971209958157976e-03
-1.617087048406008276e-03
-4.046594256681291385e-02
-2.458135516058403830e-02
6.076536021849317064e-03
-3.262088038609078228e-02
-1.803532092742183776e-02
2.398527797209676002e-03
-1.993509367436175836e-02
-1.815641255751248087e-02
2.310982636304946894e-02
2.657398263689952304e-03
-3.569985089611933671e-02
-4.649137694845285190e-02
2.883109938265797432e-04
-2.409974154990623257e-03
-4.955298192233645142e-03
-1.584603914109974530e-03
1.969167242501998830e-02
-1.624863897178523836e-02
-1.201953606750454963e-02
-2.134613605126578495e-02
-1.312330223380727377e-02
3.113747387108294074e-02
-2.465125400390521040e-02
-2.278886282599465810e-02
-8.155099783908240476e-04
1.650889047809336874e-02
9.759799374464236954e-03
1.223878967454479667e-03
-1.220231995958494502e-03
2.598728266964020830e-02
-4.648866537763515772e-02
1.673760573265478755e-03
-1.209251664896221663e-02
-1.432506945805811852e-02
4.317151255088817665e-04
-1.939669251866518382e-02
-5.178693632591733348e-02
-6.005681111932357173e-03
3.279872101287306663e-02
1.287518829930977063e-02
-3.065990863741680297e-02
-1.388418958116291804e-02
2.353502082634930086e-03
2.033388501761604350e-02
3.460134624425215133e-02
1.839301824069917296e-02
-4.068451324130897308e-03
8.426639609672945466e-03
1.236199629968265726e-02
5.446414990709991591e-04
6.100929371450414425e-03
-1.999279584288379819e-02
2.966271319712790802e-02
-5.316454498582882417e-03
-3.037445795742120189e-02
3.477352554777269223e-03
4.168311417298675822e-04
-1.224523427504412704e-02
-2.640114378148571139e-02
-4.893110339627500249e-02
-5.007314240990905219e-02
-1.232120405280894351e-02
1.013690614839517223e-02
-5.101459263840016356e-02
-3.425637659491363729e-02
-1.581254432187369566e-02
-5.017513341920894080e-04
2.584659370469591377e-02
-1.819989560506094645e-02
-3.349197894026911815e-02
6.905958346920899361e-03
1.041149888320852535e-03
3.915456350909463784e-02
2.197139379445538221e-02
-2.283685707095906015e-02
-5.241540416859803882e-03
1.022677968572943512e-02
5.038500720615494803e-03
-5.066602831015580045e-03
4.706600274862735348e-04
2.911418274056335950e-02
3.582075935894777144e-03
-3.966826751147061771e-03
1.176998820365391350e-03
-1.607770494645208159e-02
-2.037865726431652841e-02
-1.211874463929228088e-03
-3.515075440081492225e-02
-4.826333214621100764e-02
9.601850882246271146e-03
-8.574424556801723413e-03
1.455032213067358401e-02
-7.650885244311437031e-03
-7.380507227675276762e-03
-2.429047774303132526e-02
-8.299350259088098675e-03
2.782404691009128170e-02
5.313873309734652196e-03
-1.747228021485078015e-03
-5.548202974647194891e-03
-5.289362969077331111e-02
2.963177632578130327e-02
1.330701523729764697e-02
4.929647630877898729e-02
2.731139309144307165e-02
2.892950309116572652e-02
5.352406712556837844e-03
8.944552152215330329e-03
-4.453149503581495944e-02
-2.497355795010640367e-02
1.448682665319735684e-02
-1.359995901495025632e-02
-3.658804096391124472e-02
4.490991820096913723e-03
2.789426471073831043e-02
-7.273631122637893784e-03
7.998350836734904878e-03
-1.667154233900256660e-02
-3.651516999428009586e-02
5.087379056993306115e-02
4.747538491042157388e-02
3.635512601785127838e-05
-2.354485798539366920e-03
-2.544301982077246463e-02
-5.072932344614294181e-02
4.983750012484517225e-03
2.599367615732860876e-02
-3.511825060060139864e-02
3.303337693117754104e-02
1.882495838643388417e-02
-3.687498215588050007e-03
-1.097385571111811516e-02
-1.151166028400078985e-02
-4.468953966578400466e-02
-1.503921321830633574e-02
-4.872620197145169363e-02
2.306453021482589641e-02
-7.971803713927391342e-04
3.669069079308680953e-02
4.830226008241524788e-02
-2.109998870773867156e-03
-9.120113164803149430e-03
-1.485250752681394580e-02
-1.689937620046484332e-02
3.176759311846873851e-02
3.130604048983450915e-03
-4.000344559520552928e-02
-3.436953566620708223e-02
-9.954132037279383657e-03
1.163415452944259638e-02
4.256001729143402265e-04
-2.172918616820943005e-02
1.671803720768078819e-03
7.983979030852092137e-04
-9.798375746145110334e-04
-6.168116539728451565e-03
4.990491018146248070e-02
-3.360706791590765963e-02
2.118519487104580240e-02
1.312642181208530101e-02
4.776185540521966227e-03
-3.921475072871240947e-02
2.283213035003300515e-02
-1.695123385003975344e-02
5.067606429927357797e-02
-2.383784323456623541e-02
-1.658300212319949868e-02
3.899994024050685432e-02
2.162409189235806398e-03
4.422042656909853930e-03
-1.503804071859602721e-02
-2.226656217193972304e-02
-7.226685381873179832e-03
2.710682686229805034e-03
4.478738719797731305e-02
2.898923849362457575e-02
1.726396476018031770e-02
1.638447093805662710e-02
4.836574208581320006e-02
3.122198902881553450e-03
-5.860157230135085160e-02
1.680467352221862859e-02
4.281643959894215127e-04
-2.149832177860360252e-02
3.298040877964763390e-02
-3.948716826152160603e-02
2.514407070235325295e-02
-4.886310383526098512e-03
-2.389892543263172006e-02
3.565796182981979118e-02
-5.216508441220732428e-02
1.763334832081197082e-02
2.892225337477696140e-02
-4.375764282126586718e-02
2.756811802584552273e-02
-6.153115752280865873e-03
2.795895694976265403e-02
-5.221755571459330697e-02
1.320816782880712519e-02
-2.414456059826830536e-02
-4.317087365736577143e-02
4.179389573703692017e-04
-3.052107679130134504e-02
-4.571499105490271775e-02
-1.558447325715396105e-02
-2.814913060287625723e-02
9.245137493324265612e-03
-2.746226246302425900e-02
1.281543673645956644e-02
2.582876904828819778e-02
-9.310208763994111403e-03
4.156679878675600091e-03
2.312331953306952931e-02
2.080172965902663679e-02
-1.674277090793461695e-02
2.859786498464601812e-02
-1.529414121242361931e-02
-1.135503065167168917e-03
1.356235571814552862e-03
-2.878677359621996737e-02
-9.178610473874644626e-03
-1.846487742821545028e-02
1.096019285495188587e-02
-4.282425444174624458e-03
1.185633614745848323e-02
3.688586722435388543e-02
-2.396351434206435080e-02
5.141935707959940927e-03
-7.668524817060456099e-03
-2.843752914734260645e-02
3.146499710650469111e-03
1.958357351988516612e-02
8.013543899681814867e-03
-1.131564738034502096e-02
-3.253820804146825146e-02
-1.858427904353436924e-02
2.915959660205990484e-02
