1.260832743244169329e-01
1.640778775512383991e-01
1.150122937944087487e-01
1.370013568346913901e-01
8.344095298402111338e-02
1.063256628326705311e-01
-2.164844162702573849e-01
2.590004807397161546e-01
6.509719783359098344e-02
-4.877838413977832882e-02
8.713123221042550284e-03
1.594099498340155185e-01
-4.014088378042232619e-02
4.517890837942854509e-01
-8.779240201139479338e-02
-5.387796757824415972e-02
5.927633031735515812e-02
1.134506272768176366e-01
1.198970523053212445e-02
-7.864881788130617668e-02
-2.696495416862582095e-01
-1.509085740673840777e-02
-1.101993215344225924e-01
-2.292580447598989712e-01
-8.313067547479718877e-02
-1.165804912672321891e-01
-8.833246325831602477e-03
-2.076294145739758512e-01
-5.588766668455955045e-02
3.271098121498423883e-02
9.978922663573087937e-02
-1.142246443286450142e-01
-1.159121705280579256e-01
-1.833716859604198890e-01
-9.886149988055031868e-02
1.962666676075826566e-01
2.173589344537507628e-02
1.267961979616753498e-01
1.665240436232065802e-01
4.689892272213693619e-03
-6.265352079610071734e-02
-2.542187596157624574e-02
1.492335027752077492e-01
-1.615835673125746996e-02
2.422463798455747747e-02
1.438806682668192505e-01
-1.021857482006666984e-01
-2.550966035720209635e-01
5.030662313431966820e-02
-1.340265077639019864e-01
5.531582002491174793e-02
5.162967455866496191e-02
1.401619782501815903e-01
-1.165775626836750151e-01
-6.479165721320602478e-02
1.684539502375860809e-01
1.696772761653497219e-01
4.663230674120887320e-01
-1.517187374117209830e-01
1.620272734540359749e-01
-2.853025910898827067e-01
-3.265959581716283006e-02
9.352304592978703812e-02
9.888459183324527224e-02
1.429911552245850259e-01
4.901883565936608622e-02
1.099956253905989313e-02
-1.449050752195048530e-01
1.547925495964993237e-01
1.674436653569426336e-01
5.846096872557694779e-02
-2.030194114939829625e-02
1.563769359322143004e-01
1.960716094897473893e-01
-2.866363039846586136e-01
6.576350108292709773e-02
-4.171815784182391490e-02
2.167050765552784031e-01
1.045046858345950874e-01
-9.337924955317560005e-02
-3.914690141168935406e-02
2.112276966025373320e-02
-1.633762217580203846e-01
-2.685217658485116940e-02
-7.478990880521896312e-02
7.041693459352130202e-02
-3.398431037152173095e-01
6.053185678201418451e-02
1.073004815204286061e-01
1.166955675454591120e-02
2.393339577050370703e-01
-1.672771491621918571e-01
-1.826813403712372053e-01
-1.075008085451881201e-01
2.498996912024453454e-01
-1.197991569236834669e-01
-1.929476881943596178e-01
-8.636146689344993688e-02
-2.257298108012430748e-01
2.196762808944132117e-01
-9.413586499481460534e-02
1.177137353672003950e-01
1.214664342259998142e-01
1.558950362713764359e-01
-7.652935242053855724e-02
1.653923649485112071e-02
-3.371224998046415400e-02
8.714626907230547948e-02
-2.298835709062554133e-01
1.320698001172424529e-01
-8.486321600032882551e-02
9.656756498122968935e-02
7.875010320521157181e-02
-6.597553550079082729e-02
6.554781499234606235e-02
-1.616934324474464391e-01
1.279613378784451860e-01
2.527304798365705846e-02
1.926471498894748169e-01
-2.666661372293511190e-01
5.290987091677782500e-02
-1.801282016993730195e-01
-1.269573608863369119e-01
8.475955105963919878e-02
4.098670075500332466e-01
-1.882134836836023284e-01
7.778128345458509840e-02
-1.435138643407570247e-01
-1.048309399556537069e-01
-2.679505103371884189e-01
-2.239849283879064012e-01
-1.309412185505423598e-01
1.238911355870895153e-01
-4.529063680292766403e-02
9.516430269586670376e-02
9.194256668581009262e-02
8.290741944738833080e-02
4.311343876235539802e-02
1.068366516833810405e-02
-1.512914676247125167e-01
-2.753038947076971721e-02
2.639511670859088360e-02
-8.437058051350493360e-02
-1.823567246643520989e-01
1.606968400973908806e-01
3.524358524011860228e-01
-1.345595555169756541e-01
-1.158877028780668644e-01
9.630191155010281445e-02
3.534646059946734975e-01
1.391273070161806180e-01
2.723258487619880652e-01
-3.133563329908307243e-02
1.821394001595975365e-01
1.587573179353007347e-01
-1.944632875220802803e-01
1.429758986353636130e-01
2.416091079990319856e-01
1.678634788560958713e-01
1.495152634158604110e-01
-5.374255282211087836e-02
-9.862845147322894801e-02
7.158186532575022687e-02
-9.619838566969302063e-02
-1.776698765029726887e-02
1.227542960565088104e-01
-1.282630569350045324e-01
-4.417581518130817009e-02
-2.525517176228204638e-02
-3.156191344560196899e-02
3.148088617174993886e-01
1.585227447627784170e-01
1.373797795593830751e-01
6.834458918639133018e-02
1.790441513849854449e-01
3.659234504507905550e-01
-7.261580652952838444e-02
7.056753852438325814e-02
1.582954186935704721e-01
-1.978940900730263019e-01
-6.741566085631729710e-02
1.316460934084610901e-01
2.420120302821234665e-03
1.507036763488059650e-01
-1.916115999140938497e-01
7.085863117265027433e-02
9.979725000377875910e-02
1.628533778128629095e-01
2.949240680222084410e-01
-3.802008885685388001e-02
-3.409040239417988807e-03
1.890929304566896230e-01
-8.492455994958830051e-03
8.764455254168736220e-02
-4.804998084661680352e-02
1.002203833444179418e-02
-2.998756102667943582e-02
2.125711146259109119e-01
-7.243105892751920682e-02
1.156009707527425046e-01
3.175818701707316949e-01
-8.129184343534419377e-02
-1.429462406653135287e-01
1.632033583813173039e-01
5.969405891220840726e-02
-1.866626134654118530e-01
-1.225698574059032181e-01
-2.066919579689680680e-02
1.056875994961089249e-01
-4.031848110189959478e-01
1.480651715580033334e-01
1.433608533251947217e-02
-6.693131839549680551e-02
4.849526862504845853e-02
-1.335324010442291154e-01
2.758239066146648266e-01
-1.419330272011283534e-01
-2.551451670942259664e-01
2.388829360593564266e-01
-1.000570786201766676e-01
-9.799615706605457888e-02
7.753828242708937779e-02
5.791294098233093490e-02
1.405240241074228180e-01
-3.130322357767767461e-02
5.392845576450279454e-02
-7.547996391322721321e-02
-3.784448317900130365e-01
-3.073278827056279972e-01
5.717974032691582054e-02
-1.026143266272570853e-01
2.258683914465345610e-01
1.074565242493076417e-01
1.251912649498326813e-01
4.180913959096588250e-02
9.586691647033488903e-03
-2.417358900604032416e-03
-7.562394135331941547e-02
-1.681615674199354038e-01
-2.074247944407509869e-01
-6.990558614715880470e-02
-1.160520247507930564e-01
5.444025493228613760e-02
-1.095998413356100848e-01
2.339015468303162759e-01
-7.471916478078564905e-02
3.985324056139438742e-02
2.085459336017366494e-01
-1.997984157002020422e-01
3.192165748015970417e-01
-2.480706481800234661e-02
-4.332114077832116550e-02
-2.888387906485841324e-03
1.038471078624849803e-01
2.142978792809926425e-01
1.000000000000000000e+00
7.367006754974417815e-01
2.081986724322985316e-01
2.202858624245109254e-01
8.507232454441916725e-02
-3.389873090339703965e-01
-3.035386647901760493e-01
1.201562848285895324e-01
7.203610603616246444e-02
-2.079177594058782483e-02
-5.586408171098548696e-03
3.251600439378250079e-02
-2.719167290856198682e-01
2.289033623647438453e-01
-1.729890127065682182e-01
2.756347730784211580e-01
4.878329786078827029e-02
-3.034172653981595524e-01
-3.065809502261924169e-01
-1.210368283469494960e-01
9.179964210948507453e-02
1.083078731759104692e-02
-4.486921724193995015e-02
1.768988422201366595e-01
4.357611426881918826e-02
1.908893862724065915e-01
1.547692161068935368e-01
2.257783558532344137e-01
1.037590223445302440e-01
-4.046655647663912614e-01
-7.314759917537211331e-02
-4.044394653870185541e-02
1.070600650629636580e-01
1.099790294490437387e-02
6.987434564827693650e-02
1.088226468655043716e-01
-1.334621497444484495e-01
2.823129600410739792e-01
1.275112947409608732e-01
1.760712130961088195e-01
-1.747112427162583193e-01
-5.607525463241423702e-02
2.814467553735191738e-02
-8.976131707366785673e-02
-4.076287526785563053e-01
1.787173159448148529e-01
1.206537989743005496e-01
1.387036746629700945e-01
-6.397362975476349189e-02
-1.064794299428914598e-01
-5.123533262900634849e-02
1.917131152457590693e-01
-7.007687852418113816e-02
8.983349997858022795e-02
-1.183474771779019323e-02
-1.135112884401640043e-01
5.134173356062136234e-02
-1.204689280724723366e-01
1.534028568765945797e-03
1.518162038815691062e-01
-8.583253970836261099e-03
6.030287111863526228e-02
-2.129895497179997432e-01
1.432499263891428565e-01
-8.467964220893151039e-02
1.586668709139968936e-01
-1.588605506247677546e-01
1.155765169848922413e-01
1.832352742258611666e-01
1.420729442502678963e-01
-8.739912718442269246e-02
-2.031258873768810452e-02
-1.564383594781534048e-01
-2.827368451640735469e-02
-2.001921554875297493e-01
3.010011221329713660e-01
1.016161490386014166e-01
-1.458977324172216691e-02
-6.438514328685066013e-02
6.811678427468695340e-02
-9.511059544489190720e-02
-1.548493036680767543e-01
2.785899515046791342e-01
2.674483756613947882e-01
1.169756699350389534e-01
3.052150252654010076e-01
1.606303680014563584e-01
-4.214151788784723483e-03
7.555242341715778798e-02
-4.701424980777053203e-02
4.493478059716068951e-02
-1.651316099895987211e-01
6.280646081901994360e-02
2.374226642228586398e-02
1.151688361890031292e-01
-8.250777354868266134e-02
-2.428647989957838718e-02
1.385513367823817676e-01
-2.118662258858513836e-01
1.034305808425406425e-01
8.924546445599453037e-02
-8.695220793288020722e-02
-9.864112349240412858e-02
-7.652766506207055175e-02
1.498596098838976265e-01
6.549061443061124366e-02
-3.486733515720716325e-02
-3.389280000954540684e-02
-1.684180167313552856e-01
7.638883400002612588e-03
-2.249679518639716436e-01
1.005873280306057715e-01
-5.953845996368753446e-02
-1.505004110896737135e-01
2.384550526008660520e-01
-2.839681624037879160e-01
2.229141310550428468e-01
-9.073215431411701948e-02
-1.386367144304712362e-01
-1.982657280054040197e-02
9.433947426747323062e-02
-1.533154352215887299e-02
-1.114849289262709597e-01
5.090506435149035752e-02
-2.690414753309434970e-02
1.473780450335368253e-01
-8.600004164875327262e-02
-3.141949870789363386e-01
-1.812037709831983423e-01
7.783314733813984088e-02
2.304871280879297046e-01
1.599226161535684254e-02
4.543824533121401110e-01
1.773581707739769198e-01
-2.934125125540371082e-02
7.755181200764707516e-02
1.136970704357112283e-01
-5.088207252240572326e-02
1.681907534885671851e-01
3.057182548081627815e-01
-1.152628316238036785e-03
1.255170174663656525e-02
-6.250422550482066797e-02
4.024153563768263497e-01
-1.841829008622668587e-02
-1.227651851816940060e-01
-4.469211163973729403e-03
2.258689076436841761e-02
2.119126325011599088e-01
-2.705630762451355364e-01
-1.799160509227529514e-01
-6.629021476513855850e-03
4.151624557846429059e-02
-4.011605129368596423e-02
1.472774153843142697e-01
-1.101006885518192729e-01
-1.032298119157275262e-01
9.709248230156705683e-02
3.149060469398124590e-02
5.666418971955249767e-02
-4.254102925379386196e-02
-1.922756556658474503e-01
-2.936038892960631808e-01
3.632329003561738934e-01
-1.391543638242908054e-01
-4.993831062073983765e-03
1.796961091388191434e-01
-1.220579769414708859e-01
-1.678229363489489312e-01
2.511449884478964001e-01
-7.580331063072612285e-02
-1.649490890619531303e-01
-2.335945072128007283e-01
5.432702067836569365e-02
-1.598195387020490965e-01
-6.601632184043746895e-03
-1.773756655666975102e-01
2.896254658418019323e-01
-1.105881988405001647e-02
-5.186454974149726227e-02
-3.279600133672800899e-01
-3.916771774575709963e-02
-2.241062395422266651e-01
5.698183492215691537e-02
-1.248136300190255538e-01
5.388874540743111147e-02
-2.845675170102664533e-02
-3.296390674159418999e-02
-1.697282404843364345e-01
-9.304667095165723711e-02
-3.286999411638013256e-03
-1.499614992284384607e-01
1.680554200290674538e-01
2.396782436996596488e-01
-1.055230056124219773e-01
-1.575740787304741874e-01
2.648559149417629641e-02
2.360048515492370325e-01
-5.285357909577224206e-02
9.018878451606622548e-02
-2.774699792132271914e-01
2.058849994739845868e-01
-1.509679513728838518e-01
-2.184689319352473291e-01
-1.228792631148407227e-01
-2.955026412962518112e-01
-3.407119679615023267e-01
-2.971094870286939901e-02
-4.902944818551763229e-02
4.182857757535466542e-03
-5.432848261714676857e-02
-1.160409310291553031e-01
-3.683602891032018434e-01
-9.248023496896640161e-02
-8.631426554316330713e-02
-1.721428335730473824e-01
1.500454777641667126e-01
-8.973482499276051738e-02
1.485280631900706971e-01
5.994621052707461289e-02
-1.339321933010558241e-01
4.734931321245700736e-02
-4.807428590335623142e-02
4.636943610196140678e-06
-4.485638262949768335e-02
-3.605759244995065393e-01
-1.288064756773343866e-01
1.023327031685796751e-01
1.980301813270458899e-01
-4.164231209183721222e-02
-1.118385261053043978e-01
4.477952107409330362e-02
-7.005805191566993884e-02
-6.853617705176860697e-02
1.441593119625927955e-01
6.809163553872123187e-02
3.141333821127378911e-01
7.301790216927936394e-02
3.143262786751289256e-02
-1.235763630826850895e-01
-1.814408474291178963e-01
-8.393690478989780440e-04
6.677792306306840064e-02
3.395008422088810485e-02
1.710048830582901191e-01
1.622268196259581963e-01
1.855842319568011545e-01
-1.177289430121427616e-01
-2.442762687186857129e-01
1.295775946196699724e-01
-3.443762257023150197e-02
2.923450251728639815e-01
-2.049683667398194062e-02
-1.982551529122217326e-03
-3.538845658519632620e-01
-2.186874048393219472e-01
1.367642337974980249e-01
