3.048181089871624394e-01
9.063399955283292508e-02
-3.622561847057698126e-01
-9.113943811624471147e-02
-2.792490100036166822e-01
-8.868421497501671399e-03
-1.766442566041483142e-02
-1.176453326932647842e-02
2.116291750981442454e-01
-6.623715273685852611e-02
3.016889260067940892e-01
2.697630166305637345e-01
7.020209677903474499e-02
9.493309471118131782e-02
1.129114326930353018e-01
7.192441703088071903e-02
-2.214103189271341421e-01
1.624840283665374141e-01
5.344328766024966648e-02
-3.477599416835257945e-02
-2.054904231958860350e-01
2.187490347342221919e-02
-2.848015616999586830e-01
2.870766596338906185e-01
-2.864980084469839761e-01
-1.567327022435971162e-01
-2.050722103684355646e-01
8.983789254659887979e-02
1.062075887906308025e-01
-7.572189054465643110e-02
1.387281407017957290e-02
-2.048877884128415261e-02
-9.783836847533734782e-02
-1.497041647034580147e-01
-2.308343500449737060e-02
9.253127692889542844e-02
5.676098645039546337e-02
2.509719342520659868e-01
-3.308277099458874493e-01
1.524116251225294261e-01
-1.801197602020003855e-02
2.184417220492497480e-01
-1.772098991313681149e-01
3.701364249337685264e-02
5.768213840966772421e-02
-3.052967875875021164e-01
6.164774704493700824e-02
-3.039486299154687265e-01
-2.770182461044919942e-01
-1.036196688091068352e-01
-2.306826500018417381e-01
2.199566968543450740e-01
-9.350878175494584110e-02
1.038285658083675789e-01
-2.517978677261014653e-01
-1.097905252467467341e-01
-1.368541559239103977e-01
-1.225104467579433282e-02
2.912021273553742073e-01
9.805759771233317490e-02
1.548219452320831642e-02
-1.447260771657810641e-01
-1.206767070886438364e-01
9.961786663138437470e-02
-2.569991993856982626e-01
2.755718156426120169e-01
7.674705387447619542e-02
1.186550737528752342e-01
3.429121774033577763e-01
-2.684610273306350936e-01
-2.751861724184109358e-03
-3.244203173598377704e-02
-2.742002599982913957e-01
1.274436766398235332e-01
-9.951868298308119698e-02
8.414975399442785331e-02
2.348455795323186324e-01
8.373991965020626677e-03
3.441371537876821568e-02
3.126158985533245005e-02
2.158570407156880644e-01
-3.211641975938852589e-01
6.077614984875952253e-02
2.119809241850403592e-01
-1.852338968763989624e-01
2.539450136442306660e-01
-1.466415932066548466e-01
-1.307734775801591524e-02
2.006554218111223364e-01
-3.664755909470469586e-01
-2.333112338400134822e-01
5.216513956170852617e-02
1.383153514158973196e-01
-9.842609583354153258e-02
1.098172974099214383e-01
-5.558952271993922861e-02
1.899707234924354338e-01
-1.662010123260410643e-01
2.916817665360450507e-01
-2.101492977122287886e-01
-1.526819859968333304e-01
-1.386116477170329375e-01
-1.541148699732380611e-01
-2.047791755339813807e-02
7.043210398586694301e-03
-2.198646189959173047e-01
7.508183740473457768e-02
-1.439281972430611345e-01
-8.500674610366264206e-02
-4.032163545838016727e-01
-2.531021848155358134e-01
1.175413169767371285e-01
1.322751063687466200e-01
4.695501501680106327e-02
-2.164517139206203478e-01
5.892228381632544365e-04
-9.083825409468297696e-02
-1.982018062170170028e-02
3.771074969349463846e-02
-2.070920829878547254e-01
1.232717567590658619e-01
3.710041237360872657e-01
1.824052719265746927e-02
-5.327432800253264350e-02
5.166154753571373243e-02
-4.122006882115244325e-02
-7.971687071967287208e-02
1.515817767863554197e-02
-3.328130253162122493e-02
2.632828839782528352e-01
2.495064522880713898e-01
-1.898976463340289189e-02
9.551616598917471446e-02
-4.540658158875022360e-02
5.898814317360749279e-03
1.337828276409218087e-01
1.035519500823676303e-02
1.354675272208798187e-02
1.020235876547086612e-01
1.213470046037810890e-01
2.526573339451891331e-01
-1.823196702837679983e-01
1.551149224124664938e-01
-1.055107648764998657e-01
4.759984673619667948e-03
1.829299569540702441e-01
-1.000713007220029177e-01
7.710803907583409222e-02
-1.907701685904316935e-01
2.197076650486043670e-01
4.533971071820390442e-02
2.856014364043228393e-01
8.465908409997489892e-02
5.586866285677064004e-02
2.055011489408299086e-01
-4.969878062224510062e-02
1.865549732763850110e-01
-5.727540366515102011e-02
-2.212371727423918799e-01
2.788571505883164978e-02
-1.848161647219670120e-02
2.591878458968182586e-01
2.249184050436311977e-02
1.042432806009085111e-01
-2.261975642102363390e-02
1.448713794642635944e-01
1.474903697799069546e-01
1.273066362526545647e-01
-7.621681352934568665e-02
6.025571076733312464e-02
-3.025414478018342290e-01
1.435446249828901122e-01
-4.505571896008858657e-02
8.918106597215957887e-02
-1.046178264116904150e-01
-1.864661598888052996e-01
-2.961313596481555260e-03
-5.808074678582991757e-02
1.763462444613920765e-01
-3.800059598162293661e-01
6.180857841043640999e-02
9.092925972884317865e-02
-1.162568037273903898e-01
-2.420019710671071911e-01
2.225305511532382069e-02
1.897351026292278531e-01
2.219251522033789670e-02
-1.431143328241213930e-01
-5.142930278725672821e-02
-2.060909601702665475e-02
1.042923166680640931e-02
-2.599664548772939177e-01
9.285475059935156816e-02
-9.138317507156731856e-02
3.267743324005740746e-01
1.271316172064270167e-01
-6.351361030156280063e-02
2.034951924151059688e-01
-9.329312467497316574e-02
-3.193599000032436297e-02
-3.366584553226784626e-01
2.233139994769906267e-01
5.072736594103150615e-02
1.492377628993897809e-01
3.164486470556782116e-02
2.904832215335415024e-01
-1.033234602528510793e-01
-2.727927823985843991e-01
-1.157998639252173258e-03
-1.600393681038064231e-01
-6.168347345926721709e-02
-2.002159793589593784e-01
2.903972856159172181e-02
1.459075738781797499e-02
5.131840556811212428e-02
-1.036186107088049729e-01
-1.104424382778910890e-01
1.655456753821008264e-01
1.138616465819995566e-01
1.444549118844377575e-02
7.929256048074043162e-02
-2.056892511142144678e-02
-5.272204377265488767e-02
2.499415942221823797e-02
-5.019239781860529437e-02
2.103630570119260391e-03
1.473555216393184764e-01
9.373566973099066446e-02
-2.021074567334585903e-01
6.799139225925254770e-02
-8.013118407582196789e-03
1.346485868125814889e-01
-1.749270688374560678e-01
-3.723703981527560214e-01
2.920083151415790723e-02
1.644282489290196658e-01
6.659151017331593281e-05
7.244792069315636462e-02
1.180912612170066239e-01
-1.361816544632726000e-01
1.420331101897498172e-01
-6.415323241248695185e-02
-1.786469959588325440e-01
-3.003240747158723856e-02
-9.962961630135105939e-02
2.120394434755301094e-01
3.354792431844471623e-01
4.366707097058252773e-01
4.352090212628126897e-01
1.363394671221049848e-01
1.771841475466894300e-01
-3.879037105346463260e-02
2.105960795183625112e-01
2.973188587707422115e-01
-3.323275807076606081e-02
9.117594627237994853e-01
1.000000000000000000e+00
2.539098660019767917e-01
1.397978140544194892e-01
1.691548370574192869e-02
1.036927931865393032e-01
1.951324371956006110e-01
-1.492425925455141411e-01
-3.445399192307454714e-03
-1.879411913471046996e-02
-1.481019280632761281e-01
1.743732053083532352e-01
-2.905227175698141817e-01
5.421892573212052507e-02
1.148944325517599896e-01
7.261686815078771673e-02
6.413895698687890889e-02
6.047788266503616866e-02
1.509996011626848766e-01
-1.351825865034319007e-01
1.458768383978295557e-01
-3.501656659784347508e-02
-7.392234520936950826e-02
-2.007399403743010402e-01
2.142820789647973678e-01
-3.337360887389098085e-01
-4.076180893208498912e-02
-1.213014169275819232e-01
1.668923795227773565e-01
-3.128993840801942983e-01
5.047342059199587394e-02
3.626241640530667443e-01
-7.907823501198260607e-02
2.661541803455757527e-01
-1.937364457974900811e-02
-1.062909194042164530e-02
5.257298212845246121e-02
3.719489808526393326e-01
-2.052171033793493554e-02
1.396260214560685331e-01
6.285808759160638193e-02
2.598500770417319639e-01
5.100726577823705421e-01
-6.142077324787541953e-02
1.457956340273734719e-01
-9.063680859444420146e-02
1.637028043904339147e-01
-6.025130429902957052e-02
1.849181419431397411e-01
1.041967665196403131e-01
2.940362076778509359e-01
1.308469501696206683e-01
-2.318775014283457059e-01
1.849803689335778600e-01
-2.594939834085094876e-01
1.029790724950683384e-01
9.379474797592313867e-03
2.730801103246157102e-01
8.749710568647839359e-02
2.258949649919581720e-02
2.154371885908476780e-01
-4.641542883713550144e-02
5.443067957105479637e-02
2.015729518914799179e-01
-1.879076651084533311e-01
1.211984739335927042e-01
8.322440496452355313e-03
-3.139220316968477364e-02
-1.923951125531067965e-02
-5.723563630917889201e-03
2.497702725217929853e-01
1.319683417857850927e-01
-9.745094103950673742e-03
1.135129381769300200e-01
7.325946090298318149e-03
-2.333667966131468610e-02
-1.513630282224797119e-01
-3.502124657707693378e-02
1.652152914628931824e-01
-1.264199190433153153e-01
2.468592104550106914e-01
-1.572956505638258354e-02
2.645482599044681749e-01
1.735661131702280202e-01
7.651293434070464972e-02
-1.191581625515879539e-01
1.426066498672089178e-01
5.836807471187819424e-02
-2.995213633012387966e-01
6.667408521367232908e-03
-5.610443338688606701e-02
-1.168950103299121884e-01
-2.660958948866671420e-02
3.012156414331865900e-02
-1.248972474761995688e-01
2.115376243660212208e-01
-9.812891499801759676e-02
-3.703534309397240459e-02
1.772336403877731725e-01
7.902623839043397547e-02
3.766355876113223755e-01
-3.197605118587321799e-02
6.496205752026348867e-02
-1.179035240692365843e-01
2.753922279936523929e-02
1.510880829650668444e-01
-2.339802019351832491e-02
1.498371158161543142e-02
-2.567297888155029573e-01
-8.100458844168588468e-02
9.376633293511808798e-02
-3.008128604202850997e-01
2.752914536146221502e-01
-1.078167359469315266e-02
-7.757057566180153296e-02
-1.759688334585602920e-01
-2.281072808286508380e-01
-6.136139139815690452e-02
-8.054540407142944669e-02
1.998596580890230345e-01
4.350485587370341717e-02
1.064888090289576039e-01
-1.555728409412284186e-01
3.323961424876809012e-02
-4.117443142304484660e-02
-9.443983684676779400e-02
-2.393796445835477960e-01
7.220761985071531830e-02
-1.434306290076172163e-01
8.381654883350633800e-02
4.872599830088290562e-01
-4.480809288765943282e-02
-3.376611451614507375e-01
1.288646749021369331e-01
-6.942387295337461295e-02
-2.052970176180049923e-04
-1.012119174061955895e-01
1.052501550428429494e-01
8.006781724550508794e-02
8.550420269518708982e-02
1.446710398624058702e-01
-5.527159158792837451e-02
2.045664860940420715e-01
1.843554874525723808e-01
1.767409715716754259e-01
1.695626975179844453e-01
2.919209810302697550e-01
-3.958498919780028581e-03
2.357306593681141316e-01
-2.465422296270915192e-01
-4.677828689994482925e-02
-1.836021789764135659e-01
2.570455372086399154e-02
1.066289520199811131e-01
1.082300447388105241e-01
1.722500722336958445e-01
-1.339901511124959865e-01
1.243119918028534054e-01
1.677286813336562044e-01
9.362364028944750172e-02
5.444521053590078985e-02
1.414315525589179556e-01
1.367616690116613687e-01
8.589906508094366511e-03
1.705280474679223834e-01
-1.066202990264705358e-01
-5.632371234577339403e-02
-1.192500565678288049e-01
4.016151714276455786e-02
2.574478399293346209e-01
-4.578418033936493270e-01
2.962673528840987225e-01
3.010675523357551064e-01
-1.332914426379935569e-01
2.429336842119168838e-02
5.365943576738489013e-02
-2.229054467104911105e-02
-1.768822028347614705e-01
-9.936594381069109583e-02
-2.348720220341417586e-01
2.729967995286298188e-01
1.251668896866101610e-01
-2.209045275720164514e-02
1.795445098415491755e-02
1.702680066312509399e-01
2.109218312564158648e-01
-8.572107189124436588e-02
-3.284335791505650914e-01
-3.804039682137563827e-02
7.622014777339859715e-02
2.873809082363015799e-01
1.703066354920187986e-02
-1.330804275142490611e-01
2.128710006927515136e-02
9.510110087121114580e-03
1.348221143044469050e-01
-1.840055034309175386e-01
3.359326753512195118e-01
-1.741324533855672374e-01
2.028988815455797737e-03
-1.055394357240117681e-01
-1.932497687542070464e-01
3.056124767510240980e-01
3.273715772353468223e-01
6.048400205169462279e-02
-2.273704459520620169e-01
-7.502053681936549090e-02
-1.085096460764003179e-01
1.536823197981854738e-01
-1.938918166757731265e-01
-6.950682634126006954e-02
3.234395388669356053e-01
-2.646122068545490522e-02
2.191353790125202539e-01
4.302506976184056753e-01
-3.845325287639698303e-02
2.444890493627300751e-02
-6.143466544251413586e-02
8.474423950949777629e-02
-1.297852280380364653e-01
2.493649893847700305e-01
-3.248640414368965668e-01
5.115068785286694397e-02
-3.468884909474564873e-03
-9.353310613230210457e-02
-2.336560770270160736e-01
-3.970361903346489307e-01
1.447413449219875636e-01
-4.142331548575774181e-02
-1.031409063115965863e-01
-5.727944487416026381e-02
-1.705826317671064740e-01
2.381008346256657457e-02
-2.036884900729455106e-01
1.224401686015339358e-01
6.185862420071067125e-02
-1.161931921688943124e-02
-1.514605505981995448e-01
1.261452931710145553e-01
6.066511658552412034e-02
-5.511010732825598335e-02
8.599748638248640165e-02
-1.349574597449359759e-01
-1.243861444541835559e-01
-1.436428640986570915e-01
-1.842481681619894951e-01
-3.007413734163794650e-01
-9.984656231201956625e-03
1.183806285290473805e-02
-2.914393514168295285e-01
-1.607288545878466646e-01
1.820678772344613561e-01
-4.954772854530719445e-02
-2.373573841764750614e-01
-1.564057207631575630e-01
-1.790524029398606609e-01
1.347615124874330106e-01
