-1.474718426605967636e-01
7.065921332278729539e-02
-4.161698827047070892e-02
-5.164898666538763478e-02
-1.367157296191924554e-01
-3.417397446304081265e-01
-3.133726188599457729e-01
1.556129471150426435e-01
2.191096922702776284e-01
-1.160702648418230759e-01
5.001402052928534403e-02
2.134818581920366540e-02
-4.888483735442578082e-02
1.354119161739667787e-01
1.834194799700864797e-01
-1.806085897287663666e-01
-1.801610059749263471e-01
9.057864483126987221e-02
1.259685732330757535e-01
2.448830342636457713e-01
-7.817088363833515907e-02
-2.493683993085505923e-01
-1.196154128836070807e-01
-2.988404604200242551e-05
-8.601739445595629752e-02
6.221336600346997342e-02
2.425695469442608054e-01
1.539601902186304161e-01
2.724766924334388607e-01
-2.513123340144292617e-01
1.256745174899302209e-01
-2.808751953647075760e-03
3.026365157981544124e-02
3.674624246206111278e-01
3.864980856092852662e-02
-2.598057873566670187e-02
-6.852815331370402940e-02
-1.513397963114586353e-01
2.082311489276478592e-02
-2.592746602474838569e-01
3.022367669843433260e-02
-2.142918984430363105e-01
2.598905414791463087e-01
2.012295364191930280e-01
-1.611208637621721895e-01
6.263623744032148499e-02
2.465116228108334417e-01
-7.034662254748103027e-02
3.567709409755627503e-02
7.791570790942669265e-03
7.409743699872960165e-02
8.425209461189328564e-02
7.362705955031503824e-02
2.404916563249060724e-01
-4.234602895475815532e-03
-7.176774861304088815e-02
1.271520406166012640e-01
9.437396481016623040e-02
6.651185084567164119e-02
9.555784753713481017e-02
1.209597899743632549e-01
5.265413596736493590e-02
2.443950602849670750e-01
2.020659728998903393e-01
-3.220195718813012031e-01
-1.587131951065908486e-01
-1.283897508571113857e-02
1.120522550945756562e-02
-1.855318823967437303e-01
3.057081648055542389e-01
-2.753662002590960903e-02
-1.481473789527359280e-02
-1.142236044450888055e-01
1.096739528100317412e-01
9.100390717854778266e-02
2.531788324182083216e-01
1.650688749908067743e-01
1.342883963772872336e-01
-2.540775859961882377e-01
-9.704657513669466551e-03
2.591936430916665438e-02
2.442397266833496242e-02
1.123600709806598652e-01
-1.881584535887287080e-01
-3.258181851372760618e-01
-1.868497210372029038e-01
2.094966563875892418e-01
8.759921518939063623e-02
-9.893922267330747256e-02
-6.514112953460612920e-02
5.641858715378449823e-02
-1.319301731649932807e-01
1.517860562811042535e-01
1.705007299904867102e-01
3.462274100833600144e-03
-3.360093957304360335e-01
-3.633330948265275917e-01
-7.809525814362444640e-02
1.063809670075545749e-01
-4.560902085748158932e-03
-1.277614633277481815e-01
-2.405292611051856877e-01
-2.416951200770717234e-02
-8.450818658516257020e-02
-5.410444805161059023e-02
3.586826302378939846e-02
1.216741112045922474e-01
-1.649158548126317403e-01
3.030865187939685845e-01
-5.145296423853569501e-02
-8.265481100995039632e-02
1.576292857183195228e-01
-1.373256185442525701e-01
6.451253533441454746e-02
9.205253101718534336e-02
5.222284291509830811e-03
-3.847234804966147281e-02
-1.682370346319891907e-02
-8.563655988246093864e-02
2.346606681589159249e-01
2.230290313868305840e-01
-3.118560232185602632e-01
-8.144286574434539405e-02
4.010904782999586554e-02
1.742820158461127686e-02
-2.506839903981444850e-01
3.415588746898254313e-02
-1.111497390722363497e-02
-1.425478204559797457e-01
2.362727628465929597e-01
4.007406980878013003e-02
1.373817080769312027e-01
7.917328363098331823e-02
-9.889877550391391881e-02
-3.917873754153476662e-02
5.411029699866631848e-02
6.100542596250709861e-03
2.609686594556106520e-01
-3.653005998231478868e-02
2.396795737622799960e-01
-1.983610325568839761e-01
1.515880288168175716e-01
-9.152298579836982972e-02
-5.028072187044437674e-02
-3.161924356953791371e-01
-1.122864565974831114e-01
1.455078280249220701e-01
-1.578666362812128909e-01
-6.411721801294252565e-02
-1.238756882223984203e-02
1.223672136990417436e-01
5.679264960423254655e-02
2.025347283299678766e-02
3.536310785827505992e-02
-8.710396066445130758e-02
9.774681396041390302e-02
-1.151349368838571474e-01
-1.404220232168736648e-01
1.084298927216353209e-01
7.324845779245930943e-02
-1.404217266128548504e-02
-1.502037063151316909e-01
3.229833098525087404e-02
-5.575178285940150975e-03
-4.166957755719082057e-02
1.807386974730734383e-02
-6.046946987339738011e-02
2.982316887744501654e-02
-5.018715618180701055e-02
2.635866685264552367e-01
1.626093760556254209e-01
-1.772680557054406025e-01
1.080322058897411480e-01
1.142228815732277136e-01
-1.355910079978753235e-01
2.811371032858681063e-01
-7.345700154486545230e-02
5.875396580106281158e-02
2.338430447683314817e-01
7.899305300107675731e-02
1.266938995892426430e-02
-2.585718507518112719e-01
8.487721663088011737e-02
1.956795841325501689e-02
5.102511734150852463e-02
2.484389055624292575e-01
2.664599849038676999e-02
2.363680272681334404e-02
-1.929280179418956520e-01
1.381999323798053236e-01
1.512027266156950878e-01
-8.516639747338802802e-02
1.060818865295421951e-03
1.149578775714722723e-01
-1.269982761665463533e-01
1.876670025786033799e-02
-2.002639044458537076e-01
9.184067258769643138e-02
-1.735638388249746700e-01
2.929652299225468659e-02
-1.704759962735085121e-01
-1.163300072671871917e-02
-1.916078902800998483e-05
-1.012227435668822950e-01
-2.179545232740114635e-01
2.645148237531564916e-01
-7.571374813947673310e-02
-2.442113863536568563e-01
3.992674156681130793e-01
6.255024509116614839e-02
-1.309033610858325973e-02
2.318914729317825621e-02
-1.292574853513500377e-01
1.140308102803133938e-01
1.595627623045345334e-02
6.304307257044913793e-02
-8.774149678466119928e-02
-3.254917720579230678e-01
-2.650728841207433770e-03
-2.674544004731969071e-01
1.178739799344062367e-01
-2.836714620438759993e-01
-1.811279342583711760e-01
-1.699744780487351947e-01
-1.476773364218891132e-02
3.103128033025218113e-01
7.335064254679191098e-02
2.802452143200409029e-01
3.819542321358983250e-02
1.613079595948963274e-01
-1.773053676925133437e-01
-2.175198111741376839e-01
8.415138366608020115e-02
6.928145456957107706e-02
2.266106459936046147e-01
-3.647634055073765980e-02
5.759300539294603255e-02
3.235961659800027923e-01
-2.233212904670899002e-01
7.318424288208760786e-02
-5.451871515802161200e-02
3.458785025952720860e-02
2.501672879535231098e-01
-2.331781984518558060e-01
1.698554477007823138e-01
-3.014336187197629024e-02
-6.116573702058998585e-02
8.456802694767739936e-02
1.437964687258770358e-01
8.391037476244155024e-02
1.497558572421592016e-01
1.438048874874563454e-01
-2.075119094486502502e-01
8.417910254103956602e-02
4.624768772032643582e-01
8.632554233998377402e-01
1.000000000000000000e+00
2.294296890866922012e-01
3.015566783644594295e-01
6.590544076658028105e-02
-8.106340582551460616e-02
2.193202751989714872e-01
-6.096477467811299567e-02
1.203355830609063315e-01
7.035164080766519168e-02
7.280462486845550030e-02
-8.793671799509295006e-02
4.505745940301815744e-01
5.484128440527008541e-01
5.265981434651819670e-01
1.393714157408056098e-01
6.206877125163824671e-02
-1.430800935841201327e-01
-1.358438006199668702e-01
-1.053776371741508150e-01
1.766765289825432683e-01
-7.984023554447540472e-02
1.685903122361529782e-01
1.940078609014365407e-01
4.037349630693128910e-01
2.889695680989598503e-01
-9.655608076582437860e-02
-1.174903118147927784e-02
4.271789395313444482e-01
-2.321345714733835941e-01
9.947717191849111962e-02
1.001432428652917345e-01
7.982674017247398668e-02
1.937550113348046887e-01
1.185592076350403534e-01
2.604538394981733007e-01
-1.596396045408906283e-01
-1.851997998651115085e-01
6.670313366099994701e-02
-1.276696306926635716e-01
1.297650292491171233e-02
-9.303379809838091541e-02
6.767414170273231000e-02
4.635103729940746181e-02
-1.566441680627243815e-01
-1.019493355387732503e-01
-2.043260297039614561e-03
-2.287833416671473108e-01
1.047869833474542323e-01
8.410373429499966302e-02
2.324281321228293118e-01
4.572205445741481245e-03
-2.431991957136469054e-02
5.145112396065177479e-02
-1.790500583742421215e-01
-1.419200355426700200e-01
1.844870307879611648e-01
1.599802558584272616e-01
1.851481048746109193e-01
2.996694127035883781e-01
1.335595273840505248e-01
3.735783182351363196e-01
-4.787286764598732564e-02
1.971210623964448619e-04
4.527851709544181147e-02
-2.104579360280797173e-01
-1.206568934614313665e-01
-7.016013628821668457e-02
8.421947803063803417e-02
1.021382341084682427e-01
-4.641464463269635160e-02
-8.957866521949948979e-02
-2.586537338722422197e-01
1.250594019301664583e-01
2.008691507350569491e-02
8.922531167591996049e-02
2.171601725307635289e-01
-6.932054988998742617e-02
2.121873982842543138e-01
1.242959280498424357e-01
-4.285957455033307523e-02
1.682564819157423008e-01
-9.365223440934121457e-02
1.034728385923054661e-01
9.583326566294672697e-04
1.900383950883413609e-01
3.301539169515484984e-01
6.960294246853923616e-02
1.055312857387335768e-01
-3.488022226851618668e-01
2.142654892077250073e-01
-2.851779461798518989e-02
3.873224838800116282e-02
-1.722143301756330347e-01
-2.086232410227630354e-02
-2.434667550339406905e-01
-1.837155046154076987e-01
-2.114527687553596214e-01
9.835707402321094972e-02
3.858802677029785771e-02
-8.807711710317948917e-02
-1.152603601466442168e-01
5.378589085622397653e-03
1.678266233165018606e-01
9.596274930960828342e-02
3.219047224418677966e-01
-1.278717673856892001e-01
1.167412715296108766e-02
2.141521972229352977e-02
-1.371412512115036120e-01
2.588071673974978726e-01
-9.299342260878244726e-02
-1.848488747728859738e-01
1.147232823919927258e-01
8.525706631849733208e-03
1.145416201628667446e-01
2.609612883198221892e-02
7.594522754030634537e-02
-5.976372549953447300e-02
1.795683913164866641e-01
2.528034227871991946e-01
-1.468146500244955632e-01
-1.768538328047211949e-01
-6.931631203691307475e-02
-1.863290038493105316e-01
1.814423699799338485e-01
-1.691175248947945908e-01
-3.136205874518698811e-01
-1.031073866432400538e-02
-1.678371985455386350e-01
-1.322756016349665720e-01
1.346795388643244606e-01
9.554972823352642086e-02
3.112222190183666637e-02
8.581705442580234156e-02
1.060923509421354965e-01
3.869966127719728921e-02
-1.488219689538743673e-01
1.947363420253191424e-01
2.038219730156970999e-01
9.597467828709817933e-03
2.629113500307232731e-02
1.100681735348203877e-01
-4.575720748680214833e-02
1.676139489353525025e-01
-9.619872721421404704e-02
-1.661664445106448840e-01
1.592418232235285613e-01
1.242866786013770292e-01
-2.377047783343861909e-01
-8.064129149619101572e-03
2.559024186743335538e-01
-2.462251632128573120e-01
-1.124769824020828285e-01
-4.816316980218164345e-01
2.779740799567572904e-02
1.184880055622797163e-01
-2.214206386549110728e-01
-1.957611934545478993e-01
-1.533406593073637081e-01
1.282141075510869754e-01
-3.293811025393657554e-01
9.496284804238246113e-02
8.862172258593829788e-02
-4.594017269078308485e-02
-3.014893510774833141e-01
-5.383911470033755919e-02
1.149606543548903487e-01
1.608239955941424132e-02
1.036673577401719670e-01
7.255134522315490053e-02
2.697778587072398038e-01
-2.261306412942091781e-01
-5.353075570402095196e-02
-6.046491782711190671e-02
-2.501246013037404792e-01
1.585038776118534443e-01
1.304544889105230254e-01
-2.378262779373100377e-01
1.584654776892237826e-01
-1.748261258264344753e-01
-3.350892440186412774e-02
-2.991865448057686727e-01
8.751518367196388370e-02
-2.097416392308673883e-01
4.200505007738030150e-01
-3.408792979920723804e-02
1.353673008349315365e-01
-3.136913025014069212e-01
-2.855114514677949411e-01
-2.684777021667574589e-03
-2.178528402781281514e-01
3.554447541144157285e-01
-6.485937400360303196e-02
-1.781577835354232475e-01
1.720955992856510464e-01
2.192747593929198976e-02
-7.077071254060182670e-02
-2.687251062362360221e-01
-1.866647527921351524e-01
-2.182333459231866890e-01
-7.506680647237709558e-02
-1.897521653617754989e-02
-1.249777144454208289e-01
-1.003872958678288241e-01
-2.290344307061520090e-01
-1.045485462547015992e-01
-1.554298466219477537e-01
-3.558500243526014906e-01
1.372549671040344255e-01
1.772409296723528871e-01
-3.105259011944042774e-02
6.600241352450481741e-03
-2.623156713758923453e-01
5.358840346386287840e-02
-2.591341914560083004e-01
-1.948727411253458053e-01
2.040237512130642708e-02
-3.057256261435764219e-02
-5.901991013147872556e-02
1.008765058100125900e-01
-1.882416691544950560e-01
1.307680450711064257e-01
-2.177864494966716968e-01
4.862609512891205577e-03
-2.865418778638350039e-01
-3.414734815352950953e-02
-2.684564501374185341e-01
-4.075877634732314597e-02
-1.901649439244267742e-02
-2.758609897089240315e-01
5.285579837603018860e-02
-1.079323631717417492e-01
-1.940837389764019372e-01
5.759290424271410608e-02
-1.734935116447917369e-01
-1.324151131116121649e-01
-9.921005663957213616e-02
4.085864653942602315e-02
1.409285871758909903e-01
-1.582087862093333741e-01
9.039343008004664670e-02
9.078639203565741500e-02
1.472444267802739196e-02
-1.438398313698190933e-01
-2.565886305850818838e-02
-1.406193358797318271e-01
-1.771351033088631177e-01
4.995392758650130105e-02
-6.348493799793125669e-02
1.690038478095473862e-01
-1.576941243467118725e-01
2.478450361156619292e-02
-4.272523276387987096e-02
1.373422329576224066e-01
8.702901233334045528e-03
6.043255042406579791e-02
