-2.966521798205113206e-02
-2.335419099901858003e-02
-6.531048435023525250e-03
-1.639528469081548423e-01
-6.510870168106394629e-02
-1.837151758998449014e-01
3.510842631918653645e-02
-1.221190305213394056e-01
1.866757250265254839e-02
-1.556266131634093386e-01
7.658889428309657854e-02
1.438525242144882144e-01
-1.386987845141735287e-01
1.488510859567408195e-01
-5.568972470861455887e-02
-5.678134718510535750e-02
1.802396988127066280e-01
-7.013040230136109721e-02
-3.013048503419705204e-01
3.122627436272268006e-02
1.703698072202810554e-01
8.469317487048839271e-03
-1.353839015471470786e-01
1.905961802151897796e-02
-2.257452454320314494e-01
-3.370545366799833353e-02
-2.363126598118208202e-02
2.177182981970030018e-01
-1.357853738477584615e-01
8.547633248920667726e-02
9.192165621948855669e-03
-2.900813572199321122e-01
-8.352902016113078476e-03
-4.117228702410765662e-01
3.565532561307882542e-02
-4.537254383144660730e-02
2.301723139718323818e-01
-2.631071485821406472e-02
7.376131613841591106e-02
3.932273829067740034e-01
3.874316898849575891e-02
1.234798784317291676e-01
5.244420056998056953e-03
-4.122597362898876988e-02
2.972131361100364619e-02
-2.380600310409002884e-01
3.481575938769094214e-01
-1.006327961343585903e-02
8.166972860301506543e-02
-1.435331310907876912e-01
1.866638636029064463e-02
-7.112452397189701625e-02
3.211931538856053203e-01
2.523381376096039963e-01
7.778777433693115362e-02
3.220075170816668469e-02
-3.127253873709656684e-01
1.712420376733397587e-01
-3.957194166386485135e-01
9.648986036955797818e-02
6.354387756964544054e-02
1.097822358880789703e-02
-1.862836095650352575e-01
-1.665494152271690051e-02
2.372119905363089809e-01
2.618896504232553612e-03
4.528064249198154867e-02
1.275262455538643536e-01
2.693170719184727335e-02
1.285143026963274926e-01
2.066168954998374441e-01
-1.599341670601146792e-01
2.336908494800577982e-02
8.222302241462413341e-02
1.739295294993583874e-01
2.947342792089806540e-01
9.733110668598188298e-02
1.163008409190272735e-01
2.270704954186035240e-01
2.276749453719961180e-01
2.500544918859197718e-01
-1.996747894220894659e-01
1.429532664666553210e-01
-1.697033278921608046e-01
-1.301068794729733913e-01
-7.082009018831608715e-02
2.758273040107904195e-01
-1.015008854472580213e-01
-1.177334878445400190e-01
-2.765421788774939937e-01
8.825765082081150209e-03
-1.923229007235403853e-01
6.328427231821354138e-02
-5.682393269782896883e-02
-1.004057030266986839e-01
-1.525738400317861732e-01
4.911777418429156272e-01
-5.636721663132519128e-02
3.288481579261093857e-01
2.403999716009161680e-01
4.606209664646256086e-02
3.859253513684279824e-02
-5.406933113131753149e-02
-1.140906368350953076e-01
-4.577623890129719486e-01
1.573856380288535251e-01
7.347797893778319767e-02
-3.504051064680286081e-03
3.033828118488479109e-01
2.962987885010440192e-02
-6.486056550648974794e-02
-1.046765187882785220e-02
-8.993195455208616296e-02
1.397659453813524799e-01
-5.845876222487950830e-02
-1.072347543702166922e-01
-4.298469405439123148e-01
-3.500282146277047812e-02
1.622223584071743330e-01
-9.921638205388953746e-02
-3.191741728020899838e-02
-8.993347068410847966e-02
2.703796737702278685e-01
-2.094813942996195388e-01
-6.275853777109333120e-02
-1.319050664959780517e-01
-1.105767315401654377e-01
-2.346689400242807644e-01
2.690982136431274013e-02
-4.948918374038399626e-02
-1.580248769401414524e-02
-7.353586235960248019e-02
-2.423999973211357628e-02
1.847428489094443405e-01
1.834657185109533073e-01
7.870166875886314140e-02
6.581704266845386786e-02
1.667459435905895293e-01
2.840967124664723897e-01
1.618154146496628698e-01
-9.829826922555100210e-02
3.864566969952370340e-02
-1.042005063294222794e-01
-9.218290231673328949e-02
3.878446878123768538e-01
8.111551324753923931e-02
3.998068074715899201e-02
-1.756287692651925247e-01
5.955486493358049666e-02
-4.472333073703736728e-02
3.941867897733254971e-04
2.980498221553278815e-01
1.112736034507141036e-01
2.063722553951657657e-01
-9.915553453184948463e-02
1.166734398031817055e-01
-5.773558410031907895e-02
3.214198650045537176e-01
-3.676853053895534074e-01
1.484721609799511677e-01
1.935720110856174181e-01
3.375627704742996393e-02
1.873340929800181021e-01
2.429405458295259487e-02
1.255763039279607640e-01
2.068501988268989789e-01
-6.506532237280558684e-02
-4.338363899410402347e-02
-5.341497656966862073e-02
-2.539068900009407853e-02
-1.362765001787516195e-01
-2.236204471544731703e-02
7.598741271958260601e-02
6.831467586680170512e-02
-1.711899612434310269e-01
1.518802594384107696e-01
-6.179460795862380673e-02
2.441558816342322413e-01
-1.028461794293726583e-01
-9.681783118463480053e-02
1.530032614323126872e-01
8.716054046142311662e-02
1.520920708017477196e-01
1.233509342342136023e-01
2.376275718309626417e-01
-7.754663004092074430e-02
-1.990770624590912363e-01
-2.157690178061288655e-01
3.712966433266143285e-01
3.745681101560606463e-02
-4.182198373561910043e-02
-2.460889493732520139e-01
1.015478204099435205e-01
-1.196445346840532969e-01
2.992096097323921899e-01
1.786332180560218363e-01
1.058472005753645501e-01
-6.117684128975733188e-02
-1.042341641785154635e-02
2.062374255165281330e-03
1.483788800973856459e-01
-2.783385851699812230e-01
8.654158765019473454e-02
8.141295944221421665e-02
-2.048485077267978571e-01
3.364776793657545118e-02
-5.818372953779585993e-02
7.907822296789535077e-02
9.482365284206267786e-02
4.652955644544561342e-01
-1.238357710405204107e-02
-1.430392325433459400e-01
-1.912321997909163518e-01
-7.799794004168972283e-02
-9.842655496076145594e-02
1.548573522005141090e-01
9.406751367693642896e-02
4.473499776554917123e-02
1.753893347632007049e-01
-4.110681187816685456e-01
7.206010375827566483e-02
2.020607461735990928e-01
7.456755911917770097e-02
-8.651139553085418488e-02
1.000249945467000939e-01
-7.266145579523354547e-02
3.355000404909181527e-02
1.066792178004399017e-01
1.155608545599895176e-01
-1.173008321999146342e-01
1.555309873022055374e-02
-1.145663056515774762e-02
-4.512697763200907569e-02
-2.337229407145009208e-01
-1.470516486559340918e-01
-1.415621567561183292e-01
4.182059864715213099e-02
1.213542525633458657e-01
-5.197131997390094238e-01
-3.672925998913826318e-01
1.753129959313428909e-01
2.326100243530966713e-04
3.339916204985689530e-01
-5.347766869639213050e-02
8.588670692548829033e-02
5.464563026599843915e-02
3.813376722824519116e-01
8.664884522753851792e-02
-7.435060602732690427e-02
-2.128240953230386701e-01
9.379775627332283261e-02
2.361125912263259130e-01
-1.291929181429426754e-01
2.710309306766997550e-01
3.188868984808997942e-01
9.316144888259524359e-01
1.000000000000000000e+00
5.021799983368220310e-01
1.804953517732099388e-01
1.158089584561575007e-02
1.340552168534047128e-01
2.174933708425376977e-01
-1.634478062395666176e-01
1.095176080766230853e-01
2.656398972733645461e-02
2.461119562132902117e-01
2.573963622484846669e-01
1.225181931556843240e-01
-8.601545468831611752e-02
3.592426506285056331e-01
2.747874030198639225e-02
1.126306341421142998e-01
1.923939645332022885e-01
-2.474150598021998826e-01
2.715161916869828773e-01
-4.327816063029487487e-02
-1.378834432243443986e-01
9.388154498299457196e-02
2.136262494239664356e-01
2.212004970188269637e-01
-2.725029955177112329e-01
-3.341486124599891971e-02
5.288541496853451512e-02
1.359878879559065501e-01
1.621040940418808085e-01
-9.345139517806569374e-02
-6.517093000191312435e-02
-4.329407656528018108e-03
2.703409128000843764e-01
3.623654334654186626e-01
-2.484642275482318308e-01
-7.091172112262891791e-02
-8.038653493214342749e-02
2.976293655089125023e-01
-1.082238261750873530e-02
-2.565042503379073163e-02
-2.422934191831088713e-01
1.560665167057944114e-01
-1.408219042816026279e-01
1.199353220237740769e-01
7.833230286306598622e-02
2.533379706420594429e-02
-9.451823034524207967e-02
6.170086504842445946e-02
3.459910963182047938e-01
1.060624411005053058e-01
9.664062955442413727e-02
8.224543895616463762e-02
3.305029648018449895e-01
-2.260082099031863190e-01
1.645338921292826551e-01
-5.835453539458109601e-02
1.854773014543988074e-01
1.298193658018746482e-03
-1.318132333203368423e-01
-2.173904637095738779e-01
-4.533439491697562884e-01
-2.660655274041516805e-01
-1.703573494302001445e-01
5.275060241634327296e-02
-1.669665230120922217e-01
1.907760116657270799e-01
3.446726072469593477e-02
-3.001506881805474786e-02
7.035730833801437378e-02
-3.332953386252602845e-01
5.229988548677993315e-02
1.060302708215086070e-01
1.145320580264690552e-01
-1.035518440916285282e-02
-1.992956622039714076e-01
-1.436130268327813209e-01
3.666909615963866165e-02
-6.587769223882337932e-02
-1.464992109970429945e-01
2.167189480085849468e-02
-1.253349589076212245e-01
3.126883374505658453e-01
1.916702602455843396e-01
5.521865800430654225e-01
1.625000294944761725e-01
-2.063301303931096287e-01
1.291956221955674056e-01
-2.918905072993628960e-02
1.265000220294132949e-01
-1.394338472388787810e-02
3.539664645644568369e-02
1.093120604487216735e-01
-1.768699033251404096e-01
2.799426954201662543e-01
-1.221905533246859799e-01
-9.910334317259477180e-03
2.958010957506125929e-02
-1.913030656489241865e-01
-2.643982629995928479e-01
1.900380676017691950e-01
2.656407203133398509e-01
2.144884600240745676e-01
-1.539353491771889570e-01
-4.111860237795830937e-03
-9.371726264795035566e-02
-1.091513582003390305e-02
2.833836895280756885e-01
1.740084428572683806e-01
-3.513473101621547579e-02
-1.576722064396359202e-01
-9.491787666676378826e-03
-6.098856266825841699e-02
-2.290814835126357973e-01
-2.020289041060058521e-01
-3.104236089032963442e-01
-1.688066370854989229e-01
1.017295068233128180e-01
-1.447007593755267330e-01
3.851415552687148525e-02
8.255396036387090131e-02
5.258493802679770762e-02
-2.026437039019765296e-01
-2.712072077291109440e-01
5.999002667916006337e-02
-4.597540771075250832e-02
-8.033478420222081584e-02
-1.116906990991495680e-01
2.482690969322978447e-01
-2.940993071466035391e-01
5.791898308039843124e-02
1.171881049439277428e-01
1.157601897688765626e-02
7.555350857541212606e-02
-3.154139300061659101e-01
3.153381035239615632e-02
1.174630707228962040e-01
-1.957147125596811199e-01
3.075888301489593593e-02
2.639019300715017557e-01
8.782333486983427695e-02
1.004416312014344559e-01
-5.650314690078033636e-02
3.023171004668502304e-01
-1.710158554901403949e-01
6.680022445917170593e-02
-6.237307041294264977e-04
4.663154478115937029e-02
-1.075924504648105573e-01
4.556134736029440052e-02
6.526427957083433262e-02
2.241334881361679299e-01
6.090334511041030005e-04
-9.397858172178451264e-02
-1.722945020206537448e-01
9.162519266957899755e-02
3.466935093664272882e-01
-1.611350863750799223e-01
-3.811307531181312019e-02
1.796707703512702425e-02
1.669160286278700278e-01
-1.922323844725587483e-01
-1.895873473769825179e-01
-7.208640542135544282e-02
1.391137045738305988e-01
-1.926237046209719750e-01
-1.661453164015530282e-01
1.898834784252549090e-01
4.490837814838659348e-02
4.197934387288974889e-02
1.913390351765011923e-03
-1.597485891960336302e-01
-3.017643964311905735e-01
1.258969574257618185e-01
1.783994569909678751e-01
2.610072421863118275e-01
4.108837333891218746e-01
-1.195573293702238693e-02
-3.991066926364505996e-02
-1.107356029972522693e-01
-3.053942078814177868e-02
-1.325385191311259647e-01
2.396736334639955335e-01
2.167627458741125113e-01
2.699807759956686648e-01
-1.724960289325450091e-01
-1.984368792486842781e-01
1.871265610966561192e-03
1.356615698617574528e-01
3.764647498684609711e-02
-2.182714066147027621e-02
-1.650089976921607360e-01
1.858697438710243677e-01
3.151324296647109446e-02
9.816734686837930157e-02
-1.698790091007077729e-01
-5.707760116950363893e-02
-5.814272251427776705e-02
2.724008173116651554e-01
-5.686315292291482110e-02
2.350947391235390926e-01
5.423710650231509944e-02
2.364538121100356050e-01
-2.905704367049134484e-01
-1.387505291762142490e-01
1.168743112867005884e-01
-1.952964289906267692e-01
-6.684168592545892962e-02
-3.571048239836718263e-01
1.244421643638443375e-01
-1.226859649702008864e-01
-8.727340954035449697e-03
-3.727961308431927412e-01
-2.891724689320430697e-01
2.365430722765909655e-01
3.989369313602582623e-01
-8.263787656061698239e-02
1.898151825423837480e-01
2.038837140161704406e-02
-1.875622515446331018e-01
7.537690127208283852e-02
-2.007434661600001335e-01
3.060591007135032293e-01
6.893956545777085720e-02
-1.190645390163820039e-01
-2.809915298813309148e-01
1.597702167542290608e-01
2.439769035631454974e-01
7.162613422297281485e-02
-1.129504905491737626e-01
-6.888418458044122394e-02
2.360504282966091327e-01
-7.018405847618400251e-02
3.037153328382157236e-01
8.364485898689132115e-02
-5.997868357241033233e-02
1.730760263784568154e-01
1.382926317795217797e-01
2.317217124258396377e-01
-2.092748601586177232e-02
3.554134959625621093e-02
-1.342123088356827476e-01
-1.561779893943213982e-01
-1.661474909958969015e-01
-1.975564081562425356e-01
-2.859692596391468777e-01
6.827834911668291713e-03
-1.753283531636725678e-01
1.374152598592233987e-01
-3.872517131643320870e-02
1.109569782537878913e-01
2.178442766167232661e-02
1.002492025986434498e-01
3.484816715636505913e-02
1.400260828637402699e-01
4.331837715350154300e-02
1.632485895164901002e-01
