8.644369469298786302e-03
-1.321541146369890896e-01
-7.159692266254374070e-03
4.522662780808908017e-02
-8.416551590365421720e-02
4.544220922265160799e-03
-2.134549331603925217e-03
-1.594970795343097492e-01
4.766559800450917428e-02
1.221480715426245117e-01
8.838327735244611016e-02
-2.648365102982008779e-01
1.126724698276692083e-01
-3.025688902681779591e-01
8.300263606752300571e-02
1.290951350413179488e-01
-1.724314019701451706e-01
1.167704267141705804e-01
-3.687718635358206570e-03
-4.075757580347770526e-02
4.739701372537966778e-02
2.180619840821339250e-01
9.981797271977245478e-02
-3.979275437882214689e-02
-2.175795409529369950e-01
5.006191596129460492e-02
-1.106056772193282495e-01
-6.518734786343408994e-04
8.239665195736776970e-02
-3.533739851583305586e-02
-2.719762537809231051e-01
-6.246388303124478236e-02
-9.336902312137909665e-02
-7.990756585350494712e-02
-1.653333346772113410e-01
-9.638942370756668765e-02
-1.427044723411914975e-02
4.175660627686132026e-02
1.561128571873748039e-01
-8.652933512746922851e-02
-1.204748749492651483e-01
-3.443113618951481464e-02
9.067302460039691758e-02
2.387051103318535775e-02
1.364128504265151309e-01
-1.289581050627200409e-01
1.480692142927398092e-01
-8.641340595948438993e-03
-7.495325887738567283e-02
-2.528110526639169575e-01
-7.060418268892604265e-02
2.479959770753747961e-02
1.141387348086671596e-02
1.543731205929619599e-01
7.683560754859768138e-02
-3.294563513394930393e-02
2.155755160368723056e-01
-1.472044244854676109e-01
-9.107408775643888177e-02
1.848687578094000139e-01
-7.211689141357791044e-02
2.913520262572223962e-01
-1.781194785214023080e-01
2.231687944124064599e-02
-1.358460957014323567e-01
1.070913064930172076e-01
-9.261734311440479595e-02
-8.752182650940157349e-02
1.029670665137983193e-01
-7.472934724451377186e-02
1.630245284435233033e-01
-5.634603734513978467e-03
-2.013539390443575272e-01
9.154026468562535823e-02
-5.535838448734799189e-02
-1.951028970489539216e-02
3.232733827350280781e-02
-1.685247621217289202e-02
9.732404950486018072e-03
2.218039564115566187e-02
-8.993762985000523791e-02
-1.454306310396277779e-01
-1.006915565609213178e-02
-5.847434600632773344e-02
-7.302089950950515921e-04
-2.887897820325757356e-02
7.177933591202285968e-02
1.580619171135255741e-01
1.338120893871507788e-01
2.017877201874682669e-01
-6.797922727045771496e-02
-7.503239918980735002e-02
-9.102602467248824269e-02
-1.115253805430610201e-01
1.211417966555191211e-01
-1.706632074560318346e-01
-1.925246107647625715e-01
4.681724440095135636e-02
3.453535956731190043e-02
-2.926548547503469641e-02
-1.503585927282516388e-02
2.458921884674880043e-01
-5.540196130333947117e-02
2.026181404134035774e-02
-2.726546895537081128e-02
6.731204569659841874e-02
-8.774597770312531075e-02
1.065643943883050754e-01
8.929909428325694121e-02
-1.514517241008701831e-01
4.434979945131755502e-02
1.356545271310015399e-01
1.095456014795416488e-01
-5.604731016234299618e-02
5.944505614684563594e-02
-6.442143539868451507e-02
3.554195401644985076e-03
7.355030415526675469e-02
-1.223820527918141055e-01
-2.128428784959713604e-01
-1.781373543133106530e-01
-8.157809291480973279e-02
-1.298541792424579566e-01
4.671084494598998216e-02
9.796750482281110783e-02
-7.514571613407590445e-02
-6.619644445521037646e-02
-1.560956676611528204e-01
-2.822868078812849207e-02
4.898434282746760848e-02
-2.005261834883972916e-01
-6.711417884574949477e-02
1.542438570106794554e-02
7.512672031604225933e-03
8.573270702327606685e-02
1.570521320083072547e-01
-1.002369116677227501e-01
-4.471336384478616366e-02
1.237374725248007595e-01
8.575097679640826531e-02
-1.094648528253914094e-01
3.230663727901057769e-02
1.330359586066954258e-01
1.111358240911920758e-01
-1.369351923729576204e-01
-7.409790167112721704e-02
-5.421997448125796121e-02
1.061812260807676461e-01
-3.221592320561863371e-02
1.639410420840773513e-02
8.320134360441826249e-02
-3.565591186517613059e-02
1.844107127300374238e-01
-1.268889987903800143e-01
-9.908408461438399095e-02
6.780459308205316615e-02
-2.128974650880173236e-01
-2.808914905812099835e-02
-1.184918779521193372e-01
-1.438907314794147796e-01
1.717535479887389444e-02
3.915122235559265890e-02
-9.848553486794800124e-04
8.104374830896531046e-02
1.632724632016139266e-01
-1.689162791715078382e-01
-1.508647335856776357e-02
1.881191658883045181e-01
8.097810046742352774e-02
-1.090932468619138125e-02
-1.359312972337589354e-01
1.016289224204151159e-01
-9.191501010902169977e-02
-1.767783421379954395e-02
-1.038109402388653207e-02
-2.379909425620113303e-02
5.192923309977839214e-02
-6.370687700657293173e-02
-1.035524706600505218e-01
-1.844337778891164958e-01
-1.469202412154418103e-01
1.071201069204762019e-01
-3.968816943668237313e-02
-1.779884907061371480e-01
-4.167164555554386113e-02
-7.311256733937791796e-02
-1.984831207478989223e-01
1.400299893590853939e-01
1.191885078286879229e-01
1.854922415366666022e-01
1.001503903276221435e-01
1.470691550459113650e-01
5.006921059831243026e-02
8.458107874711011387e-02
-4.751579423759887122e-02
-1.692868837509195826e-02
1.989743314920664197e-01
-1.226976253245146836e-02
-1.151214108599217523e-02
-5.681883489440724827e-02
-4.630094934125117412e-02
5.039387128096588231e-02
-2.392895160127208459e-02
1.890367080250718312e-02
-1.721162780855934882e-01
-2.760132750146521499e-02
7.175203893599921279e-03
-2.398168904055632961e-02
-4.450686571564418242e-02
2.339793290949291893e-01
4.805253389742624587e-02
6.853724999341169466e-02
1.146943009785063305e-01
-2.331553624015388765e-02
9.680520927836119838e-02
1.638222132943774334e-02
1.423500226796359062e-02
2.398789206384324413e-01
1.086212238004752861e-01
2.910841921070807248e-02
-3.156165328417415844e-02
4.062276865209987070e-02
2.130471458810360638e-02
4.187334829875100778e-02
3.464588594893666662e-02
-7.381204050222496538e-02
5.158260433849334164e-02
-5.296992542976381585e-02
-1.322288916553551914e-02
3.017133573643451458e-02
3.021242985761261532e-02
-1.134263427453330447e-01
-3.890513800043307602e-02
-6.002419317936755899e-02
-8.986422508325520031e-02
1.476830841686613272e-01
-9.019516971315215403e-02
6.801771766620917647e-02
2.890801694141110698e-02
4.426730334115499405e-02
-8.921098268511029605e-02
1.478070000742592871e-01
2.398605310848803407e-01
2.026228386874248943e-01
-7.769168788107664973e-03
7.906422466945835920e-03
1.815085093372894032e-01
4.605493176563321689e-02
-1.202545072015446526e-01
2.238843505524098360e-02
-4.454318253455795407e-02
-6.799256532096555061e-02
4.729323455209048788e-02
-7.218576065947344793e-03
2.309484324943308631e-01
9.592717731642110834e-01
1.000000000000000000e+00
4.780154340388619860e-01
3.941270105800448453e-02
-1.472048006602645898e-01
1.628021412620694885e-01
7.860931585395772303e-02
3.669805783926244347e-02
1.247235433455444603e-01
-2.303682526324451474e-01
-1.379596855597298444e-01
9.963926530122882430e-02
-6.440439806975156722e-02
4.464567751292689013e-02
-5.172165722405281524e-02
-1.683538740978660075e-02
-1.311481812847405393e-01
1.186381893073315680e-01
4.647140360210202242e-02
-1.432639602613618446e-01
7.015484930743967791e-03
-9.047505480262929556e-02
-3.488049976728828383e-02
-7.920600300413066508e-02
1.251357516414047244e-01
-2.992227175831898428e-02
2.207627173951390385e-03
1.713039836564271001e-01
-8.080153351320241983e-02
5.797474326745135492e-02
-2.907845004032171277e-01
-1.719134804824968762e-02
-2.892176159012563863e-01
2.907910236340568444e-01
2.862830310580720405e-02
-3.495306509814926493e-02
1.676005988347174791e-01
-3.048144776586132476e-01
1.021237644133087957e-01
2.956966664035318854e-02
-1.266373825602911951e-01
-2.961227804828227561e-01
8.171308440563917336e-03
4.601406037179371633e-02
3.491993254584752071e-02
3.041945553456573137e-01
4.194146200161699006e-02
9.483774296513310109e-02
1.401039761944578022e-01
-3.677908222164159163e-02
-1.965752232498808039e-01
-4.992360109214245140e-02
-7.172045238958552060e-02
-9.176794418114456175e-02
-1.143705842035365461e-02
-1.223027748925456376e-01
3.754973357353471458e-02
-6.009573098694099419e-02
8.260530808000354774e-02
1.151547950856438157e-01
6.393474181442135307e-03
4.664401613370229571e-02
-2.974447110972931740e-02
-2.242502286073645434e-01
1.329894199741749050e-01
1.098369764396906201e-01
4.659773389554681261e-02
3.008123587383951074e-03
6.424452440926793628e-02
1.462602176646672081e-01
-5.024019698175723192e-02
7.237225617246219322e-02
1.254040963596824154e-01
1.553248086133268181e-02
-1.263762978391032299e-01
-9.283270985962070732e-02
-1.283855947624797933e-01
-5.657557449166226299e-02
2.382422791746813817e-01
3.597736992027939645e-02
1.258425877482481914e-01
-1.306266453844162900e-01
3.993504175427767255e-02
-3.639534867899502785e-02
3.556314121777213316e-02
3.447954590046661272e-01
1.758367670182425443e-02
9.299569920249416144e-02
7.808654750943422318e-02
4.805285957168355104e-02
1.274735619733061986e-01
-2.094081116204176696e-01
9.513773014697891883e-02
-1.352030753916248600e-02
4.956841005764179089e-03
7.259680134739776580e-02
-6.588426555366248827e-02
-9.837846439295720377e-03
1.073724247248044987e-02
2.685732488721259137e-01
-1.340675586203666780e-01
1.626997657868768654e-01
2.490491886384481931e-03
2.784242963346078223e-02
1.521913318913067081e-01
1.152840700873497548e-02
-1.495716846475273476e-01
-3.739729171852531481e-02
5.350075829004631578e-02
2.105282513013652032e-02
8.009226563302468405e-03
2.140099678989311749e-01
-8.425023734137547515e-02
-8.646200841414933280e-02
-1.443111580157600549e-01
2.599877627891195378e-02
-5.753561861406551042e-02
1.253490474794460019e-01
-4.446556570064069680e-02
-4.357038173213426818e-03
-2.418415247861720740e-01
1.123699838155956671e-02
-5.539767995630403424e-02
5.002695320890607634e-04
7.424685014153689644e-02
6.717431261880095483e-02
-7.727781532635741302e-02
6.182767671185149250e-02
4.833221406600370779e-02
1.219836106155552415e-02
-1.820327334053490481e-02
7.248821023191615032e-02
2.743963540519181454e-01
5.481214016902036246e-02
-1.141181104564251703e-01
-1.002757963219537279e-01
-6.723571403051507855e-02
-1.333539762780892868e-01
-8.655140518011787687e-02
8.090661483139027776e-03
2.406868314693027255e-01
1.227835764337947312e-02
1.392416163583883315e-01
-1.567721788891191792e-01
-8.923550176554587154e-02
3.024168240334422220e-01
1.384441678748903060e-01
1.006706937837351240e-01
-9.147891530188786979e-02
-1.448997969291759835e-01
-2.439819454406360125e-02
1.557477375965954369e-02
-1.787825141120019945e-01
4.157459453400608879e-02
-1.170208790842823393e-01
5.209484300157968262e-02
-9.730196900822676853e-02
1.632484417474799193e-02
-2.372731591486219177e-02
-4.392327733237086362e-02
-6.976108453643455054e-02
1.428562379561930940e-01
1.135003461369510080e-01
-2.067785501535823189e-01
-1.903477003664749978e-01
1.491788763177258337e-01
-8.176649155180312767e-02
-2.216685127593109612e-03
1.928149754559684362e-02
5.687895183394549303e-02
1.791363689260706826e-01
9.506619233940548364e-02
-2.131350226392154656e-01
-9.817198282258578212e-02
-7.138053522380630178e-02
6.014655068924132375e-02
-3.906047197127209252e-03
2.287248999940675806e-02
1.749981227143401485e-01
-4.131330419626040584e-02
-2.768095888615705880e-01
2.031176123733279826e-01
-3.703287230582374273e-02
3.455767112661568136e-02
1.641446366804311802e-02
-1.033271543561924410e-01
1.991145330750541953e-02
-3.791833069071901680e-02
-2.057060107163846963e-01
-3.475055630882387114e-02
-2.398737311277462578e-02
2.258926594568991600e-02
-1.107534608568712386e-01
-1.109770299819726191e-01
-4.766850959775419116e-02
1.780693963011979481e-03
-7.411719799464530634e-02
1.257640126709236306e-01
-1.187142288226806022e-02
1.106054710482472364e-01
1.462082681878066615e-01
3.695635199780661351e-02
-3.229268279720790696e-02
1.712421717072315219e-01
6.769019811394538788e-02
7.413485175484903211e-02
3.450873493974954825e-02
-8.104991275305656329e-02
1.783095211129780699e-01
1.252953171568023105e-01
1.029433185622852243e-01
-1.348032608177575364e-02
1.594375094689304551e-01
5.759616417475572209e-02
-4.816348820456897717e-02
-1.524578099276754362e-01
4.952779630587177823e-02
-3.671132786007138410e-02
2.158572344184996328e-01
7.079186236609630312e-02
5.082183298809449246e-02
-1.338568972536446910e-02
-1.236639828948265657e-01
-3.782079818087913641e-03
5.608581836450934194e-02
-2.295575654285781850e-02
-2.074301314863760126e-01
1.771028119606099169e-02
-5.470825735319050087e-02
1.627827419916567653e-01
-4.578889876556332256e-02
1.264640510688798125e-01
2.055878142185791346e-01
1.590481769945694124e-01
-2.510989309365117134e-02
-2.066635180265348828e-02
-9.297515193271592426e-02
6.346255513624630973e-02
-3.147172495014696758e-02
-4.370427697174613692e-03
1.004063047382475898e-01
-2.197549054765396415e-02
1.523465167295660026e-02
-2.858734587584190259e-02
1.538777321442997281e-01
-6.138149698231167711e-02
-7.335353216178230884e-02
2.760817640655020139e-02
-7.582760356643014621e-02
-8.613419685466668085e-02
1.354881312125798820e-01
-5.793960769653912213e-02
1.128802874873055528e-01
-1.232888589299626497e-02
1.913867142430606960e-01
-4.121118511543280655e-02
1.312460569981051955e-02
