-8.716487368747175349e-03
-4.569171346512322929e-01
-7.472475472846108746e-02
-1.238621909089051149e-01
3.791134563194564766e-02
-2.815310808665966169e-02
2.127245755673752015e-01
-1.409654979778540707e-01
-8.538267856929836197e-02
4.874450997857329021e-02
3.158398545579537142e-01
2.519142539932325287e-01
-3.158634554504070185e-02
-1.113695370709810589e-01
1.087629419694040173e-01
-3.489342284342823036e-02
2.321016629943638554e-01
1.434573325264669463e-02
-1.610508781680210222e-01
1.079911569771992430e-01
4.846023125209941718e-02
-5.659651804922982005e-02
1.531174067611023870e-01
3.191602947145890656e-01
2.416245699792535506e-01
6.500814386926127841e-02
-1.042142000485924425e-01
1.902768456697962740e-01
3.340303675757055890e-02
-1.354182721939298784e-01
1.424214675256654239e-01
9.968388101660911882e-02
-9.370081962402959652e-02
-1.974723872884726148e-03
-3.105205684053249926e-02
-7.124975522935138306e-02
-2.162397605016833785e-02
-1.806784125919399797e-01
-1.791517646897532456e-01
1.755780749329507728e-01
-1.841776524783718116e-01
-8.204135739230641877e-02
-4.702828979962095368e-02
1.249215090124442401e-01
5.743672312135330443e-02
3.264119191054991598e-01
7.833607492844768538e-02
1.919687057166248045e-01
1.786403500734911054e-01
-3.078090071249378612e-01
3.308870082564164261e-01
-2.748451867467157084e-01
2.023757704115176637e-01
2.921134011211608539e-01
-7.953969695864229750e-02
1.951586021911856650e-01
-2.263648649336740815e-01
-4.770608533032385384e-02
1.629268779445679494e-01
2.001205731667993759e-01
1.880869599242079165e-02
-8.771851485220380495e-02
1.516636425731386351e-01
-5.517243923059963334e-02
-3.346871958376357314e-02
-7.508675014508364720e-02
-2.993919475684554687e-02
-6.188225675489278377e-02
8.821949128605112433e-02
-3.879392242312008909e-02
-2.936372316573986896e-01
4.477738644812045421e-01
2.180203053293873205e-01
3.393979239052932750e-01
5.723410758818205102e-02
-9.699955446220233368e-02
-2.484897800619241537e-02
-4.685806969184810183e-02
-1.070406772372719945e-01
1.162995531573374035e-02
1.909404167394080643e-01
1.341833161982517453e-01
1.935650535599669347e-04
3.015192109116766189e-02
1.502345309215422364e-01
-4.429479035222980143e-02
1.547081588984169365e-01
1.861536862695847006e-01
-1.013321982468242261e-01
-1.109174146069280900e-03
-5.748194951113703988e-02
8.732279501589064463e-02
-2.709374061667395028e-01
-6.081173482831561672e-03
2.244113755216798622e-01
-2.854483978376217146e-01
1.990401155283491944e-02
1.096834167381399161e-01
7.534249983710537835e-02
-8.765544720714017746e-02
-8.244466881093885993e-03
-1.612666691373016437e-01
8.611112292972482318e-02
1.307239650294763078e-01
-1.407706502035800944e-01
-5.094111564749649601e-02
-1.713625170972201406e-01
3.840153708389067166e-02
-3.028230329238419394e-01
-8.958604340380246778e-03
-5.252332546754018977e-02
2.359772604409464403e-01
2.297526602952652819e-02
2.737412111915590342e-03
-2.174497921133338729e-01
2.035844952797787599e-01
2.095559473923810090e-01
1.802780969415566092e-01
6.750142453792676300e-02
9.674125959415150189e-02
-1.973700567622188873e-01
-4.159533492640256347e-02
3.871797407393860746e-02
-2.128669260587195966e-01
-6.807053642682425743e-02
1.201295334176810531e-01
1.329018701680243220e-01
-2.538151038354238276e-01
-1.521550377719029790e-01
-1.688002867825991460e-01
-3.570075033600775966e-02
1.805049279921837058e-01
-2.424221615149280973e-01
-2.201252443136789139e-01
1.951358105429574497e-01
2.902984250948954445e-02
1.123926882331265364e-01
2.691115132189150772e-01
-2.863325679825424741e-01
-1.000123495428181242e-01
-4.595012104835195094e-02
-6.600862881971658776e-03
-2.708267193498904435e-01
6.425240692150291366e-02
1.180138591912041346e-01
7.288677267429288786e-02
2.541856991394688681e-01
1.979883765721806854e-01
1.229340556911560495e-01
-4.302152422994492964e-02
-1.777548610414167451e-01
1.627633019611429699e-01
2.642144956463548522e-01
-1.619710029623617764e-01
-8.426442124331691430e-02
-2.545896113186421617e-01
-8.515182892279394081e-03
-9.885060697039038669e-02
-1.231823595028577051e-01
-2.117799653934378246e-01
-2.488325918958065805e-02
-8.467318666378363667e-02
1.120572311108767594e-01
-2.354836396169511237e-01
-9.707038986616324527e-02
-2.751656324145987931e-01
3.289376299875804155e-02
1.766959201098869670e-01
-1.309252616754938980e-01
-1.118520254554609093e-02
2.943927890134842573e-01
2.190878212784888590e-01
-1.314858763823701371e-01
1.366621849836876235e-01
-1.754539303829184549e-01
-1.569417806766439105e-01
1.587623437828067363e-01
-1.494771002423843365e-01
1.156715537711561909e-01
1.737691966145522293e-01
-1.385307264449657794e-01
-1.327180173398783691e-01
-2.228027945640185525e-01
-5.807162514631236672e-02
1.689118679026078707e-01
-1.862068927102549232e-01
1.264560499210166944e-01
-9.990040392588911411e-03
1.471548842449344474e-01
-2.003692766926131741e-01
-2.033193939242352796e-02
-1.995826701848688392e-02
-3.797139944298250080e-01
-2.433247298678137618e-02
2.520535149797677454e-01
1.313146275150144093e-01
5.433032585839908668e-02
9.392187598363337109e-02
1.406401516567551413e-01
-9.356656660059432806e-02
2.857134743234078858e-02
3.347337296800096534e-02
1.604738359679695747e-01
-1.866827095837541861e-01
4.698844264857180431e-01
3.097442259041723392e-02
4.069722261744911085e-02
-2.540156461884511829e-01
-2.769270665484173111e-01
-7.790740750750585475e-02
2.892628709672821485e-01
4.362064686481939568e-01
-4.450307559430372734e-02
1.579337355557429434e-01
1.064299136033412807e-02
8.664517447237755909e-02
2.884553684874972546e-01
2.386411858013320619e-01
1.760941429334502983e-01
-1.429732451832793072e-01
8.320817793293439069e-02
7.185157754102208805e-02
1.167484860753049553e-01
3.843575609264438669e-02
2.046039674731320590e-01
-9.341743980519835733e-02
4.994937502508389193e-01
-3.159045380988663720e-01
8.705904571679990225e-03
4.655963650936784798e-02
4.286684674808154405e-01
-6.067168343341009656e-02
1.441462728293591844e-01
5.061927881068668117e-02
-6.108796701600108237e-02
3.071016086649347998e-01
-3.871815366561134897e-02
-6.200554430653366922e-02
-5.005198727916167906e-02
3.140520446820502243e-01
-5.981510060782834620e-02
-1.466247589400834217e-01
6.976472708100438236e-02
-3.769823201844452187e-02
-1.110689871917789305e-02
1.343913021038356803e-01
-1.034915700117521875e-01
-7.664958985851476336e-02
-2.422124897083948181e-01
-1.372689498578564815e-01
1.375128982432950731e-01
-3.413585690700678965e-01
-1.083344868404669398e-01
-7.264467274204475244e-02
2.727109745421358311e-01
6.689395782872873397e-01
1.000000000000000000e+00
3.158180730113762519e-02
1.483141041834358520e-01
7.195641966176306858e-02
3.129009424768567915e-01
-1.263599670140031495e-01
-5.370220704667949541e-01
2.201964872622177161e-01
1.162927134891541536e-01
4.119661813246772858e-02
-2.023086878767780400e-02
1.568822552161858452e-01
-5.728942451376445311e-02
3.451050918390531352e-01
2.378677149081779296e-01
8.284033782020377989e-02
-4.451662677665836343e-01
9.377229973439274446e-02
5.609777967554657047e-02
1.060076252892298426e-01
-1.641502067226645323e-01
-1.791662511825505011e-01
-2.485363599489717745e-02
-1.322831755138166310e-01
1.937258302176177172e-02
3.724397985131105981e-01
1.568644964009393850e-01
1.457000585970557871e-01
1.116515630256694064e-01
-3.009990054686240701e-01
-2.311627349642622897e-01
-2.286078743129891372e-02
4.283980998254468403e-02
7.692548421553820071e-02
-2.645580875413131583e-01
3.395166273574069804e-02
3.772577742853228805e-02
-1.229745734543142704e-01
-9.758634505410747340e-02
3.312848339731588321e-01
3.937085503659909502e-02
4.954481940077840735e-02
1.023203940448611515e-01
1.015828653661783598e-01
-1.197916717989331963e-02
8.947547219633261370e-03
-2.144813563169718773e-01
-1.800447764884192392e-01
-3.575384665873093115e-01
2.130360038738553577e-02
2.172820776001179732e-01
8.784574430256236743e-02
4.314475743740147501e-02
-2.897699525216480138e-02
9.086332261937132837e-02
-1.565190652616942346e-01
-1.817197268879270078e-01
-1.590050649300753793e-01
-3.253199053418678321e-01
-8.753353288680616739e-02
-1.988313888520082950e-01
1.287951709613200102e-01
1.525124203350548269e-01
4.611888781254798453e-02
-1.413839666549093210e-01
-1.072405958696704548e-02
2.300951398011412963e-01
1.252305530878563278e-01
-1.536832090227512881e-01
1.317093558964974320e-01
1.305707922514613428e-01
-1.473984179757816329e-02
-2.869833721529779086e-03
-9.905368439229274291e-02
-6.048978636835428829e-02
-6.411810876283362270e-02
-1.483488028407734492e-02
-2.230411648895226362e-01
-1.574074066367379121e-01
1.384454869882254802e-01
5.151886012411734106e-02
-2.847596119652737734e-01
-6.014055423881137924e-02
8.625162036336470051e-02
-1.625928741658638765e-01
-1.229896353689124457e-02
-3.022996714881249769e-01
-1.001552816677108854e-01
2.206119092419498995e-01
-1.315826380745869217e-01
6.277498948246768018e-02
2.609090296393489772e-01
1.651178590398069412e-01
-2.612798844694762604e-02
-5.634158715259635075e-02
-8.618757047242124603e-02
1.473712250456662987e-01
4.136201769924801458e-02
-1.794267389755313802e-01
6.534218973501476103e-03
-4.049633739925263543e-01
-2.093525121656177324e-01
-2.437477224626108906e-03
-3.748856021191124960e-02
2.955937461228481111e-01
9.905925001730968293e-02
3.313731661606755807e-01
3.409455780753249954e-01
8.321147512524984524e-02
-1.246773234651657597e-01
3.301902425109334849e-02
-1.878031520042154900e-01
1.928101527385396863e-01
1.709430942701185563e-01
-2.664546736062251009e-01
1.058872849555092394e-01
5.969077186165591686e-02
-1.145027346599519769e-01
1.601454351190818304e-01
-1.642189565115639571e-01
-8.143458450982693150e-03
2.491265294527424123e-01
-5.147654042147167125e-02
7.567431069087941775e-02
1.162517384417166288e-01
-1.287411494315095495e-01
-9.338553113839732911e-02
1.203721629159971024e-01
-3.393498847540123986e-01
-3.376784703456483031e-03
-1.194954151600303022e-01
1.400554591148290562e-01
1.047704390638378308e-01
-7.921500455289592901e-02
-1.481535421970330835e-01
2.535892923354604034e-01
2.915599928050013334e-01
-1.393794411340281147e-01
-3.357802589174487817e-01
-1.516345612017046783e-02
9.235339143113471816e-02
4.375066853916172865e-02
1.241475264908264986e-01
9.725082115272466743e-02
2.185448907773069882e-01
-6.985167730852917534e-02
-2.243109215275028434e-01
2.573130653654842059e-01
1.866154289771923894e-02
1.141139218778966513e-01
1.164426397127899665e-01
-2.064262256891634117e-01
-5.292778179764867641e-03
2.327031037073871642e-02
-1.703733920190031725e-01
7.474962756508160729e-03
3.884529607148468761e-02
4.014788664894012316e-01
-3.527557446175073885e-02
9.144082210371763664e-02
-1.631685500668548505e-01
2.325169854946776693e-01
-1.869845970081509823e-01
-5.217796415562827445e-03
-1.999559900676438629e-01
1.619423495786249945e-01
-7.739427428999350045e-02
2.165035738739976567e-01
9.832963921486327641e-02
2.211398791044062034e-02
-1.002624590002708094e-01
2.232702021982011231e-01
2.507304445912331703e-01
1.117026916817283472e-01
-7.732910859495083222e-02
8.181263597922211472e-02
-1.210298059512480845e-01
1.191377116165361766e-01
-7.644432644391321863e-02
-2.783784447087809394e-02
1.217709647572565723e-01
-1.261127168317661695e-01
3.858503300541058639e-02
8.297229293660393634e-02
1.784330268119136975e-01
1.673354281691045720e-01
2.112548139728857577e-01
-5.516002501971137284e-02
6.672724215925295022e-02
-1.536190042321875990e-02
4.711370746953389560e-02
-2.678848467177363801e-01
-3.089013248295265357e-01
6.695804458291580719e-02
-1.000954728341924872e-02
-6.121064256155619304e-02
-9.078091434201319976e-02
1.309807692491820608e-01
1.813083596194833558e-01
2.717495631067170722e-02
1.078308160114396369e-01
3.853301787661101568e-02
6.629403649440804291e-02
1.416696024715244639e-01
6.257986724158555447e-02
-2.605229352240738816e-01
1.559328696365054889e-01
6.679219556232197930e-02
-8.281285458475055872e-02
-2.193508487448121158e-01
-3.218426452405068749e-01
-3.971058384998404911e-01
-3.380387647133514112e-02
-2.679270457773610392e-01
-5.660062620648334542e-02
-2.337880228840526469e-03
-1.860893867818682046e-01
1.786997465801971885e-01
-7.021994200523817842e-02
-1.108353851506750504e-01
-5.281293636347025866e-02
2.942471095277273130e-01
2.899360095852822339e-02
-6.238618501112776216e-02
-1.132530844839703121e-01
-3.018337204235020388e-01
1.427864359282627615e-01
-3.327021220786140904e-02
-4.513646120284766500e-02
1.712028954474459908e-01
3.638600968465057622e-02
5.570858529471933024e-03
7.192313776363960798e-02
-1.045679649193672761e-01
3.707862924762835022e-02
7.813228602102563480e-02
8.727024338879231513e-02
-1.070502055066707287e-01
-3.093746439389346015e-01
2.842968415741318755e-01
4.717426491558876500e-02
1.327093833736548989e-01
-2.858397410840847197e-01
4.181188341464067704e-02
-1.223390391578705466e-01
-5.482542950030483420e-02
5.152064747872192596e-03
3.658222348096841214e-01
1.724458890641777653e-01
-5.709044281418249045e-02
-2.799595683769194876e-01
-2.581472350933627924e-01
-1.211710273053563658e-01
-8.131594071561236772e-03
4.969869212759928101e-02
-4.100434733633554624e-02
