-4.047054296098197002e-01
-5.144743144200192297e-02
-4.622828062240085800e-01
-1.842311918919832814e-01
-3.572108505408298496e-01
1.432999832045923072e-01
3.429090073839685671e-01
3.175314568940086624e-02
3.960164245981821485e-01
2.133608359513399499e-01
1.920579178115934260e-01
2.444903806363225018e-01
-3.351180569147764743e-01
-5.647804143420411677e-02
5.680873677922766429e-01
-9.250250190422937280e-02
-2.882554642645746013e-01
2.170824381622800114e-01
-1.582696709579389099e-02
-2.717711876869136067e-01
1.500355442842717102e-01
6.081587875996595505e-02
1.451418630983584701e-01
1.733300193402516620e-01
-6.086515139050856227e-02
2.678543396202099913e-01
-2.945488124952639342e-01
-2.184729008778572498e-02
-1.718902002616539693e-01
1.221681045738325783e-01
2.202234490444958670e-01
-1.190449119685522694e-01
3.544246117287373071e-02
2.453920907217092273e-01
5.957734610522851249e-01
1.575229512759575290e-01
1.686801631632909027e-01
-7.371993469414803157e-02
7.018711409134130441e-02
-1.837303914326307019e-01
1.035830928299084214e-01
-6.710050865707588470e-03
-3.702445110967019226e-01
3.301483720667736654e-01
-7.906345139800174948e-02
-2.030096810029516641e-01
1.916746148275752992e-03
1.548677385129929862e-01
-2.121644396564862645e-01
-1.304862604864641673e-01
-2.644883767242518086e-02
1.621222168132916697e-01
-1.561925255216646269e-01
-2.823180186396969105e-01
-2.633808360107319224e-01
-2.838011524276882747e-01
6.107757753240582871e-02
-1.534279473578385733e-01
-2.132384517733716400e-01
6.155516360664617381e-02
-4.753938515678569204e-02
-3.678699462413447252e-01
4.650439511514355972e-01
-6.429977347090694295e-02
-2.662854294786097253e-01
-1.398778667029885459e-01
5.715962653097445695e-02
3.208716869470716326e-01
-2.875684068818589179e-01
-4.500658080328768795e-01
1.339544035330839100e-01
4.597427851187339543e-01
-2.483441328449396135e-01
4.902665253040128235e-02
-1.162166206470749280e-01
2.126990040798192039e-01
-2.332443058976174655e-01
-1.473056665595590120e-01
9.793713558333706770e-02
3.292908768913065803e-02
-4.048002104790974359e-02
1.019015432784564357e-01
1.580169614402604228e-01
-4.529946633340833917e-01
-8.294768158180945011e-03
-1.082364101667521034e-01
7.452690705663402027e-02
1.231565550510697604e-01
3.022124523699317930e-02
2.324698469565010528e-02
1.631332922995399060e-01
-1.252710583186394111e-01
-4.065928025193670248e-01
-1.487974425412333657e-01
4.980836250589826819e-01
-1.673877949067620330e-01
-1.672576563955227580e-01
-6.196715706147307157e-02
-2.373331092571429046e-01
1.289786773539167153e-01
9.424059965616279899e-02
1.842871507163432732e-01
6.974159202023745285e-01
-2.342743305190331526e-01
-1.020372378459709350e-01
1.411134713243855365e-01
-2.579693844060344451e-02
2.023604377598859638e-01
-1.578179566609927698e-01
1.818850224555586259e-01
4.561505768424269081e-02
1.254844481384232713e-01
-2.903523364060608403e-01
-1.498121619510188463e-02
-1.993148377470018717e-01
-3.899793470813481266e-02
-1.486699883025484337e-01
-1.324677813824763351e-01
1.756794620649565208e-01
-6.477019494829187873e-02
9.116638842932039966e-02
1.161401309894470463e-01
1.398934859822792143e-01
7.303306410199034149e-02
2.482561295701816995e-01
8.311092325079327825e-02
-1.210648925875368875e-01
5.157432789474008725e-03
2.962994474161666572e-02
4.402336294582693405e-02
2.577104294195841638e-01
-1.111959153711284676e-01
-3.643942639357899971e-01
-6.652224795244481015e-02
-1.697436815481744021e-01
-2.009427340574619289e-02
-1.617470190543457420e-01
2.136849853588786430e-01
1.010491333867209046e-01
-2.430898815780412614e-01
-2.621917435695748089e-01
-6.501259820726275340e-02
-1.514428064348490310e-01
-2.516459600649876283e-01
-2.268029733156447236e-01
-3.429692321789630238e-01
-9.562344074598234933e-02
-1.041485468479968167e-02
-1.425442187812976658e-01
5.609503313476595088e-02
-1.919275645863731394e-01
2.529466716705742191e-01
-2.996606909537059549e-01
-2.276408628358323957e-02
-3.352166097684228796e-01
1.069553397323275562e-01
1.323867276302175267e-01
-3.384001863961267897e-01
2.588699473292514486e-01
-1.369176128950818916e-01
8.852706194095815925e-03
2.799691885680170161e-02
-1.639532286732705291e-01
8.291312478685680665e-02
3.365025577454418271e-02
9.947429288703969752e-02
-8.251662038831855672e-02
4.704163971637914665e-01
-8.070906627158619395e-02
8.443986748218527613e-03
3.510671789722933922e-01
1.914028203882560952e-01
9.268156594699969442e-02
2.456761435819781736e-01
-1.939364058900334697e-01
1.250526735348831964e-01
-9.343000726669947742e-02
-2.769899902714826889e-01
-1.898527560012401028e-01
4.175945383301379876e-01
4.721190941274066577e-01
-9.372729433870533033e-02
4.575584951526800309e-02
-1.594115312215054203e-01
2.253804099803206062e-01
3.095320532376478750e-01
-2.613702265787681278e-01
-2.077609614569855545e-01
3.693702480764500529e-02
-2.938648974571772543e-01
-1.232618706366572364e-01
-6.091375882749573006e-02
-2.355823466989857007e-01
2.702676826534385346e-01
-2.054225742772954610e-01
-1.227092449385688844e-01
-1.020538337630403324e-02
1.203209874390044620e-01
3.643434020145857599e-01
1.111668460850548795e-01
-5.259850445284685039e-01
-1.128408850217048898e-01
1.458003528749015308e-02
3.065680397855677364e-01
-4.335691980637425280e-02
-5.625877710324617142e-02
1.157062894129376740e-01
-2.278652414170158000e-02
-1.611859509129636575e-02
-1.187734201736298095e-01
1.786578479581781009e-02
-3.255209387841771079e-02
3.989414644083082440e-01
7.396907204094731181e-02
3.531430070822199063e-01
2.434709534878062576e-01
-6.103815449190178738e-02
-2.485535007728723877e-01
9.272944439066929667e-02
-8.213527719699627305e-02
4.284110650260767317e-01
6.154130497823888657e-01
4.737603041338095955e-01
2.249313789128172536e-01
2.148080825950994810e-01
7.167343775763801439e-02
-2.500518519752604196e-01
-3.068985580130493829e-01
3.892556576175205119e-01
3.641935099177621704e-01
2.897274583768663647e-01
2.893127810098401476e-01
-2.323926249991995208e-01
1.331237304295924406e-01
-2.425492275691576438e-01
-9.621229996660410344e-02
1.945880059168546283e-01
2.086654309116708905e-01
5.902568448771914472e-02
-2.121188991070085683e-01
-3.572992765930870646e-02
3.361171882749285911e-01
3.126894882099465200e-01
1.121421461208647330e-01
-4.674857391603553375e-02
-2.835152755922293322e-01
-5.376703702720457556e-02
-1.250329970691863891e-02
3.026412943738013284e-02
5.362521699786113039e-02
2.975604610328996813e-01
-3.032195215475973482e-01
1.886832213212092935e-01
7.072601495899160096e-01
1.000000000000000000e+00
4.691961688239261741e-01
6.113271178462902355e-01
6.904119734357684335e-01
3.175066800985869020e-01
5.241983106954148930e-01
8.437873118966233987e-02
3.165895375244472398e-01
-1.920511837237853237e-01
9.760500881531582185e-02
1.716230767369247290e-01
3.361132694032853419e-01
-3.823360465649983664e-01
-2.970471510696939734e-03
1.735492557477663345e-01
2.806376474800922338e-01
-3.072301987855119987e-01
-1.671368611478610267e-01
6.876046935048724237e-04
7.761498940503136490e-02
2.005902121475797717e-01
2.229924237622931682e-01
1.017593772311055356e-01
3.211016325212588951e-01
-3.793687594642627392e-01
3.355598113313368325e-01
4.093490565840539608e-01
3.788387501016404757e-01
7.555129347173102916e-01
1.026485541746093438e-01
2.373482146174317187e-01
1.889822276854496996e-02
5.651169370445193602e-02
2.946641620780715912e-02
-1.059645321110001676e-01
-3.475771412124133153e-02
-3.334263958859430277e-01
-9.590908289687230526e-02
-3.165819235290823763e-01
1.338276420510426945e-01
-1.187605127299614510e-01
-1.253207132038430260e-01
-1.900018715710698192e-01
-4.627046285776368895e-01
-5.066099714498997070e-02
-3.798829533628219624e-01
5.497756705160520424e-02
-2.864918501096356263e-01
2.648285124428287896e-01
3.097969977352999504e-01
-1.187122041376401510e-01
-3.089952150801995590e-01
9.321993790853740081e-02
-3.766952707125820754e-01
2.930571674572407526e-01
3.842369355442134538e-01
3.582268082162529121e-01
7.272087807044612384e-02
-5.192271585868364625e-02
-4.779362880097545035e-02
-3.860293677208766379e-03
-3.081840063333106047e-02
-1.340834194993218709e-01
-5.229627715364667390e-02
-4.079200108322459939e-01
1.654762911075372267e-01
-1.750887316957828455e-01
-2.889345622157832652e-02
-3.479709407861063530e-01
-2.533043510782342911e-01
8.540706313989415710e-02
3.920615110808591819e-01
-5.696545676756031157e-02
2.726802212362299249e-01
4.571542603173900376e-01
-3.830191667683725126e-02
3.173899533343337714e-02
-2.666572784921355521e-01
-3.887184451582867961e-01
-5.892113056595623677e-01
-1.266596794340442249e-02
-2.094649767900194637e-01
-5.802522476368054440e-03
-4.184815828195919546e-02
1.692891698815154333e-01
-6.423042916019557069e-02
2.486567124281472974e-01
-4.110967788571612963e-02
-1.934190221131689147e-01
1.411191024774253455e-01
-2.372997275477829460e-01
9.446766419125954967e-03
1.107056282540107989e-01
1.303837604774168990e-01
1.332052894272878485e-01
3.254449045938590662e-02
-6.312395278055314175e-03
3.953143565621549116e-01
-2.161113282796503499e-01
-3.248462985634270050e-01
3.112692072822826894e-01
-4.896543363378352276e-01
3.718200064535648330e-02
2.956049873172172243e-03
1.222810062313213070e-01
1.182596477501773463e-01
-8.838963217547826656e-02
-7.256268883721682383e-03
1.550110749993359183e-01
-1.260382612622588938e-01
-7.987118103760360022e-02
1.048098880772974500e-01
9.563457138774138222e-02
1.314883011879743914e-02
-6.638400908994739058e-02
8.139123243124742058e-02
4.599504799857158654e-01
4.125617775946163746e-01
7.654051921603070852e-02
4.079405043478359083e-01
1.992209240847510054e-01
2.786871507890151256e-01
2.263842091759808717e-01
2.301646140715991606e-01
-2.892416689311600453e-01
4.185171249064450483e-01
2.020938481247060436e-01
-1.112521734004890267e-01
-4.218263255989696328e-03
3.204406430181878235e-02
-6.475035591097813570e-03
-2.904009996899346024e-01
1.470964295752773821e-01
-2.902136853237857403e-02
1.979265164183613979e-01
-1.168033374376280797e-01
1.180443777479619066e-01
-3.135048967256997554e-01
3.037137201838578660e-02
1.808271076606469407e-01
-8.442545748358920923e-03
1.615284946533731281e-01
2.377149297704787834e-01
-1.302085102444287823e-02
1.376746036042551247e-01
-7.562143003623983395e-02
-4.001688660185536706e-01
-2.046023756559278428e-01
-1.883129981953332865e-01
2.644283793437681718e-01
3.503343297291104386e-01
-9.167540960724920862e-02
9.723343072299225898e-02
-1.383455723385624003e-01
1.612371655025365003e-01
-2.648203649182290231e-01
-4.534735381729198406e-02
1.263017194894978379e-01
4.206324322640968560e-01
-3.288381842123052484e-02
5.898241767235677668e-02
-1.824697005569001773e-01
2.146516169588400316e-02
-5.112672322375812206e-02
1.267550437303892608e-01
-4.632268177654511737e-02
-2.435357506906622449e-01
2.936629842971599236e-01
1.454833444269597320e-01
8.407052155810836383e-03
-1.420172291328635761e-01
6.054469710671179367e-02
1.396077600610594049e-01
-6.899196070880705967e-02
5.220890646394749091e-01
-3.017494348204907695e-01
-1.632033742771138440e-01
-3.081686004655677102e-01
-2.369399898406782667e-01
-2.431733007875802322e-01
2.050134160092214886e-01
-8.133153058913447642e-02
5.993390177811293018e-01
1.915873008701055036e-01
-2.077164945977274038e-02
1.157803849691320941e-01
-1.279371934541652682e-03
-1.162797248183717463e-01
2.950447496549646886e-01
-1.904521930845486100e-01
7.522120449330442493e-02
1.393236234304809085e-01
1.709901200085003556e-02
3.021678548449352464e-01
7.074034877576382274e-02
8.988456143846970670e-02
-3.553722805323726863e-01
-1.842606975982454334e-02
1.915998340119884069e-01
-3.869080754650142118e-01
8.594945903511870891e-03
1.979941205241720070e-01
2.166588952140042490e-01
-4.745756355111857561e-02
-3.014077580277865209e-01
-1.360022746859195220e-01
1.371351004241711247e-01
-2.196729582997034892e-03
1.176185610655910707e-01
-1.672009010736011381e-01
-1.998686784339663569e-01
-1.176565797032440575e-01
1.620621712162940431e-01
-4.471786452014530483e-02
1.631614646913015221e-01
1.851932015088146588e-01
2.881409925663023230e-01
9.000173665915407739e-02
3.973426526067336817e-01
4.063314972985702656e-01
-1.122690542123286513e-02
9.835059132967645737e-03
-6.989472487416001703e-03
1.075411041419965796e-01
2.697311476454725826e-02
-3.430010691475455231e-01
-7.937617927199112910e-02
8.732596586014780560e-02
-5.099250661344648106e-02
-1.837429608111671719e-01
-3.632495136816346615e-01
-3.007706460617097233e-01
2.184818538960462686e-01
3.808145756844754093e-01
-1.743534215676323940e-01
2.798262698900900736e-01
-6.071927688067898198e-03
-2.496706204776909799e-01
3.284764759205472395e-01
-4.013566829588172125e-02
8.985678295872656651e-02
2.066454911944098222e-02
4.383415767333737056e-01
-6.227945478679042940e-02
-6.589764951801790893e-02
-2.561479715078814334e-01
-3.704509600675519598e-01
3.050983190470160089e-01
-1.357890995801166734e-01
1.664850286995936124e-01
-2.243773959851991517e-01
-2.988434475260746681e-01
1.775933835203904326e-02
2.387033523242726996e-01
-1.042370677082850305e-01
-1.230229364904245476e-01
-1.044889176113963369e-01
-1.498944902055890926e-01
