1.320364128649958446e-01
8.983247047166084687e-02
-1.170273628321918946e-01
1.527797582428133683e-01
-2.607294251955486475e-01
-4.352223568454353653e-01
-1.384766743171466363e-01
2.499526585028994108e-01
1.029287082427454425e-01
5.245600719784220267e-01
1.855918179070216445e-01
2.899079188098446225e-01
-9.940508710198209252e-02
-1.173451387854052980e-01
-3.033493116092966235e-01
-1.014728567771131656e-02
1.589237524190096826e-02
-3.185276265774412280e-02
1.117144135423432660e-01
-5.062400169146200751e-02
-4.119376062771067937e-01
-8.056791598230207685e-02
-1.315407156229145835e-01
-3.173756054883646871e-01
-4.471101229264071719e-01
-1.133027580300275117e-01
-9.589652799093975610e-02
2.235102163517452278e-03
1.681589144084119358e-01
1.859827090783424675e-01
2.500884645861093936e-01
7.658865962574469555e-02
-1.480698896008766224e-03
1.883345815502267817e-01
6.204215093384397167e-02
3.295131671823600117e-01
2.475728716775834337e-01
6.688418374874718908e-02
4.772864445744668394e-01
-1.983856138365701072e-01
-4.636706388637779064e-01
-2.309929133402190971e-01
-3.485773577886474434e-02
4.309339090488513713e-01
2.827012048129175226e-02
2.561063533934309633e-01
-1.150349092970328127e-02
8.757978341781168935e-03
2.439072350585821669e-01
-3.829436181379997084e-01
-1.182037002856690666e-01
1.858550060472604348e-01
-2.571771253432337256e-01
-1.898211370334159098e-01
1.105359152749526980e-01
3.701973443740249614e-01
-3.589342723127361690e-01
-1.293149255717035429e-01
-4.457922019523020279e-02
-3.177302600246745268e-01
-2.745817347719337609e-01
-5.900158805094068287e-02
-9.296169541242330428e-03
-7.868695506024128705e-02
-3.179362610791856003e-01
1.033001090867947808e-01
4.826451844361339533e-02
4.756853593579595807e-01
-2.625085383706895481e-01
-5.995189391913064575e-02
-1.909503907801800848e-01
-1.467410256545618463e-01
-1.524362766773806332e-01
-1.619008949081998383e-01
-1.577551632803219084e-01
-1.362071435246839934e-01
4.389129510702408088e-02
-2.986544721527680246e-01
-5.319675890957059616e-01
-2.603999252529117792e-01
-4.883749862396691843e-01
2.974968764087531636e-01
-5.083836802975049557e-02
7.261799270753799274e-02
-3.332847431315517639e-01
-3.913473263269547781e-02
3.712553929113183299e-02
-1.665179178023162287e-01
-3.612796623429223586e-01
4.498153611132455487e-01
-6.860976727634009002e-03
4.958456385708362446e-01
-1.941703291854555424e-01
-4.197051311341481496e-03
2.101755436394373566e-01
6.640182618135530290e-02
2.909313986386088402e-01
-1.245978947704853707e-01
6.999116510377227651e-02
3.213215197711692672e-02
8.553922451137614680e-02
6.759765908473858902e-04
1.087163025793777826e-01
-3.849950170034293490e-02
-1.300776403057077590e-01
-2.034747891744828618e-01
-1.291104863851764706e-01
-1.626252437689368682e-02
-6.131042047204160461e-02
-7.859591138282531753e-02
4.654199340829185544e-02
-2.546122628320443906e-03
3.675329374967156726e-01
-3.348406862258080374e-01
-1.810713903969949634e-01
1.121306355345903644e-01
1.331030932315280524e-01
1.468302403071594098e-01
9.971384163693169608e-05
-8.423311414244259721e-02
4.452744595931722171e-02
-2.320882517528912725e-01
1.766663216106879875e-01
-2.701959242306563140e-03
2.345055698293321833e-02
-3.505818405469304788e-01
-4.419831491805351065e-02
-2.669481752542577913e-01
-1.931255779319633881e-01
-2.213016058358215632e-01
1.185011197135171779e-02
-2.322519721895539291e-01
-1.738905517382476063e-01
-3.903948490763222128e-03
-3.944245061728041679e-01
4.183520613372134211e-01
-1.803639641664335214e-01
-4.035878167862733124e-01
9.933322359288922210e-02
-1.002248714368644822e-01
-2.023436955878374910e-01
3.105763248699212054e-01
-1.564488444970207892e-01
3.542479264398972760e-01
-1.162503249311938776e-02
-2.477369610156192892e-01
-1.344375777848265119e-01
6.611024222658397342e-02
2.125225847121084335e-03
-3.753379729738184900e-01
2.675123608528772179e-01
-3.055855102733279205e-01
-1.933537116839640843e-02
-2.479537073972305217e-01
-1.358393048755264787e-01
3.246368550571345213e-01
-2.435179536825863023e-01
-2.629702664614389507e-01
3.672064165433098770e-01
-1.326370757001081591e-01
-9.512003019817946714e-02
2.111280690639234514e-01
-1.557172696922218789e-02
-2.174772123560488601e-01
5.252176273852314503e-02
-9.583388012803528699e-02
-2.670314368535990357e-01
-1.338018066489903846e-01
-3.035096733402711799e-01
-1.026250528643486877e-02
-1.324922897421474711e-02
2.308283581862523998e-02
-2.684410477669755823e-01
7.161850106112538361e-02
-1.203895740221277710e-01
3.852592374327815788e-02
9.196685286924664859e-02
7.644190472623087207e-02
-2.171569819719599420e-02
1.121797783105939056e-01
9.381087646578621653e-02
-2.538246650778059887e-01
1.740475970590712185e-01
3.097713295180475890e-01
-5.527778568386734065e-02
-2.710870447239805969e-01
1.069144578561058018e-01
1.575340043413868685e-01
7.691411591243096924e-02
-3.197231993346202894e-01
3.129137293327869940e-01
-1.498003673591636331e-01
-1.561840357463522011e-01
3.244626399079465068e-02
-2.108658330307395523e-01
-1.496266022859110145e-01
-1.933766623663427386e-01
6.142643881102084671e-04
1.171187382987238790e-01
2.559911337847073920e-01
2.704744114080639972e-01
7.303799612410726005e-02
3.025219164984079279e-01
9.734053489779154189e-03
-6.365180984845421330e-02
1.969011761651173198e-01
-3.607016614984535630e-01
1.475010071840757997e-01
5.525702227548772577e-02
-3.940206617348673834e-02
2.075375363729678804e-02
-3.276266329234368557e-01
2.198948242397123498e-01
-3.123607117799017674e-01
-2.953043331882381772e-01
1.753513753120229945e-01
4.048194146795042886e-02
-5.478656563143353975e-02
-1.507999177479589781e-01
4.717026044740780799e-01
-3.316426611933459556e-01
2.665430502417948100e-02
-1.690441385531138430e-01
-6.528508918668646244e-01
-2.282740046543103307e-01
1.495356439062092979e-01
3.863325880851717353e-01
-7.855961600538954870e-02
-1.548684317593540527e-01
-4.362353378384801750e-01
3.399761106482284689e-01
-3.607498256121127733e-01
-1.051060453933583549e-01
2.596349587754971378e-01
-1.684777012110629524e-01
2.309437383771012764e-01
3.002408379437330743e-01
-2.933289856233000092e-01
5.727432031547616915e-04
5.194176672063570699e-01
-1.543245654784496934e-01
2.525001821588993556e-01
-1.759736148056687544e-01
3.115366952382480487e-02
-1.441518203265798603e-01
3.981444361860163039e-01
6.175278067066559684e-01
2.717435935000655708e-02
1.352372563996624422e-01
1.281651706481882202e-01
-8.431485687593488765e-02
4.493141121644694813e-01
-4.194420886446726948e-01
-6.238653078902867133e-02
7.285412495514844711e-01
7.846004217680109249e-01
1.000000000000000000e+00
6.261030288368892860e-01
2.906107181788157856e-01
-4.619045178339836744e-01
1.640062346180247710e-01
-1.338262605521531035e-01
3.170007707493568971e-01
-4.826276953327127139e-02
-2.848825469310738989e-01
1.557607515233845608e-02
-3.362915403522848679e-01
2.361483682933946393e-01
8.094308592719026349e-03
2.253108572452897640e-01
3.257673066956733865e-01
2.543676967365050001e-01
1.389319465214873817e-01
2.767435021345724389e-01
2.211436349632535658e-01
3.910068336688735102e-02
-1.341508399210968594e-01
1.007162785316353948e-01
2.537801840606735554e-02
2.334307162416853765e-01
7.357511773170603842e-02
-4.223388056562456770e-03
-3.747685566425364989e-01
3.664211745904590815e-04
2.150550109811473209e-01
-3.831249377181785570e-02
1.448516011207390611e-02
9.335238959591742047e-02
1.653693020281718773e-01
1.948623352999855618e-01
-1.479655702238752701e-01
1.639140087890607611e-01
-1.585773706607251365e-01
-1.941115644914750693e-01
3.885756059051811429e-01
1.786115436076585183e-02
1.367807318118079429e-01
3.283678405563952296e-01
3.886406694150557756e-02
8.825349059544693175e-02
-5.526065965969188809e-02
-1.041907782684256822e-01
-1.659976872492568700e-01
-1.675388917610639086e-02
4.397271929373411936e-01
-2.939299215051035530e-01
2.505895845283542256e-01
-2.477190755585088333e-01
3.682604099982799140e-01
-1.953237588635272914e-01
-7.613332867900020340e-02
1.426067665995627565e-01
-2.121838013208127149e-01
-1.294343493233833242e-01
-2.422631419784267992e-01
-1.827844540013661978e-01
-4.391205851540369576e-02
4.317103721812157180e-02
1.028980068675416359e-01
-2.550637951409664983e-01
3.695152647046375249e-01
4.984112511731503270e-01
-2.666083527031757883e-01
-2.379617342235893773e-01
2.109467568822742112e-01
9.553357772836107431e-02
-2.308625952961362304e-01
3.103336885436048034e-02
1.580221006577896270e-01
-2.165858589307952942e-01
-1.480118870332650669e-04
5.103581112638529149e-02
-7.665602527977848080e-02
-3.731822948046541102e-04
3.738085934894178758e-02
-5.049562523184113888e-02
-1.196832712007106087e-01
3.671519761492118318e-03
-1.514780125038416303e-01
7.192300689713697348e-02
-1.577223126129073671e-01
1.251647383843037253e-01
2.850620773086898763e-01
-1.873688611977881724e-01
1.223777525387671483e-01
-3.856251783014978951e-01
-3.033497185877039870e-01
-2.619955926944403934e-01
-8.778820101648765473e-02
-2.739842278599457503e-01
1.727461558472861425e-01
-1.072552010337472356e-01
-1.468409003365243048e-01
-2.031066138110453889e-01
4.806876248972851151e-01
6.179524338051252397e-02
4.559011980736216718e-01
-3.656701994526430632e-01
3.314409653197320504e-01
1.040301808611331785e-01
-1.199498023064318464e-01
2.822704488613153040e-01
1.164222336224949028e-01
1.473259582146523028e-01
3.626352522021393798e-01
-2.750835669263704264e-01
-6.077718521320423645e-03
7.488861964719452369e-02
3.994127340570756413e-02
-6.603720219772583888e-02
2.183588067517088990e-02
-2.348286815348301845e-02
4.241728671376111121e-02
2.572020208019778001e-03
-8.493204186419241186e-02
2.378267886112342966e-01
1.927224648632726578e-01
-3.000224286561548603e-01
3.892001502528792956e-01
-1.238135561572466098e-01
-1.311113525199968655e-01
3.636986294255708380e-02
1.715067478122704603e-01
3.751468031978743567e-01
3.574651330690132266e-03
-2.902530455376591337e-02
-1.308055627878354221e-01
9.496541803129958381e-02
1.364582670747420921e-02
-3.344475041955241590e-02
1.210129627736094282e-01
-4.536874536925272206e-01
-1.194527449403068320e-02
9.112941804691088166e-02
-5.058147791583843533e-01
5.344780844966666722e-01
1.633009261991786587e-01
-1.588067452114737821e-01
2.247472384054854389e-01
1.939529674110903601e-01
2.814989429449991573e-02
-3.209640517528124515e-01
6.641572672491888318e-02
-2.947963080856611517e-01
-7.475837679240299183e-02
1.086354367636279961e-01
-1.582182770118020221e-01
-6.128291309699628042e-02
9.814043354375440176e-02
-1.563634367853902751e-02
1.397242119596217858e-01
-1.434709500706697616e-01
-1.443472795432154676e-01
-2.160515988275781007e-01
1.548657864147151564e-03
3.701041713632120533e-01
1.085320858911278663e-01
7.943064448114524334e-02
1.436153987028514212e-01
-1.058247414142558518e-01
1.998477957891468537e-01
2.625805585882322411e-03
-2.805467853832837033e-01
1.634863565194510093e-01
-2.551464577943993728e-01
1.282608139252440771e-01
2.125902402014584469e-01
-2.147662892373974342e-01
1.244919869207692931e-01
2.034269295879682915e-01
1.808936669655270002e-01
1.092570608645198199e-01
8.424098151825257230e-02
1.290823363553847969e-01
1.468948454947735793e-01
2.433177431693368624e-04
3.837973013601285732e-01
-3.416966665051959784e-02
1.315983350114160273e-03
-3.778443813846467381e-02
3.093709936946687639e-02
-2.329146632762717217e-01
-5.676616034152602575e-02
2.443717396880666637e-02
-6.894664952659809720e-02
-9.765309736690551412e-02
-1.713436700302910787e-01
5.185673262430497976e-01
-2.980271523050423976e-01
-3.434813275004492961e-01
7.837574684648233869e-02
7.534388103643042955e-02
-2.278153845593652860e-01
-3.207026447100090882e-01
2.147658658121235076e-01
2.166657768580142474e-01
1.563259868503405203e-01
-1.144076858414735248e-02
1.845251260187867892e-01
3.523110508065349644e-01
6.519980967094826663e-02
1.338987761177753422e-01
-1.940999422466534174e-01
4.677107846546165598e-02
-5.811270067340604945e-02
-2.341291789492429276e-01
3.885877683534863514e-01
-7.191436434816529666e-02
-2.675338092115193689e-01
-5.205966046392692670e-01
2.976880622569286899e-02
1.869237612233308754e-01
2.790966312406562566e-01
8.629856901798958757e-02
3.814868483286188439e-01
-3.525088320307084300e-01
-1.139174884922897896e-01
-4.090744937049234364e-02
2.445100002971878003e-02
-2.310228385038058316e-02
-2.393742496435665446e-01
-3.819742719231226658e-01
-1.526934910989515004e-01
-3.830610845650118113e-01
-3.580709779877352394e-01
1.156882514172821175e-01
2.702362488549249209e-01
9.890326576260817515e-02
-3.199439736319344418e-01
1.988986458493252618e-02
-3.301833515602136115e-01
-9.379268648153114840e-02
-9.484958444308083658e-02
8.946964261909563787e-02
1.370082392607460398e-01
3.183142296626473300e-01
-4.401507267364492687e-02
2.512634908814863066e-01
4.385166202123243727e-03
-1.450877441901474163e-01
8.402375367558251318e-02
-1.950521896993054061e-01
-4.524937709854021661e-01
2.394012916298685414e-02
-2.032906532333133426e-02
-7.278026946764303007e-02
-2.988593613198795018e-01
-2.280387151272764978e-01
1.466222704062149496e-01
-2.269060271534861437e-02
-4.187297848425951541e-01
1.419844575484084381e-01
