1.750199737596526417e-02
-1.125655907565369096e-01
3.812428330043197144e-01
-1.014821985661918530e-01
9.204084523930738601e-03
3.174374170118622607e-02
6.990591632094075858e-02
-1.917865046935075535e-01
7.547176955580238433e-02
1.951910521358780903e-01
-1.674644495651404219e-01
1.239054699195679260e-01
-5.805063098984920844e-02
-2.208056963342351076e-01
-1.239684360223390625e-01
-8.333913326965390611e-02
2.347987323476150301e-01
-3.957726966339648045e-01
-3.178684771378343377e-01
-2.596461073156970389e-01
9.135264388062751262e-02
2.109517802540652673e-02
-4.177969476431744322e-01
-2.577923541220835182e-02
-2.156648280204848667e-01
-2.945920102699609022e-02
4.299053710172810044e-02
2.246875465487334356e-01
1.038894238614334331e-01
2.721866958451721885e-01
-6.731878883841570238e-02
-1.033596309712079830e-01
-3.133211831788829116e-01
-1.275727236988619395e-01
-1.856521928595126214e-01
1.022416770832651062e-01
1.285411544958319635e-02
-2.642558858461463434e-01
1.803045616379124749e-01
-7.188192797612864837e-02
1.952449756388459010e-02
-1.660810612546350373e-01
2.701873133991903875e-01
-3.979145567413196194e-02
1.450584331760130519e-01
1.823929769524472722e-01
8.209645258395288636e-02
1.418243223210823856e-01
-2.265615376951305160e-01
-6.251277070710264949e-02
9.423708046269083094e-02
-2.991097659044417156e-02
1.303569252353786040e-02
4.275019061047686253e-01
-5.597981652250762913e-02
-1.230010294729903635e-02
-1.207152917788403002e-01
-1.961986552447116117e-01
-1.060533814659483653e-01
5.134280998147105340e-02
-2.362039007329013937e-03
7.889211485463641649e-02
-2.237167986138812181e-01
7.961041600719336031e-02
-2.781660048175039202e-01
1.210718012466184129e-01
2.126831639478641289e-01
-8.153909030834101401e-02
1.455357359481408430e-01
1.674448172447860206e-01
1.208891223025718720e-01
4.526387926353057228e-02
2.632740789269141096e-02
-1.105340798644367101e-02
3.868771624128741066e-02
-1.408643141232469032e-01
-8.803336808046802187e-02
-1.268093330954859210e-01
4.138024640419743949e-04
6.193881346095272966e-02
-2.561113268843696056e-01
1.776011191299504272e-02
-5.842620974454436171e-03
5.983630863605882144e-02
-1.013501992052870809e-01
2.292494222528187464e-01
-2.038729341080434687e-01
7.676143100902427241e-02
-2.676073701538692617e-01
-2.880729880352387307e-01
4.999936704192738390e-01
-3.447011215651891308e-02
-2.757661901727122278e-02
-1.326576378800078115e-01
9.389696327497311368e-02
-1.204234447075221148e-01
-9.714286087053225494e-02
-1.001730556526058136e-01
1.417597147911026090e-01
1.924939960308180431e-01
3.014146666551906217e-01
-2.807442990913902037e-01
6.747991823016968871e-02
-1.394627519490130585e-01
-4.987993762297668159e-03
3.941688207562967644e-02
-8.248474840277876530e-02
1.217474665780918508e-01
-3.503289229738686117e-02
-1.347146051822718793e-01
9.314844092500590422e-02
2.975636997010427942e-02
-6.503049764142918021e-02
1.722360112856688996e-01
-1.829629306269736910e-01
-2.275874869347884466e-01
-1.381781175946470916e-02
-3.835852626937324289e-02
-9.808537491815673415e-02
-7.572700830656625692e-02
2.331729206595317683e-01
-6.019805615782963110e-02
-1.885394428171061898e-01
9.980371244060216862e-02
2.028600273751769434e-01
-5.857228108852823023e-02
-4.765098451177367245e-02
-3.031322331020804284e-01
-3.482376035188570751e-01
-2.738037941640748818e-02
-1.243112050220659542e-01
9.903534134022060065e-02
1.606391743222241597e-01
2.219318157120449969e-03
-6.868448797574115694e-02
2.258304287135990684e-01
-7.049637254417734367e-02
-3.561112660298512700e-01
4.145551395062950506e-02
1.859800290799115902e-03
-2.085116262392820441e-01
-6.385306758047293307e-02
-7.850950516158460013e-02
-5.765663846500098527e-02
-1.480610037061760309e-01
1.987759466780235351e-01
-1.768615359653768482e-01
4.744663861487749545e-02
-2.805429540487963669e-01
-1.375475392751356885e-01
-8.611174236823961048e-02
1.872710001216553177e-01
-6.214883781614361641e-02
7.545515317817332035e-02
9.928749091072473776e-02
1.623180018226129950e-01
7.090471517242329103e-02
1.637614652379033864e-01
1.812249865761276224e-01
2.629694434998484584e-02
4.104898940153627745e-02
1.584617021698617872e-02
2.481232474886242712e-01
2.317563728313319915e-01
6.164721627914234586e-02
-1.596647017797825641e-01
-2.809847484245000040e-02
2.857830035805708491e-01
-9.169891351365766496e-02
-2.497719529444029640e-01
-8.948299464460165997e-02
1.054876370895599103e-01
1.043649343463622925e-01
1.103598568557340454e-01
-3.086375997791281911e-01
3.098593221768142225e-01
1.948152044002173511e-01
-3.430615701294875697e-01
-1.503137183745144323e-01
9.875244171877896326e-02
3.297206461599547223e-02
6.333874491150877362e-02
4.176637838781448453e-01
-8.758068882921633824e-02
1.431199487408592597e-01
3.001220302629027392e-01
4.939374737282162253e-02
1.581488918285301470e-01
-3.680495442026978509e-02
-4.960119315353770514e-02
7.036243758029488149e-02
1.835946707884555940e-01
2.123371536944562363e-02
8.105617148865419674e-02
-3.692800633135674693e-02
-5.722021584553965701e-02
-1.048478897848309777e-01
-2.231788843392003563e-01
-1.744072705279302027e-01
1.624902275379177807e-01
-1.818549270294670117e-01
9.228450651717792774e-02
9.204461000685530692e-02
3.106333688133399839e-03
-1.118274333093541156e-01
-5.829497159937990086e-02
1.977626985703284934e-01
1.005165850243868869e-01
1.721781033023298269e-01
-3.136446322817814103e-01
-9.352978730768327087e-02
1.598164065753522878e-01
-6.919641942572009319e-02
-1.356704299971764061e-01
1.729596588885239442e-02
1.228614774856977244e-03
1.730413472930654450e-01
-1.444097459656484284e-01
-9.953982041576014961e-02
2.715900657695174969e-01
1.368168051278659536e-01
-6.706757203030022652e-02
-1.425351710991852872e-01
1.034569315760612424e-01
8.883202278899551829e-02
1.316736875741515884e-02
-2.401620396402441016e-01
1.515009736578704080e-01
2.580800569721885054e-02
1.090721201786764710e-01
-4.729686125903018734e-01
-3.345764017452183547e-01
1.324561936846285759e-01
-2.719355491152717907e-01
-1.686033572329382335e-01
-4.988111162840074692e-03
1.505636458337659134e-01
-1.999690345622516796e-01
-9.082766237964566558e-02
1.761941459144299171e-01
-1.089478156607605747e-01
-1.755479414083565559e-01
-9.254393947765676698e-02
2.426588859089968686e-01
-1.403642167362091353e-01
3.016187518357950070e-01
5.747998689823043822e-02
-5.655520946938113330e-02
1.437280240590754210e-01
3.351201376706901547e-01
1.396854773128989591e-01
3.478430271506455229e-01
7.353120632517470834e-02
2.040727474564916488e-01
-1.500857442531050023e-01
-1.217447889740995159e-01
4.629237045886676338e-02
6.982019318894556736e-01
1.000000000000000000e+00
1.383106753696737752e-02
2.209481671716826967e-01
-5.914918735850779874e-02
1.846339079283357623e-02
8.527735698848651347e-02
1.333711017280700961e-01
-2.721635598554483781e-01
-9.068725196666178878e-02
2.667827842045767950e-01
5.068888155780908872e-02
5.052780703257928052e-02
3.796015205605260401e-02
1.190724263448627307e-01
1.394050679399307102e-01
2.341771922428092512e-01
-1.910629656102551532e-01
3.841843331333201217e-01
1.867239477590358077e-01
-3.939611138966939152e-02
1.696442446809521554e-01
6.538297446304276728e-02
-9.488919835139689174e-02
-9.531038542739918296e-02
4.844960260153398368e-02
-3.827377593650729826e-02
-4.797231065620490703e-02
9.079824571726828608e-02
3.188189357947023295e-01
-4.982703677226838629e-02
-2.380573676939189420e-01
1.008895019839602947e-01
-2.597323925020426083e-01
-1.373962200173731441e-01
-1.109233457847045440e-01
3.276072198408630509e-01
-1.553195835481174791e-02
-3.463512602827756304e-01
-2.445403327124499038e-01
8.462472861721936912e-02
-3.073467709967533587e-02
-2.635151939874821325e-01
-1.719826532713438771e-01
-1.270023769423315463e-01
2.951100827222757211e-02
-5.237270038201684297e-02
1.141747235329875626e-01
6.735891604000093791e-02
-5.927991574160281635e-02
-1.305147742117631904e-01
-9.916281910277333078e-02
-1.559496077081427567e-01
6.946207466320533652e-02
1.307979128959285975e-01
-3.112952160515167904e-02
-2.096568661636850628e-01
7.704679180441298403e-02
6.652062624140973879e-02
-1.298677801358267547e-01
-8.725216335915815524e-02
1.201250488263002764e-01
-6.419571163546060333e-02
-4.850568496147948661e-02
-3.065328836698096859e-01
-2.300474599050854885e-01
2.581173097242067116e-01
-2.271773185598810474e-01
-1.840257122846958859e-01
1.764316771210036605e-01
6.439855917439113453e-02
-1.490548069722593960e-01
-2.189260451005828889e-01
9.953804614188023481e-03
-3.666494791610330067e-02
-4.860640441955982882e-01
1.306042077065462936e-01
6.108766851105969231e-02
-1.687843171273495924e-01
-9.567337824610798458e-03
2.378908537730741735e-01
-1.483950753800602519e-02
8.152482086343594558e-02
3.345745507878090941e-03
1.069640616057890639e-02
9.242349193301307997e-02
-3.280794646168559980e-01
-6.851421611115637855e-02
1.386344123175901888e-01
9.705238463379103897e-02
-2.930804610654765274e-01
1.481931096408391768e-01
1.446789465805775653e-03
-5.874510889493865518e-02
-2.315253098873100088e-02
-2.282350023200699907e-01
8.708103623137272709e-02
-6.005151167052882183e-02
-1.317198910586482585e-01
-2.251904315193623274e-01
4.822965115897831501e-01
4.195406139576467186e-02
7.641160271683264393e-02
-8.187425607363825464e-02
6.229560627770117098e-02
-9.258514275739473942e-02
1.481426355497004500e-02
2.345428808021853551e-01
-2.436712413900515850e-02
8.146372467030493780e-02
1.376051940863797507e-01
1.846427242259164880e-01
2.079627190554600991e-01
-6.680626928344915449e-02
-1.398934444029748259e-01
5.447814024459300686e-02
2.470210548383776905e-01
1.703001862067504701e-01
-3.158999472893914834e-02
1.090801714849168463e-01
-1.877251886687534080e-02
-2.947080725849555161e-01
-1.001157863791542479e-01
6.318417175061673274e-02
-6.253545459777074163e-03
-2.430303369910447875e-01
3.990563009031889569e-02
-2.853094286986049832e-01
2.576681493539859646e-01
7.672910925146068928e-03
-6.154410472704367058e-02
-8.595082186231939314e-02
2.343489847402882575e-02
2.020736149000176007e-01
3.054767465689214312e-01
-3.128573303393304000e-02
-1.868364689421930236e-01
1.591807327971940522e-01
9.546549170347209956e-02
-4.886208054576977010e-03
-2.162744381921806458e-01
-1.337670147674583365e-01
7.478464499566415957e-02
3.308265507683569306e-01
-3.480864016616222467e-01
-3.444138919382110087e-02
-1.214248802826202039e-01
1.006920431124476017e-01
4.428360003546785023e-02
-5.159101097012906006e-02
6.034854168273572073e-02
2.910007624269344076e-02
-2.109635920663320841e-01
-1.160574703888500869e-01
1.359408675493642416e-01
2.522313937785415350e-01
2.345639563674454808e-01
3.738733013944241235e-02
1.486411315221421725e-01
-9.270733514365676886e-02
-4.364407998759755464e-02
-1.446815310158263146e-01
7.450321453434990970e-02
-1.597512734744031271e-01
2.758628787032738616e-01
1.678734759340461125e-02
-1.234876876067000639e-01
-1.252724950245392432e-01
-1.491668692568071664e-01
-1.537498571449197604e-01
3.273603448198655896e-01
-3.143669167800461003e-03
-8.408939619961518230e-02
-9.660975798509498225e-02
-4.671098978720765460e-02
1.051034082442280256e-02
1.107132998991694622e-01
-1.031340654487178897e-02
1.677427917140619090e-02
-6.780514137249540885e-02
-2.486635445702119543e-02
-3.606672058419372329e-01
-1.236292806715657139e-01
-1.633195807134751598e-01
-2.528411397217898982e-01
2.779742060332610620e-01
-6.544873130870967892e-02
3.297455069209195289e-01
-1.176357465405755004e-01
-1.328833490097731107e-01
1.017899166082400081e-01
7.029710301445553366e-02
-1.549795608938990543e-01
-3.716777035271397189e-02
-1.142827489097171523e-01
1.982114625759433812e-01
4.752404314700371668e-02
5.424412791907953085e-02
-3.651868496337123959e-01
-1.241684142168955479e-01
6.658524131558635206e-02
-3.849577754713554706e-02
1.265855574454010646e-01
-4.807950984428952662e-02
2.162859975526679190e-01
1.285379332086110105e-01
9.907872682982749035e-02
-2.836763810661129259e-01
1.104301137694381624e-01
-3.004329140053762504e-01
-1.684568127456374242e-01
3.646115350538350897e-02
-6.185693903763526957e-02
-9.604546452109161137e-02
-1.899574080982578961e-01
2.396333731309945383e-03
-1.734431811360447051e-01
1.534045138323423818e-01
-1.337001151713080871e-01
1.603261052105330597e-01
-2.442548103535254200e-01
-4.142562670707478772e-02
-1.468534623041551079e-01
5.413916908998988448e-02
-2.028475794152943823e-01
1.834003635079529682e-01
3.491280387781448558e-01
-1.957402458279897395e-01
3.455244306374023484e-03
-4.445618877918386391e-02
2.001328825616573437e-01
-1.749804879413380948e-02
4.960158712362833788e-01
1.697970856739872830e-02
1.306139338994432020e-01
1.941632899465880330e-02
-7.522077684522622543e-02
-2.488690405274089912e-01
4.048303613929937067e-02
1.986674474375147159e-01
-1.148327753436238080e-02
-6.943663151887338736e-02
-8.481034916418130065e-02
1.170966172568552593e-01
4.237782704621240876e-02
-1.522843778577837870e-01
-1.667201138806767013e-01
-1.803833944498040021e-01
9.138349734598938401e-02
-1.879571661274510863e-01
-1.939978159296918553e-02
-2.553489422809018805e-01
1.073154627069704548e-01
-2.582618284356391278e-02
1.076633005296749046e-01
