5.315565844529961809e-02
-4.876630106994355590e-02
-2.714098235679446303e-01
-2.791576238130243914e-01
3.289726811244330640e-01
-2.442341811111521932e-01
-8.170781312363196991e-02
1.647483596416886853e-01
2.652033682888094712e-01
3.732397089297216364e-01
-3.480879145225908994e-02
-6.170104769834765246e-02
1.494159245885954002e-01
3.891699450367575586e-01
2.996074679314597589e-01
1.415390555919363302e-01
-3.520192246387862101e-01
-1.732016998661923060e-02
3.072171402814605212e-02
-2.923521593516863470e-01
2.789139757461782040e-02
1.678615030373720174e-02
-1.605095393106762691e-01
1.763619810640440211e-01
1.125059531980613231e-01
1.581587620047140152e-01
-2.053382638963832940e-01
3.080763580570481386e-01
-9.994665885602235789e-02
9.572733128565723282e-02
9.777155396022826905e-02
2.034251902602257633e-01
-4.441742885223744497e-01
-1.874355360613372545e-01
2.605184251898093883e-01
-1.631769250885033440e-01
-1.722944617862105510e-01
-5.435779348292730379e-02
6.487216086637129231e-02
1.071547809128035877e-01
1.211188961590509983e-01
-3.101832695818922403e-01
-1.755995252284567598e-01
-1.439881077782606544e-01
-1.746200630834481293e-01
-2.198285625917331398e-01
8.884549946006077559e-02
3.851409665002444305e-01
-3.724198513041179770e-02
-1.742483104352146872e-01
1.177340794958993270e-01
1.949672771202132782e-01
2.976903144982356308e-01
1.547272283412053639e-01
7.113425382257818064e-02
-1.652384875380194795e-01
-2.148556271636749282e-01
3.689698193232505141e-01
-1.095404725299973375e-01
-1.497988082070493554e-01
5.859780377623244330e-02
1.318173550508935365e-01
1.934355571149836417e-01
-6.215505580141954950e-03
-1.698711684730379867e-01
1.488115259839422333e-01
4.709090052717417874e-01
2.416525225976613456e-01
5.679738868533802387e-01
-9.201055780809938578e-02
-4.397142038667433694e-01
2.685543140601650419e-02
-1.193123394286189909e-02
-1.738603918186952257e-01
5.495316428925801633e-01
-8.926661724947134238e-03
1.524911753660088409e-01
7.117260044550485776e-02
-1.713480277839691812e-01
1.331021492998816780e-01
-5.359056946644127906e-02
4.950197821045953378e-02
-1.760530306078280927e-01
-4.726750632834380017e-01
-5.583641754274962926e-02
2.480519404513827769e-02
-5.781940865580059707e-02
-4.366765954282564310e-01
-1.695851837320646871e-01
-2.455203758502645939e-01
2.998695144570504706e-02
-1.838711451536633734e-01
-1.004199811210588072e-01
-1.926232928821858259e-02
-1.009440436403556962e-01
5.607652546310398778e-01
2.239621623885871826e-01
-2.230760453897908946e-01
-2.242172563260366458e-01
2.407532912740932285e-01
7.489533117628992091e-03
-9.665585905796429678e-02
-5.304809862945596144e-02
-2.094791980930195419e-01
1.143511570790406023e-01
-2.378918259118932566e-02
3.611505309707798705e-01
3.276453145486356577e-01
2.728040638012407260e-01
-8.758397889567569317e-02
-2.111541452300534083e-01
1.905728034608964450e-01
-6.664541544888620550e-02
3.070560883341214020e-01
2.279991712772972967e-01
9.064244827530455739e-02
-1.035105560075275516e-01
2.981175663602446749e-02
3.488639613918594340e-01
-4.513677676641931341e-02
1.176762802460981500e-01
-8.676567459969587726e-02
-8.720609014156192884e-02
-2.043862766526411967e-01
-1.334538667105228393e-01
-6.319676869392135132e-02
-2.309298523733520001e-02
-1.154076769823787069e-01
4.889616296000100920e-02
-2.108385485023506201e-01
2.368032402549359594e-01
-1.607014748752412514e-01
-3.599129477320504034e-01
-5.820861442072358671e-02
2.934942848459833331e-01
1.855868419283778631e-02
1.213135759069920161e-01
1.558183779318824541e-02
-5.679904254120184959e-01
1.986778002622469064e-02
2.772223360692552610e-02
-1.279762161261739362e-01
1.898846364592155778e-01
1.356995850356726152e-01
1.632591309328860207e-01
4.078804939383762207e-01
-1.137032312003360829e-01
2.009339625709305743e-01
1.421937410838958749e-01
-1.062709062633860058e-01
2.487256979036734511e-02
-4.274973452155759503e-03
-2.211783445834650252e-01
-1.715628563649562455e-01
-6.676291627265765194e-02
-3.479674502718906326e-01
2.254288865731969294e-01
8.314111234165984243e-02
-5.932100902121726360e-01
8.404412408000887236e-02
2.270246714315573566e-01
1.185534604124511560e-01
1.625179894053946916e-01
1.140794602157414600e-01
3.453857107280174921e-01
4.461847462051302671e-01
3.113466274659796793e-02
2.277515412370793302e-01
1.071310864263179535e-01
-9.366673236870169672e-02
3.016829782334404242e-01
-1.661911559741218250e-02
-5.673729219561200049e-02
-2.692883016916193875e-02
-5.484679603790976882e-02
-8.933949687940716256e-02
1.082245187554222061e-02
9.490114922647473195e-03
2.066379032584312464e-02
2.867114471986316471e-02
3.931603814363949373e-02
-1.199437263663056530e-01
-2.812676518560838224e-01
-2.279443189145843041e-01
5.048723643611514184e-02
1.051102262908516216e-01
1.089064374513481481e-01
1.510361566844374837e-01
1.751936594852985807e-01
-3.802097952466111652e-02
1.067073294671079357e-02
4.110991082810257213e-02
1.644108493320250164e-01
-4.199970348523005687e-02
-1.830897546791000474e-01
-1.265682463923404888e-01
2.790130769677213740e-01
2.197568152357581017e-01
6.122970045627709051e-02
-1.683644381805262102e-01
-7.648461681372419052e-02
2.850644929524715626e-02
-8.088216660377427203e-02
-1.427568547638526641e-01
-6.806563316099423222e-02
-2.246623751722965634e-01
2.515909782773463332e-01
4.184209103593154039e-02
2.457472416279854188e-01
-5.706727398705230270e-02
2.845442189258317461e-02
-3.592964955212730738e-01
-4.128911298976226107e-02
2.706086078761782421e-01
4.863699423676684508e-01
-1.345727120918900795e-02
2.677838365862745817e-01
1.964547814692919891e-01
-2.911085127058971600e-01
-5.173037342381136411e-02
-3.667196162993670572e-01
1.128147337694170999e-01
4.228649031410838810e-01
-3.420104964414543564e-02
-5.226965478824779215e-02
-2.189068835408683189e-01
-3.521430215454516947e-03
-1.582132829275121333e-01
-1.395920637422268795e-01
1.191152866902950996e-01
-1.262276357184100861e-01
-1.352878346111225927e-01
-8.204095207628268882e-02
3.157296880700564690e-01
-7.719437352776623018e-02
2.501781838195458740e-01
-9.418712781498585207e-02
-1.049802025920064247e-01
-2.007861295745051178e-01
-4.966361391368522699e-02
3.123920323026592449e-02
-2.060382012758274484e-01
-2.822791950206894884e-01
-1.979297387098108707e-01
-4.528458578304428439e-02
2.078685246892022359e-02
-5.803434250070342582e-02
-3.648943588014547101e-01
-1.519553184891482001e-01
-2.731649786868270424e-02
-3.490652308664153325e-01
-2.322116099907623188e-01
2.111235763947929070e-02
1.569893880389063578e-01
5.449871178672833771e-01
1.000000000000000000e+00
4.644003669736939122e-01
4.646097798884344932e-01
1.137398128206385944e-01
4.872428712029486242e-02
1.659028222242037165e-01
-2.411072268006507480e-01
-1.905784636138450894e-02
1.844025240157724788e-02
1.341917132478639418e-01
-1.318756402327914690e-01
-1.694072447389843306e-01
1.905714110486246005e-01
3.229635770778181425e-01
-3.974983215501826095e-02
5.890222106842769867e-02
2.588064670452719929e-01
5.772088433445002886e-01
3.022413883552228508e-01
1.229602452790865171e-02
1.931641192464881307e-01
2.418048647800869755e-01
-1.554704991301114336e-01
1.414875381011221345e-01
9.321465145923135687e-02
-1.065192325097754772e-01
2.567085655608902783e-01
1.724466499839915901e-01
8.971374254028494089e-02
2.061086609759565924e-01
-1.977763293783223533e-02
4.832611195785710412e-02
-1.324417002923466424e-01
-1.350290980879031988e-01
-2.025611163407684545e-01
-1.420922122951011595e-03
3.181506646873789868e-02
-1.494792464162571395e-02
-1.039115402280662431e-01
-3.711638750119454766e-01
1.899112046265265252e-01
-1.565246388550361190e-01
-5.986827623416192123e-01
2.861151934297185284e-01
2.414545885024939886e-01
-3.737361202309339575e-02
2.484345155983027492e-02
1.932373882584750013e-01
-3.287825687531638341e-02
8.881722308877813832e-02
-1.203136900321619268e-01
-3.480730189091347793e-01
6.254128955601763462e-02
3.361437275527425772e-01
2.185048386017056921e-01
-1.323906119350004573e-01
-1.186622187759534819e-01
1.018581535301207042e-01
-8.009464002330689281e-02
9.949928125096962894e-02
1.919652224021856646e-01
1.895753214905234740e-01
5.601563535262435445e-02
1.536547206878068339e-01
-2.651223200954285208e-01
2.598872802013996730e-01
1.702899600915530956e-02
2.688112137717615924e-01
-2.078260431183259760e-01
2.125060467058157137e-03
6.160902201187730409e-02
-3.092909516007582016e-01
3.045285377656417047e-01
2.563002471943023886e-01
-1.352795614197556118e-01
-3.107085869382304466e-01
1.922578127717456675e-01
-1.823627472983238296e-01
3.570484112739769761e-02
-2.100840419868218178e-01
-4.363959065797323733e-02
2.066709567764357103e-01
2.220748880147722926e-01
2.344845116589411305e-01
-2.148599500536445550e-01
-1.165455527929689233e-01
-1.972397827257528213e-01
1.231311915449602862e-01
-2.039563281844775366e-01
7.275509301638086179e-02
2.147991228863491975e-01
-3.583161931628808111e-02
-2.920544952878752210e-03
9.661068794712890373e-02
-1.681705777043193337e-02
-9.945440220579034041e-02
-7.127051132085684970e-02
1.051570889442677986e-01
-1.622863718562604363e-01
-2.254670877967499820e-01
-5.660170692370437850e-02
2.019718552971632719e-01
6.028637325028406851e-03
3.279604740650654549e-01
-3.683761389630551553e-01
-1.246530682358152897e-01
1.463874699440736310e-02
-2.594495283182609580e-01
-2.747022101504250080e-01
-4.035068510623183308e-02
-1.925706413362956448e-01
-2.795847715529162780e-01
1.964774558800775894e-01
-3.999384756439424149e-01
-1.568973978769706758e-03
-1.755964087084614378e-01
6.618991838340182454e-02
-2.788634469110663483e-01
1.771369196410034763e-01
3.557497273631721191e-01
1.604372252459790038e-01
-1.141798320461086258e-01
2.129888575501112380e-01
1.383660640795441044e-01
1.531137959940286897e-01
1.952244026254531528e-01
1.792836671333764009e-01
-3.510321144538761096e-02
-3.477862003867356888e-01
-1.156198827995391226e-01
-3.378769792348793998e-03
1.891734954107303635e-01
-1.276441863574579172e-01
-7.624485531689173534e-02
-1.332522009196183688e-01
-2.644928913888429101e-01
1.147576377442075246e-01
-1.264378501031904745e-01
-3.700670092292525082e-01
1.915814484591665257e-01
2.599655115126077720e-01
-1.228479838044824884e-01
7.498573032535461869e-02
-2.679652487859744969e-01
2.375593558905255212e-02
3.533977324038053546e-03
9.387204882322849886e-02
-3.059707745772882181e-01
-6.967613503047309642e-02
9.188823200660418966e-02
2.845268137722557072e-02
1.278182717294707449e-01
6.198727502475791934e-02
2.509275724070468214e-02
-1.560318235739105441e-01
1.096452555990785199e-01
-8.733641373018262433e-02
1.413793367244699922e-02
1.416691280115341123e-01
-6.260718428649744705e-02
-2.184903891690005429e-01
1.941607978491160721e-02
1.151375340863824009e-01
8.704755480262672818e-02
-1.743754364734577955e-01
3.522969601682167662e-01
4.105704569409255322e-01
1.541740799027098707e-01
3.446465910464208138e-02
1.870397324919707005e-01
-9.266624911797293265e-03
-1.214074554505644166e-01
-2.801957757861086584e-01
-2.383017786402197857e-01
4.595274935105273656e-02
1.926220288239270384e-01
1.019701334237536200e-01
-5.851283759276889457e-02
-8.239804451024641818e-02
-1.109021301634082746e-01
-3.116680946222959991e-01
-1.904861796901864690e-02
9.763936035884816789e-02
-1.004508398670009434e-01
2.855400667865615194e-01
9.944620953907208627e-02
2.415157228779269694e-01
-2.149832227245769278e-01
-1.081573468557751189e-01
1.374069044985168353e-01
4.694811618553708099e-01
4.524637498028142302e-01
7.245980693048811871e-02
-2.517455894461941013e-02
-5.167182142296668917e-02
-2.821196562674451735e-01
9.502848668246619002e-02
-6.207155383936891618e-02
9.675334029235847788e-02
-3.752268126586912333e-01
-1.589239544533621873e-01
1.986911095950206763e-01
1.498766992392910613e-01
2.293333295239551317e-01
2.854343605740868872e-01
-2.582792497683695024e-02
-8.266325716460320994e-02
-1.971613085753510242e-01
1.681943591473166189e-01
-5.287555914694098969e-02
-2.153589824710564482e-01
-1.310859765668374033e-01
-1.012838854076327233e-01
-2.948698825077631924e-01
1.447955804880382003e-01
-4.241954939043496992e-02
-2.679108495365062903e-01
9.371786086150574180e-02
-3.073099438422111085e-01
2.448399535689099391e-02
7.955931678433972309e-02
-3.577968909968744921e-02
-1.984287549715416377e-01
3.560422671159357150e-02
-1.105315513218101953e-01
3.119393518707648180e-02
5.583562389680545718e-02
-2.120346850075959522e-01
-6.546096854304614410e-02
-2.348058158648609339e-01
-1.378214504827770907e-02
1.209226457823687900e-01
-1.374869252978830614e-01
-2.207613564554285757e-01
-4.601566513679145737e-02
6.977402091282502994e-02
-5.919226995827631121e-02
-1.115361407547909162e-01
-5.321167704428534512e-02
-2.487488534603263593e-02
8.318693876374234908e-02
-3.979863755881245524e-01
-6.510301809414689722e-02
-1.587173667524036380e-01
-1.044192911259942125e-01
1.572759960334976226e-01
2.980048809225853412e-02
-1.590073585916467747e-01
-1.171133614457578603e-01
1.000495638345154509e-01
-2.314338542778732744e-01
6.231326587363324176e-02
1.434618085838089245e-02
-5.538378658594794030e-02
4.916131881748531801e-02
-8.716969456182441234e-02
-3.404825718647694344e-01
