-7.549870026881617957e-02
-2.001587824218630310e-02
1.437014409910512269e-01
4.711803891048672588e-01
1.978056546543249458e-02
2.040228140331989404e-01
6.417746726995017525e-02
8.865770261558816867e-02
5.183770613455172815e-02
-1.747822334117565823e-01
-3.681383131187174196e-02
-3.794152479251627214e-02
3.462740862612296855e-01
6.757751834552076786e-02
2.741832511809974213e-02
2.968197473165861636e-03
8.509038909885466295e-02
1.824838405113917150e-01
1.709304327447699057e-01
-1.473912698948530164e-01
3.515169855084352563e-02
1.088368530639656634e-01
2.986592704168107293e-01
2.485566913223366536e-01
1.096760013969363401e-01
4.156356815895181356e-01
-2.641058360058403665e-01
-1.500683439218108151e-01
-1.068218228614137427e-01
4.358323200950164206e-02
-4.815237944787535418e-01
3.230224825743963635e-01
2.928363569628714691e-01
3.385464631783891565e-01
-4.918447707400511182e-01
-6.107333660429706268e-02
1.216254610228980626e-01
7.340025254362131379e-02
-1.159987739361798692e-01
1.474212231705597335e-02
-2.932764132225830489e-02
-2.777103993867115293e-03
-5.410850882862173750e-01
-8.604882445998203455e-02
1.148671465281338039e-01
3.530543169319769886e-02
4.095285746110588834e-03
2.664079542446718962e-01
9.218372186794791812e-02
-4.976888806260080234e-01
-5.518573525458805862e-02
-3.269441943749886725e-01
-1.969601827176031550e-01
-2.059758009569621351e-01
1.154332295156368093e-01
3.208709170144917466e-02
6.579093050436100876e-02
1.853037886291886843e-02
-5.957693027803037666e-02
-5.442693387543207084e-02
-1.467543874294582537e-02
-2.743095733825722665e-02
-5.700118666100200543e-02
-1.887285751118816801e-01
1.842056313616402541e-02
1.878293577126934621e-01
9.485149239446379055e-02
2.492710037982714955e-01
9.038481514335137967e-02
6.548204082835017148e-02
-2.926930898407778189e-02
-1.653673349541461002e-01
6.463674991369318390e-02
-1.028719166234241290e-02
-1.550354604802144272e-02
-1.966733076572402816e-01
3.954168315890005392e-02
2.576879093584317215e-01
-5.988432912256895502e-02
-1.754500053208941646e-01
-7.304775878874567030e-02
1.238982782897493362e-01
-3.156733684302069909e-01
-3.440890328654498675e-02
2.475976055785527041e-01
1.260287956739245818e-01
-1.684955648197128120e-01
8.444973529262440881e-03
-2.062808650012968453e-02
2.314443786428098115e-01
1.942310989894197870e-01
2.191391897676385134e-02
-4.441715630522032748e-02
-9.119537952773824896e-02
4.615712628338027035e-02
4.994941099875595536e-01
2.578845208219720381e-02
9.593405804412320770e-02
2.169987041700316976e-01
1.938619939120145297e-01
-1.291271637353657575e-01
6.113305941313203207e-02
1.231458661882743472e-01
7.943228353524256491e-02
8.657837754845187916e-02
9.149834039740940839e-02
2.556757267379146659e-01
-4.224258742331153393e-01
-7.401387273797456479e-02
3.467348411460332430e-02
1.882841678620749970e-01
1.068525028491557893e-01
2.415194307261899279e-02
1.185902870528851441e-03
-2.823636309832791014e-01
-2.137466350874683285e-01
-2.514199818481399062e-01
-2.455056804124770842e-01
6.800058442696514660e-02
1.068838884054016253e-01
-1.866016108782451444e-01
4.026362904797962938e-02
2.178497454345919015e-01
4.131261841398877199e-01
3.835721561170320204e-02
1.840280315399470679e-01
3.688097455790710633e-02
-2.666517967137779777e-01
1.180832449449494975e-01
-3.273876493603107285e-01
1.810535010966565495e-01
-2.223138324551267864e-01
-2.025900973638168068e-01
-1.380543419358401247e-01
1.218318435936716626e-01
-1.700285799400612363e-01
3.332776279646805229e-01
-3.888716883099516686e-01
2.711764148707315192e-01
3.055332521484808161e-01
1.715277894728221564e-01
1.896381332441637174e-02
3.416491589978471466e-01
-7.370960109211363576e-02
1.751869169231264345e-01
1.145176352356049587e-01
-1.158718864155402900e-01
1.539947871670818147e-01
-2.958244833457105427e-01
-4.584458149719453784e-02
-2.335814300409969069e-01
-3.733291406063845436e-02
-6.842433301228424691e-02
2.304760950330628569e-02
-1.721690397524423544e-01
2.936565397832807678e-01
2.624645687039849420e-02
-7.596985277953345606e-02
1.481127231913593190e-01
-3.278248224093342766e-02
-1.701197212257762603e-01
1.130146940958688534e-01
-4.877956328518454621e-01
4.134111699557774938e-02
-2.031323944881407439e-01
-2.721274067300294419e-01
-1.422769629424860127e-01
3.415505972749178776e-01
1.538656917916012001e-01
-1.502681348944355788e-01
1.285104837824631585e-01
-1.176474669488829783e-01
1.281695696224563474e-01
3.108820252476373128e-02
-2.325300369716528093e-01
6.924451663210966224e-02
3.535365201591867401e-01
2.408722349116210470e-01
1.008265363436021966e-01
1.684566140899080577e-01
2.937557235972382969e-02
9.771059164139429820e-02
-1.053494597497835056e-01
-1.202420642627898828e-01
-1.423992768085301786e-01
1.772956326675842464e-01
-5.113341956422922177e-03
-8.724994850469292018e-02
6.040954459697536749e-02
-2.180868676065102554e-02
1.700246690772611313e-01
5.963845805446058024e-02
-1.205369649680529537e-01
5.101633596338570054e-02
-8.580147241646182699e-02
2.484968574972349908e-01
-1.743342828674578071e-01
-2.797636418311464368e-01
-2.611084496986839643e-01
-1.569698208584082988e-01
7.108268902209148588e-02
1.212079553800554516e-01
1.179382163233137597e-02
4.875523237227138984e-02
-1.481544026600961107e-02
1.868804673210449491e-02
1.139666735386030277e-01
-1.801300977757391494e-02
-9.397669195949302778e-03
3.259024197416670598e-01
-2.332495726854373341e-01
7.306373901034748236e-03
2.849941883074433302e-01
-2.842941213542699574e-01
4.488410688160215933e-02
1.189402832554214140e-01
7.255109716339639987e-04
8.180884138731832345e-02
-6.396543471007734571e-02
2.044839353646289715e-01
-2.565921384021331297e-01
2.930267956320134135e-02
-1.345700428996875475e-01
1.730072926056077653e-01
-4.692683301070332824e-02
-1.897383304881098201e-02
-2.889588076750271850e-01
-1.211528275367551311e-01
-2.060275754170718121e-01
-5.373030905653067291e-02
-2.630161072704241265e-01
-2.290538691681898512e-02
1.906179068982544189e-01
1.453905550535082025e-01
2.019716017878562531e-01
-2.426978852982821511e-01
3.901320541806330700e-01
6.871602922268094105e-02
1.360641303548464909e-01
3.615120667731693271e-01
-2.277297985575918449e-01
3.022707329620924130e-02
-3.173163110930068975e-01
1.932619252816553668e-01
-2.174442206749902795e-01
1.065545423853571927e-01
4.311001717971790770e-02
-3.709727569285522358e-02
7.917376799265417320e-02
8.665378168051714181e-02
7.290392449848662193e-02
2.663623560863126460e-01
2.697833906179841756e-01
5.992361750307961810e-01
4.701578826653787790e-01
7.928432283388094914e-01
6.601882852361524723e-01
1.000000000000000000e+00
6.080601397581134604e-01
3.536951854678276330e-01
1.850140196901388367e-01
-3.244210434017003042e-01
1.798720826525186944e-01
3.758237811443222443e-01
1.320106885726553825e-01
3.367481847260938577e-01
5.952828381601443786e-02
-9.798512395427520782e-02
1.873114596408731111e-02
6.642992935300177926e-02
-3.175774835068850277e-01
-6.805764876565055521e-02
7.448174265820682594e-02
-1.794602467108685484e-01
-1.814858130944197179e-01
-1.330375655468691576e-01
-1.931948370666233816e-01
-3.161586891675107758e-01
1.011520718616367165e-01
2.628065095493214431e-01
-1.742273476433859325e-01
1.778215616597765341e-03
1.865473152265599011e-01
-2.863031013543701486e-02
-2.642957626458778964e-01
-3.373514498697222780e-02
4.070761406996197262e-01
3.774094456930900954e-01
-1.295620322436146499e-01
8.298176385916805620e-02
-2.839883251568864342e-01
8.318996205301343316e-02
-2.220049871546704578e-01
3.749533563970196270e-02
2.323710707354299521e-01
-2.637194151123107774e-02
1.447138718757118026e-01
2.404451453522638560e-01
-6.796285316916289565e-02
2.088967500980843522e-02
2.585961737060205601e-01
3.345223002578229243e-01
1.511709301076099576e-01
1.559647455239257796e-01
2.999288608928993294e-01
-1.393608092129167142e-01
-4.452903817048082247e-01
5.176748094347104479e-01
2.342588434507583972e-01
1.982625155005002249e-01
6.059135684103136160e-02
3.135542744496632728e-01
-4.109844226079334972e-01
2.438396927739259201e-01
-3.523996448498296630e-01
1.823840577176139566e-01
-1.286878777637311400e-01
-1.536203338275753949e-01
3.256733392519408632e-01
-8.426850167164026684e-02
1.622534764350498371e-01
-8.267957771765177197e-03
-1.103135973657839164e-01
-5.611451097721387865e-02
-1.266826559085031112e-01
-1.314760453729716672e-01
1.112986119405518087e-01
-5.128295444706303108e-02
6.135207500349303122e-02
-1.292628853491936680e-02
-1.281061019981051818e-01
-2.967130634036517778e-01
5.506716432963816750e-03
8.276110124612515162e-02
2.439777331381571546e-01
-5.342575699458326083e-02
4.569665628886673825e-02
-3.166118869344641817e-02
1.941874513344442332e-01
2.181334152006446647e-01
-1.236146077242666758e-01
5.509941511889301924e-02
6.102855742898428276e-02
1.449687561721428319e-01
1.774333819602663120e-01
-6.212780008763939266e-02
-2.994122951613927951e-03
-9.459920738521314376e-02
-4.436263446903589147e-02
5.539051597763651469e-02
-5.930696906662509538e-02
6.753077721193172234e-02
2.533090562830414005e-01
1.496309205018945543e-01
-1.138908533107233084e-01
3.393719260213137745e-01
1.109859224180213960e-01
-1.257109708652097424e-01
2.494220250383187287e-01
1.406608897654458845e-01
-1.798201601035284702e-01
-3.597477172996860900e-02
3.119177991601630451e-01
-5.011769910842218956e-02
1.854517136700811197e-01
-1.745283234901793545e-01
-5.399030185051629793e-01
-2.049665309910571886e-01
-3.112343993599525627e-01
-9.073983021050698386e-03
6.956802355115571102e-02
-1.500915458882154663e-01
-4.472112447039334332e-02
-1.841657676240604780e-01
3.526288734284364068e-01
-5.251344316655621736e-01
-1.623713045981362291e-01
8.815028916701775352e-02
2.162628251747771013e-02
1.210900359127817655e-01
-1.679357806051057500e-01
7.491308108054609005e-02
-2.325525219146748757e-01
-9.084421945882380223e-02
-4.736766484479978251e-02
-6.117241395027540884e-03
1.458980483513732940e-01
1.076088053019353813e-01
1.803441438516237005e-01
-1.580275801408181080e-01
-3.092269812254943434e-02
-7.971928026733483830e-02
4.881774613329187273e-02
2.662590307974589399e-01
2.147688299439259318e-01
3.895058166175865456e-03
4.574653703029982199e-02
-2.514491808604563117e-01
4.742398179254666418e-02
-2.294323176940221976e-01
-9.032116826314767755e-02
-2.717803269237210606e-01
-2.270571841533970681e-02
-3.919316203445028512e-01
-3.100394622724686466e-01
4.507319402709777934e-02
7.621698199110416017e-02
1.875237531803012614e-01
-3.254805402115632518e-01
-1.772719347560566261e-01
-6.092668669839122059e-02
6.816687249328808040e-02
7.047484144282679941e-02
5.731739724699243775e-03
-2.511480479889114867e-02
2.674064635987544181e-01
-2.629616528743956572e-01
1.702807868536932168e-01
-8.116793561140465962e-02
3.991897182613266676e-02
1.662001853136368945e-01
1.975806986694771811e-02
-4.299635467776922321e-02
-1.932494698849488921e-02
-2.962669955225962371e-03
-3.236366511917562194e-01
2.078226955037174584e-01
-1.461764692618689465e-01
4.963208893254085485e-03
3.018847965589313564e-01
-1.330564973393663364e-01
-3.986708344464077181e-01
-4.377243825289101609e-01
-1.508278055396561623e-01
1.050661847686059636e-01
-1.030656006214954352e-02
-4.826188343694762239e-02
-2.640106242794264604e-02
1.774459812597757591e-01
1.266458810671651225e-01
1.348605180392219161e-01
-2.144637712814067010e-01
-3.379075301369326850e-02
1.266986760313591476e-01
8.954475987568286111e-02
3.051539481248987176e-02
1.878288767298566808e-01
-1.516336515330891088e-01
-3.539145570167601118e-01
2.173554353329968103e-01
1.630899909613460486e-01
7.054993143874144224e-02
3.242548927687952109e-01
-8.342486101951322687e-04
-1.257645165728643322e-01
-1.916577860591957838e-01
-1.772693453249090112e-01
-7.660198943581843743e-03
-3.936117663536077282e-01
2.470838365723792840e-01
1.114904003328916482e-01
-3.551881035306194145e-01
-6.157603086248366470e-02
-2.054080009193758743e-02
1.066382862984871088e-01
8.891107476963536205e-02
-1.067097966926277425e-02
2.798467706805437549e-01
8.848132833897463800e-02
-2.137231846713652794e-01
-2.606753498507207584e-02
-2.021988197258364206e-01
-1.169748853446180292e-01
9.840599622296128043e-03
-1.203210765763834122e-01
1.171405476917456584e-01
1.004076747496130406e-01
8.385289230060784249e-02
2.191193734061674427e-03
-8.255740671361329330e-02
2.939780518234024753e-01
-2.403080554988412387e-01
7.851124238598158889e-02
9.433182750262636418e-02
5.302988694420184002e-02
-9.938568045993338707e-02
-1.106571116124010490e-01
1.249568237893875777e-01
-4.294460888206030336e-01
3.075074256482288604e-01
-3.191482841166091711e-01
-1.612931102826181962e-01
1.563438233756139989e-03
2.311965012408983278e-01
-1.237153773020507885e-01
-9.979167474747920041e-02
2.621032611658831168e-01
1.926036591934413844e-01
-9.451510496040575748e-02
1.248629138166723607e-01
9.094430828640925890e-02
3.296674068809555269e-01
9.449912366386725715e-02
4.661525529643074234e-02
2.808663654845720142e-02
3.006810626057030214e-02
2.525701291048345065e-01
1.107954686659026883e-01
-6.616690504286795727e-02
1.936747578633584987e-01
-4.929240486588741532e-02
3.311907262691065612e-01
