-2.606945854870640900e-01
3.108047227774506927e-01
2.046415922405545040e-01
-5.217741443260304895e-03
5.403561110799579015e-02
-6.959230201890802547e-01
-4.243880202886936015e-01
-4.168550016875340325e-01
-3.517243384601306255e-01
1.653629979214432943e-01
-2.145635603420838478e-01
1.669538097763582085e-01
-1.851042568066534749e-02
6.683374929843788337e-01
4.834408820416389446e-02
-2.581246044490176916e-01
-3.468133799426010438e-02
1.327315666811945127e-01
-1.112624729724216222e+00
-5.967998082607873372e-02
-2.328103817047525170e-01
3.017270526979355313e-02
-2.070459355035968174e-01
-3.062755430108876076e-01
4.607423004134618694e-01
4.727727393580763438e-01
1.235955891248590455e-01
-5.589358083861557525e-01
-5.909766816710548820e-01
-1.931731984906247257e-01
-2.805970775962947639e-01
-1.354668464408104733e-01
3.185884623994731935e-01
-2.011499472238517661e-01
1.640813098325386854e-01
-7.761771560118733981e-02
-5.748519878239279901e-01
-1.665715595251482106e-01
3.774832632341946770e-01
6.997539391073773207e-02
-4.274633065094341489e-01
-9.362881344185393362e-02
1.102404531088334305e-01
9.191330473494468967e-02
-2.767697026698023310e-01
5.457758066236477468e-02
2.183789205165346525e-01
3.914136006213793095e-01
-2.110330505459582784e-01
-6.353034919689073412e-01
-4.178056789228059009e-01
-2.187745463779587896e-01
-4.679692723841625823e-01
-4.902998062911109733e-01
-9.115378961188304041e-01
1.904355487965594396e-01
-1.172426773580901721e-01
3.137974235880311435e-01
-3.374564597160399360e-01
3.235823990233455683e-01
2.152387010472466000e-01
2.806760065707651353e-01
-1.521463477780563012e-01
6.325607624440697518e-02
3.162903242773324464e-01
8.140762316847444113e-01
3.664498687052794024e-01
3.952945268886428054e-01
-2.128079710742916686e-01
-1.844743833845380598e-01
-6.355185794156484325e-02
8.994289362547984445e-02
1.366579834009549466e-01
-4.260103476829244507e-01
-2.132995615933371558e-01
-6.070590945496461277e-01
-1.607890928948678133e-01
8.146156772352954045e-02
2.331846082461386527e-01
-1.565885748602617034e-01
7.796195698825840459e-02
1.725132449626053111e-01
-2.036995343808897518e-01
1.684822813881936276e-01
2.260661369937615184e-01
-6.616072457174408672e-02
2.655954151552854525e-01
5.871812520601439322e-01
2.956698891856793243e-01
3.260811712035992932e-02
2.423717300303138977e-01
2.898704612292753446e-01
-1.472959923149276262e-01
-5.164041388466190062e-03
-5.115713914807731161e-02
-1.614429049997727628e-01
2.904829434505706853e-01
1.107938045709788710e-01
2.440842359585403964e-01
4.388053406742127849e-01
5.868827450092986009e-01
-9.754738214368710927e-03
-2.181319674668389663e-01
1.875760726809631296e-01
-3.481247720251156030e-01
-6.725661103691245035e-01
-9.425252885693445604e-02
-2.276897880677146435e-01
-1.091352225783196184e-01
-3.233386554575476968e-01
1.387574958149985493e-01
2.124911790176321480e-01
1.896495746171057428e-01
-6.395739331698836738e-02
-3.178539678641417732e-01
5.239845958200312070e-01
-1.341005964148662410e-01
-1.687820005832519066e-01
2.536550803876392868e-01
-1.913477873914267990e-01
3.624855174783757072e-01
-2.987342404504669813e-01
-2.797532427931595511e-01
-7.629283263730290976e-02
-4.409724545090537573e-01
-5.154832858103188808e-01
5.441735222368100366e-01
-2.164153753266890023e-01
-1.298197513690400873e-01
7.441310749949205938e-01
-4.320262765799932625e-01
1.093880254964715339e-02
2.026956984025352348e-01
3.172809497251408706e-01
4.112019174241066111e-01
-1.978205074272682829e-01
1.111248526030618883e-01
1.279252828210712956e-01
-6.936854316756444483e-01
1.513558404349507891e-01
5.261441157212504161e-01
7.424179627884920640e-02
2.020637733851575468e-01
-2.013890632660147451e-01
5.099782880834686366e-02
1.239821752249790389e-02
2.799127962068008735e-01
-7.974129914473428171e-02
-1.157828432213293957e-02
-5.101478074399725532e-03
-3.480846277195924487e-02
2.459769130622532496e-01
-2.818364103596045500e-01
-3.520201781485757242e-01
1.336874299273072275e-01
-9.915304028439964057e-02
1.637619039576693469e-01
2.262009292521967585e-01
-1.856675348598937347e-01
6.440250431027920441e-02
1.544519768791551700e-02
3.608298839103591393e-01
3.665400844177570949e-01
-5.967223352156690863e-01
-4.871523397265618144e-02
-4.760350626739541791e-01
-2.778727499681897251e-01
6.521595452244317581e-01
-7.520885676343882498e-01
1.184210507394803935e-01
2.706892331219378223e-01
4.452400890243972675e-01
1.561477931528369445e-01
-3.708648531624152422e-01
4.652966560520442607e-02
2.944872800685564562e-01
-1.377047540048203511e-01
4.224641344641524160e-02
2.906404137454533104e-02
-1.619538267793912134e-01
-3.333117256647728094e-02
7.701219365943073880e-02
2.042719932228032609e-01
1.848545611292496393e-01
-3.013235527490862875e-01
-2.909966821163986195e-01
2.943072833634969437e-02
2.668091835826364999e-01
-4.117358640784696266e-01
-1.103202759868557592e-01
3.287777030747108808e-01
-2.146914131337538389e-01
-6.048116287569992033e-02
3.091964074748193569e-01
1.381273242535769885e-01
-1.967739235256940611e-01
-8.384113346562561964e-02
6.133474448528141165e-01
-3.741737875424492321e-01
2.461838599080933832e-01
7.417551285100322245e-01
-2.209791849467283853e-01
7.961869035519238136e-02
2.279516299370672461e-01
4.824509467182180322e-01
-4.866036051757591796e-01
-4.098034990116574128e-01
4.953055917774438210e-01
-1.338700462040564310e-01
-7.207837686802945343e-02
-1.811205378520183706e-01
2.164140929591658324e-02
2.845393178548663027e-01
-3.318765934702707088e-01
-2.519589572953430112e-01
-7.544899783419946326e-02
-5.346936967010049724e-01
2.076735132497642133e-01
4.199073002120436993e-01
-2.093886088595277306e-02
6.097253748517468264e-01
-4.991006454697227701e-02
4.656625561988361056e-02
-2.812311122986528300e-01
-3.343451256021178208e-01
7.896082921687766487e-02
2.169020020960309714e-01
5.903274227327891532e-01
-1.800569926243205388e-01
-3.242778392495971329e-01
-2.422510580749295817e-02
2.359470934523739405e-01
-1.033453074046681089e-02
-1.723073574132696212e-02
4.564496800523530351e-01
-2.017377262812600214e-01
-1.149887811755376937e-01
-7.243039808116387424e-02
-1.427163799688189183e-01
2.271656185791315896e-01
6.646111363780975445e-01
4.800497921263952028e-01
-1.964850449266373478e-01
-1.821207173946514934e-01
2.944046574798827032e-01
1.799792206302052167e-01
-1.421793361758218743e-01
-2.958549869322920078e-01
1.565308249622399395e-01
2.327346822171673379e-01
9.485301601608155456e-03
6.805241063320037753e-01
9.601169843478040145e-01
8.607340556924398811e-01
5.833112027576096148e-01
4.112881212816881793e-01
9.592781868415501956e-01
9.005423981087585794e-01
7.597627594735740786e-01
6.285231033851793603e-01
3.038943725267950202e-01
4.318015280486997010e-01
3.654848603278340047e-01
-3.919454550792553921e-02
3.000764598491939550e-02
9.222520739892806074e-02
3.574399688621299198e-01
-3.913432002997166981e-01
1.294068079524363091e-01
2.326462943176414444e-01
-1.868371201487616651e-01
-2.562372465142148115e-01
-3.752793534892772676e-01
-3.762886740294942023e-02
6.032955719528275418e-02
-9.098152784183275443e-01
1.922433449125951210e-01
-4.370345071675890147e-01
4.922822893340232930e-01
1.000000000000000000e+00
-3.098363570118705668e-01
-1.085687160628021584e-02
4.927211680617144540e-01
-2.727058635076883841e-01
9.351346316961961502e-02
-1.229046085151132423e-01
7.252712292894272217e-01
-4.306988377891862174e-01
1.894373457808059269e-01
4.763556615846533532e-02
-3.166181636352721207e-01
2.668913012282946307e-01
-5.988392570308574692e-02
-2.371539975797415656e-01
2.224208725911848150e-01
3.199193337451650132e-01
1.323256378982012871e-01
3.938947631738798916e-01
-1.361161633703317220e-01
-4.248480228442525625e-02
4.896599136221495285e-02
3.261909094245005192e-01
-4.262208602417500991e-01
1.294522984049332748e-01
9.316954002330471440e-02
4.593283739601879134e-02
4.337874816348283868e-01
1.804530846306108272e-01
-7.823051687305677959e-02
-5.667254836556131492e-01
2.973787178654426211e-01
3.866104499553649904e-02
1.404772955060626730e-02
-6.105935065980151732e-02
1.690448678945897509e-01
3.285532156027041739e-01
5.246542106510054815e-01
2.718990268728747606e-01
8.626443458465851699e-02
6.501487924948289310e-01
1.191157249634295506e-01
8.144133424556622147e-01
-5.849966363972540773e-01
3.998053800237811872e-01
-2.081437967911115849e-01
5.044408393869517088e-02
2.501736794914322104e-01
7.682150141276533617e-01
2.438258630127684012e-01
-2.821476066321767506e-01
3.016514648444492686e-01
3.163394703556695053e-01
-5.096323790196105596e-01
1.205207862245427086e-01
6.133663455273987708e-01
6.260595694388748633e-02
-2.203534930047365004e-01
-2.677377905805506525e-02
-2.947588635448110672e-01
1.619670709359267644e-02
-6.483790804097456784e-01
-2.046303598566189819e-01
6.789270966474869606e-02
1.337729429493681732e-01
1.269789520471918953e-01
3.797576648333284011e-01
-1.173914289738159228e-01
-2.048664151288437374e-01
-1.360049372983524463e-01
2.656826816333024976e-01
-2.732379071822860772e-01
-3.166075097415299577e-01
4.359300030314102736e-01
3.970029602280748110e-02
4.464475128408849081e-01
-3.051806154019111594e-01
-1.706806505128816154e-01
-2.770822806133840244e-01
-1.134853689566136525e-01
-8.973438002594305574e-02
-1.126100557927079832e-01
1.240529007626013092e-01
3.836666133509659266e-02
5.316721840821728717e-01
2.123926577232702895e-01
-4.635459304205878928e-01
-5.466257103308446164e-01
-2.433191614129603664e-01
-4.447542138245694915e-02
-2.012515664666338078e-01
-1.465648259888382987e-02
-2.641067438518766575e-01
-3.015246091256262861e-02
2.127796270306371584e-01
3.176545389752602477e-01
1.448818874420911007e-01
-9.359739388212508227e-02
-4.947172794077865643e-02
-1.251239500110347402e-01
4.439392555674247509e-01
-2.575698929384858671e-01
1.662641140482169766e-01
-5.780557061364132165e-01
-1.495879933412695983e-01
1.405670082085083705e-01
3.226306003665648792e-01
9.773526543626183394e-03
6.539827859047826764e-02
-1.734217163961232766e-01
-3.689029335272762111e-01
-3.576690346758597955e-02
-3.558130355668556177e-01
2.922446326356479274e-01
-2.569484731008590539e-01
5.029995618289626602e-01
-5.816932070786350328e-01
-1.452187232174355913e-01
-4.194729390920820533e-01
-3.831666517025112406e-01
-2.470312612340319902e-01
-9.535932776074895756e-02
5.278621930684568309e-02
7.413517691769955231e-02
9.304540712532182178e-01
1.016713341632907996e-01
5.850615980150984663e-02
-8.786118289682620652e-02
-1.136158891107473673e-01
-4.298270023582049376e-02
-8.785456392072165110e-01
1.083006591881309072e-01
2.129030002028457214e-01
-2.929002206288865429e-01
2.692464976031502810e-01
-1.881583474867743189e-01
2.110931687587936090e-01
-3.063283879602792248e-01
-1.829016170987418921e-01
3.068604835594950231e-01
3.235416639956695262e-01
-2.288541501672597400e-01
3.137867108932156368e-01
-1.485755179844158724e-01
-4.138375313557236118e-02
2.170262811751895449e-02
-4.575078913650365009e-01
-1.451894660770913503e-01
-1.832148722549373568e-02
-1.458132930276495043e-01
4.304753669499478824e-02
1.081611642392472233e-01
-3.023785165895721549e-01
2.100921496666802724e-01
1.757514139827990457e-02
1.168282779135446925e-01
-5.890931125202563123e-01
-3.119704085566863405e-01
1.307050639599265374e-01
3.714225130975897793e-01
1.073045286788758268e-01
2.737635014571529815e-02
3.872536176559078502e-02
-1.277611226966003377e-01
-9.285712681047221251e-01
2.802840527009529126e-01
-6.519563879723186961e-01
4.250938525395825951e-01
-4.599064609511392676e-02
5.118971513571060061e-01
4.549501093518057981e-01
4.523128251307625414e-01
1.606992481575506004e-01
-2.763820269710560162e-01
2.749470324802141263e-01
-4.244153305241803176e-02
2.381905216336893116e-01
-1.178520088965611251e-01
8.669868497889694769e-02
5.911625801690935100e-01
3.770783970716686251e-01
-1.420467279593309318e-01
-6.540679731296276112e-01
2.824719530145541335e-01
1.758147876672309651e-01
5.007566541465852117e-01
-5.889636102518382849e-02
2.006625536424211653e-01
3.443277160496167055e-01
-2.573693650604730876e-01
1.848291083287685321e-01
-3.171581194842795215e-01
1.473400631081152046e-01
1.497623767734944655e-01
-5.752389787538862986e-01
8.971808710289905231e-02
-1.906178676453260112e-01
-2.887742271161028995e-01
-5.728750678337177771e-01
1.236831902093089575e-01
5.332924017914233428e-01
5.476567293234092526e-01
-3.139878405036172770e-01
-1.737127790371560121e-01
-1.312566100414978010e-01
4.293739323929242069e-01
-1.481835857371950893e-01
-3.992181655203115298e-01
2.946484545899026863e-01
3.130502390211550301e-01
1.177564144042822919e-01
-3.281874202451286887e-02
1.287679590241839478e-01
-8.086991077908040060e-02
-6.869962695002115316e-01
-7.508832087682565382e-02
-3.436979155933275049e-02
2.721224301018546066e-01
7.088315207635748072e-02
-3.109514026964959044e-01
-7.962061495751736329e-02
-2.134326591969214482e-01
7.374683478167711748e-01
-4.066730335960527798e-02
1.627590354300128550e-01
-1.720911052998686241e-01
6.300032096670529214e-01
-7.758767771246800893e-02
1.993646694199092684e-01
1.648025150333584654e-01
-2.274408421253357182e-01
2.484882838400241378e-01
3.496494168646785972e-01
