-2.344067397719717116e-01
-1.620080652825716880e-02
-1.440660925181072860e-01
2.141422517819189381e-02
-1.530665660643666659e-01
9.246712759676704863e-02
-1.472798942151077040e-01
2.519677401111388160e-01
2.006472787563449642e-02
-7.728184138798553302e-03
6.327723878482247044e-02
1.244785920745483249e-01
-5.694910433343665368e-02
-7.144753207307472098e-02
8.350123216030048978e-02
-7.558177959190250095e-02
7.722222661699593149e-02
2.055235287045328874e-02
-1.504188204964393546e-04
9.804706805500877642e-02
-1.547962474480202993e-02
-4.764874777227847552e-02
2.463825288125554014e-02
3.097538516655954921e-01
1.014281003143479992e-01
-2.003306637217351638e-02
1.792272850456188074e-02
4.547135834510085406e-02
-6.341526920315361526e-02
-5.190897706420169455e-02
-4.660325953031101143e-02
-2.618246347589304329e-02
-1.200746315840762746e-01
-6.481753735341359846e-02
-9.998706000741569566e-02
-2.745356994827347075e-01
-1.094436244516760331e-01
-1.208059560992675030e-01
-1.687529355550243873e-02
-6.208258531178283829e-02
-2.331558875312669532e-01
3.979603085762621617e-02
5.129478430404216943e-02
1.099179047488701016e-01
-7.510197864914837373e-02
-1.784627445736888807e-01
5.986018968351951991e-02
8.386563403544906870e-02
5.944251758145979725e-02
-2.361278001637033205e-02
-1.678935689879971216e-01
3.625241423991048834e-03
-2.053639148697962435e-01
-2.373194843024036341e-02
-2.122308582457987230e-02
1.073944849164720251e-02
-1.272013000631399549e-01
-5.031946631321623092e-02
1.760584096318776881e-01
2.180549437041255922e-01
-3.768918365415555027e-02
1.237654722316889749e-01
1.120337446501793871e-01
1.159900362213895780e-01
1.668935355165816481e-01
6.762251028899879390e-02
-6.353341498974120205e-02
-1.332724475347621743e-02
-2.201716430227867449e-01
-8.848351458745985776e-02
2.214419213096258665e-01
1.837318592733845901e-01
4.216499961216964298e-02
1.645276673573842913e-02
2.771405136749273065e-02
1.247683176001841351e-02
1.796118924664272254e-01
-1.341575512871220344e-01
-2.681246333442944998e-04
-2.508444782630361858e-01
-1.123996627592182239e-02
3.236607865126209238e-02
-4.283390133141121853e-02
1.404415000794608792e-01
-1.285254939745903158e-01
-4.638165283945853284e-02
9.961013115357639572e-03
2.058150888215895535e-02
1.020393289971430195e-01
6.193950142922736296e-02
-4.415780988331180490e-02
-3.606277611371284247e-02
-1.008254362900669332e-01
-1.263179440046680903e-02
2.643218827802295764e-02
-4.712435673334115088e-02
-8.049213187291223703e-02
-1.544143034719370200e-01
4.495997583449622137e-02
-1.101124514923170344e-01
1.413730399204228549e-01
-2.106514990712389790e-01
1.245210181052711085e-01
-1.158253297626544859e-01
1.765801846971787048e-01
-2.483133562792365912e-01
-2.078206037720765897e-02
4.069445518982454935e-02
-2.084918327667161647e-02
6.720876214740756360e-02
-5.043405677320517838e-02
9.941809684601602207e-03
1.232317590030472670e-01
7.100447934487251651e-03
-9.263043753736099895e-02
-1.986108991156945724e-01
-1.438588972844850045e-01
-6.123634917376545583e-02
-1.292067230211840778e-01
6.676687806498633228e-03
5.318889870358239208e-02
2.325630267307273735e-01
1.274076927284443529e-02
2.385128005402693471e-02
-5.561183055376969081e-02
2.129261927374788074e-02
-2.396984380846834128e-01
9.913034496836317655e-02
8.230623058354671895e-02
-9.711617361173284502e-02
1.941246128523648473e-01
-7.880773347190242473e-02
-8.706035445131965478e-02
1.093700654225620017e-01
4.200655632372316678e-02
-7.429814467300251135e-02
1.565162518253733481e-01
3.803435260125733863e-03
8.928314783930700604e-02
-6.972824633387106341e-02
-9.487884661689614807e-02
2.384650001490917076e-02
7.063848439008911864e-03
-1.042744023462587044e-02
-1.398306195003800045e-01
-9.657512377579888230e-02
-2.653340473888980422e-01
-1.936991436391174437e-01
7.177062241480854088e-02
3.694706871977722091e-03
-3.480691787980238344e-02
4.901805168927626799e-02
5.702262114852793551e-02
-1.626865559214208945e-01
-6.255162506597776451e-02
7.094955892255949692e-02
6.238785154946971390e-02
-9.535327293258875903e-02
2.375277767194213657e-02
2.445595598381484215e-01
-1.366397192405161554e-01
-4.240004594270511268e-02
4.945190478826655758e-03
2.562230207922862671e-02
-3.033790229761181619e-03
5.502392827539615699e-02
-4.962218472532181623e-02
-2.373206724114992547e-02
-1.179936312832582934e-01
-6.892580361885641826e-02
-4.741189714774196595e-02
1.707261878632191088e-01
-1.205470385371082247e-02
6.304422911312530797e-02
-9.144018019643052053e-02
6.349350665189383569e-02
1.871215102349159387e-02
9.972518827928217311e-02
2.640445473261314180e-01
-5.079162142026303478e-02
6.902683562824578345e-02
9.820759240129353640e-02
9.043367839747108727e-02
-4.307054960403412791e-02
8.538724908264140601e-02
1.861552734732446063e-02
-9.868051171694997015e-02
1.639610773084776429e-02
-1.431769190357294053e-01
-7.900372956626464799e-03
-5.999049099183025729e-02
1.455994403047080610e-01
-8.845209930154454558e-02
-1.207912729733138027e-02
1.381089526040244486e-01
-1.208315803865418619e-01
-9.245375579629898019e-03
-1.168566461922638210e-02
1.295087550950954625e-01
-1.301479536857132469e-01
3.243919261161391614e-03
-4.565356248804278844e-02
-9.937580745575534669e-02
-1.423156669411197381e-02
9.710209191307343779e-02
-7.229385121872124176e-02
7.425304019114890852e-02
7.298501783980279600e-02
-8.858953179321529814e-02
1.616941001612153548e-03
2.677957465673418830e-02
1.560213973664266451e-01
-1.362853887572337830e-01
2.580251730105585090e-02
2.851869395125520429e-02
-3.874304279844292820e-02
-9.176795870723544746e-02
4.181615089912017053e-02
-2.494036446216217444e-03
2.995097419187012222e-02
9.751121462975093079e-02
9.818440560461422217e-02
6.105859223935887481e-02
1.268510092792099753e-01
-1.244452894870028414e-01
7.842165004381892318e-03
-3.623055352629986348e-02
4.839728679711805676e-02
-1.657634125715370110e-01
1.827488210349416942e-01
1.289851132583129389e-01
-4.630608743111382097e-02
-1.375930444389379670e-02
-1.050590846582766897e-03
1.072713600952905910e-01
-6.437111341012859145e-02
-6.166624479871562342e-02
7.121676640244142820e-02
7.202188449656118929e-02
1.403273955745381989e-02
-6.672325681904218986e-02
1.775550838698823370e-03
6.839722405673345773e-02
2.824462564110819321e-02
1.767289610309232817e-01
5.120411641877312646e-03
2.659199576741241300e-01
-4.077065379474922868e-02
-1.792202640952399451e-01
1.901892252014570073e-01
-2.477811426778775764e-02
1.653047264967183183e-01
2.124124941035884506e-01
1.872317390504405765e-01
6.678482511878148786e-01
9.102797728732963112e-01
1.000000000000000000e+00
8.446109475869852945e-01
5.522815453857450319e-01
2.874683709151404920e-01
2.334671943238500746e-01
-1.505628637994319841e-01
1.061657882671795533e-01
-1.348364258507569191e-01
-2.911329469683077956e-04
9.953848086105972215e-02
-5.738846482786607445e-02
-9.379823463787470908e-03
2.052452308286869809e-01
-1.578649555267759852e-01
7.570130014349547160e-03
5.922372921617828634e-02
-5.813261938834171638e-02
-2.485125131744374549e-01
2.640323461824492859e-02
-1.748101659920627340e-02
3.543154425494863397e-02
-2.553538423308352595e-02
-5.220129874070736364e-03
-2.237683482945626023e-01
-1.358687154135841679e-01
2.158289473939254202e-02
-9.434487163087904027e-02
-5.931032010911541780e-02
-2.790187969375850299e-02
1.860409229248467522e-01
7.300424513941712601e-02
-8.646700927802634939e-02
7.510449634203081315e-02
1.042249435748399955e-01
-1.918888822759217405e-01
-1.557923276179840576e-02
-2.563737060188303954e-02
7.233395549775394062e-02
6.148425494212345077e-02
-5.181925097788321263e-03
-5.250005076217228311e-02
-1.212433558364673161e-02
-5.192261545040473963e-02
-3.518824004263906152e-02
4.740415329795769073e-02
1.280003258363321059e-02
-2.120099272837596902e-02
-4.952161321982789105e-02
6.055875443307765990e-03
-6.572907682375514482e-02
7.969831874556723705e-02
8.998938202678895965e-03
-2.794594654188887681e-02
-8.075475042076602980e-03
4.854235319005294896e-02
9.596674588313859611e-02
2.829415039061316736e-02
1.967514073066218942e-03
-2.085143033414584568e-01
-1.024426521194670564e-01
-1.885138201879260622e-02
1.311293838380173382e-01
1.809270605258770162e-02
9.972014674947997370e-02
-3.053490477205154929e-02
-3.351797967373180975e-02
-9.192552204818840722e-02
-1.076188325536636681e-01
-2.319296250161249906e-01
7.313029729607227469e-03
8.845631652769822204e-03
8.025814397293962177e-02
-5.488951899986777017e-02
1.249633160028649909e-01
-5.804366610634538633e-03
-8.767985882768535022e-02
-8.641959014477397852e-03
-1.851581972398641529e-01
-6.749957560088996888e-02
-5.410861032971677614e-02
5.807692053324601394e-02
-8.744398335939161659e-02
-9.220242035163754568e-02
4.352644727920186585e-02
9.256035082722351148e-02
7.272075943082351168e-02
9.080456080127670415e-02
-1.070537159735358013e-01
1.883338856077075574e-02
1.488630046397305673e-01
9.900810893935785284e-02
7.268901131433984364e-02
-1.861361591015205444e-02
-9.542321458055193911e-03
-4.123523536230386949e-03
3.533247115377134706e-02
6.783025263954622908e-02
-5.155777360150940597e-02
-1.114768238280187257e-01
3.598224937785332589e-02
2.071580492797746587e-01
-2.173057862224839765e-01
1.760880533550396587e-01
-6.455230352150762019e-02
1.470949672220280002e-01
-1.099293711634773303e-02
2.190439507346806161e-02
5.507312019432574618e-02
4.599124303673198660e-02
8.122556991051957387e-02
1.778813941638563156e-01
-1.533175067166052119e-01
7.863900169990525879e-02
2.411566132323445522e-01
1.409960222863466395e-01
-7.550544111253766622e-02
2.674786234353795922e-02
2.009052151406555686e-01
1.179290738143793371e-01
-1.685201482142867080e-01
4.194354780221917073e-02
-1.526768605314200722e-01
-4.423052116281215446e-02
-1.488768250039919881e-02
8.500977954038929640e-02
-3.648908060877691789e-02
1.195339473099724381e-01
-1.512762570674049123e-01
-4.253213934390380480e-02
5.283833783324141248e-02
8.411862047560632327e-02
5.878332222561515052e-02
2.638803842227046420e-02
4.271909377973778094e-02
-9.122247402010948830e-03
9.807643835305016045e-02
-1.396577525535972752e-01
1.693067730482267219e-02
7.046141094635076374e-02
9.630178923846571815e-03
-2.229739317168633328e-01
-3.457221938630414271e-02
4.187237019693396817e-02
9.296056745909210550e-02
7.403315785870102916e-02
-7.587903443204489784e-02
2.313513188859443181e-01
4.496316279392299081e-02
4.394768664228938804e-02
9.521304317887764601e-02
1.743451766486903420e-01
3.055817203770921919e-02
1.921409856965527740e-01
-4.031612043983576893e-02
-3.977485658423597636e-02
-6.329709928100973881e-02
4.573348875857707885e-02
1.221366155329200592e-01
7.798474073069143475e-02
5.578553857273984423e-02
5.090078655390184448e-03
-1.949355722214929365e-01
-4.685078753571876586e-02
1.570693233656590415e-01
1.129362952947527837e-01
-6.247552447513704532e-02
-1.225340405134247579e-01
1.368595393621604983e-01
-6.648313622744977947e-02
1.374822068291016719e-01
2.024491370370337107e-01
-3.064875796431483848e-02
7.959555957244557334e-02
-4.408198271759169312e-02
4.060616714605775474e-02
-1.568902523873725863e-01
-3.389046709164351967e-02
-2.821267840095986398e-03
-2.971330609731353406e-02
1.110589468353875980e-01
-7.250596890455222876e-02
-5.670262202411079783e-02
-8.978392684758913778e-02
-7.047131859491852224e-02
-1.581176799428739010e-01
4.061581049859231546e-02
-8.447522486241556411e-03
2.514336941623683888e-02
7.421119708063168841e-02
-2.364447666584648111e-01
1.294026904183073756e-01
-8.055581814620536851e-03
1.202853671378493888e-01
-1.884519993526245218e-01
-1.416193940230607573e-01
9.655276638356177776e-02
4.460965285267234209e-02
1.320230400655270364e-01
-8.856816403030791374e-02
-5.207864485044456926e-02
-1.265398329652886455e-01
-1.674406763400024603e-02
1.215345309718389010e-03
4.277840456155219268e-02
-1.039449207894515698e-01
1.221691009171293890e-01
-2.692891258049087341e-02
4.440444346813206961e-02
5.099947962012694840e-03
2.922509937291667970e-01
-1.096080722250543787e-01
-1.236799930073172876e-02
-9.793368151069228866e-02
5.229963054583015858e-02
1.152885934283170467e-02
1.433028040095345049e-03
-2.049855053307181318e-02
1.142879805316429076e-01
1.138330550511740084e-02
1.596530855622270428e-02
-1.447008286270509425e-01
-1.345251157194641833e-01
6.345073612284342357e-02
3.280065963994864553e-02
-2.544325864117202851e-01
-1.843016518214704580e-01
-1.788715458608452213e-01
-1.204595088068276532e-01
7.670593358861876876e-02
1.938029226341797806e-01
-3.029000414134839364e-02
2.048629099074331661e-01
2.720079041765436842e-02
-1.818562141089004047e-01
6.810269206672182885e-02
1.475326038914347437e-01
4.282995069674268296e-02
5.561405121935014684e-02
2.274494867175538559e-01
-3.448390720699511663e-02
7.576705751748810322e-03
3.841597488116363368e-02
3.512758293206125204e-02
-1.641705841157720114e-01
1.573455915445539088e-01
-9.272190033943446263e-02
2.673469946768518291e-02
-8.897821416551859874e-02
3.713882049092067511e-02
-6.523039296926765734e-03
-2.988696945059978946e-02
3.861560755340569945e-02
1.703451987976417614e-01
8.776106948287046294e-02
1.163764243162546258e-01
-9.874629807872970129e-04
