-9.042254441430917777e-02
8.677047024248446538e-02
-9.390262910853416911e-02
-1.019970536657339583e-01
-1.986937773441378730e-01
1.557372357243524408e-01
1.903866778339554089e-01
-9.513790300465112260e-02
-1.387617576590037261e-01
2.683329723595949123e-01
-1.586747256507845261e-01
8.190346030265696631e-02
-8.934244126229018423e-02
-1.029562437969615551e-01
-1.386308581569605236e-01
3.346863068095651261e-02
1.901455913427484157e-01
-1.314261222172074806e-01
-8.628902694614638824e-02
-2.608136298261420818e-03
-6.076637406871822009e-03
-2.091445502761959119e-01
1.702146262258217441e-02
9.701163456235883942e-02
-4.377812903258030894e-03
-1.123136935524446794e-01
2.130257720522401310e-01
2.718372486257003128e-03
-1.487629788930441010e-01
2.355027354062503298e-01
3.590009010220136798e-02
-7.537580747740152409e-02
5.974134389865396605e-02
-2.572795965936465201e-01
-8.280034569280345091e-02
5.469656774616251521e-02
1.766123022047937641e-01
2.089237324631162129e-01
3.246938357698257449e-01
-7.904229427798693808e-02
6.392105258358394063e-03
3.047039378324317704e-02
-5.347581526335612456e-02
-1.362530183843151943e-01
2.356355819205334726e-02
-2.569593472932936717e-01
7.067637995107270421e-02
3.313948679948458542e-01
-1.210405671320605343e-02
-2.190714393487885048e-01
7.141494958719629693e-02
-8.465892507142130929e-02
-1.713439480009491533e-01
1.474824845894698866e-01
8.018625994090243514e-02
1.733193985018368910e-01
6.554216865682871429e-02
-2.987149612736634263e-01
-1.096738622062276396e-02
4.237826839816935531e-01
-9.308816954113183217e-02
-9.933723474428524103e-02
-3.480631790522022428e-01
-2.790073968962292206e-02
-1.881746856382038313e-01
-1.841949489920051419e-01
-2.838893378654592237e-01
-1.094434871339201448e-01
-2.059815600081300324e-01
6.381832925751701469e-03
-2.887035463761267740e-01
1.754219727290635411e-01
-4.624983444262347615e-02
-1.087531347960503936e-01
3.666796881029119742e-02
6.414472456185867089e-02
7.837831318438744088e-02
1.007114428631378789e-01
-6.692724041699209259e-02
-4.218094850601161738e-02
-7.449049580861635822e-02
-2.322761291440643139e-01
2.548036563152891176e-01
-2.163607847262752695e-02
2.436832828927725791e-01
9.869826444310079994e-02
-7.937797174451574622e-02
2.077767503033632612e-01
7.009801888895852984e-02
-1.658523606601758349e-01
1.800950094050811912e-01
7.747810571754207287e-02
-6.303964008770324146e-02
9.613398322954760933e-02
-5.232465282774088206e-02
1.490665443792072407e-02
-7.111582550066084234e-04
4.573689366123674660e-02
-5.478414940247593873e-02
2.317693695979465007e-01
2.881835732117087392e-02
6.464515539874006456e-02
-6.742234757260708033e-02
-5.022449392436325460e-02
1.063856663988361761e-01
2.555559390095525352e-01
-6.939225093956825213e-03
-1.288029763429298924e-01
1.698998542418250490e-01
-2.493491689407692155e-02
8.443905399091529429e-02
1.046011726649052898e-01
2.831468941784801019e-01
6.421390088975274801e-02
-8.032021527431494612e-02
-2.584966519698590481e-01
1.498255342706462934e-01
-8.803700497112693091e-02
1.507626219668762035e-01
1.099637997095548152e-02
-1.811580275782999350e-01
-1.145446234447624612e-01
-1.495345343340137578e-01
9.449221910008200054e-02
-2.318974688819924190e-01
-2.239765122579053802e-01
1.534672174610456352e-01
1.505368232192164611e-02
7.860262092181649618e-02
-1.235762367860868301e-02
1.508657701667529827e-01
-2.697708455488871393e-01
-1.577833114158563865e-01
-4.446367684465174323e-03
-5.592761216756984149e-02
-1.348758056780730193e-02
7.929485621540396934e-02
2.912456837748158070e-02
1.133565618188982216e-01
-2.650204896848628588e-01
-1.873432794693730974e-01
1.064664263123448334e-01
-1.822144705254903352e-01
-9.220424779449605535e-02
-5.517504362198262513e-02
-5.601328139790249377e-02
3.936082141870228535e-01
-4.216085893980626997e-03
-1.194248534091458674e-01
-2.175764186520804527e-02
1.876832362546042021e-01
6.082615969466656503e-02
1.282688286150460849e-02
-1.006701259768147394e-01
-9.399332565931750594e-02
-1.209588458732811650e-01
-4.587539519099507156e-03
-6.937040142752488869e-02
7.233493334374593853e-02
2.365095303985184985e-02
-5.014160453832937347e-02
4.773435806374293905e-02
-1.407460308620717415e-01
1.358456790611368113e-02
1.687334708222472668e-01
-6.899546774232548363e-02
1.854314246017227732e-02
1.555474034019041496e-01
-1.864606310412160114e-02
-1.416955203633868954e-01
-1.665985801228436758e-01
2.382090157833666177e-02
-1.797647139152150908e-01
8.820996090983800053e-02
5.065355926534858069e-03
8.225826368713205772e-02
-4.872763067857860952e-01
-1.192681248952169731e-01
2.011531657794684014e-01
-1.013888013195295978e-01
1.966543759214711973e-01
-2.690975184815561638e-01
1.494263777872421178e-02
1.116579444975134006e-01
5.532532542300174633e-02
6.437353776106789771e-02
3.459405328324167278e-02
2.179660992612765802e-01
1.724968852528775964e-01
6.140468860444674160e-02
1.265390796194463228e-02
-1.507429538165764582e-01
2.706553987064631017e-01
1.841408657929939283e-02
1.552117579782253233e-03
-3.333880137441023739e-01
-1.391191625306352209e-01
4.759290037776924692e-02
3.718544453652140435e-03
1.112388059422719788e-01
3.607684142262648080e-02
2.778201584960264189e-02
8.915994344473705813e-02
1.509553731561559808e-01
2.397297896229175496e-01
-4.764015056973533446e-02
-8.433347009350652956e-02
4.931407383317265580e-02
-2.536036451704798411e-01
2.798856755367755134e-01
3.137919638793643107e-01
-1.456833409163095852e-02
2.504504257500330677e-01
6.101813199905421758e-02
2.231643703843772253e-01
1.054400909407606640e-02
-1.091236810231585447e-01
2.975098939961326808e-02
3.800594771670926658e-02
-3.111058615891100498e-02
-5.791745556868062306e-02
-9.066955511456345485e-02
-6.801077378509896854e-02
1.213399024983376068e-01
-1.559431865645052318e-01
8.444294841545378627e-02
-5.563224514652899411e-02
-5.351523802650851556e-03
-8.798677620408343336e-02
-5.400533748054507643e-02
1.070219952330937058e-01
9.487780014776753257e-02
2.877688943774288077e-01
2.148196910741893284e-01
-1.280863806287164675e-01
-2.242153014289522683e-01
-4.522702767208380825e-02
3.167273735321340378e-01
7.914873572942934810e-02
-4.255636471534968157e-02
-2.921947337139268151e-03
-7.266473438720966183e-02
-3.146885909400583270e-02
-1.794515427387277651e-01
1.226330549880578491e-01
9.133386280689931302e-02
4.310078478860930595e-02
3.500636023140950986e-02
-1.576824500267100249e-01
1.449783006205541680e-01
-1.412663940237094892e-02
2.430347306105254956e-01
2.541287033184620459e-01
4.337933305037366405e-01
6.972172322611499551e-01
5.578601423391877923e-01
1.000000000000000000e+00
5.530440508728025062e-01
2.860649140402457546e-01
4.383530266195809905e-02
4.350482521764859611e-01
2.563958630683597084e-01
2.670305834483973073e-01
-2.387347137808302211e-01
1.434184398099702107e-01
8.437205697950800332e-02
1.162325849522419241e-01
-6.758013031335334542e-02
4.282089577773708772e-02
-3.616923140462548029e-03
-2.835970758746194642e-01
1.087598294385861558e-01
-7.334042563119725147e-03
3.342462553656384006e-01
-1.133943972322912358e-01
1.671272874817877549e-02
3.467043624808875679e-02
1.318366452524664667e-01
3.476416966939249731e-02
6.136417097672979687e-02
-9.415025084603013961e-02
-3.129830436268610239e-01
2.561609578124371955e-01
1.162360650123224620e-01
5.685568048882017750e-02
-7.854348937060164071e-02
7.620461151386830057e-02
2.731188015183972154e-02
1.692119395498945661e-02
1.677948752001946209e-01
-1.322754793703068699e-01
1.325595795401851296e-01
-1.860729191210181432e-01
8.122540227564435666e-02
-1.340920226859398101e-01
-2.179129810976646320e-01
-2.014582812164038561e-01
-4.022219744461503349e-02
-1.707198924586894040e-01
1.207351013870960471e-01
1.578478059828850588e-01
-1.460218178459627703e-01
-5.457538783489621070e-02
-1.541111259041406945e-01
-1.756240684792252371e-01
1.164237783717063240e-01
2.161117001585365627e-01
5.010962517430294499e-02
-1.897986744373406920e-01
-1.748469821747757891e-01
-1.027384617717930302e-03
9.424336477865741246e-02
-8.386627157824759482e-02
-1.142386090612354937e-01
-3.888747347067357807e-01
2.142205388300853774e-01
3.353073939443029783e-02
-1.324462854628097597e-01
1.341840325477726137e-01
-1.320770006447635203e-01
1.842861694595005762e-01
-1.196669547925917204e-01
-7.624161819837653453e-02
-1.447958865624603998e-02
-2.281616444089988593e-02
-9.483016300364274787e-02
-7.857586413822156834e-02
-1.980314974879968451e-02
-6.386120660410438132e-02
-1.424132883080910239e-01
1.419608696452449581e-01
1.424001883452033768e-01
2.019494566709434114e-01
9.987100095201571076e-03
-3.059733915248641703e-02
-1.921905917885755877e-01
-4.784664364228822381e-02
9.896891703249564853e-02
-3.189617984390723943e-02
-2.233241337108005098e-01
2.108831837402945775e-01
1.942800660529145906e-01
2.115029698281519766e-01
3.159807437112549522e-02
-6.615910468268063060e-02
2.500203644904114286e-01
1.269370055500875514e-03
2.631902641942182597e-01
-1.650615901227354132e-01
5.332218332820910095e-02
-1.313505862969487903e-01
9.628503405120560077e-02
9.353463658264690728e-02
3.333594791118090622e-02
-1.255911825581306450e-02
-3.004133609033740604e-01
8.932163111943593192e-02
1.294153008255919945e-01
1.231912857494321389e-01
8.346690086132231567e-02
3.591017627143845703e-02
-1.675752387142012689e-01
-6.552425494911255643e-02
-2.566438642808454781e-02
-1.001750476463019179e-01
-3.132383216941153625e-02
-6.734079826474548280e-02
-1.724377785203938182e-02
-1.785531290490600664e-01
3.520387269710882894e-01
7.859665737822180143e-02
-4.978847692737414787e-02
2.446521593445489737e-02
1.477670574192179731e-01
-8.420035194041360083e-02
2.282549983552661366e-01
-3.415551235143944875e-01
1.726706495467749403e-01
1.253727762689971492e-01
-1.784216971788855632e-01
1.241388529604666169e-01
-1.701349606157038716e-02
-1.474944909909771951e-01
-4.872507386000714952e-02
4.691307739871226901e-02
-3.706653181719104378e-02
1.735600523128823236e-01
1.202334484757468375e-01
1.116797715906169552e-01
1.326293919304113826e-02
2.194374966877877392e-02
1.281447044699058901e-01
-1.891517874191526727e-01
-1.499849724111828042e-01
1.077692506068597678e-01
-1.174179243840584169e-01
-2.412689857066198651e-01
-1.087403474516249191e-01
8.319049191053062842e-02
-2.230004436849145621e-01
1.774643527268231769e-01
-2.498188966803298605e-01
3.601651868005643214e-02
1.686370074006374176e-01
-1.558071207194630658e-01
-9.600735112394298554e-02
-4.832349294345136825e-02
1.665115125189424172e-01
1.849368223891240393e-01
-1.534685765000512736e-01
-9.787722823683606133e-02
-7.301403573332267138e-02
-4.325771842674117074e-02
-1.288822859808668175e-01
-1.271153105510741399e-01
9.212016721712254497e-02
3.441814120116215570e-02
-3.685270359458210632e-02
-1.023286190160656306e-01
-2.287848935443396181e-01
2.520741103821425577e-01
-1.229128239372462572e-01
1.224081860573797559e-01
3.808622510609482870e-02
1.030296207744475223e-01
-1.139828627793149918e-01
1.828412082820740081e-01
-2.904434928352345527e-02
-1.369050795517760821e-01
-1.616411384647128413e-01
-2.128016050792828212e-02
1.902816283626728444e-01
-1.574424177623359455e-01
3.683815640896809795e-01
1.503754254991242489e-01
-2.986513341249372178e-01
-8.232167108618915208e-02
1.806765425604078823e-02
-1.074534155317365680e-01
-4.144121444567121226e-02
2.109689814837302502e-01
-6.552920360046840531e-02
-2.489995671306820535e-01
-5.703532759920695167e-02
-2.028971004931244548e-01
-5.627359079182307766e-02
4.324733014848713281e-02
-8.915417451591563236e-02
2.177901478446029881e-01
7.440833752153908076e-02
-7.512745399581917394e-02
-3.740519631024760705e-02
5.738125063121963382e-02
-1.319174424425431924e-01
-2.704414437126590257e-02
1.629160850019688023e-01
2.974637644357387700e-02
6.496362143134493117e-02
-1.287856442021612646e-01
9.221169249680623292e-02
-1.307376711507435008e-01
1.359594471984469088e-01
-1.814622953254861337e-01
-2.185063166269338442e-01
-9.694128394597913145e-02
-3.185212406520645523e-01
-4.166212079213011538e-02
2.519638840584157990e-01
-2.130281564929609739e-01
1.642736225064480304e-01
-8.781738885883211276e-02
5.934052355130228773e-02
-1.561940025107579066e-01
-1.980977484459386095e-01
-7.509650848491161712e-02
3.264085410418427619e-02
-9.469217486831989217e-02
1.867678183132415182e-01
1.694382469434838334e-01
-9.073560539338150488e-02
6.246773766079367907e-02
6.998789225320152518e-02
-6.602083069600286902e-02
-3.476459417683666064e-01
1.034869114775339577e-01
-2.630102993881472048e-02
-1.178624775867275765e-01
-8.237803124452446057e-02
-3.625418849098379082e-01
-7.288215016414280323e-02
9.616122318244206546e-02
-4.561737901402950629e-02
-1.107425926578209513e-01
-4.009611808084020956e-02
3.029985522637604692e-02
-3.992723427858689556e-02
1.402216953615802453e-01
2.149429905936653673e-01
-4.462130865340182412e-02
-4.001531883275302737e-02
1.349686889128777836e-02
-1.697897937077538222e-01
-6.711255676823053851e-02
-3.356532024564426453e-02
2.442206543124763873e-01
3.026259668395386293e-01
-1.927769278631207839e-01
-5.437820985293106979e-02
4.206154546906894914e-02
-1.443313328752452995e-01
-9.389196072717312380e-02
1.124427016473353719e-01
