2.815130010126241228e-02
-1.429513155784312151e-01
2.140127809127579869e-02
-6.219858676493167371e-01
-1.637255554065657481e-01
-1.125662380581458899e-01
-1.112763770054744084e-01
-1.115345469920221433e-01
-1.993240022475924744e-01
-2.457218087777303384e-01
-7.208102887294019767e-02
-1.742599001638849565e-01
1.686357365146628207e-01
-1.176133758579014504e-01
2.712660553133122709e-01
-3.793417721200247894e-01
-1.762884024708047392e-01
-2.104785816785458841e-01
-1.373663140899738511e-01
-2.843030224063140543e-01
-2.029463190560321095e-02
1.975013957610087800e-01
-3.314353477808025805e-01
-2.327338154303972839e-01
-6.323843408019119705e-02
-1.325034642159807485e-01
-8.890768107241606155e-02
6.666581039526563168e-02
-3.572230013535641069e-01
-2.197999140835999177e-01
6.649388969927345905e-02
-1.145098909490998573e-01
5.895244359940220863e-03
-3.595112404120629490e-01
2.397126479238864162e-03
-1.854533149397382397e-01
4.244127762676280086e-02
2.131314480340545103e-01
-4.787641334241762303e-01
-3.356787849705936133e-01
2.667458138470779616e-01
1.496580530177167856e-01
3.939368398714221398e-01
-7.188387304608269412e-02
-5.014661143886770533e-01
-2.802678638594632843e-02
2.181306826460981119e-02
1.954434586993770429e-01
-1.712928782405127581e-01
-3.749571602201322990e-02
-4.351822842754906051e-01
2.078859214232545993e-01
6.808161653929661883e-01
-9.977432198126533203e-02
1.465304115344161218e-01
2.173050483592023907e-01
-1.261235733928948478e-02
-8.946170062005741330e-02
-2.688966712891656674e-01
1.701272210146668670e-02
-3.386294602522693653e-02
-4.489499646566864205e-02
-1.880291587394580244e-01
4.449197031192361762e-01
4.054497289690014820e-03
3.163531446367838229e-01
-2.497363438453213402e-01
-2.384102547131305150e-01
-2.972026990268128999e-01
2.558615275281294066e-01
-1.897516661194970367e-01
2.463661536690546494e-02
-1.726682438081793003e-01
-3.068986302392039955e-01
-8.863593666906066648e-01
-7.720316814897612567e-03
-8.418524970334712032e-02
1.341510304065074988e-01
2.307227213942819322e-01
-4.316875440291263466e-01
1.215636929869250149e-01
-1.789813301904204790e-01
9.864765556106663835e-02
1.993127977530783634e-01
-3.810102647134770426e-01
1.779032334861540554e-01
-8.648643387677387717e-02
5.981965029590920885e-02
9.857394039076165793e-02
2.971409958737507295e-02
4.937093993041371531e-01
3.679464309733280758e-01
-2.413632529651310588e-01
2.623613802671664885e-01
2.222803715345287590e-01
4.908912972725347212e-01
-3.368673841814255332e-01
-8.726918865621233201e-02
-1.058128259511237346e-01
2.691031574573191643e-01
1.713294214724601083e-01
-3.978041817377367395e-01
2.276434827365106661e-01
1.245815064903287028e-01
-2.604610766981640957e-01
-1.708503306517099585e-01
-3.016729709024864592e-01
-2.776739934913717914e-03
-2.113336676875476189e-02
9.030565587715091991e-02
-3.996394065233834780e-01
-3.383498835901501550e-02
-1.346840074820731536e-01
-6.411716005851918199e-02
-4.548531728407765873e-01
-8.244105171718277281e-02
-1.173273254190520809e-01
-1.906858067590402050e-01
-1.532509793620514815e-01
3.578699517405097702e-02
-3.243908795553842456e-02
-3.404956979873923206e-01
-1.227412282010267863e-01
-4.163356959071523589e-01
-1.889917452538781573e-01
6.168695515774289678e-02
6.196030642314976911e-01
-9.430780428729360065e-02
-1.765492825300006285e-01
1.756914286619249560e-02
1.331951219469674208e-01
-1.052624281421713492e-01
2.966661774264298668e-01
4.208219114277900741e-01
-4.277780469697682886e-01
1.777010560460178246e-01
-2.911533821295170799e-01
-1.867480307152855346e-01
-1.037242086878947950e-01
2.463926068834178251e-02
-1.006665709597562713e-01
3.609495401128961500e-01
2.097012017209473334e-01
4.110922561602704528e-01
6.133231330105828188e-02
-1.984859872347206622e-01
5.457029305736772473e-01
-2.179215521899769692e-01
2.110924018292912596e-01
2.146159989452485206e-01
-1.587695988341131237e-01
2.128840909749828703e-01
2.636174400508765614e-01
2.511833208153001554e-02
1.900319571345255032e-01
-4.562746296933419821e-01
-4.813740225971706588e-01
2.113246815858670635e-01
1.306935712027102459e-01
-6.256978411840657950e-02
-2.082493665573301733e-01
-5.207526697755936462e-01
1.273128710227492688e-01
-6.843356764309334317e-02
-1.753292583420496542e-01
3.281495163740009297e-02
-4.162403458903463083e-02
2.718699239406782014e-02
-2.084030639581041233e-01
1.284770695548076991e-01
1.080944960589518833e-01
2.804989290264099377e-01
-7.031745296422339253e-01
-2.761137959945104692e-01
4.360293297657595601e-02
-2.504175030021144610e-01
-3.074021795250372890e-01
-2.498845064988708120e-01
-4.050496751040482124e-01
-9.185018823847793459e-04
-6.511003610432343214e-01
-2.943555607725160672e-01
-2.188952729500192318e-01
-6.723861169560481355e-02
-1.092001145093947218e-01
1.615406525912421454e-01
1.770000635318557877e-02
-1.280730813162925252e-01
-6.429055784297267595e-02
6.214047010184236414e-02
2.898688311473575641e-01
1.242518556601962393e-01
-9.855915251611277461e-02
-2.182442808609162399e-01
7.590396228853751870e-02
2.114985028276963330e-01
-3.837707485911779487e-02
3.494056254180219132e-03
4.715620282350563852e-01
-2.166141229411164826e-01
1.448059388572507933e-01
1.110001700418280779e-01
-8.481899491444584716e-02
-1.283908655878246707e-01
-2.318372522262863444e-01
1.343892375333400821e-02
-3.701283546863708973e-01
-1.393974367930491676e-01
-1.691201438742575003e-01
-1.028435880726763507e-02
-3.423925920317971716e-01
-2.792230472921899964e-01
-2.337052121871879551e-01
-1.515748845850960480e-01
1.220541551926695722e-01
1.561227942896953047e-01
1.812149312535637213e-01
9.639686443557636542e-02
1.142059828861757970e-01
2.591926043610338626e-01
9.197565048442266078e-02
2.280065487661692702e-01
6.943363398074368920e-02
-2.706329333109823709e-01
4.904388733475773532e-01
1.993898258065086027e-01
9.537201831465813573e-02
-1.364986077554172228e-01
2.496172243794845258e-01
-2.328266406366418240e-01
2.030651425634150409e-01
5.540117134272313365e-02
-3.438022595397112191e-01
-2.371943404724561333e-01
5.721363942853797263e-02
-4.739672296465820556e-01
-1.269885312338198957e-01
-1.672351870487662207e-02
-2.091245480108794574e-01
-7.176379756120752906e-02
-1.675219763541133944e-01
-3.351129511529813976e-01
1.153240901333353885e-01
-1.014714148773763897e-01
-4.299791060554140204e-02
-3.154601962063435794e-01
3.311090989135916443e-03
2.179694986971403847e-01
8.579000844372780543e-01
7.619133373030554379e-01
1.000000000000000000e+00
3.703892915611466385e-01
5.533390366411818917e-01
4.348486973535027333e-01
4.762107444337816409e-01
4.337713259971575086e-01
6.459985977107829402e-01
2.331434031673488005e-01
3.816728339332173259e-01
4.642810771581821760e-01
4.149846084808539448e-01
6.094978337393883727e-01
6.526053117900572076e-01
6.934790537775176178e-01
5.118726838655319744e-01
3.590816170090351455e-04
-3.535462597967872211e-01
2.984753118197160104e-02
-1.510419652958013559e-01
2.499619774373548764e-01
-4.609479467337324748e-02
-1.253025476580502118e-01
-4.292287277451826283e-02
5.531537598355069640e-01
3.029664980468057545e-01
1.040824394223556215e-01
-1.815862150647032727e-03
4.246942295837721759e-01
-5.093414307189652462e-02
-2.403949523504625430e-01
1.961201990532911721e-01
-1.984599176517247987e-01
-2.616976885494450011e-02
2.093506947368200810e-01
3.516080641150031924e-03
1.027266970245357541e-01
1.971685466496018446e-01
-3.685157525001004353e-01
-2.062722212529010668e-01
2.152924827321897328e-01
-6.495151594480021162e-02
-2.729679187533705642e-01
-1.011556855794245036e-01
3.925615677857212014e-04
-2.068757993963870889e-01
-2.386971794300414840e-01
-2.851365438404258601e-01
-1.651262083937271030e-01
-8.803477377151809613e-02
-1.414246936530836607e-01
-8.031226398567607727e-02
1.969115324334080874e-01
-1.335136066411399813e-01
-3.495922382175229437e-01
4.996446113838178271e-01
-3.575370492846339232e-01
1.095647019805508354e-01
5.564069866255491048e-01
-9.597744018840140279e-02
-3.745071763051863178e-01
5.608064327567059415e-01
1.545277727622735575e-01
1.120675753854874779e-01
1.614191249431864428e-01
-1.283416283101647404e-01
-3.712051440419907727e-02
-6.385105410770119949e-02
-5.097447634470299027e-01
4.151170387328009248e-01
-2.939523367372394724e-01
-2.515825110609452575e-01
2.185217970520072772e-01
1.782641673282447103e-01
2.566646751782558078e-01
3.631790890149563245e-01
1.183943516582558059e-01
-5.825920161038486977e-01
1.604332810576483692e-01
-1.641841442524573091e-01
1.565914927907784485e-02
2.145878993138757573e-01
-7.630804456591163687e-01
1.198078974718316814e-01
-8.745007402231821936e-02
-1.505022010611850314e-01
1.826169442893837425e-01
4.667497382994026389e-01
-1.191316906501163758e-01
4.086341763048339515e-01
4.603284844946658322e-02
-1.913873048204694366e-02
2.248283722698100062e-01
4.701415893035228166e-02
-3.104036287756290272e-02
1.269330961743129760e-01
2.778832734645376168e-01
-3.628129995300194421e-01
1.628022471220993139e-01
2.016375213588612013e-03
2.361654287572201028e-01
-1.600977820977386723e-01
-2.723128814682415078e-01
1.711112675264856997e-01
2.090967368367786794e-01
-1.151258886109856605e-01
3.092959196410490774e-01
1.470406280900856018e-02
-1.566582896222254440e-01
-3.129039631138106903e-01
4.762194127110687680e-01
3.496876235957002699e-01
-1.094318811321021157e-01
4.215205383191970162e-02
3.746270520386684177e-01
-3.050297336869807752e-01
-6.425924386938964838e-01
-2.382638655409850259e-01
-2.491453106070523615e-02
-3.153298209280155362e-01
-6.096067249097904782e-03
4.776288361146696082e-01
3.627852008186170929e-01
3.584855269781014320e-01
3.769803504528060900e-01
-2.545835783575920441e-01
9.895087566404871249e-02
1.044380826215736552e-01
2.361996177734649108e-02
1.368771416840346700e-01
1.188218094819417370e-01
3.214402752292543075e-02
1.334844852689807682e-01
-1.930149469208695262e-02
3.485704280145427436e-01
1.535096943727666807e-01
1.354647516408127583e-01
-6.996467312249303461e-02
-1.009756744913802157e-01
-2.832365810172475795e-01
-3.683039951166749426e-01
-3.577467267690822572e-01
-4.162690448611239824e-01
1.066241606348905663e-01
-2.340969432707558917e-01
2.053999860407198230e-01
-5.593257805494268320e-01
-2.173755856464859026e-01
-1.073183625187749263e-01
-8.701577125334937490e-02
-1.931841990479540028e-01
6.162194223371965096e-01
-1.244584432604998840e-02
-1.424165480318128341e-01
-6.183046574390218542e-01
1.293855117801012977e-01
-3.868552993463787448e-01
6.210079791557270301e-01
-1.543773837176358465e-01
1.864819168287968343e-01
2.853704596403112137e-01
-9.577607227503755205e-02
2.066733574536072926e-01
1.306655612478687944e-01
3.655930819483702715e-02
-2.652636198000870027e-01
2.298793111613171847e-01
-1.757240332790715176e-01
3.342238925202103417e-01
-6.590420119774634267e-02
1.028535277780851104e-01
2.060329217250074785e-01
-2.009002748832291463e-01
-1.434657176176329929e-01
-2.769376727341598676e-01
-1.344549135441507892e-01
-1.051758201454518343e-01
-3.991650877139574227e-01
1.828338129625804998e-01
-2.522414772627498344e-02
-7.142626249175618725e-01
3.762384984546235933e-01
-2.006664283616607369e-01
1.755170703943377819e-01
1.862094018527314654e-01
1.416401420534376676e-01
1.571531876204590727e-01
9.124395631457092593e-02
2.576432755864546675e-01
-1.727909023011920953e-01
4.701630192268366204e-01
2.026045634950776608e-01
5.582369722966167014e-02
-1.642444908504198942e-01
-4.991682704616469124e-01
-6.087652233766229770e-01
-3.946574575818065922e-01
-4.983428020316854057e-01
-4.061235276215411499e-02
-7.922844621610422577e-02
1.228067553670776496e-01
2.451354587917662503e-02
5.034281246043393887e-01
2.614173757541672360e-01
4.327123963548430013e-02
-6.734388134552991845e-02
4.160693379163504790e-01
-3.447292089904672174e-01
-6.178081456743363120e-02
-3.786996425619218454e-01
1.650660082878756818e-01
-4.996328681228427715e-02
-1.036233329155292204e-01
-1.126606051041022932e-01
-1.997435763955215382e-01
-5.072079866338634613e-01
-7.979401100412247816e-02
6.553546298276886894e-02
3.288292534414662821e-02
2.751045971256910749e-01
2.456727952061305564e-01
2.960455309977048921e-02
-9.770644627021911333e-02
1.486606240658707445e-01
-1.624986745710080976e-02
-2.672267289704847171e-01
-2.191219158201794803e-01
6.046029030289110789e-02
4.856591384737411754e-02
1.491479402788929154e-01
2.136473371863867599e-01
2.307499716728738104e-01
-1.207657916267511344e-01
-4.124382073714780717e-01
-2.704957006247116769e-01
1.515884768634985780e-01
-1.509187199417571157e-03
-4.304888392784770312e-01
1.836900255847441488e-02
5.359087283241672356e-02
3.876666581952451646e-02
-5.235098871500456497e-01
-8.059876218902439771e-01
3.995353245341114468e-01
-1.767150656682912047e-01
2.333484949585539481e-01
-1.608991587044903693e-01
-1.681598315124887000e-01
1.968335396648940999e-02
-3.323934407164627070e-01
-6.696169281731072231e-02
-5.928230767670777945e-02
4.461461986456944917e-01
-2.794839921025977225e-01
-1.713280419961234202e-01
-2.265315864943099125e-02
2.442309696477446349e-02
1.499294620741058459e-01
-2.152484543565031383e-01
2.453910465302801269e-01
4.751661331779720165e-01
2.407708658829244286e-01
3.833360849736354437e-02
