-1.425620635390361657e-01
1.148647831712828332e-02
-5.883825503981105626e-02
-6.552468151260031071e-02
3.801911938444933574e-03
5.214645478304249897e-03
-1.146842643776811582e-01
-3.539692364800206548e-02
4.021745877654758078e-02
5.371436861517262656e-02
-4.213096859031619651e-02
-5.082648369472146828e-03
1.757454898792805975e-01
1.588881096177834421e-02
2.010642397044770935e-01
-6.298752300726701003e-02
-9.065715854738323753e-02
7.429906515045281434e-02
5.179521237379696059e-03
-6.031369372407361512e-02
-1.608291400245306646e-01
3.432497036349941438e-02
-2.712225146497445477e-02
1.144081024177120015e-01
9.038273019596651525e-02
-1.336180047473082833e-01
4.356587018308710757e-02
1.258625976490869158e-01
6.563491275785862666e-02
-2.246799365848034802e-01
-1.478388434763185655e-01
2.593391490313403172e-02
3.988635765655375309e-02
-2.049146558134478102e-01
-1.572276692518085051e-01
-8.744912975930008159e-02
-8.895252424880899234e-02
1.210584155335480971e-01
-1.205036513060496334e-01
3.702415769462291673e-02
-1.880960734917645413e-02
3.885247398446269040e-02
-1.724363818246993640e-01
2.991299649309298037e-02
1.862535504166235034e-01
5.608900904770620921e-02
-5.168985577605170884e-02
-1.644365401824129380e-01
1.043596668485258089e-01
-1.736199250612317502e-01
-1.030415128128373825e-01
-9.572119887402669169e-02
-2.733436623931614906e-02
1.976983991112305772e-01
3.721043048503647893e-02
-1.350747645723227863e-01
5.376644872880237402e-02
-1.026862873844467949e-01
-8.315625657980096896e-02
-2.052635566355852370e-02
5.910173803386700730e-02
-7.091932840124333393e-02
1.125810304894018093e-01
-9.431749234566282059e-02
9.495414575684314740e-02
-5.245655689281360397e-03
1.530174623470833828e-01
-1.435062647554966320e-01
5.414072260719719060e-02
-8.077283907028817711e-02
-1.910422021046282934e-02
1.284018646647269446e-01
-6.899144380652520725e-02
2.180942304097657214e-01
-9.185157674921870519e-02
-6.371663679030188654e-02
5.273571311185338900e-04
1.255473330074934057e-01
-3.914181185821899618e-03
2.959030817032029526e-02
4.093509400202802184e-02
-8.999703826267166362e-02
-2.623727224281799386e-02
1.588197896795010278e-01
1.358776532078838639e-01
3.214119464376053587e-02
-1.387845754159177658e-01
1.217151935684195885e-01
-8.745023322058387283e-02
-2.329232425945297613e-02
-7.158289465904060789e-02
6.058213292026877472e-02
-7.976912874799392539e-02
1.529216111937994060e-01
-1.141610594943478080e-01
9.023283663000331023e-02
-9.624202937954273729e-02
-2.002146535971514180e-02
8.458561431118903629e-02
2.664635461396862651e-02
1.315798397592532476e-01
-8.177146822319177055e-02
2.873960497331893432e-02
4.642495284663285954e-03
-4.006120177008441058e-02
1.290773162478350000e-01
6.186240208085851816e-02
-2.417642339982456479e-02
-8.883030999857197130e-02
3.645964020070197476e-03
-2.273527608189739313e-01
-1.513230705618208438e-02
5.691672326359666773e-02
1.479905298044197903e-01
2.044438348208345024e-01
6.771890210420496159e-02
2.766379290436982163e-02
6.462961503828254517e-02
9.775389581985835519e-02
-1.163470686916448504e-01
1.142919796969000396e-01
7.623475895012737924e-02
1.133297085244543423e-01
-6.442188151044098143e-02
-3.940393448820342370e-02
-3.234919717042233911e-01
2.981774498011927131e-04
-5.226077223014596179e-02
3.799881406139848927e-02
-1.203442043045813148e-01
6.313822021933962469e-02
-2.504914239490258279e-02
-1.493132771115448232e-01
9.620586240291611677e-03
2.752217654638009978e-02
5.386009295951874748e-02
-4.069396984181433696e-02
6.845050461031235156e-02
-1.506674890896161564e-02
2.083735871487849348e-02
-3.921456938243927937e-02
6.868884689235943419e-02
-1.314807015477854613e-01
7.326829503770479479e-02
1.576848646504916407e-01
1.093978811242488497e-01
1.065673434971491640e-01
2.178751056049152771e-02
1.398310177811661059e-01
-7.883244962497350239e-02
-6.874306946395974949e-02
-3.762026400879126681e-02
-6.837819749880130749e-02
6.183557098090178977e-02
3.079068762330455442e-02
-7.438052027876809746e-02
3.892114038002808529e-02
-1.611121068730128891e-01
-1.506946632253117722e-02
-1.616754412405981348e-02
9.149555163664799262e-02
1.514209500508677808e-01
1.653949140443431720e-01
8.038285848207699438e-03
1.727757702650774968e-02
-1.158138529917989296e-01
-8.522549166501160178e-02
4.445383268631034057e-02
-6.971684043795232932e-02
1.459212297450266857e-02
1.388229867150127528e-01
-8.328387910217317780e-02
1.300341579041396911e-01
-6.825586890332245582e-02
7.362958544050314524e-02
6.009581775241446683e-02
-7.507958567924422066e-02
5.284575760645100762e-02
-1.022583141291249914e-01
1.433666910941477912e-01
-2.410354329570105758e-01
-1.453489072947233007e-01
1.208205612562519848e-02
-1.181900914436239403e-01
-5.503650701903485543e-02
7.561844688208355092e-02
1.193383515243298804e-01
1.346322849087063789e-01
-9.762901934772141854e-02
-1.042472952269587055e-01
-7.629887268198692896e-02
-8.855930033265743684e-02
2.177340113737363976e-03
1.381803221720254715e-01
2.296773797675263351e-01
2.793319392899670794e-02
1.788683297218534585e-01
1.567798691063081729e-01
-8.701681982712483610e-02
-1.458922534673484650e-01
4.681202242616930298e-02
6.889232017899631078e-02
-3.672366001783648748e-02
9.697654935306439239e-02
3.945336696385876724e-02
2.939527954690662054e-02
1.040304455483283264e-01
-3.522446254718040320e-03
7.631009922336336182e-02
3.008198099705869377e-02
-5.857884889870237921e-02
-2.668905998316473127e-01
-1.498621777675624156e-01
-1.148547884799323016e-01
6.646475141705016076e-02
-4.304298635892060687e-02
-4.662318051507847311e-02
-1.007675282134582323e-01
9.612621574683256898e-02
-1.249727386604666951e-01
-2.325292173368445348e-01
6.621481499005517704e-03
-5.485084844288223155e-02
-5.638652479249470217e-02
5.471996937925944354e-02
2.099737006793034599e-01
-4.699398717639512862e-02
-1.008191031470707794e-01
-1.204828373815042680e-01
2.295573312063702714e-02
3.055941005369006494e-02
-7.000625247360810210e-02
9.633809120868098985e-02
5.942866993227047256e-02
-9.630310463866587067e-02
4.459954640867359182e-02
1.402430295908227709e-01
-8.302598319010465189e-02
-4.457519549142818782e-02
-1.134077895369274835e-01
-1.091972947881063721e-01
-7.701994856955496349e-02
-1.196360853376058214e-01
-5.227868535287769763e-02
6.764793037383783070e-02
-1.629167827904806631e-01
1.436240924482087011e-01
-3.506008465634501137e-02
1.528377809550872379e-01
-4.041793086197869277e-03
4.744727922097174977e-02
4.435489983969874428e-02
1.095888708042949827e-01
9.967425832114978901e-02
9.268749076767692774e-01
1.000000000000000000e+00
7.255570652082545813e-01
8.314231374231976224e-01
7.375792755441294979e-01
3.888701281474732374e-01
8.238206689291455165e-02
1.743023755431198918e-01
3.134704382651675586e-02
1.228297539286382634e-01
-2.036443656033551930e-01
-2.347979892339783353e-02
-2.109338813560985293e-01
-1.033174149488736565e-01
4.919594511571267342e-02
1.100503437262459888e-01
-1.928867129169211936e-01
-7.451680022186618624e-02
9.716839787087622193e-02
-1.992728311447724832e-01
-1.830295562721162865e-03
-1.403952192706190176e-03
1.592767184780806700e-01
8.255658994729171696e-02
-1.080288329154542454e-01
1.503941364022207683e-01
5.550649437980421236e-02
-3.755542911007545698e-02
1.742668817114391422e-01
1.206282831546818118e-01
5.919899569294551078e-02
-2.689860624245499765e-01
-7.471790975268197132e-02
-3.845373890010721392e-03
1.926076963944050799e-02
-4.484826461407464236e-03
4.866855507775452033e-02
1.101542433969930346e-01
-1.763154777200140189e-01
-5.799578125178677518e-02
1.003953779512945302e-02
-2.486482128152891005e-02
-2.393554334114349896e-03
4.955454591455054833e-03
8.280087223649514050e-02
1.731286091215915590e-01
8.443191049238206458e-02
-8.760937717754144205e-02
2.356885446109613369e-02
2.008909275859378091e-02
-1.043292775118899451e-01
-6.262878256278850420e-02
-2.607234007193707484e-04
-7.117729085957065494e-02
3.121668795756728232e-02
4.595465597350695264e-02
-1.278944158622158933e-01
9.094740609515046537e-02
1.745533423320034805e-01
-5.408880671948081142e-02
1.132813827394325151e-01
-4.788091807559147900e-02
-5.559894037846094435e-03
-4.492632355547197115e-02
-8.199715413240030171e-02
8.818514402885417602e-02
-1.167390444949717096e-02
-1.245633739667989341e-02
-2.689041029433676330e-02
-2.450204720468098299e-02
-9.517829414942799438e-02
-5.667729022392378052e-02
3.669928900428657409e-02
1.772755345772322466e-01
2.807904324060761861e-02
-1.497110520216887036e-02
-1.371405058854379688e-01
1.202315095421989527e-01
-1.188234611998584440e-03
3.424599260365412956e-02
3.122893756263613041e-02
4.165548381807819556e-02
3.236498729692179055e-02
-5.386752934438264473e-02
-3.397163745856315864e-02
-3.593773860955642302e-02
-7.347127584796910027e-02
-1.063558193692987902e-03
1.697643771696326631e-01
-8.810720276895223080e-02
1.042455595367578619e-01
-3.933030126850258629e-02
1.104068188271776357e-01
2.042030622367208836e-01
1.243300720358042899e-01
-5.966267761911251549e-02
-9.638199460824652121e-02
-5.580790441644605838e-03
-6.246550937546871407e-02
-1.059981536709090656e-02
2.075569137813976783e-01
4.855391071998067104e-02
1.184902726396487027e-01
1.056344240137347679e-01
-8.023067352718848966e-02
-9.757370070751054947e-02
1.249016239481786639e-01
4.501428625389606447e-02
1.170202740935367414e-01
8.374794238878054131e-02
3.936347706172359934e-02
1.616681898160546582e-01
-1.352070508743196953e-01
1.424272120783180162e-01
4.477767758037470153e-02
4.532597464412759652e-02
4.997048106768769288e-02
-1.237704597034099997e-02
2.399410649144164409e-01
2.352812218814617495e-01
-7.237257321016993261e-02
1.615986805157312578e-01
-5.988048246612104331e-02
2.231627854905352815e-01
1.258054373030668451e-02
3.008399109511793873e-02
-7.568981152888781816e-02
-1.067346948864850570e-01
1.350989852113052836e-01
5.272594428903524394e-02
6.885920603611764279e-02
1.605276209536317389e-02
9.087803238406139128e-02
3.866342254521887289e-02
3.789533709140215090e-02
-7.944254519635418621e-02
1.280934519780767000e-01
1.666432634482615345e-03
-9.241743765183238132e-03
-6.706622351536876969e-02
1.091025662584369088e-01
-1.136750448742474551e-01
-1.928844635063552970e-01
-3.480111090103637801e-03
-1.775515690731931939e-01
-2.765712891888519875e-01
9.855419127652172151e-02
-3.265771710907548059e-02
-1.015548748747685248e-01
-8.618203027680555739e-02
-1.449857264501190346e-01
-5.819105980968995728e-02
-7.027573066647666011e-02
-6.196543968449016310e-02
-2.120694099773726415e-01
-4.414325515002249373e-02
9.049312816388160874e-02
3.888469992031703959e-02
-6.716529195124139318e-02
9.489632495730883355e-02
-5.317747502238089063e-02
-5.264711232536556373e-02
-7.042056430705503911e-02
-2.130566642959808021e-01
8.700631768194100335e-02
1.912065819949282375e-02
2.627597596442751010e-02
-2.281088031771458940e-02
1.964613664410325700e-01
-8.306058100701953217e-02
5.967854919286461057e-02
1.398446738920294807e-01
-1.283822093931082930e-01
-4.514572111077379962e-02
-1.179776789357562528e-01
2.115305667921892063e-02
8.528585752694929634e-02
-9.177705282573675460e-02
-1.452183733485278849e-01
1.151845500554987689e-01
1.031105264106119655e-02
-3.149086387772435935e-02
-9.572508629512549438e-02
4.315456818571088843e-02
7.677742436223279621e-02
1.217634952952076216e-01
1.437146656076070395e-01
5.967731545333126303e-02
-1.882263434599434626e-01
-5.703694543043054399e-02
-2.493851042547896510e-02
-4.904996760750061219e-02
-3.388874853686982963e-02
2.941189769484432379e-02
-2.053889128897301297e-01
-1.430231687474853471e-02
1.904076318087586164e-02
2.012749557808058698e-01
-7.669028863558570441e-02
-1.346295483327927534e-01
-8.937804877229978129e-02
-1.061973924442752015e-01
1.007933999817266640e-01
-1.342800129770556350e-01
-1.402239566674630122e-01
1.426614888620069688e-01
-4.698776005772239972e-02
1.586094013254192234e-02
-6.454649419674246547e-02
-7.382623009785098389e-02
1.417774614171234983e-04
7.213341780769179368e-02
-3.622652049793018830e-02
-8.052848773806918492e-02
-3.603023157999259152e-02
-2.273418664869193695e-02
6.375559575742574536e-02
-1.462491593942836232e-01
4.532883826895441060e-02
-1.648373261832727366e-01
2.888729623942123959e-01
-1.137361307553534651e-01
2.154056334291723218e-01
-5.846340162739869367e-02
9.522286602095028640e-02
1.307862206770172564e-01
2.079680667532753102e-01
-1.001376743798062241e-01
4.412946386499309176e-02
-1.492357858399904480e-01
-2.445254360437501551e-02
-1.056311557027999892e-01
9.933664015671214709e-02
-2.136974649521660718e-01
9.154496213569121577e-02
1.295079350594694478e-01
1.045248676546383371e-01
1.531049856791427688e-01
5.605085434627435706e-03
-5.266775348366309339e-02
1.205992557541670784e-01
2.101280965002357351e-02
8.654807797557299842e-02
-9.738728170582636179e-02
-7.255943897085197214e-02
-1.649721383853289813e-01
2.128219758486190050e-01
6.655175175888372596e-03
1.231132843781303360e-01
4.401864569305735664e-02
9.376128370585667254e-03
1.162142432619669291e-01
-6.176331979365331376e-02
2.104762856483451128e-01
1.510484735130161460e-01
-7.281596024314136717e-02
-1.090115937239287403e-01
-1.253108407609023756e-01
