1.394269382901921206e-01
-7.724397232936008884e-02
1.298910179336560389e-01
4.316041817831102467e-02
-1.561770289886564023e-01
6.299474002238926451e-02
7.805169332953590389e-02
5.632890316295804944e-02
7.673693051206846583e-02
1.095624619710682396e-01
7.234289443823252452e-02
-8.363040250319801749e-03
-1.900295697111807278e-02
-9.496865171476422118e-02
-1.291173135816097717e-01
-1.173309763306353698e-02
4.208253427045714756e-02
-1.569201900762332361e-02
1.604745192940043030e-01
9.116105889494173498e-02
9.487155965963660342e-02
-5.587947402075899017e-02
9.189164635842284046e-02
2.723475000056878662e-02
6.557033971858049204e-02
-6.355047285395526435e-02
2.279835041023811279e-02
-1.782670041682469508e-01
3.966037152033891067e-03
4.554825193380941661e-02
1.070327804119271670e-01
2.975337398010538190e-02
5.391426561040540272e-02
-4.397033210887661692e-02
-4.817975562991075322e-02
-9.103489527730879161e-02
-3.390151379187465036e-02
5.551149240604870243e-03
-5.736947211536101709e-02
-7.433110336110633487e-02
-3.266102888044007668e-02
3.148857713070416647e-02
-3.571206669979568732e-02
-1.034205826095185854e-02
-1.123184076714383722e-01
1.099200832104199888e-01
1.572559284454069436e-02
5.469711943070605653e-02
-4.496559124232464566e-02
-3.782856222089923254e-02
1.239191654535198557e-03
3.193517136423117131e-02
2.099402139009326484e-02
1.220823550920023537e-01
-1.366022267780504784e-01
8.600862187528934832e-02
8.249789215019574795e-02
2.252174932015631788e-03
-7.135385932712892676e-02
-6.770193169503566089e-02
9.691314810005403901e-02
6.641693942995155475e-02
-4.498914525062658841e-03
4.484842412057898908e-02
-9.077037587050596976e-03
-2.715992594244899527e-02
4.251647350843269085e-02
-5.509836987954603270e-03
4.628920563625684576e-02
-3.320342844857419179e-02
4.328872593857367897e-03
-8.648511126231379909e-02
1.135241358063841105e-02
-4.968131614676948860e-02
4.473203166750491268e-03
1.376907050378441133e-02
-8.844868037264315419e-03
1.222370933478647281e-01
1.646185790915061925e-02
-2.931775457274523808e-02
-2.553194549472325228e-02
-8.256596702501045604e-02
2.124183354732588763e-02
3.640081638233851492e-03
1.285227307156231770e-02
-1.633859150073508834e-02
-1.437356804569384916e-01
-1.841062124674467879e-02
9.871001560513717465e-02
-2.285486286279609855e-02
-4.990780809541915664e-02
-1.145019475254941271e-01
1.155267699913419960e-01
5.516244749357772370e-02
-7.201729102746892187e-03
-6.288438478819101396e-02
6.905107081474146091e-02
1.652299669899295192e-02
4.708509496276019890e-02
2.406951208392528810e-02
9.167074912291171829e-02
1.267598666513592223e-02
-2.486991689215106022e-02
-1.388872288458523896e-01
2.371182864803255963e-01
2.448473821456932306e-02
-1.031842974286768105e-01
-6.052266348910093074e-02
1.087406127568267405e-01
-1.703738108643905068e-03
4.341378360468704789e-02
-7.239419268831098764e-02
-2.000105114779081664e-02
1.198710639216039597e-01
1.036708833995782786e-01
-1.040257865475640031e-01
5.462320131332684681e-02
-6.865703318056823323e-02
-5.975025879576466997e-02
-5.078909507356035857e-02
-8.509674115744626788e-02
-5.816617711449572486e-02
-8.477145626228681230e-02
-4.856123449840143297e-02
-2.966774100635973660e-02
6.875133136734537520e-02
-9.947959859711176522e-02
2.387907687600388656e-02
-3.388710881170603484e-02
-9.109607260364460711e-04
9.397280471611323127e-02
5.135614139428353736e-02
5.099162564851501128e-02
4.813775176750922924e-02
-1.132819596353317471e-01
3.880683737505929987e-02
-8.176648163396434132e-02
9.343778377505056187e-02
-7.754608342132379706e-02
8.233294022404501200e-02
1.318601820626534027e-01
6.471392756956208248e-02
-6.630632801708748192e-02
-8.644764360363225986e-02
5.500176225060253443e-02
-6.914748260897904918e-03
-5.670662032547806736e-02
2.173230711548709837e-01
-3.055476775163025807e-02
-9.457572724132286279e-02
-5.287208362277219346e-04
-4.735846590963481428e-02
7.441036739308500014e-02
-1.962398687068555303e-01
1.352877200046883888e-01
6.047675273217751474e-02
9.685014250829632187e-02
-6.746475516275335371e-02
-3.020440080736452870e-02
6.547846951517223568e-02
7.681184510743396809e-02
-6.964995247116315992e-03
-9.301782018245494110e-02
-4.359098942829310597e-02
-5.128133054347412678e-02
3.268691326030687822e-02
9.107543330132282511e-02
-3.549326420819658851e-02
-9.033916085658616479e-02
-5.128814216189283431e-02
-4.241902193376451830e-02
8.751239577541454484e-02
-2.632180851120782816e-03
-1.502092395935524828e-02
2.040692810488414083e-02
-3.900348909063795083e-02
-1.300099275253394360e-01
7.565655062765375138e-02
7.420424813371433170e-02
-1.741302439803698449e-02
6.131710783377481572e-02
7.531974475423272586e-02
3.083292498458613251e-02
4.204497051646715472e-02
-3.859820724431387018e-02
-5.640496511748427366e-02
-4.689990802118671614e-02
-9.296401857568890870e-02
1.563143405885790982e-01
4.762718370091517661e-02
-7.217631699401050316e-02
-5.375140856271934386e-02
-1.776292794365341363e-02
-7.811051526067659678e-02
-3.875407951745834384e-02
6.994457762646177912e-02
4.639193014890454977e-03
9.687461610476251483e-02
1.133624273652724113e-01
1.798173045235019196e-01
-3.307936300533817053e-03
-5.678154812815395386e-02
1.569317756194539906e-03
3.016084848770613641e-02
4.867780041307329109e-02
3.707561079966229661e-02
3.451878637681087686e-02
1.446357500885462333e-01
4.415301555920208426e-02
9.231634016741155357e-02
-8.632805601319711031e-02
-1.251500171019844787e-01
2.656642213690951770e-02
-9.515744054806411778e-02
3.897869132231399775e-02
4.248000232773744417e-02
7.951443174312934625e-02
1.762720779792581460e-02
4.738183359093542379e-02
-4.801758978830240193e-02
-8.241727936625652118e-02
-3.239481049620545304e-03
3.884897294957297825e-02
-1.126384086834306131e-01
1.213398114883029177e-01
6.842264442032405802e-02
8.711949953865792684e-02
6.539670937207228696e-02
-2.766207351032496601e-03
5.012062202134985600e-02
-3.828349580811202246e-02
-4.176075517172343765e-02
3.237138615147366894e-02
5.420608765876985813e-02
-5.354946163422051250e-03
5.456065912021842990e-02
8.482152413064604490e-02
-1.016758556127116825e-01
-9.029227447823448549e-02
-8.371587401163560482e-02
5.484671316476102260e-02
5.785433633833007849e-02
-1.217355975541502128e-01
1.651132423738665977e-01
-3.834524305059443944e-02
-1.011487181413648906e-01
-2.966910296563068233e-02
-1.857420369893729439e-02
-3.914710934391568524e-03
1.002935285347252535e-02
-1.186061394775638073e-01
1.453824435581229924e-01
-4.769604601167648505e-02
2.270950961923844102e-01
7.596791463274008560e-01
1.000000000000000000e+00
7.756852955769545366e-01
3.634889007688681950e-01
2.091356194339605568e-01
7.696063637617574227e-02
3.134000811131245484e-02
2.481276205763724430e-02
-6.670822276181808189e-03
-5.201532005881709386e-02
9.645031032112000302e-02
9.388511830789804391e-02
-5.501667790060702640e-02
-3.091435940289303727e-02
5.124326758396168142e-03
1.086438839958212259e-03
-1.968244602438525698e-02
9.661398317599788343e-02
-6.683068509651508837e-02
3.239167595276237765e-02
-2.522826416082122325e-01
1.156983545526204943e-01
8.417711606212620323e-02
8.797547652570400500e-02
5.916533731526640860e-02
1.312599703832357245e-01
-9.084987397716320912e-02
1.011523291007215691e-01
1.347619163349714558e-02
-1.800739270032970102e-02
1.158986304348662150e-01
7.358320036636835371e-02
-1.104331888321304495e-01
7.030519224935967253e-03
-2.096796371955092844e-02
-1.570527494112767750e-02
-4.234820824559401564e-02
7.631206523446039391e-02
6.935388827670989353e-02
-3.799445415166675249e-02
5.353322198293849858e-03
2.047303243321957344e-02
-2.272099462418554830e-02
-3.346364685829703468e-03
-1.410899791352124844e-01
6.625838468225253575e-02
6.864680616839344274e-02
-1.327242912388796117e-02
1.473011045222283322e-01
-2.014327194740533553e-02
-5.928320147028121739e-02
-7.273296218465648841e-04
-6.120879838479846569e-02
-1.739040310599536121e-01
1.646816201291453619e-01
-6.922652665372257264e-02
-6.301830016342770124e-02
6.959911405469643153e-02
2.184475024534407450e-02
1.337858486578505368e-01
4.529805492469099470e-02
-5.439812610982189267e-02
-2.881474411652915762e-02
-1.712525767637879115e-01
2.303273342237345880e-03
-9.998267691195934781e-02
-9.262809054089973793e-02
1.117748814661333051e-01
-1.223842930278509766e-01
-1.925008348034353695e-02
1.435324940235967184e-01
5.224067224202128858e-03
3.554350536723135251e-02
-1.494016863623980063e-01
-5.585255158435031148e-02
-1.267631083698588824e-02
-4.893360547720888160e-02
1.978052108106787693e-02
9.551923975540969891e-02
-3.349279414230897645e-02
-1.471712186860032190e-01
3.249297239052018060e-02
-1.234208645485019296e-01
-3.962834014251016834e-02
-7.969288840133131879e-02
-1.479060106666593710e-01
6.252581020235165044e-02
-1.507156466355086093e-02
9.980475341212241558e-03
5.126564066484119719e-02
2.266469121366724432e-02
2.719103203948249753e-02
9.759541185260163509e-02
2.622735582261616696e-03
4.667757331854110320e-02
-1.321383584646637632e-01
-4.568494032083855738e-02
9.242998077073390217e-02
-1.898391041066327129e-03
1.057668686920914397e-01
6.543037374622756586e-02
-2.543799944735992968e-02
6.095684556387924447e-02
-6.070007639813002759e-02
3.187841789693439398e-02
2.311702521432356522e-02
4.496427810716778495e-02
-8.065851430805655656e-03
4.136516311854145089e-02
3.960325978089183907e-02
6.522011213566675236e-02
1.140026384313043845e-01
-8.794549693127319545e-02
3.335475131068828258e-02
-1.429843737228351230e-01
-5.303330280411416853e-02
-8.068034695304594772e-02
-3.148780872925938806e-02
3.828063421569829344e-02
3.604596202212066725e-02
-5.227703045244288561e-03
-1.256242156967712909e-02
-5.049741807919447267e-02
-6.879786378421925974e-02
-1.172551051846974363e-01
1.648367596176643357e-01
-1.712956994005086428e-02
-3.170225413500547124e-02
4.920345159315592243e-02
-1.191739112027935532e-01
2.840057080268047068e-02
9.148749283675765287e-02
-1.627578371313487303e-03
-9.461453207638412851e-04
1.298262152206550168e-01
-1.069018095170944926e-01
-3.600248162168348531e-03
4.062194138151425243e-02
-1.708148737841658216e-02
2.863850084159363929e-02
-5.932213469822933405e-02
3.467884995983559759e-02
4.725481272211552036e-02
1.000663337811629611e-01
9.153923362892740778e-02
7.015114707717137743e-02
5.508477505035459104e-02
-6.370206341455761367e-02
1.487547143241253755e-01
4.840001976473158433e-03
6.100692677410930742e-02
-9.883824409801067468e-03
1.151576239821897225e-02
-5.069779757142803267e-02
-1.967548183728079492e-02
-4.652760490101076618e-02
4.807036457635418050e-03
-7.545541594128579721e-02
-9.911948707383017032e-02
6.326144609232391136e-02
-1.050573435710317333e-01
4.155904933701483339e-02
8.192757169823067231e-03
6.788243751345882093e-02
5.791192802230418768e-02
9.894606563480898287e-02
-4.699360358251521846e-02
-1.860467459248883737e-01
-6.713544473371758914e-02
-7.224023245262378538e-03
1.971433007324997679e-03
7.556386475162192584e-02
-4.108923816880120233e-02
-2.093642232599242717e-02
4.161639425808676476e-03
-2.265195543412195679e-03
1.251562728150643761e-02
-9.541866499901022897e-03
-9.605148992329915272e-03
-1.994383245978076022e-02
-1.627935344213168184e-02
1.163422445711777276e-01
-3.559698694183532908e-02
-6.508071717709403015e-02
1.148093988394262993e-01
-1.083547619076691421e-01
-7.873820135577351553e-02
-1.036783300198260704e-01
-5.979084409096529357e-02
-1.362125725098061735e-01
6.048384876595457732e-02
5.563012078638844560e-02
-8.211767745817181996e-02
-2.182553060785679885e-02
-9.000518251171046868e-02
-2.077644914565295736e-02
-3.271334237387796967e-02
-4.021541270572172311e-02
-1.314603274659837673e-01
2.256138291999548393e-02
-1.162281803256976914e-01
-9.362366050431911169e-02
6.156114494316593938e-02
-1.867852790240858429e-01
1.225598276151500382e-01
7.744125477251947998e-02
-9.100723254157962183e-02
-1.220598859713233897e-01
-2.193800895721229050e-02
5.184269357042969872e-02
8.125424815824695834e-02
3.933627863235000799e-02
2.931137980378682034e-02
7.106513018816631999e-02
2.789620590187283714e-02
1.525643508251421643e-02
-8.846874071541627194e-02
-1.601502291893353858e-01
-6.282312735898645806e-02
-9.550746091098656632e-02
7.600669714461781579e-02
1.091669322184393998e-01
-3.151370645099702689e-02
-2.318011200658361484e-02
4.398940290084195001e-03
1.366858346885717890e-01
-2.244952454310251283e-02
-1.031680106172184475e-01
-4.063753334278252805e-02
-1.150217535063956104e-01
-4.791420429926356722e-02
2.527658310724718513e-02
1.396307536162001012e-02
7.653120679272337745e-02
-1.274732423045269770e-02
-1.797189318441505534e-01
-1.395330837311084191e-02
-4.420267312728223819e-02
-3.908223338515826734e-02
-5.921998311328882311e-03
1.161438844495375072e-01
-2.570821687178307183e-02
1.611772046945132153e-01
-1.016995399511828740e-01
7.965072058499762797e-02
4.676974865928969910e-02
1.291230475215476570e-01
1.109146453105988722e-01
5.949946071413289572e-02
-9.055287917032216194e-02
4.819379499422646318e-02
-9.258606054580212699e-03
5.634696068103113575e-02
-1.418859645570242911e-01
-3.965545476953576121e-02
3.947213800487694296e-02
-1.354486804608312223e-01
1.325270593864204538e-01
