-1.352935552401862973e-01
8.429716163989672828e-02
-6.805898096399516650e-02
-3.245501983708697080e-02
2.012977304975570036e-01
5.673583711113126989e-03
1.064228987289481398e-01
-3.071848627119186381e-01
1.162785306433828346e-02
1.313582822164486574e-01
2.022915301809957989e-01
-1.671227082713200029e-01
1.238925288820419690e-01
-1.922724637811657200e-01
-2.593532184626830550e-01
-2.605625657071828361e-01
-5.344241687752702974e-02
2.785504599262878314e-02
1.371654099663520143e-01
8.630517022177316977e-02
2.110296238846645373e-03
1.590848787238288153e-01
2.656027290586423506e-01
-7.977195626773131432e-02
5.813374736862417236e-02
-1.923114314551076509e-01
-7.802664490329114938e-03
-3.153188434832526754e-01
-2.804557460604964469e-02
2.005289040244680882e-02
1.970059133213648284e-01
9.043901578542425101e-02
-1.125813028389564263e-01
-2.331107685695050502e-01
-9.192585606002726117e-02
-9.266446529110837493e-02
-1.260355910456372741e-01
1.087304428094164610e-01
2.386946364589846627e-03
6.100401734994208812e-03
3.410937393962347186e-01
-2.625485644786629824e-01
-1.977349106886037156e-01
-2.046569429772738258e-01
-3.829153605512298358e-02
1.457624501170306786e-01
3.128698678061106464e-01
3.471254437759678235e-01
8.651326955500878053e-04
7.909880917324120519e-02
2.246161071282654076e-01
8.104441457137569194e-02
-1.353320978574613920e-01
1.739701143256729421e-01
3.039766717734151795e-03
2.574012677075969147e-01
-2.914758544027913345e-01
-2.112235894946478398e-01
-1.690691892318474110e-01
-1.592122038558089758e-01
-2.151149253712310583e-01
2.111119418643066931e-02
2.204011452829251691e-02
-3.048002588459742812e-01
-9.084244090615167799e-02
2.685973590112594178e-01
-1.420024663099657691e-01
1.015958892544568531e-01
2.656634563822926065e-01
-9.204616061771589419e-02
3.658177771562209357e-01
-1.127518301364582171e-01
-2.972298581983796595e-01
3.886468074989326005e-01
-1.022577314673813742e-01
-6.562452959926955154e-02
1.160039590122479147e-01
1.097920230488597659e-01
3.963232811591485549e-01
-2.802355431332683722e-01
1.474532901194742784e-01
4.249009327333096164e-02
-6.974959625482497760e-02
-4.771725141304565543e-02
-1.108404954493383450e-02
-1.941817780081868672e-01
-1.003020465420914609e-01
1.675974476870367626e-03
3.458606131203444730e-03
9.696334290862841654e-02
3.617771183028678506e-02
2.734081304632439771e-02
9.679801808741027302e-02
-3.138895719481810676e-01
-1.902336664807675881e-01
1.399485691110959606e-01
-7.189562293175705970e-03
-3.681871977154567432e-02
1.305679492814267317e-01
1.308665594019610412e-01
-3.240783825054013301e-01
-1.015116439472940890e-01
-1.648903234046519839e-01
-1.559588568346422510e-01
1.765930260451235856e-01
3.730697086052932043e-01
5.216542136632549426e-02
7.481211920863850562e-02
-1.670799892695871702e-01
-9.635418517536012417e-02
2.474076453120738206e-01
-1.010658232332079312e-02
-1.443353221054085589e-01
-5.624806178746755841e-02
1.564092426576558781e-01
2.634616598890635042e-01
5.999453908246975276e-02
3.141057956611212343e-02
-6.156874446384628941e-02
-1.599495877325096682e-01
-6.530163301163909306e-01
1.930149820784146653e-01
2.780384560039355635e-01
-1.691672338184221080e-01
-3.710187299264715993e-02
1.081122377672640855e-01
8.590318795806628493e-02
8.628158418255500728e-02
5.018177367227693447e-02
2.807749942897376783e-01
-1.136043160945638814e-01
1.588207588339573262e-01
7.589448390414225976e-02
-2.178506135436995284e-01
-1.292128291084151115e-01
1.925998441770865044e-01
2.093742847672758201e-01
3.145038568930239586e-01
-1.693954621447877895e-01
-2.557365823244877601e-01
3.477210379725499401e-01
-8.145520025783205276e-03
6.842062687899468088e-02
3.350612092697286548e-01
1.983670788750052094e-01
-3.666667292891460650e-01
1.391087639183098412e-01
-1.951058784718488412e-02
-1.134712809559653701e-01
4.643145154470401659e-02
2.214057790851543528e-01
-3.956318685210981345e-02
-1.638186636380086492e-01
7.871853674362262743e-02
-8.806576507034518091e-04
2.421547358349597848e-02
3.313235679074456042e-01
1.478668019763308139e-01
-2.566495521916439121e-03
-3.186852997396780185e-02
4.080355557964409075e-01
1.070059870562044546e-01
-3.178755508755207182e-01
-4.760002287963910894e-01
6.998746081157880550e-02
1.374899063054323411e-01
-1.006203408446349062e-01
-3.532995305795064156e-01
-2.877678018537087601e-01
-1.104078698045623114e-01
2.672231618178431689e-01
-3.160258138825230434e-01
4.469481640803132927e-01
9.598047286569354186e-02
-1.313825860797125378e-01
1.613400736986067563e-01
-2.657515393130821524e-01
-1.165561019651041447e-01
3.073349127387010604e-01
1.151974186957293311e-01
6.026010903830573973e-02
-2.522267442319184316e-01
-1.460280383129671511e-01
-1.103452747151988274e-02
6.372047487312576530e-02
2.081686390349468396e-01
5.475422338040856207e-01
-4.085711415758873088e-01
9.759530354104778427e-02
-1.005421055204282071e-01
-7.264548203693699246e-02
2.887012057653248753e-01
-1.773499618145306378e-01
1.356862400343359920e-01
4.430735857221929086e-01
1.539959753565685041e-01
5.528979822971823443e-01
2.571183391981241018e-01
1.066052555959372816e-01
-6.307245017968392264e-02
5.926698457222169536e-02
1.260752909615573958e-01
8.328142632825727421e-02
1.978736303847612732e-01
-5.552878323285701523e-01
2.009761342904502202e-01
9.704217818549568109e-02
1.948522400351508079e-03
2.772283551827490339e-02
-4.320411870688315448e-01
3.198425224422459801e-01
4.438654439879329838e-01
-2.595254470693506565e-01
5.284055150617408131e-02
4.917379225942063170e-02
-7.056052282275466180e-03
1.586471299769452448e-01
-3.280367240894090375e-01
-2.687761831355666153e-01
-5.483432241653785760e-02
-7.418702970365051441e-02
-1.178291625343357539e-02
9.794647795691164074e-03
3.293601948261366819e-02
-3.535604238294939305e-01
9.959613381022602852e-02
-6.411357138850835857e-02
-3.972753647966519031e-02
1.906183472154759362e-01
4.257367099879598264e-03
-3.578963358912323200e-01
-2.799818038293737099e-01
5.324595585943676657e-01
-5.854462641179702942e-02
-6.392484253955136309e-01
6.287269106992786349e-02
2.248578408841804266e-01
-2.073782669254260768e-04
2.078063749272308636e-01
2.101395306989519152e-01
8.674574383590637205e-02
1.240172345358021150e-01
-8.664865256996999963e-05
-2.873531144581067398e-01
1.123387749118177764e-01
3.359586900423342515e-01
1.513418890730613628e-02
2.927932322562116774e-01
-3.194500136265588375e-01
3.272915680738098243e-01
1.596803223909779579e-01
1.731173898869702975e-03
1.432482264103936490e-02
2.492823431455896410e-01
5.991877036386873412e-01
6.758256580370078925e-01
1.000000000000000000e+00
2.539235433191697755e-01
1.662711442958912655e-02
3.268388881979434890e-01
3.306959585554925529e-01
-1.079087892589476877e-01
5.094794847911252589e-01
-4.843886749871080255e-01
-6.225295457061194582e-02
3.652204562013839362e-01
-1.992867636765850159e-01
1.091776944148719758e-01
-2.942653173803241873e-01
1.193572257426206429e-01
2.573985657556793205e-01
2.867914304282530302e-02
4.821418283032177093e-02
-1.257144824803470978e-02
-1.841640205189036261e-01
5.401685858600530771e-02
1.643245488593444437e-01
-8.139729260936177935e-02
-1.624087010439440038e-01
7.816576118004314733e-02
-2.806050110027418221e-01
-2.293549948874442079e-01
3.248825778709485412e-01
8.858347528096897905e-02
-3.368007151057477166e-01
1.967104174399149710e-02
8.536303165714026128e-03
-1.132378257867403953e-01
-9.594187453453369586e-04
1.641341762458381828e-02
5.487656620642344940e-01
7.208038609786007189e-01
1.973306343720292455e-01
-8.057692143791171657e-02
4.181038497640517798e-02
4.984026857154724710e-02
2.087376961621740523e-01
-3.621125189813224066e-01
-7.138451180226471071e-02
-2.898115271031121432e-01
-8.420731424884278504e-02
-3.881570543943546614e-01
1.113711868723071402e-01
-9.038851130937387846e-02
1.772813118226083395e-01
1.845851418716151493e-01
-1.430770283735648685e-01
4.779866968797655269e-02
2.013823427542645872e-01
2.142552428603267112e-01
1.126024863068786786e-03
-2.712204395002286716e-01
3.062177196176375099e-02
-5.673263173834600798e-02
-2.090488812902532578e-01
5.299602151186542931e-02
-4.732218470712639680e-01
8.191730866201134276e-02
1.868952871902030133e-01
-3.586786902158572987e-01
-3.813461598345228853e-02
-2.016528345326455696e-01
-3.961440186427257482e-01
-2.060502244000683436e-01
4.957987564290589066e-02
-2.301148888959468064e-01
-3.509031342801800096e-02
2.987221898944772414e-01
3.251925553682872422e-02
1.586325730064809814e-01
8.267162495319836657e-02
4.067582022018094157e-01
-2.388389243651215660e-02
4.769562297017126279e-02
4.175076164035879112e-01
-2.170757385906089687e-01
-2.164978771061673579e-01
2.982136597458324156e-01
1.601312511420435736e-01
1.176485523142384582e-01
-5.074322776971882387e-01
4.334248190651140420e-01
1.556608782423029302e-01
1.104415160483814551e-01
2.266374207946529884e-01
-1.549362199025652587e-01
5.561847690906251973e-01
-2.710820269893527423e-01
-5.720399515349944286e-02
-1.158834189648474955e-03
1.449010092723519161e-01
2.486901748514162569e-01
-1.015833772586559186e-01
7.442816963340982694e-02
3.055240427058472652e-01
-3.832101410522956719e-01
4.455714154643975466e-01
2.254050630970051150e-01
-1.369720409852059062e-01
-5.175323981619994740e-01
2.615503941922034392e-01
4.634605104326805503e-01
-1.346550311823155668e-02
1.539653222331759282e-02
2.050993745564809734e-01
-9.723868628885158627e-02
9.454653721902434027e-01
-2.449957477682653262e-01
2.696758960317497955e-01
-1.252459598594982404e-01
5.401735487800625179e-01
1.999769816013096391e-01
1.797466271705349672e-01
-2.358717440903575213e-01
-8.591036014427448630e-02
-3.517895370479200839e-02
-2.470874443113200425e-01
-4.060558431341840940e-02
-5.162550202008072686e-01
-1.633895952504494653e-01
6.917434213502259011e-02
-1.570717113548285304e-01
3.050448257606408475e-01
1.311783495266476418e-01
1.490697955723919443e-01
1.193289375484798548e-01
-1.586743615862093726e-01
2.094351720525267774e-02
-2.908013252980721219e-01
-8.710400032865353581e-02
-2.622310970053909895e-01
1.834654599132018449e-01
1.531182274991381431e-01
-2.583860216810959093e-02
1.049939111531591855e-02
2.867940920863468746e-01
1.047814546370908345e-01
1.361168592016577528e-01
-3.194663715374587709e-01
4.784033823133754942e-02
2.112297234754493269e-01
-5.665669767596571288e-02
1.670669393897405430e-01
1.388898890036113498e-01
2.799870367987080666e-01
4.401690206632402069e-01
4.398692350040198096e-01
-1.674323647631519724e-02
-2.651379124280218158e-01
-7.593772254983513492e-02
-5.961907832948982154e-03
-2.945767587955664957e-01
2.782509761876819643e-01
1.734792659910648627e-01
1.713443999405066254e-01
-5.091234835083623123e-02
3.171523294056384779e-01
1.735168079655881879e-01
2.690082187318481033e-01
-1.452458101511698296e-01
-1.340005465660660255e-01
2.836033231449306968e-01
-1.118929926948960818e-01
2.568817813869051503e-01
-4.638226942317109081e-01
2.115062485208634158e-01
-1.559140593248813881e-03
3.785061769299373491e-02
3.500565531712379608e-02
-4.250296400234633287e-01
3.579546928148371054e-01
1.182965952477659372e-01
-5.810707909245017844e-02
-2.162157997925266972e-01
-1.805320525616492255e-01
-2.102569533647377642e-01
-1.446693743661765230e-01
8.979347229376427597e-02
7.324125725598797099e-02
3.256320414778245409e-01
1.237606427505865553e-01
3.266427077430299891e-02
1.112542423844710068e-02
-1.588474901218604185e-01
4.800271817271378749e-01
4.383197425256972479e-02
3.190735324499644615e-02
1.425022734926249812e-01
-4.847034343236565623e-02
1.550966681790287181e-03
2.499843601467508780e-01
-1.135496424430294526e-01
1.859550448674448728e-02
2.104366144062844168e-01
-1.668365552869900126e-01
1.221920078775519114e-01
-1.240245074357935323e-01
3.035366680505834358e-01
-1.518147993962617147e-02
1.736836083018747090e-01
-1.549519524117453362e-01
-2.221523862492314205e-01
3.327793256137089317e-01
1.442960351325298929e-01
-2.460141839493238392e-01
1.679833538622914624e-01
-3.381683095725507293e-01
-3.472046736164511871e-01
-2.575901640917849234e-02
1.775872497027306818e-01
1.089586446041946044e-01
-2.704527926754414779e-01
2.734684368397242160e-01
1.619867152992763848e-01
-1.879756710053156477e-01
1.831767289747996685e-01
1.258697720295035294e-01
-4.683980569695009311e-02
-2.504681916709345160e-02
-6.167321796355386410e-02
8.162602630107994306e-02
-1.317242089934818512e-02
-2.212591571257926104e-01
2.097727138832477523e-01
1.616890305567847685e-01
-5.169550297317482973e-02
-2.705453846250742700e-01
2.489798129858238410e-02
-1.171737325036552591e-01
8.574966725723162653e-02
1.250557036083289886e-01
-5.167961654574390051e-01
-1.060299648565941888e-01
4.780875038382767506e-01
-7.343053831346475768e-02
-2.101326473186000132e-01
4.429120365953412852e-01
-3.987561512511054174e-01
-1.804739264761036355e-01
-1.365163602636124962e-01
2.198357174301877048e-01
-8.168852515464340713e-02
-3.076633058909841179e-01
-3.773211517307238361e-01
-2.240247086387103237e-01
-2.779327775549154111e-01
-2.079888772796318341e-01
2.578137778392179946e-01
2.154427795569847370e-01
2.778149785655991133e-01
-1.420958850888699998e-01
-3.331163736762421945e-01
