-4.581278432349961821e-02
1.522174356882809339e-02
-4.640515667941857991e-02
4.141842207062429448e-02
-2.100006220311081192e-03
7.310878604514506329e-02
9.646571053516693472e-02
-5.889353100235385219e-02
-4.366750805797221108e-02
1.537580295442125267e-01
-5.621073076771593985e-02
2.327504540990657164e-02
-3.644651254679957819e-02
1.570053541832687125e-02
-1.143797239495969731e-01
-5.588976987936863927e-02
-3.263166379021096436e-02
4.717328646356578302e-03
-1.594316829601391886e-02
-5.003987968010703558e-02
7.424460091168348652e-02
-6.325321467067214487e-02
6.333805796615786521e-02
-1.810501972923522426e-02
7.368055928022620993e-02
3.795910259715909446e-05
2.016475711454689471e-02
1.472229390438372851e-02
1.894859360320895469e-02
-1.063667659983156683e-01
-2.218093962986878928e-02
5.997910952097982445e-02
-4.308049336220535347e-02
-9.020888135950680398e-02
-4.031921623899060309e-02
4.273328659461089751e-02
1.079243634730472357e-01
-4.108579580931802366e-02
-5.444299531324357094e-02
-2.313736570417572122e-02
1.772125789484080838e-01
1.458400879773742720e-02
-5.301522855239768073e-02
4.646892149894826102e-02
-1.510239339881552963e-02
-4.483256669498155572e-02
-1.130352306659279313e-02
-5.913019082659683179e-03
1.844135364102719721e-02
2.808104886187948526e-02
1.556297443565240416e-03
-1.432385935727764972e-02
-1.565918278176716555e-02
-3.762104716304617239e-03
-1.618052941207486634e-02
-2.492105675089461431e-02
-6.985999955417024343e-02
7.487680194028722980e-02
3.980734692274948139e-02
1.153805320413711644e-01
-1.490971642836538824e-02
-1.896254587646232712e-02
-7.562073340655071918e-02
6.140823282095325686e-02
5.460701659898062332e-02
-7.346290592646757822e-02
-5.360168236682493620e-02
2.132530460635026770e-01
-2.502718609437223560e-02
-8.896087838765839861e-02
2.137476730795628832e-02
-4.252495616004052514e-02
2.043035439897334174e-02
2.286557058223912670e-02
1.294539858317161202e-02
-1.485163974619520266e-02
-3.769231765750528929e-02
9.233907055921532214e-02
-3.415593370256281985e-02
-4.740505058054367282e-02
-4.778307074672269450e-02
2.647768248550918038e-02
6.057493191882253741e-02
1.139170649193308876e-01
5.161387624020343651e-02
-2.576838279491839440e-02
-3.433906600726267799e-02
-4.018606704594588491e-02
-5.698338212975052886e-02
3.244290755921536151e-02
-8.467670092110565760e-02
-7.120779266698835930e-02
-5.265591291871444396e-02
-5.442047877193285921e-02
2.744311517634039771e-02
-1.809491418214534408e-02
-5.083904870448840291e-02
-3.836758868403609968e-02
-1.500336566669813188e-01
-1.854180953372668861e-01
-1.197166549792755752e-03
6.446638580774230465e-02
-4.943236041959855193e-02
-7.711513997297853029e-02
-1.306667240260735996e-01
6.813609503807006862e-02
5.659974157440326309e-03
-3.636382582051671947e-02
-1.182855551450736897e-01
5.047955813312745427e-02
7.695394133989528389e-04
6.034031974301084372e-02
-5.344311090486005000e-03
-6.811997524872367982e-02
4.910516583174693445e-02
-9.230215273457119396e-02
7.236817305805785805e-02
7.062213565500040369e-02
-2.230858114019346194e-02
-1.407437095819426276e-01
9.119106644501809300e-02
-2.222285200311098496e-02
-7.721347901871876418e-02
3.656537033181335439e-02
-4.223740321565447320e-02
-3.176083966252642166e-02
-8.929912857526040026e-02
2.059492239151807652e-02
3.084261976510729950e-03
3.585672722332122059e-02
7.716463184428049016e-02
-4.177076475182033011e-02
5.873553813340522123e-02
5.844707214301568532e-02
-3.396175997265023228e-02
6.964497023951500554e-02
9.185855045824264887e-04
-2.369464747212039063e-02
1.994475379409297450e-02
2.096254354004534193e-02
2.225517196338528195e-02
-1.078003828043181955e-01
4.390002787564480091e-02
2.130639596647508974e-02
3.626993253358222480e-02
4.337431815740410562e-02
-8.892009100474292105e-02
3.844407788228302279e-03
9.402727585877246330e-02
9.799726533037109166e-02
1.257423444335078466e-01
7.492988292920223226e-02
5.674911023337351340e-02
1.490750668199923926e-02
9.144108313397550369e-02
-4.752356808612852312e-02
-7.548118631688456592e-02
8.519355549946955319e-03
6.008275733500317850e-02
-4.746999471221472616e-02
1.533400017048463550e-02
1.172392010428626452e-01
-3.283634412375779910e-02
1.051653657371965644e-01
1.487186501491263510e-02
1.138106522169813999e-02
1.369594492497290261e-01
-1.663032529742012461e-02
7.820547659605159513e-04
-3.945374977146391682e-02
3.525786241467888937e-02
4.777564356053358441e-02
1.596101962126534116e-02
8.306361494130735934e-02
7.218613968392359470e-02
-1.772752781005491537e-02
3.146423235438695898e-02
4.958995774896454711e-02
8.696983093579460644e-02
-2.320778488422017144e-02
1.620095359524072534e-02
-2.953471256496191868e-02
6.639815120553341221e-02
-1.130835570740521684e-02
1.369025301922379423e-01
7.886706120018488475e-02
-8.466013878329231579e-02
8.789912665640163200e-03
3.550357470981107405e-02
2.543208703443480823e-02
5.778766215261795652e-02
6.705987644528363378e-02
8.242177469083988850e-02
5.042804240002145277e-02
-2.128142281081988121e-02
-8.103077344276171656e-02
-5.757131601730719472e-03
7.201785101101834674e-02
-8.054977070224543512e-02
1.215914274023715234e-02
4.752663813012256329e-03
-2.930390259573211267e-02
-5.935214761965552921e-02
2.790631340048382522e-02
-7.327265179136394080e-02
4.328855315833321504e-02
5.072349688453385748e-03
1.974560720303306441e-02
1.026375301352453334e-01
5.631821779496670732e-02
1.275964452868258436e-02
-2.373341307623373989e-02
-4.475521479673719855e-02
1.678266932495749847e-02
-3.853123017192634867e-03
8.134868003508019529e-02
8.417916982177979512e-02
8.717693453344112567e-03
-2.434451279676208557e-02
4.327996720281362952e-02
5.661917630580420857e-02
4.288214357357898743e-02
1.435940761291367232e-02
7.688856381822546660e-02
-2.530637805744825192e-02
6.443934355482628697e-03
-9.263290243857970688e-03
-4.194875134069132178e-02
-1.381003303888653500e-01
-3.868720606313066218e-02
-6.261179830886265396e-02
4.298674029560575066e-02
-7.306924604198733811e-03
-1.254641262935334844e-01
5.427909370503052749e-02
5.564274785399322965e-02
7.039011916921673884e-02
6.838777153893267624e-02
3.436208588045657625e-02
-8.830061727302397634e-02
1.369413777513201098e-02
1.396523550314625606e-01
-4.278621641630085681e-02
1.629740356832889425e-01
1.551290501022431489e-01
6.646605299412942924e-02
7.387924612063397067e-02
-1.093776652092327412e-01
-9.091225156170996968e-02
-7.756995438369257423e-02
-6.997777537922044962e-04
-2.804595712924808429e-02
4.855864504834519341e-02
1.073296139460032383e-01
5.706723801832549459e-01
1.000000000000000000e+00
8.501992935107728355e-01
2.965463111632083981e-01
1.730096827771359369e-01
8.242899107735712771e-02
1.343351691903853506e-01
-5.472526512036593807e-03
1.031276210185015224e-01
2.083841076575219595e-02
1.009016569733912905e-01
-1.084470096026292005e-02
1.228679405280061997e-02
2.699710846769646719e-02
-1.505406879124873420e-01
-1.845572980293279028e-02
9.180889016706487993e-02
8.612246902977666041e-02
-1.482976693445592353e-01
7.929836126971583077e-02
4.322836994348049772e-02
6.211067371963061023e-02
-1.790880138840690930e-02
-3.948028046368550620e-02
6.832314370993135266e-02
8.948444685587375602e-02
-5.984378415425465475e-02
-1.077245891585326340e-02
6.081710941816782789e-02
6.216532319199064710e-02
-1.039743882641818717e-01
7.097305121773191117e-02
3.485056261603478034e-02
3.223986420547162585e-02
3.593192692465009552e-02
3.939238401682806923e-02
5.240425716697502678e-02
-5.167441047506293045e-02
1.063689063099961946e-01
6.745170980902671920e-02
3.376880047852837130e-02
2.571691387069096127e-02
-9.568706398730402601e-03
-2.414911574473540840e-03
-7.610074480248391060e-02
-3.074746189637602226e-02
-4.499093893300655511e-02
-3.360030517193782207e-02
3.995327887914500165e-02
-3.360285519773865276e-02
4.243317318147973166e-03
-3.809546631254538684e-02
2.437331476686149367e-03
-1.059059677774051161e-01
-6.206584163444227309e-02
-1.703195867127555718e-01
6.972447433466334721e-02
8.726655354916494634e-02
7.554294573443068317e-02
-1.323938612098401191e-01
-2.656680505339229989e-02
3.719449308762331347e-02
5.771347662798578110e-02
-3.523885669239586876e-02
-1.874672298701531015e-02
-4.296159428526324237e-02
5.142105582177087381e-02
1.185885007173704958e-01
3.952324079263391104e-02
9.064195977381558911e-02
1.358259585309720078e-03
8.601347335783424142e-02
1.157009516528449411e-01
2.443161922208379744e-02
5.686439621594336497e-02
8.883705003081150686e-02
-8.623872828742752683e-03
1.054730482495525035e-01
-1.303001784279258883e-02
-1.148107919222604231e-02
-2.053659018378210452e-02
-9.667841102252820729e-03
-1.119153710337876008e-02
8.706743356591557792e-03
7.349803406914256869e-03
2.492276337168988082e-02
-1.923489644981011062e-02
-5.339645740946083463e-02
1.703508278949452531e-02
-1.508834865245062967e-02
1.510611650780226134e-01
1.416196447081189691e-01
-3.372870647805051997e-02
2.037090192467209682e-01
1.153764461664719548e-01
7.482565797631120230e-02
1.398901237786476515e-01
-8.907647409831244423e-02
1.094700347386046158e-01
-8.187454508652101948e-02
5.375861122885158133e-02
6.715340568233078844e-02
-2.184310352868595873e-02
1.992492427127047494e-02
-3.063302423711232285e-04
6.062320309904448146e-02
1.629329417999425267e-01
1.376220261617653283e-02
1.134903105946475366e-01
5.274659980406176674e-02
3.581340941907674991e-02
9.562197152574854198e-02
9.682813384834308701e-02
5.585427937950709215e-02
3.327917592050409074e-02
4.908575696992913823e-02
-2.668452690118920320e-02
-3.803165965304371437e-03
-2.438904722736950025e-04
1.079146623294282153e-01
7.599504383925362316e-02
1.231486744859899285e-01
-2.059631687563019675e-02
3.969089686019972030e-02
-1.124199957014637187e-02
-4.248841770447851773e-02
1.310492199058068720e-02
-9.389815270186208096e-02
-5.386871114200902921e-02
5.193981656428357796e-02
1.717177390096108047e-03
8.733278249596945764e-02
1.272541414298778151e-01
2.038185986321223442e-01
-4.925351290424632295e-02
3.665545932916980387e-02
-1.863779903906122651e-02
-3.343095343046114526e-02
1.380300493461596445e-01
5.857260389301031239e-02
6.762865293379237419e-02
1.608625391308469987e-01
1.002516155664147646e-01
1.966538667409934993e-01
2.430403640586689673e-02
8.201538203098240887e-03
4.126737057745726023e-02
2.744695981950772551e-02
-1.574722059361661000e-02
3.136008892772304546e-02
5.349413570711583632e-02
5.928917751956898352e-02
5.944494493265554090e-03
8.143738966119550005e-02
-3.653452752653542357e-02
-5.108990014086393916e-02
-9.544213742839023976e-03
8.750962126239436589e-02
2.271435603661783528e-02
-4.968374990520584011e-02
8.149022607143487085e-02
4.213452291665602256e-02
-1.305682897568397755e-02
-3.542194333286852181e-02
6.283932900785983711e-02
-5.087413271788292224e-02
1.082222176513298190e-01
-4.374014135668168740e-02
-1.303977445287185684e-02
-1.406464857243018285e-01
4.333357321107406818e-02
1.136632069341498991e-01
3.370240525162784134e-02
5.493782219821408824e-02
-5.375442953390283801e-02
5.429604064186014517e-02
6.837228616693998701e-03
8.404695717415753761e-03
-8.578595568871762167e-02
2.166851600686207913e-02
5.926455444558149932e-02
4.798871750973709993e-02
-1.304527233336461381e-02
-3.898637757160287876e-02
-1.648793793905029698e-02
-4.914251828560962931e-02
-5.465909529642814374e-02
-1.430231778372571989e-02
2.950075145890945771e-02
3.760876146645573959e-02
7.767417469329707461e-03
5.888613645051714307e-02
1.621692879195333128e-02
3.804680246236735383e-03
-1.658097801874619179e-02
-1.547054602198902513e-02
5.862653923381528492e-02
-8.736965882236144565e-02
-4.527145090589906884e-03
1.187629753425681889e-01
-1.030979618976695933e-01
5.600147654656998514e-02
-2.880760292806986908e-02
5.073375860002976578e-02
4.886111012087242245e-02
-6.635315606790231913e-02
-3.524207518552455176e-02
-3.917755778260208210e-02
-7.205756760612551381e-02
-6.335047104336910540e-02
-4.907248713222323727e-02
1.278346871724035660e-02
-6.529669527394429962e-02
4.399883068632081187e-03
-3.543920913266398152e-03
5.959899006405519617e-03
-2.485110054914407493e-02
5.404485329834880086e-02
-1.206593188885012394e-02
-1.178619207431506888e-02
5.612239082773444465e-02
-6.689852902886374297e-02
-1.441796896084001495e-02
1.027423225440615012e-01
-3.064526517758790411e-02
6.218099511591985290e-02
-2.126354255618080093e-03
-3.579073513595546624e-02
4.887065478662270396e-02
4.104419765574363749e-02
-1.295515727624128866e-02
8.658457812558177646e-02
3.056253405102542231e-02
-1.489855991716340367e-01
3.011266710904322678e-03
-1.757202835579550759e-02
-3.064203688222617503e-02
8.121293916633709822e-03
5.068295699847883556e-02
1.055567752122931885e-01
-7.508190757815981498e-03
1.629032846104210702e-02
-3.288854135407796864e-02
-5.853010331471404648e-02
-5.243555664694326060e-03
-1.254944722222232911e-01
7.541441401021613256e-02
-1.252005670454487685e-01
-2.426193365646748049e-02
-4.398056771565585915e-02
-1.151928528471781038e-01
-2.895654466091261009e-02
-1.996534519569966373e-02
-7.016636784468784083e-02
-8.613043347859014945e-03
5.503399601716976730e-02
-4.214282393991069381e-02
2.323044936510841249e-02
