2.945014605791295217e-02
2.158845297009137354e-01
-2.456456484540551488e-01
2.107586161162451899e-01
1.894648099875010372e-01
2.430713714715770912e-01
-3.796285533300066128e-01
1.757498261969495379e-01
-3.029758857750590728e-01
-7.230906201879908068e-02
1.269912656765975478e-01
1.748922308415173585e-03
-3.991439694087626222e-01
-5.172087127238562676e-01
3.076098638762286286e-01
2.122677902479186141e-01
-7.244777611798100536e-02
-1.753896615672084769e-01
8.363443983197831055e-02
-4.140063594108811529e-02
-1.188716369238466547e-01
4.424484136630995601e-01
-2.285985968436887728e-01
2.442488969391421461e-01
-3.584458666449843456e-01
1.172035779607244060e-01
3.835511343873121981e-01
2.508625107501500917e-01
9.796913487798303288e-02
2.731573323415739107e-01
-2.268248229962130658e-01
-8.661111306406506227e-02
-5.609569699142316623e-02
1.632558513870406292e-01
3.875813604575624460e-02
-7.583679419554473222e-02
-1.537453601013258064e-01
3.984318865677430876e-01
-4.787563821261445890e-02
1.472102483820772467e-01
-1.878713435969937839e-01
5.071770823928152538e-02
-1.176823543785959630e-01
1.539850703226340878e-01
-6.219163135800392928e-01
3.991155863964608863e-01
1.129568234423466433e-01
5.751760016265195646e-02
1.180714643719101842e-01
-1.377494639192948789e-01
-2.290690108868363994e-01
3.843826781605650944e-01
1.486743831732165733e-01
6.939938645518975435e-02
7.813108597602557159e-01
-2.948824589786311345e-02
-2.303890059144565391e-02
-5.983171688830336843e-02
-2.309059638458662439e-02
3.052299709816647666e-01
-2.161237763858395167e-01
-2.336023234489311429e-01
9.813432094793467231e-02
-2.674770201339534137e-01
-2.191135611485221513e-01
-2.463797446476438668e-01
1.557357631574760870e-01
-5.423404770679634002e-01
-1.358186137222163470e-01
6.035734689123321839e-02
-2.510266500462496331e-01
3.496588904575298473e-01
-4.226775862647039195e-02
-4.680327617575600341e-01
1.037120812059578734e-01
-1.498519332717482833e-01
-1.532669901773441035e-01
-3.452494991728564666e-01
1.444480824351399850e-01
-1.068743713842896792e-01
1.412336366720961245e-01
-2.327989100335763062e-01
-8.066080759709475662e-03
-6.875608311566012987e-02
-3.398073413591020109e-01
3.005886396149834439e-02
-8.200279567283014215e-02
-2.923783845904536216e-01
-1.458545278736650685e-01
5.475849459078483555e-02
9.306498764639306587e-03
3.391930879606698257e-01
-2.659274741440727508e-01
-1.178990082182944377e-01
-1.152649219775437883e-01
-5.611587146850146451e-02
2.669239119413032921e-02
3.082626009953438051e-01
-1.275550082620285040e-02
-1.382920156474832379e-02
8.065417866590195509e-03
-3.102812349512829027e-01
2.905731902596567218e-01
-2.180758211850149508e-01
-1.539753781259952381e-01
8.896629320768605076e-02
4.249787913260318906e-01
-1.009041368236496677e-01
3.540415780032422632e-01
-4.693010554481888974e-01
2.372061072286976713e-01
1.810606388100894359e-01
9.552155477298902853e-02
2.189235597679559109e-01
1.100860627243482881e-01
-1.240024743900857845e-01
-1.203934627945305730e-01
-5.570959983814748051e-02
2.304542985334261454e-02
-4.174432491085750541e-01
2.506119363854791282e-01
2.951985191932423036e-01
2.444189785148576655e-01
1.342534335469458273e-01
-1.981567094284087671e-01
-2.224443808199099981e-01
-1.587584729511221371e-01
5.897460049512046575e-03
-1.842273171675538335e-01
2.414672524736246120e-02
1.280118402582535453e-01
1.769740722962133694e-01
1.128449631768433242e-01
-1.600179673794351609e-01
-2.057923794646642213e-01
-9.990832454579201549e-02
9.516220889370591296e-02
1.694034109582411296e-01
2.840541174927575518e-01
-2.387541952612643251e-02
-3.666357767752049385e-02
-2.086102191451451870e-01
-2.185887498960788211e-01
-1.713998072829997499e-01
-3.384487922438252361e-01
-1.652872112658266834e-01
2.749271511526403255e-01
8.432642612456747733e-02
2.780765882174295323e-01
1.291289732300621163e-01
1.584929026631710647e-01
-5.518361462114218519e-02
2.383241870864204193e-02
5.734687181931271693e-01
1.187016049010009289e-01
2.887541719522462302e-01
-3.574207271406303343e-01
-1.519868139453357803e-01
-8.157435965054308374e-03
5.572806292125260380e-02
-1.473394241241350877e-01
1.933864926386846539e-01
3.983291048677784496e-01
-1.566250226413117286e-01
-9.761415052901335765e-02
6.408506046836824899e-01
-3.983818728480937460e-02
-6.505626510352789937e-01
-5.985666140743747116e-02
-2.051502254586869967e-01
-2.716667502106887011e-01
1.270250039862485525e-01
-3.426730527318216923e-01
-1.599464560681170544e-01
-2.393442780276940629e-01
5.850904696925465220e-01
-2.838203283740021177e-01
1.790245848000858730e-01
3.058273136704733886e-01
-3.126581700304340017e-01
-2.899567293453843720e-03
2.103183955850834452e-01
-1.791594252455243341e-01
4.284580648282720894e-01
-1.607643050733187917e-01
2.475308476972947203e-01
2.737627334708740423e-01
-3.329935027954750160e-02
-2.271856505190877062e-01
-1.685432541314541843e-01
4.507503104671778393e-01
-2.442114607745810365e-02
7.374027177894641738e-02
1.045090149122855638e-01
-1.646998647078750100e-01
-7.882864758408555939e-02
2.226392513482573221e-01
7.786769457359607460e-02
6.606981493221464330e-02
-2.030930052223932081e-01
5.005968534764074773e-01
5.484690114956094487e-01
-6.659271859708666697e-02
4.705154062492799549e-01
-2.592017023874549839e-02
-3.135912189794463623e-01
-3.742965744905765169e-01
-8.224015969201628473e-02
-1.098514631269846033e-02
-8.716820063505786864e-01
5.757684259777652303e-01
-1.635310359429540672e-01
-4.146475544984543071e-02
8.549167718887825881e-03
-3.344700054953493873e-01
2.923696348810219114e-01
1.919917263491544568e-01
1.127843326587125126e-02
3.014310568204322527e-01
-6.114035953308884913e-02
-2.190081576880382463e-01
-9.581342028817300960e-02
-1.530813090460712150e-02
-8.082670056901360145e-02
2.513412012582746241e-02
2.888898669573780956e-02
1.066230315668277168e-01
-3.168773811731804280e-01
-2.211340852597951101e-01
-3.997209663487121811e-01
-5.121099990264968427e-02
1.491333423459091923e-01
3.185564300342098032e-01
1.883012814952749192e-01
9.658255249269530329e-02
7.693921054728172781e-02
2.004486876286049879e-01
1.207668322979574965e-01
1.663974296588686397e-01
-2.190655410885676002e-01
2.753991952070953264e-01
1.026081302038274329e-01
1.403472057951394014e-01
-3.408664681389077244e-02
1.305078735659826183e-01
-5.237021439962254860e-02
-1.846942760675376188e-02
-6.348385850987676993e-02
-1.002536450739295176e-01
2.501376827708073902e-02
-1.555592419744506252e-02
2.104512169575049052e-01
1.380237274559293070e-01
1.036567096796876808e-01
6.134362182811389230e-01
5.896859073213911451e-01
1.000000000000000000e+00
4.573333563367196902e-02
-1.118120462622081979e-01
1.145635706173923213e-01
8.965409644052899085e-02
-2.280937833247726476e-01
1.999887157641938931e-02
1.375883411516939415e-02
-4.809800803549368897e-02
-6.447880450223056337e-02
2.960142995725715820e-01
-2.677141561297454175e-01
-2.302821436423089230e-01
-1.373331219741902587e-01
-2.366746925304780425e-01
-8.428593052965396848e-02
4.377070130284434479e-01
1.801511782003277495e-01
-3.625741611969224842e-01
-4.243695907268104639e-01
-4.252792435506735913e-02
-1.157153950387633107e-01
-1.633475389024388602e-01
-1.913046143852517866e-01
1.102477269006568728e-01
-1.654401842113043808e-01
-7.105913221291706439e-01
-8.882589954432697221e-02
1.089160828988874202e-01
1.002348937618275510e-01
-2.518503175943467842e-01
3.226083939146466573e-02
1.290153081712157833e-02
5.936887513609333950e-02
-2.816160050149547067e-01
4.158251195199804684e-01
2.740243982753142182e-01
1.262589762378672764e-01
-1.567293601687186344e-01
5.109988733233216751e-04
-1.918399858468396169e-01
-2.987276321808666757e-01
7.842364527920744899e-02
-2.532648994020541000e-01
7.057254664761564156e-02
-8.975175633833740174e-02
4.143777911518340407e-01
4.454689505442424036e-01
-1.727094700528038484e-01
-1.266336311912732993e-01
-5.956235260224423955e-02
2.178317989862630366e-01
7.579310383609330626e-02
2.126739329042810420e-02
1.152527529341407370e-01
-3.348316480238848758e-01
-2.122707991086464005e-02
1.136821149018348853e-01
1.555435126627034148e-01
9.298810195069508178e-02
-2.455633031021685897e-01
-1.406388203828928818e-01
1.493602716197017788e-01
-8.527330250411122026e-02
-2.242414159338396509e-02
2.444684518425970510e-01
4.538941853882724753e-01
2.508158095121898468e-02
7.663849621692640779e-02
1.678295816153866915e-01
5.263587832152858553e-02
2.046101051321064790e-01
7.129967870959656728e-02
9.265693770916733074e-02
-3.799735716509134997e-01
4.642295109315801305e-02
1.456437366579328430e-01
-3.262958807184139221e-01
4.793062067721789304e-02
1.253883087548199049e-01
-2.905506750522551807e-01
-9.974064217900058260e-02
9.950594947320352823e-02
-4.099874855071256041e-01
-5.552887261359576998e-01
1.823853415842588421e-01
9.646242866732841759e-02
-4.923799399655610226e-02
4.402753497491294077e-01
4.134083482850457458e-01
-4.958037961334584021e-02
-3.313865230700255293e-01
1.393575884512871232e-01
8.417169223228967989e-02
2.140066692534473292e-01
1.748801733671361547e-01
8.840454686324421274e-02
1.169086996055018896e-01
-1.137484073231239817e-01
1.000672024129966101e-02
1.997193808709107204e-02
-6.811576971216130871e-02
7.517624783633812535e-02
-1.102302187408020148e-02
-2.553840998474509599e-02
-4.128972708853729384e-02
-1.022791159707808067e-01
-4.738288945041353034e-02
2.840236621097861902e-01
2.984950310049355737e-01
5.253542722731399106e-01
3.076629049056694432e-01
-2.487420957692322854e-01
3.256434898876145456e-01
2.109164701136054254e-02
2.348008276903941483e-02
-6.775502184493636948e-02
4.474624296245186678e-02
-2.213612993085952163e-01
4.701287360358488016e-02
-1.442019776322388813e-01
2.559726235830916616e-02
-9.470904161507526231e-02
9.314550888336378676e-02
2.740527566566063888e-01
-2.579867867257780167e-01
-3.749691325997106528e-01
-2.916772455484464288e-01
-1.605526034910118582e-01
3.360078384886009961e-01
-4.071205506043055165e-03
4.023969217965258083e-01
-1.528105327732616481e-01
-3.016506756742726725e-01
2.517241170999104383e-01
7.210089803538510811e-02
1.882715669340850329e-01
2.361437249532869764e-01
-2.616966652349400624e-01
1.460764802590851508e-01
-2.486981791133742459e-01
-3.930315187808635508e-02
-2.282764424556049943e-01
3.199013072854717810e-01
8.380918341825036033e-02
1.282882941396285559e-01
3.243956638993836933e-02
3.338230229687155215e-01
2.203216741859769998e-02
-1.298171939003927855e-01
-3.475711339310176562e-02
1.574811074183221984e-02
-1.057327096038758324e-01
-6.860272197602879096e-01
-9.924396128445531207e-02
9.881276084023141171e-02
-1.254265365518352285e-02
1.104294629943720074e-01
-8.145325049238084925e-02
-2.208972624148029806e-01
-5.344705516890217029e-02
5.296053865948578965e-01
-1.474293544375160636e-01
-1.877994558945228210e-01
-1.216109837291499962e-01
2.511262616127001857e-01
1.044969730595924212e-01
-4.469412819101238332e-01
-2.670089594916857934e-01
5.534690708179920010e-02
-1.765077459519409364e-01
-2.537794267702054088e-02
6.677271492102195005e-02
-2.492024610636467408e-03
-2.480186623444312066e-01
-1.536648269760823304e-01
9.494215862408678097e-02
-5.495735198526597448e-02
1.523573227212657033e-01
1.461751102535234666e-02
5.077521163172002416e-02
1.771557287342787890e-01
1.778332137033967683e-02
-2.011593281454376048e-01
6.283151895893467065e-02
4.351619056881355641e-01
2.301675976659008083e-01
-1.552032541503870766e-01
5.447580645601419330e-02
2.570463562076700792e-01
-8.462173934952943455e-02
1.064185908516031703e-01
2.663694001219613083e-02
-3.016103750214743640e-02
2.203113564540793712e-01
-1.820938210496850507e-01
-2.631968832861980578e-02
-4.541031668705756974e-02
5.030227291592589967e-02
3.353115894805444586e-01
5.098088949604154818e-01
-5.960022816361168485e-02
-8.443293656452044438e-02
1.809550476624708637e-01
-2.760886894231606714e-02
-1.510625697304238957e-01
1.244201140364586539e-01
-5.050503953874363461e-02
-5.213392297411674203e-01
1.875783783011129024e-01
-1.509039375533788030e-01
-1.108081526397941136e-01
2.713098705254368692e-01
7.555048535225641904e-02
-2.579190253314684877e-01
4.498123365527790032e-03
4.222892026234897345e-01
1.881085465778929988e-01
-1.832525511240629679e-01
7.623214493092271560e-02
4.003810168662214064e-02
1.121605683343881166e-01
-1.074269136995276153e-01
7.715093801218122355e-03
-1.342007761074014149e-01
-8.868532741044356238e-02
2.614060140205775595e-01
-6.125487540671706310e-02
-2.949672602189036819e-01
1.896868099079384307e-01
-2.446913132868434038e-01
-3.123746778335718122e-01
-7.271858171135790749e-02
6.393319621583481993e-02
-2.013966150021738455e-02
-6.814795766612606609e-02
-2.572671032179998374e-01
5.359692669293196488e-02
-5.734321428369804595e-03
-6.504253981689521458e-02
-3.098936387221639666e-01
1.911192182636430037e-01
-2.738807729651185352e-01
1.591790191330503812e-01
1.046226022769976421e-01
2.126714520781917694e-01
1.426697610972322838e-01
-1.926037453217609163e-01
1.821912534654782090e-02
-1.487991533038901248e-01
3.489813188174428326e-03
3.283635972134238412e-01
9.007597215349293085e-02
2.385266498471143026e-01
1.227188203455052695e-01
6.895637688702470521e-03
