-2.672323025995446133e-01
-1.490102432856783565e-01
-9.344012982364501008e-02
3.707986056262381203e-01
-1.029561187626005098e-01
2.910094390967464251e-01
1.435646075196173599e-01
-9.106998506800881299e-02
-3.392938765982314586e-02
1.471678334982225722e-01
-1.046521372957991483e-02
3.215021022555203389e-01
-1.117787795210577195e-01
-2.955998458509433435e-01
-6.795411828892095052e-02
1.833684484612861376e-01
3.771331771849970038e-01
-2.296503066426573147e-01
9.289410566554384685e-02
-1.447698468182136711e-01
-1.746994304246251850e-01
2.431884611895562820e-02
-2.193001901606180803e-01
1.621390113160436908e-02
-5.207694515950240383e-02
-1.720104056799225400e-01
-3.090073515081102895e-02
1.070440514868158527e-01
1.847045761914282713e-01
6.429279568740846329e-02
-1.841939810924386398e-02
-1.034434718266131759e-01
-2.392547118568861403e-02
2.600663504443774254e-01
-2.719158599479969962e-01
-2.926682890039762272e-02
-1.707236595114448516e-02
1.585082313960514688e-01
4.272818273322197963e-02
-6.629958216112519231e-02
-1.814338988460950930e-01
-5.751185972766582888e-02
5.366295182781680856e-02
-6.454058475191777611e-02
1.660786987081493415e-01
4.313979429077780675e-02
-2.845396765130018841e-03
1.093657747548334586e-01
-2.037770711409702395e-01
-4.271348529602494309e-02
9.091844948947805372e-02
-7.372995749778657459e-02
-1.545288713600252717e-01
2.630417776899812710e-01
7.847397807295030184e-03
-7.002579215527374168e-02
4.880213913781879936e-02
-7.538836923663859435e-02
-1.832043901725332047e-01
1.240975586582911128e-01
-6.289636356280577101e-02
-3.618012179467919864e-01
9.047154591337217000e-02
-9.818055225087031490e-02
4.776015011259808485e-02
9.621923981844934803e-02
1.552332571624004676e-01
-3.699226020862697323e-03
1.055144736018760465e-01
-3.284838881501015440e-01
1.313064714523044518e-01
2.090786041530901251e-01
-1.609322475898879168e-02
2.609190116196500112e-02
-4.504769391303851123e-01
-1.863323144758603387e-03
-1.348070872190903491e-01
5.717988556557501711e-02
-1.818074188728083240e-01
-4.316906825896189848e-02
2.940836835449149311e-01
-1.975166936638285149e-03
7.121306592131702862e-02
1.206208235946410051e-01
3.179729521953496008e-01
-1.544268900533953513e-02
-1.316372816539702617e-01
9.026063410512913388e-02
-1.344980697153478830e-02
-5.860591005586981289e-02
-9.708147736926248106e-02
1.548230453609908963e-01
6.940834365700032649e-02
2.178841419335470764e-01
8.197479396089724091e-02
-1.680138701002790169e-01
-3.187431655647925965e-01
-1.684736673497470028e-01
2.001249873793629341e-01
2.741662242080710188e-01
4.517580742692122592e-02
-8.147007686334790943e-02
7.885371440276974994e-03
3.419824590546251958e-02
-3.063275250428799945e-02
-3.201944232086120778e-01
1.124674079454335458e-02
-2.371236073221206220e-01
-1.442849159035505292e-02
-1.867937943130280332e-01
3.358944149799082679e-02
9.728302268149226217e-02
-2.964985359893668876e-02
-1.133027433633202186e-01
-3.305929074726945971e-02
1.516861096650862044e-02
-1.592933276842763424e-01
2.390850140159316711e-02
5.305143576974355457e-02
3.254475584024595775e-02
-1.900999491584812739e-01
6.324750552229785328e-02
1.433315181438153951e-01
1.478090853576601582e-01
1.453846929453530418e-02
8.000183441735560230e-02
1.336985279436234964e-01
8.723501690411596121e-02
5.599802534253196101e-02
1.101650668526580334e-01
-2.179013625314412117e-01
7.531406278237220975e-02
3.533029686182621032e-01
-1.139784919925273532e-01
2.831918097569523507e-01
1.167178148322673831e-01
-6.180984367911496191e-02
2.559246469147784947e-02
-4.457866037788156266e-01
-2.540706789848567460e-01
2.941093466270293388e-02
1.527430458013592507e-01
2.475513419180057628e-01
7.549694718467257759e-02
-3.828212954676486063e-02
1.161989210961214027e-02
-2.417170118367619469e-01
-1.153077088036142950e-01
-5.062174120330011906e-01
-4.899403634258021889e-02
-1.525450374247109275e-01
-7.173557282806718172e-02
-2.080036607884167832e-01
6.327282127762411112e-02
-9.944720844574339927e-03
-6.778427549402785135e-02
-1.173409224274800378e-01
-1.891155325991379088e-01
3.228754812134477237e-01
-6.050068227422915335e-02
-6.729552267388377862e-02
1.204104862575643559e-01
1.015858982703923413e-01
-1.857875024210097620e-02
6.471000626953449242e-02
-1.873194897216671206e-01
-2.034415698015157314e-01
-1.577248480016360255e-01
2.392244113754934259e-02
-5.918038064569454415e-02
-5.842427107126429986e-03
2.383053398890852825e-01
-1.534254793121477278e-01
3.626555755123911373e-02
1.644685605228856096e-01
-1.317816179521074660e-01
1.704182510536534634e-01
-5.759958176084362114e-02
-4.940706267435972243e-02
-3.472117810960666517e-01
1.461406973555843536e-01
1.774998476477466225e-01
-1.851969485489702583e-01
1.562299993283606733e-02
-3.648020039028987589e-03
-2.925264696441786522e-03
1.908155480280891159e-01
1.467151743497856209e-02
-2.177118994811541933e-02
-3.537411811432412956e-02
-2.628657989468615730e-01
-3.200117896201103429e-01
3.347099072986232104e-01
-8.546500692732326987e-02
-7.905821577961155699e-02
2.243374531851486109e-01
2.749330388177451678e-01
-9.041843328796486667e-02
1.450478260059124558e-01
9.194282031349254591e-03
-9.446832704695470873e-02
-1.023393874096937828e-01
-1.516807903505261179e-01
-1.146535482527223232e-01
1.532348339294874184e-01
4.851992088726413827e-02
-1.209388966706758696e-02
3.166172020005337401e-02
-2.209417597714678494e-01
2.303903081209353887e-01
-1.735615866612549019e-01
-4.817269959311992061e-02
3.058796107377179802e-02
2.713338855960320886e-02
-2.011076602472404162e-01
-4.105507336986161659e-01
8.394971271365926635e-02
-3.480389184721496137e-02
4.107887691835194338e-02
-5.575172839420308724e-02
-2.085776597868286841e-01
9.947365701830182538e-02
2.779560622659877356e-01
-2.695635755936499622e-01
-8.208875465427503682e-02
1.995811721419499599e-02
-7.530200415220771049e-02
5.733343066746258987e-02
7.056425358118172120e-02
1.826638171049719539e-01
-9.767008929708102805e-03
5.577607619037881076e-02
-5.598608461021326033e-02
-1.384879068760458930e-02
-5.965062574981404991e-02
-1.863283980389898453e-01
4.743722986747399006e-01
2.680559338798440411e-02
-2.214690907319596114e-01
2.315689851019640533e-01
1.600813669204659839e-01
1.423090828971984578e-01
-6.085205476956799531e-02
-4.431285196926947750e-02
-3.698043254416570336e-01
1.306193167675427369e-01
-7.800264071198687033e-02
8.896022493067311243e-02
-8.069459788493495156e-02
-1.192897451942275394e-01
-7.661035529020589208e-02
1.110159336439756200e-01
9.581860553243459755e-02
4.713887856890033173e-02
5.156665498717273310e-01
9.011339560224679301e-01
1.000000000000000000e+00
1.678082239010059151e-01
2.383896128483428967e-01
1.003278249494796021e-01
7.524521717687830680e-02
-3.106292769275317573e-03
-1.292898010753980864e-01
-3.090371755449596303e-01
1.242702009654767514e-01
-2.301519061713392864e-02
1.789846138242183193e-01
-1.447370757088503879e-01
-2.517479246723521857e-01
-2.769341684414001192e-01
4.493262389003482848e-02
1.928400413682570397e-02
-4.424330006647539948e-01
4.110594612337666043e-02
1.218994667205670623e-01
1.041112386978610554e-01
2.101520824293885148e-01
1.146129410725526543e-01
-3.192897566827198608e-01
2.507214711405083563e-01
-2.866816990659958320e-01
-3.909593394109028668e-03
-6.052146008565666840e-02
-7.677906416084366581e-02
3.343910742743957942e-02
-2.001584737235009154e-02
4.786303366764864398e-02
1.691543128762796055e-01
2.381652178774642803e-01
2.446118690238092974e-01
3.201358978016615731e-01
1.421264192725122388e-01
6.168624539797330775e-02
6.018481281683678991e-02
-1.333222331809425509e-01
2.653469524198929369e-03
-1.157732830478970243e-01
-1.992862696676965528e-02
-4.241236282847930805e-02
-1.090530051761671448e-01
-2.110414943118721909e-01
-6.392021586187005954e-04
1.470075081463552702e-01
1.322247240205857988e-01
-9.487632882534521861e-02
1.176146272562935829e-01
1.842339323394797945e-01
-1.131402980969725691e-01
-5.138342432686369976e-03
-1.435987303178827279e-01
6.267406597696008330e-02
1.938107648480180134e-01
1.277989842246395405e-02
2.470583297570687065e-01
-1.420815895329844702e-01
-1.845909887080827150e-01
-8.178677686557983550e-02
1.757539496714232430e-01
-1.616795793915032919e-01
-6.738946325707491358e-02
-2.887267603006296590e-01
1.331168806028526219e-01
1.262184042067662493e-01
-2.227346644611861715e-01
-1.300202028497225715e-02
-9.309939817126475226e-02
-9.035972689781733569e-02
-2.930106565820774778e-01
7.970952200571650159e-02
-7.983680515648475251e-02
-1.297442200779100607e-01
-2.043648341519860856e-01
3.158851713774208925e-01
-2.986869561831668740e-01
1.363742602671201842e-01
2.265098753376939070e-02
-2.145505889658417820e-01
-3.045589591057132686e-02
-8.557699865323326049e-02
-2.016918713045825207e-01
1.353348068328633601e-02
1.565803471459766005e-01
-1.131310442389602683e-01
2.845893254916590509e-01
-2.132567820711506745e-01
-1.391836572435359298e-01
7.907902664019098027e-02
8.169911791773847021e-02
-1.280468915232504112e-01
2.947135293488127861e-01
1.864032444298651392e-01
1.181442861376650194e-01
-1.777949843480031156e-01
-3.623813626516482200e-01
-3.178126088124077486e-01
-2.296370164683287918e-01
1.478025859576636292e-01
1.914386158288846618e-01
2.812153279595766553e-02
-2.731589775065588199e-01
1.805567183041310586e-01
-2.726803920273239770e-02
-1.470659757277992807e-01
4.424337708009984382e-02
1.370746172645491701e-01
-4.382072516566650616e-02
-2.344897392607543651e-01
1.192012759795133825e-01
-2.013395856626173652e-01
3.184958758810031987e-01
-4.438427630942689411e-02
-2.004845777646825991e-02
1.684388071281927024e-01
-1.291586393006061984e-01
1.046813320490321830e-01
5.510076911640000158e-02
1.762804403288577015e-01
-2.016667913449775584e-01
-2.548267821548807488e-01
7.363285395050327142e-02
1.949002171599542310e-01
1.967709404631955428e-01
1.033682950331049760e-01
1.505518647826755430e-01
2.116784620541919681e-01
6.538159843770216528e-02
6.402047827336055687e-03
4.315824193444819934e-02
-3.823059990756345894e-02
2.094328189681060048e-01
-2.536075377881143456e-01
-2.101615044194062726e-03
-1.324624512070874671e-01
1.059534479856546058e-01
1.055282353676174067e-01
-3.113941029698512053e-01
2.982073269817641162e-02
3.141075183181288866e-01
1.987021536424525281e-01
-1.573936363753998882e-02
-5.625576288095800875e-02
-5.630629151184212561e-02
4.907287624235757290e-02
1.844985109663594136e-01
-4.225335195423018247e-03
-1.482103188911809699e-01
-2.191558410912660404e-01
-1.966854704943313548e-01
1.866294957301957713e-01
1.076242818064559043e-01
1.527032436282026728e-01
-7.498773719750127797e-02
2.341956035688151638e-01
1.445397980102554880e-01
-4.175258823491002219e-02
7.386262716833792707e-02
1.362647443961201854e-01
1.119075885986450941e-01
-1.918282976196831746e-01
5.438421730573388818e-02
3.001821882453497015e-01
9.911768650669522396e-02
-1.570971093410036823e-01
-1.817332851289119589e-01
-7.997340525060173122e-02
-2.575956536969128789e-03
-4.252779946762673124e-01
9.072293499881421697e-02
1.469924897284576211e-02
-7.627193654061305284e-02
-3.711110710639870525e-01
-3.171385133362342179e-02
1.090530232072416394e-01
9.643065100739744988e-02
-2.834978534683289461e-02
1.194962249513076002e-01
-1.782447174725712014e-01
-4.807263056843929377e-02
1.423518302698004168e-01
-4.642781989008350207e-02
-1.473002290640559320e-01
-2.050760077156961458e-01
1.526966713846222845e-01
6.280227772232565425e-03
-1.761696546046672418e-01
3.438013309342917156e-01
2.537304921972628399e-02
-1.443933815920550312e-01
-1.856603453895367892e-02
-9.198287665430381066e-02
2.395919073773725844e-02
-1.038688071725958964e-02
3.434131311651408142e-02
1.538149763874662179e-01
8.516539010865965820e-02
-4.705292199054587898e-02
-2.010228754722741262e-02
-2.434644725213690186e-01
2.602276895757619779e-01
-8.528944720999934170e-02
-1.836745924692533560e-01
1.963261992727136085e-02
-1.905021937901451093e-02
4.065883195779764099e-03
-1.379409282448105026e-02
-1.183567752424646499e-02
-3.034138552235201430e-02
6.254565866018392539e-02
1.919046015921963555e-01
-6.159174234871097470e-02
1.001175754740790680e-01
1.085253385531828180e-01
1.482601590774375007e-03
-3.410848952961221814e-01
-7.072519319864735421e-02
-1.337943796687908193e-01
-1.498447117510994797e-01
8.708839549248356682e-02
-1.570886807679564290e-01
6.955257482850657480e-02
1.515817553833295195e-01
-1.708325261945667084e-01
-1.580800232644472558e-01
-3.428019255634455753e-01
-9.634227864650203588e-02
-2.684365333784685115e-01
-5.738850924735546671e-02
7.340539363545603435e-02
-1.960508937582276789e-01
1.335248223088741082e-01
2.025357273100587829e-01
1.773335395415575610e-01
-2.360970629156332878e-01
2.948832542458600936e-01
-1.901837377551112152e-01
5.925743705958891328e-02
1.202638417515540818e-03
1.397108534710315465e-02
-8.491629589493054908e-02
5.746092259072013708e-02
2.499660753576185002e-01
4.770577365994994878e-02
4.057415287512481927e-01
-8.001902722594264605e-02
2.719101760747328900e-01
-1.584449818021603784e-01
-1.338917140835140483e-02
-2.084268413536646269e-01
2.158482594664642706e-01
6.946370385298118733e-02
3.389073485886321888e-03
6.606223870437508139e-02
