-8.219773443994043971e-02
6.026562828712935665e-02
-1.687846223895489994e-01
-8.268328625894966200e-02
-2.008112831249100616e-01
7.926724552133472199e-03
1.293620147783462564e-02
-2.079573006538302724e-02
2.821638652452617690e-01
5.313538857923444381e-02
-1.437873093668693703e-01
1.693679664358740400e-01
2.293375571037662222e-02
2.489414173145487654e-03
7.002840621509701102e-02
-7.284575376729710006e-02
1.772029956366746040e-01
-1.692853815411007878e-01
1.395531966480632047e-01
3.772849026467324507e-02
1.770291779432063006e-01
-9.656525504359594891e-02
1.208769133952552199e-01
2.569822650092699057e-01
2.799879617464281489e-01
-3.424642265511722017e-01
-3.104767504162762592e-01
1.862606527735708450e-01
1.297367755707605763e-01
-5.742572209647839321e-02
8.060118595837549582e-02
-9.704062554725136069e-02
1.968827553390027629e-01
5.017636948024055410e-02
5.694409776682204244e-02
3.343381495275510144e-03
-1.384529649593799205e-01
2.875025730736185392e-01
-4.175175767295616520e-03
2.970697162037810313e-01
-1.400856413671474621e-01
1.702553435576381335e-01
3.392938862966809466e-01
-2.101554414827992365e-02
-1.099173752042683222e-01
3.259497904679927588e-02
6.675441274514813672e-02
-1.289816016199313853e-01
-3.774159897328288604e-02
-2.385921270316006954e-02
-2.804753608769053885e-01
-1.720230028026024094e-01
-3.172071063365495408e-02
1.764076247448856105e-01
5.831479698802271780e-03
8.180245736928651312e-02
6.606130213487075575e-02
-9.774312559557471469e-02
5.236291487357007390e-02
-1.494317179579834343e-01
9.689911912559139029e-02
-1.684592943286186417e-01
-7.793239053112387127e-02
-2.107524010907170231e-01
-1.011432537963333038e-02
-4.295896598839766406e-02
1.081340781301118499e-02
8.278885452716847060e-02
-6.950800856885229473e-02
-2.594739101087185085e-01
-4.867825842418309346e-02
3.025216575063111590e-01
-2.005055258173693566e-01
-5.175491751188316530e-02
3.394329689978825559e-01
-1.153756677166096478e-01
1.774862301499118278e-01
1.507165385156072068e-01
1.047421694781499324e-01
-3.296370017334879776e-01
1.167969933263525023e-01
-9.804571539391450374e-02
-2.327818388916815806e-01
-3.114215869018348987e-02
1.400955591256387578e-01
2.053809410641477817e-01
-7.165378560712128142e-02
-6.373203475548699926e-02
-3.048710950490779101e-02
6.758993248934180853e-02
-8.225545344740028963e-04
-3.605005386702504477e-01
1.408638417850877345e-01
-1.247449727917258888e-01
3.119105903195047366e-02
4.381814337790692626e-01
-1.447237076551586010e-01
1.307080946770864116e-01
3.316455630347613370e-01
-1.098972576843953858e-01
3.685064285287260599e-01
1.510834995451089402e-01
6.020023351895294195e-02
2.076825057034252520e-01
1.194447819726130733e-01
2.154478494513850650e-01
1.421144360181420263e-01
3.533069870665764972e-02
1.199078540909843532e-01
1.736911148977237918e-01
3.007119505018419209e-02
-4.092343460735461957e-01
1.675552073121276131e-01
-1.173598550108381593e-02
1.283485665612518201e-01
1.526607039380809550e-01
1.936354029733900473e-01
2.087153598298778778e-01
7.271090021108679580e-02
-1.523764805252665056e-01
2.685166000290070687e-01
5.165979532259085127e-02
-2.799352470506034571e-02
-3.319061527679854906e-02
-1.014289102153249078e-01
-2.152293224623651469e-01
-2.128055093026895439e-01
-2.038821539606510136e-01
1.806483287894480871e-01
3.705018295256966993e-02
-2.278999678017330499e-01
-2.135494403023948107e-01
-4.129652624692141671e-01
2.706172995358356592e-02
-2.243340991641432913e-01
-2.878025494244567176e-02
-5.609429684327983667e-02
-5.538518702317232756e-02
2.188817057387095755e-01
4.625880369047509488e-02
2.630584301750072893e-03
7.990800261190525444e-02
1.324664753189633282e-01
3.525487425504828520e-01
-3.065273316792261338e-01
-8.760453051541458591e-02
-8.571962411959309358e-02
6.741844733412133417e-02
1.584515968794784624e-01
1.745712627450377585e-01
7.130402815534445105e-02
-3.875382440341317847e-01
1.871882218413949972e-01
-1.338681108841194567e-01
-3.998800944481274017e-02
-2.216580129227583296e-01
2.809134383462212267e-02
1.372186962394217613e-01
1.431862296342047980e-01
9.157239183550129613e-02
-7.871524756932136990e-02
4.249668075243446391e-02
-2.985590807653759615e-01
-2.803817708923247998e-01
-1.769865180220202283e-02
1.242802391876564605e-01
-1.408822081706029294e-01
2.625372288280820032e-01
-1.043152918205641905e-01
5.851765788004167218e-02
1.597954794414850888e-01
-7.878090089947067942e-02
-4.504061690633943266e-02
2.001069441756186257e-02
3.670192806297720156e-02
-5.022935502817418851e-02
-1.727837892151080912e-02
1.774916009163842456e-01
-3.125854895665580724e-01
-1.557240622897814453e-01
1.388579824189734302e-01
3.241127195979419673e-01
-1.386488745105471376e-01
-2.398203605741117683e-01
9.537063991377539227e-03
-1.420085957368324159e-01
6.573869445512729726e-02
-3.650586520027461201e-01
8.432407342133548325e-03
2.773428934813645941e-01
-2.190377730879899953e-01
1.005843838811245616e-01
-1.791612071174616960e-01
-1.264067683144529941e-01
5.141214422371162551e-02
-1.327154347437671869e-02
-1.322106222374661300e-01
-8.656539791534359485e-02
-4.532396724943504179e-02
8.711790707082558982e-02
-1.421718577231358971e-01
-1.554471062501626144e-01
-3.914160488144418082e-01
-5.711276515702504164e-02
-5.576676552507795620e-02
-1.945714827393733859e-02
2.044900058499521944e-01
6.814260556324748530e-02
-3.275876967247917659e-01
3.389606804129375803e-03
1.284010999862716662e-01
-7.796607508413012921e-02
8.052295948956986194e-02
9.802527503211425075e-02
-2.999356617667807076e-02
1.300631971646270535e-01
9.009301156698065749e-02
4.385657326621618113e-01
1.308731989799581663e-01
2.559935622153962087e-01
3.778587108569875230e-01
2.359643813543466362e-01
5.112625932518887611e-02
1.066024494608453915e-01
1.695035772319549439e-01
-1.622274642202041484e-01
1.562080091678759719e-01
-2.389180643243053181e-01
-2.979622832611474315e-01
8.314423631248073210e-02
1.100583679633211631e-01
2.127629396596927847e-02
2.903881897038162463e-01
2.517952102804896231e-01
1.814938278318162512e-01
-1.080990594882795669e-01
3.578281186159844030e-01
-9.503174414433200601e-02
2.308286668792112750e-01
-3.572314715790514961e-01
3.152861274199238173e-02
-3.686054832022709893e-01
2.471051142402662382e-01
-2.704453341944229039e-01
-2.096072939334502339e-01
6.136083621325241072e-02
5.142245482004174917e-02
2.776100320762092330e-02
-2.612766468406249043e-01
6.985307476293467488e-02
2.592001922495309335e-02
1.642626504343941418e-01
2.448170573490673907e-01
4.930531203654956451e-01
3.981307753616903367e-01
7.183517176239874180e-01
1.000000000000000000e+00
5.188175928721607821e-01
-3.555815109325292239e-02
-8.910443233814650810e-02
1.396547781418541745e-01
1.556070235473997442e-02
-3.231706835249892329e-01
7.226857856636222099e-02
6.164431583732431913e-02
-8.473545986152014597e-02
-2.002342449401326163e-01
-1.081341688723775618e-01
1.892952481457102834e-02
-8.611229164400863167e-02
4.720054310269928416e-02
-3.225681082900126728e-02
-1.236354355976991559e-01
6.527733537233784689e-02
2.028905372246394279e-01
2.177418669691848496e-01
-1.980749601537951099e-01
-2.706042594724997891e-02
2.979834596765091326e-01
3.375809525374882658e-01
1.447898731143336670e-01
2.316315256074131801e-01
1.920314981910068997e-01
2.090275679856889168e-01
1.601899165462760122e-01
1.009767202969997710e-02
7.526329690958262486e-02
1.272229843234480573e-01
-1.032044725275602232e-01
-5.466742931902417446e-01
-3.884847507119768006e-02
-2.325138546149661811e-02
-1.226210721428484252e-01
8.497379997448303857e-02
-4.675783705980566807e-01
3.757196297778337413e-01
1.947572816463664369e-01
-1.695313492469255334e-01
2.155434837697031147e-01
1.419161211925341337e-01
1.257995233874029291e-02
-1.956791992887634696e-02
1.331782193329368036e-01
-4.691438961083903014e-01
3.406003538386080387e-01
-1.295970649106748251e-01
7.916816027969517111e-02
-6.124009299532003070e-02
1.584447985416430615e-01
1.443312506041506682e-01
-1.435578203817177712e-01
6.207739077610727185e-02
-2.347118070675093260e-01
-9.830706280691350885e-02
-2.825463995428887376e-01
-6.404274808430494847e-02
-5.009503978219859155e-02
2.020059101265996859e-01
-1.661367206537215369e-01
1.326966996366291673e-01
3.491651573355383092e-02
-1.174347823891198905e-01
-1.378138018943674825e-01
2.265866079994685589e-01
2.253251698547390491e-01
1.636680696385652001e-01
3.028737830444659315e-02
2.276046859196187780e-02
-3.889138530027281271e-01
7.167742403138324322e-03
-1.277579688888561688e-02
5.634181092599148399e-02
6.382808156439198632e-02
-1.659080504481237339e-01
-7.322551959517191456e-02
4.714810931612839484e-02
7.400236243765058453e-02
5.503321012272469059e-02
-2.316125119062728901e-02
5.131276324690067087e-02
7.685513222608662820e-02
-1.115702580595009236e-01
2.248342176267300596e-01
-6.659313009158052132e-02
-1.818306270422689330e-01
-1.420807161066615087e-01
1.764690708373999606e-01
-2.122116098452067959e-02
-2.860896591988540960e-01
-1.149172634150154026e-01
1.310869635086416851e-01
1.333583585936991556e-01
3.521387494687975434e-03
-6.534291025034737188e-02
-4.252773610646436858e-02
-2.500053857205864483e-01
-7.984548143249273200e-02
-1.295540932983529347e-01
-1.349308194580458864e-01
2.769260466718471703e-01
-8.320919168782425768e-02
-2.096711911343521750e-01
3.215126969214752162e-01
-1.319296206240176406e-01
-2.041634465188709724e-01
3.376990571807526095e-03
-4.802441057500942412e-01
-1.928365975541989352e-01
4.539182955885291415e-01
4.325102198691882505e-02
-2.726265706570108610e-02
1.306983577494753856e-01
-2.537257895027449361e-01
2.261313119220104140e-01
-2.031690713029067064e-01
-3.746739569769007294e-02
1.495347058368383109e-01
-1.468081247882341567e-01
9.757938184383012359e-02
-2.218166582171892526e-02
3.168869102767538776e-02
-2.506262332289304062e-01
-5.704293697206976738e-02
-1.497552198937650569e-01
-5.192313551945376693e-02
-2.070070719800957137e-01
-1.235349476368341748e-01
-1.005691670076803036e-03
2.339046768217078742e-01
4.292084028344155672e-02
-3.704409671374900848e-01
-6.312656969460885004e-02
-1.767731146843694659e-02
1.556234938575424553e-01
3.563381908005099769e-02
-4.205439648542849684e-02
1.235492960718128225e-01
-4.107710056109229596e-02
-2.105318840581247297e-01
1.305322299095891259e-01
-7.622143385004864768e-02
2.105981760579947182e-01
-8.365434954359411701e-02
2.702074391902296591e-01
-2.395424699250908729e-01
1.439864083346039658e-01
5.709322976210964157e-02
-3.074167477148082028e-02
2.902141403506311446e-01
8.389595680421703394e-02
2.800108570272641546e-03
2.263988785235730994e-01
-7.347678533127621758e-02
2.525892048547415461e-02
-7.506337916229423313e-02
1.317966200952223055e-01
-1.224134999004623664e-01
-1.215410850003959958e-01
-7.298903025500561026e-02
1.122765939292934972e-01
1.757166284642673049e-01
2.076061215511879054e-01
-1.664100486049771288e-01
6.177759409516752481e-02
-3.656175631968961448e-01
1.650491921057281874e-01
7.166191485353623492e-02
-5.428839534244375709e-02
-8.791690033502079504e-02
5.324002175237806112e-02
-6.910124617652110834e-02
-4.806609740418975318e-02
-1.728707886098944727e-02
1.135761796863354600e-01
-1.180270737403766590e-01
-4.039038425431196871e-02
8.152919941394243253e-02
-3.319305910549645300e-01
-2.622087544442396334e-01
-1.144434201211617930e-01
6.771940754390869122e-02
2.494739725090820148e-01
-3.085761357554062667e-01
-2.348805421990155795e-01
-6.660408983310397990e-02
-1.118218120000953192e-01
4.145234702025150930e-02
3.843999129101576262e-01
1.107506759248515042e-02
1.670110994161615181e-01
2.720558248219894781e-01
-3.146154231594260747e-02
-1.709879481591799200e-01
-8.304670812770055532e-02
-2.127238540830719837e-02
-1.570917659364782226e-01
-1.565078566776725300e-01
2.179575896443051719e-01
1.247390609747373869e-01
7.519375418883607332e-02
-2.152809805630477857e-01
1.081734022824449998e-01
-9.849316543454804396e-02
5.553764045627486434e-02
1.487971825917378810e-01
-1.918666467341611226e-01
-2.071058145831829872e-02
-7.488286550972086952e-02
2.859957463116724954e-02
-1.083956024727076167e-01
1.786145300286312299e-01
1.403168141703834380e-02
-2.026781487174250662e-01
-1.558516843169333588e-01
-7.235234246033520056e-02
2.459470433611125328e-01
-9.454259387950714189e-02
-1.618337193542720709e-01
-1.193457265780108190e-01
-7.420674800376075853e-02
-1.666414122895259753e-01
2.461750832925341595e-02
-1.265307757043798442e-01
2.632526871177294781e-01
2.043010077261974144e-01
-3.213607606729718819e-02
-1.433453810456668809e-01
-2.181049921772072187e-01
-2.079289659461911605e-02
-1.517947772640035609e-01
-8.120742372948649979e-02
6.310128640111849208e-02
-4.102743031001705384e-03
-1.455234878017618860e-01
1.567665566810515221e-01
8.483756693546490313e-02
1.650490331822144219e-01
-2.064371876539475639e-02
3.525706457814466871e-02
-9.284342917062708700e-02
-3.748155259095192066e-02
-1.027476950742268885e-01
2.743632935430743158e-01
-1.813108600951998939e-01
-1.504175279960182354e-01
-2.250900430849239742e-01
-1.528097602215101325e-01
7.825205188592070094e-02
6.548849260942163353e-02
6.601796684157439088e-02
9.068393189164775103e-02
2.572837854366381571e-01
