-7.708410914038942019e-02
8.068901125068936309e-02
-6.035563426124550962e-02
1.135860765364071628e-01
-1.072455172808415985e-01
-3.819235450532212223e-02
9.742033210645147101e-02
4.443857522403225208e-02
8.390016687807173856e-02
8.746545404457495287e-02
2.955567976682843198e-02
8.559261881881673195e-02
-8.176607513421378648e-02
-6.648305771659895891e-02
2.426740637090344932e-01
-5.755336592180636951e-02
1.631341098829365011e-01
1.157636059430337296e-02
7.232229404627109337e-02
-1.919462530983480908e-01
3.758818726848237729e-02
1.400800779345286228e-03
-4.582378022535821271e-02
5.939164353206310282e-02
1.050719238040156295e-01
-3.027812382887435164e-02
-1.218705058911913469e-01
-2.738720890581617870e-02
1.922520854211904051e-01
-8.116849402903665578e-02
2.088674079550810470e-02
5.021851891472269014e-02
-1.387083273178217439e-02
-2.184947248932732067e-01
3.569544694987610012e-02
1.140414425280127930e-01
-1.235688771828503812e-01
5.183559433373277625e-02
-6.606092932715741488e-03
1.065254476565646868e-01
-6.369618973565598086e-02
6.162664772750346340e-03
3.082455974115476394e-02
3.405349016480230251e-02
-7.984794842367766432e-02
1.188433608482855064e-01
1.373256784479461590e-01
3.589290609464223375e-02
8.474261669239644898e-03
2.178038307152427300e-01
4.200492919149952792e-02
-2.051407130668157219e-01
-5.521330925910595405e-02
1.597091684181019267e-01
1.565082094783223909e-01
2.495052789952655337e-01
7.353428797516300963e-02
-5.445502256407142028e-02
9.681780821507561530e-02
-2.886095666060907727e-01
1.492554224262535728e-03
1.449978909183936848e-01
6.691032848307306748e-03
-1.560447114529015800e-01
3.397356465087791877e-01
6.070651392767960342e-02
6.351304286029908763e-02
1.300630856889856413e-01
7.324842638797852967e-02
-9.012011622566564600e-03
4.598456820151929775e-02
3.620509715146950913e-02
-4.463667983563302522e-01
1.167396639253367452e-01
1.456412183036894237e-01
-3.200373418084304783e-02
1.653108591203620026e-01
-2.131077798496867626e-01
2.529949622423707800e-01
-1.420850688737700374e-01
-1.616414980615474284e-02
-1.658680258841647437e-01
9.200088889562739805e-03
3.165610940482064400e-02
-2.448073252307751690e-01
1.485015599074329118e-01
3.639923878075368435e-02
1.984569937458731045e-02
-2.713079204489842189e-01
9.540531525412411507e-02
-2.575517118015675094e-02
-3.396237001360211116e-02
-1.674741889355366720e-01
6.327270015554101179e-02
-5.624511381363075241e-02
1.058067772365655496e-01
-2.128297457177579302e-02
-1.539656350113365046e-01
-9.380827840133679207e-03
1.865726939899809700e-01
2.004315851935344409e-02
-2.535101602424304906e-02
-1.026130363909415893e-01
-8.190919983846671470e-02
1.471793722878487198e-01
8.410691311974471951e-02
-6.565954095693610215e-02
5.703078892931253557e-02
1.241362114962026447e-01
5.579937818991567017e-02
2.683975054725863674e-02
1.168878318768392238e-01
2.923786373078407844e-02
3.259977240159254996e-02
-1.422291701427528809e-01
7.962382088724863360e-02
1.204543062622269456e-01
1.904696057672957688e-01
1.902645685138818765e-01
-1.860655297505135752e-01
-1.353182392295443348e-02
1.027990168483572525e-01
-1.144697701613440165e-03
1.415080137606277433e-01
4.606708478005511892e-02
1.637668192722910587e-01
-1.798271634374301320e-01
-6.226822944218899508e-02
-1.732754355921288236e-01
-1.623181223326492228e-01
-6.445808651196683302e-03
1.044955019846049299e-01
5.722294574810998444e-03
-4.080610619469416528e-02
1.857793459847883466e-01
1.456808345787248271e-01
-3.284803213703302305e-02
-3.285751314461513722e-02
1.359215127626946240e-01
-6.774806491906634753e-02
-2.882620850354814315e-02
-2.629345831512807513e-02
4.924434957265543672e-02
-2.196784362231062326e-01
-8.525473158607826951e-02
-4.396273347091721878e-02
-1.449731043331930758e-01
4.506679662252880553e-02
6.163266301289550136e-02
1.367402471598025415e-01
9.744362349467426687e-03
2.149516057330300434e-01
-8.012096125730178153e-02
-1.336972091271083907e-01
-7.288087542663598817e-02
-3.475688849417076648e-02
1.767550882554772551e-01
1.920549559409825274e-02
1.435306756956221397e-01
1.002406863573466339e-01
-4.995599146019609471e-02
5.252164485537671318e-02
3.091445363968396975e-01
-6.888299008150185199e-02
1.121143900662861098e-01
-1.557289252524184098e-01
-4.096253444786274872e-02
2.156681793434486460e-01
-1.530887250829270942e-02
5.247708579414260555e-02
-3.762906879975692204e-02
4.523376797142523824e-03
4.145055950502824632e-02
-7.367897230736661363e-02
8.515570189025687547e-03
-1.187697378651619839e-01
-9.419388764492994670e-02
4.025328374159956729e-02
-3.106382675138535249e-02
8.662808549103129252e-02
1.072849885445030377e-01
2.364521412931673006e-01
-4.946839339155666149e-02
6.216544417908252337e-03
3.552749622460252277e-01
-2.103949151870255010e-02
6.751454009259756639e-02
-1.460736503784888507e-01
1.344540366552430810e-01
-1.390760542926579302e-01
7.597293584169058367e-03
9.673799393302272287e-02
1.374198565611578216e-01
-1.720769391227987000e-01
1.022633482923410442e-01
-8.709151219346918105e-02
1.962578353205189294e-02
5.325052078035142841e-03
-4.080441394994352433e-02
5.312350329722809877e-02
1.156216207119788730e-01
-3.762573454076648810e-02
2.768739835213739342e-01
1.270997071948592183e-01
-8.962165172911358210e-03
-1.858327149238923892e-01
1.039095824141036545e-01
-6.049442258099891646e-03
-5.214761928672857760e-02
-8.472112635262564473e-02
9.922524198251028715e-02
-2.723098171337333673e-01
7.530930672495465827e-02
-1.413977888288665136e-02
1.411252875924166525e-02
6.277308621790669840e-02
-2.806835986036042285e-02
-6.183084890100312009e-02
-6.164477366273891923e-02
-1.157294677717313897e-01
2.051140949056782514e-01
1.470165866319192716e-01
-1.689022761656450156e-01
6.685867506894691004e-02
1.917392349086743386e-01
-2.212273430659692647e-02
1.089999809005305353e-01
1.132614483022466589e-01
-3.589487028739363900e-02
6.977222294220267011e-03
-2.329563056172972157e-01
-1.752532273506982596e-01
1.310487728855788958e-01
7.282610861447826045e-02
-1.074158308149079227e-01
2.527501817772800918e-01
-3.142707229367807109e-01
1.493367214582777269e-01
-1.975738951810116495e-01
1.820460527479684787e-01
2.207156263810966523e-02
-1.101821291682168920e-02
-2.746218688255779861e-01
5.280802821193580215e-02
7.791579142086983711e-02
2.725724273910492754e-02
-3.293662849014120791e-02
9.555212822096036422e-04
-1.487718215453019688e-01
1.486362806298844874e-01
3.077313612428698164e-01
1.300707642586696466e-01
1.896277157358917387e-01
2.999197796354835521e-01
7.939244868848797099e-01
1.000000000000000000e+00
9.163863127682129184e-01
6.811383125071879263e-01
3.151570507729651860e-01
5.872639796186658601e-02
-2.211821282873656369e-02
2.689616892308628882e-01
-9.918633570732246496e-02
8.374314014941258710e-02
-1.317458570313000954e-01
-8.668353449620737339e-02
-1.054038371063655694e-01
2.414660588417203574e-02
3.877255431574321703e-02
8.877071649599709013e-02
8.287890361337217626e-02
6.805865221404716094e-03
-1.410676043954837144e-01
1.919786680227364151e-01
1.429158583070775090e-01
-1.727022128444267090e-03
-1.173884669295265637e-01
1.554655930171957023e-01
4.604023963775475715e-03
-9.868262160016613715e-02
2.020342922547400666e-01
-1.263141255288018905e-01
1.651881780218256435e-01
5.830329753431169604e-02
-7.501296514177653585e-02
2.819693917680333728e-01
-3.627267923017064161e-02
2.636228983921664604e-01
-1.748695264473799568e-02
6.235309265166459614e-02
1.369703992736602365e-02
9.611842766892549073e-02
9.208048799692371278e-02
-5.591813761730635851e-02
9.787102229324088146e-03
7.683776904736265567e-02
-3.458401634377137462e-02
2.367444166103113701e-02
7.417322783065159741e-02
1.027697144654694389e-01
-9.629255806415219776e-02
-6.782904967649527883e-02
3.553764743267130988e-01
-2.610341158383093774e-01
7.591545924700333903e-02
6.334344500626806762e-02
-1.753854564308214847e-01
8.895799569665427398e-02
7.727771793697824076e-02
1.461196799669836899e-01
2.953039700404920254e-01
-9.728858562849816705e-02
-7.763293055375958263e-02
1.654887577744879046e-01
1.812373439679991136e-02
9.922316191643824890e-02
1.014273776118510689e-01
1.085439662029234892e-01
7.712815211243664870e-02
-9.653527520667927464e-02
1.147107450486177516e-01
-1.367918903671535569e-01
-6.506155892233782961e-03
6.179607089922124763e-02
1.848149352784917154e-01
-3.406109608027926144e-02
-2.116386486198956751e-02
1.778168676538115778e-01
1.312571778849855875e-01
-6.456668321342097505e-02
-6.686808342230740609e-02
1.289133489114479281e-01
2.002975421374555420e-01
5.646817568466905995e-02
-6.764129893697433393e-02
1.233216274991276173e-01
3.105653195109926712e-02
-1.235518947727364814e-01
2.399151072493374837e-01
1.822947562154289269e-01
7.445556124819951993e-02
2.094033566240955935e-01
1.645098060698802767e-01
9.577403802206679861e-02
6.400622268905657719e-02
8.679077769733629932e-02
-4.091649872761711770e-01
9.517291200375919968e-02
1.138713527561279609e-02
-6.859702803326653275e-02
9.594233846409497279e-02
-1.096984461758114954e-01
4.848143120662763011e-02
-1.963637910429689645e-02
2.598914541883322327e-02
-2.129801358454109367e-02
-5.665624159130434878e-02
1.540578656752906728e-01
1.361432547980339081e-01
7.584769432094767838e-02
1.642922144345884405e-01
-5.906596607898022960e-02
-1.782317788056285990e-01
3.062063300050943751e-02
3.139252187252445925e-01
9.144313019306742063e-02
6.638680521750298102e-02
1.256308667013563696e-01
2.126986708442390184e-01
8.199934680089641589e-03
1.779802085661325861e-01
-5.088483583046850972e-02
8.881106519456170856e-02
9.232941886206180726e-02
-2.273519461055711621e-01
5.873736056003017042e-02
-8.414551366287469081e-02
-1.596318833172886142e-01
-3.039618737594417253e-01
1.355373966476821901e-01
4.895125447901646498e-02
7.674987163079588504e-02
6.658711033888731201e-02
4.079549387894068624e-02
1.904021854434624905e-01
1.881477187335791612e-01
9.575746718820918324e-02
-4.639793780013280050e-02
-2.334217678354694459e-01
2.277373123615930584e-01
2.143945873565752253e-02
-8.378710478706503928e-02
-1.330454707485848598e-01
-4.363099165554634035e-02
-3.920525700731931212e-02
2.453274219413452972e-01
1.072552313662599455e-01
7.199869260735135279e-02
-3.886771304557913587e-02
1.078760350797670908e-01
-1.106401727866612172e-01
4.119585998052323339e-02
2.702609653573371240e-01
-8.405732187459638571e-02
7.872203841013367120e-02
-1.434214395090429835e-03
9.925994895836393050e-02
2.394566880029475736e-02
2.512516976745827676e-02
9.485886827852295367e-02
-2.062837645828786981e-01
-1.856425060290746443e-01
6.898571180475585041e-02
-1.593630641028109529e-01
-1.170698180089021628e-01
2.986107016541397208e-01
5.108959140378496744e-02
-5.785254079001770494e-02
-3.927609193169683682e-03
-1.678758022186257748e-01
-1.084596512384276012e-01
-1.467668674325388334e-01
-8.416393378916730769e-03
-1.985418139374332813e-02
2.574585609582605294e-01
2.874996155833647177e-02
1.344015987575270139e-02
8.681456350174380100e-04
-1.159435710805845586e-02
8.152004615639246721e-02
4.987738682072389435e-02
-6.473587650262212223e-02
-1.516818421636450809e-01
7.614734773942004320e-02
-2.737990037294233376e-05
1.194401830543283111e-01
3.935433049759431978e-02
1.923793452395244075e-01
-7.054377493367210150e-02
1.529909998106077917e-01
1.136434243885795642e-01
5.038323122447768004e-02
-1.761724533893905056e-02
-1.579631988538502535e-02
-2.369642704454894555e-01
-2.973536979205673170e-01
-1.157931157847419679e-01
-4.879720471552580208e-02
1.285002512608497405e-01
2.355528873213132493e-02
3.966716390430034128e-03
8.064657275395606395e-02
-8.055601057983223512e-02
-1.053385568112118337e-01
3.003164005571231504e-02
1.510088972283471775e-01
-1.662084590416221253e-01
1.349856120531345294e-01
2.021379681190277611e-01
2.026525778503283359e-01
-3.609196808642892162e-02
5.782030466106042460e-02
1.246597707335995314e-01
-1.249107689732101151e-01
3.775907981386057016e-02
4.374670988002400478e-04
-2.740025091477721764e-03
-1.239709117742632677e-01
1.425916554498469872e-03
5.549947089817512669e-02
-1.597470365376880974e-01
1.943567324332639568e-01
-1.327948811256984829e-01
-2.044556551981793063e-02
-1.487868773015757207e-01
-1.117423608461822204e-01
1.068409297532688096e-01
-2.089024654146303880e-02
-1.815411785734822800e-02
-7.141747573378615099e-02
-3.562451925180908779e-02
-1.105320424185324696e-01
-5.915716426752049006e-02
-2.185451356760982969e-02
-1.096452822106743358e-01
1.169479922186274640e-01
-3.231803756906720393e-01
-1.225022149609102662e-01
1.235293503055304998e-01
-1.695209321838153649e-02
9.549108938551983949e-02
1.498853559723990203e-01
-1.292298213568729148e-01
1.400181814164286054e-01
-2.676958810449233880e-03
-4.444943168095727426e-02
3.376358565000391748e-02
-1.956646607346491373e-01
1.835825821166564911e-02
7.585013573275058152e-02
3.098787417787065082e-02
-7.037449792694315531e-02
2.933506383396479178e-01
-1.212537283617896450e-01
6.973266482382843579e-02
1.241973316591977322e-01
-2.751686262611245312e-02
1.432333702393282504e-01
-1.726072700598829668e-01
1.406721770281763872e-01
-2.990928385638693190e-02
6.613846309575881210e-02
