3.238990542062619715e-01
1.912845760815746476e-01
5.619835008636713675e-02
-7.143224426019484374e-02
-2.487643570620206301e-01
1.654833914478246598e-02
1.932416043467587996e-01
-1.981551826925033732e-01
-1.750657001892738374e-01
-9.590954458380496206e-02
2.664759568932723033e-02
-1.867106462056862537e-01
2.892498962998779066e-01
-9.214017372262104516e-03
-2.743341921491572813e-02
1.377492554135597291e-01
-4.661451500236586942e-01
-2.333329077760401722e-03
3.843803606785048399e-02
2.205998414931672202e-01
3.193441950921375727e-01
1.835390620365349723e-01
-3.560091226929434360e-01
2.996687315382887823e-02
3.251499998799684682e-02
1.796280668179309203e-01
5.668248477496928145e-02
-2.542128667165516887e-01
-4.307668347570775547e-02
1.620336046298307409e-01
2.479873506088801915e-02
-1.412893482122818678e-01
-1.030301189742761220e-01
-2.800969836784756445e-02
1.421730152535932157e-01
-1.649339383579624951e-01
1.991517413806081493e-01
-3.764548828717530493e-01
4.018101173273342375e-01
8.392763541751276091e-02
1.231723327607435331e-01
2.476652205975882551e-02
1.087853973320680595e-01
-2.343557629801104047e-01
-1.139876543177983786e-01
8.905476628820491181e-02
-4.998948734280289630e-02
3.500173125925105100e-01
3.426542151223377353e-01
-4.244320930211531451e-01
-1.450239718664489974e-01
-2.993429811286779652e-01
3.815949272668218706e-01
8.976272928650237681e-02
2.621990953781383471e-01
-1.804097227039276885e-01
1.210260338851181644e-01
-2.566711309698078702e-01
-2.717483435260812930e-01
5.337903562581135242e-02
1.274624537715198236e-01
-1.301368439628370344e-01
-8.557094187539976068e-03
-1.713333584185096070e-01
-6.122381117959836694e-02
-7.220567677393144312e-02
1.327269039683670604e-01
1.731509319949329495e-01
-1.652376494465377169e-02
-2.103584297055408336e-01
3.413019457250068833e-02
-2.817409630897406703e-01
1.302081403948766652e-03
-1.402866185643592278e-01
-1.155977697919695762e-01
-3.131965996105618988e-01
2.184913564856015844e-01
-8.515838115019384869e-02
2.072869983803913296e-01
-2.035041240742923030e-01
3.683780065437942119e-01
2.464718088997076839e-02
9.143651953540364585e-02
-1.378184537621860994e-01
4.245319152685048808e-02
-3.330387865024154181e-01
-2.404495697575005642e-01
1.708981909954937206e-01
1.334460058858336629e-01
2.009542515916465932e-01
3.705149894417623657e-01
-1.636777415682706960e-01
2.053514339113403364e-01
-6.251440924791553666e-01
-8.128318200105098812e-02
4.189990364461501082e-01
-5.684913616921852264e-02
2.094190378227023946e-02
9.380560320755862436e-02
-4.150315181110925122e-01
-3.480644721024195865e-01
1.366360416316002580e-01
5.222064698205662603e-02
-5.526439445902382036e-02
-1.783715878527814339e-02
-4.882652568218263656e-01
1.727694268908070152e-01
1.729104267138298345e-01
1.597960727606166087e-01
5.277832368830475129e-01
1.845338151177639691e-02
1.071330362654259877e-01
1.658851555279733103e-01
3.018753569405514536e-01
-2.102735834202999199e-01
3.584663579114064080e-01
-1.075190560441264265e-01
-2.593154060525241361e-02
-2.432849383920947239e-02
1.440367581127462160e-01
-4.609885123632722626e-01
6.144250562957048745e-02
2.529743356620879347e-01
-1.941579425751784604e-01
-2.247279397361756637e-02
2.941407869576094791e-01
9.124304667149676917e-02
8.257945440670387549e-02
6.412580194888527207e-02
-3.221336267712414103e-01
3.973878853423400137e-02
-2.915605993002085006e-01
-1.410725914114448025e-02
-7.901523187140167825e-02
-2.040690694509834646e-01
-1.995961735365195042e-03
1.593579269760299622e-01
-3.361794003014710857e-03
-7.429227645812204982e-03
-1.008269217464115713e-01
-1.584650477986531691e-01
3.801938835009708306e-01
2.718768484956303189e-01
-1.456913865844187694e-01
1.549042988329319692e-01
-2.109187831145931669e-01
1.396369041954764467e-01
4.413358874113871601e-03
1.232305669117707281e-01
5.776523926954853921e-02
1.133590140308756017e-01
-1.289574504648551556e-01
3.461778028704017712e-02
-2.362691816532177247e-01
6.263098847958360471e-01
1.036438995741588570e-01
-9.372067962926845797e-02
3.967472458026318760e-01
-5.713791223775507161e-02
1.647700467759337026e-02
3.000208608313378877e-01
7.814882071562867516e-02
-3.988688641474788001e-03
-4.184712776870836426e-01
2.614007042145810589e-02
-3.581241892659435266e-01
-7.532347299483906078e-02
6.099791032197417195e-02
-1.355346753171930707e-01
-4.060177568864509201e-01
-1.927571628941468773e-01
2.343560259163247894e-02
-9.379103339795366590e-02
-2.038447539985943080e-01
-3.072141077596140905e-03
-1.634816663345206311e-01
-4.294655205708381440e-01
-1.207922277334717298e-01
1.602071820829575333e-01
9.769018114902050520e-02
-5.277580937386817245e-02
2.773919968081198784e-01
-1.161453561974424287e-01
3.259942440405941833e-01
7.602828531813789203e-02
-8.691760866866679591e-02
-5.260832945904134889e-02
2.971072866793482148e-01
2.060520987305490270e-01
9.150722840438803296e-02
3.440896153172701699e-01
-3.981984380468037710e-01
1.230117392707537685e-02
-9.948923226885035553e-02
-7.218323869236545343e-02
3.485681772693050712e-02
2.670351682968910567e-01
5.651106401992166406e-01
2.111777963739173980e-01
4.115591828719216555e-02
6.805534426812357394e-03
2.986693262231575052e-01
1.314019122666524597e-01
1.350082056728555691e-01
-1.469370008253982340e-01
4.780392433643523842e-01
5.799338638571229776e-01
-1.204233293897427892e-01
5.357728674783102107e-01
-6.914739410124827457e-02
8.429851694596626754e-02
-1.230661402434067714e-01
-1.904620160590241584e-01
-4.279642265324345440e-01
-3.407217541406160066e-02
4.139398454183154663e-01
-1.243320773388028738e-01
1.813363455383082690e-01
2.820112473106587969e-01
-2.619311558553150121e-01
1.611856789086201502e-01
-2.570206871576240504e-01
4.752494828812203753e-02
1.638945218088742536e-02
1.852562103665040746e-02
2.251868097668290325e-01
-3.586670516613678639e-01
3.800369640948530331e-02
1.920392727983598891e-01
2.916236975689952549e-01
3.631142037328685124e-01
-4.325668346774094730e-01
-1.572217500549656366e-01
-1.290272196622957168e-01
3.783632933145059107e-01
-1.455224106276063745e-01
-3.609565976295600054e-01
1.162236635964392639e-01
2.945809159269357491e-01
4.344370412856429775e-02
2.062354069607045259e-01
9.398457714183874878e-02
-5.493051275640981751e-02
-1.867614629613721378e-01
-2.009582163088654561e-01
-1.452190446139783597e-01
-1.551831316733763011e-01
-3.890746516300463975e-01
-4.423383400154193984e-03
-7.763513655815697245e-02
-1.676887011868760935e-01
1.880124220497339238e-01
5.106761309385413616e-01
5.009462944943083862e-01
3.453914112968043404e-01
7.900916130869811704e-01
1.000000000000000000e+00
4.862113053328884771e-01
3.918403599209712568e-02
-2.548048831693625060e-01
1.486268223120160714e-01
1.419488251782862441e-02
-2.910622989945318984e-01
1.532340224246298566e-01
-1.534286627788258306e-01
1.024978536059365508e-01
-3.298417515285098633e-02
-2.410320410140253874e-02
3.362305901880469072e-02
-8.790086411822178869e-02
7.057739635163810810e-02
-1.357129390508748368e-01
4.592469159661384248e-01
-4.206187523705710168e-02
-3.048793073647494412e-01
8.606441704532329096e-02
4.981579544124332959e-02
2.956129921213098699e-01
-2.259140504541622130e-01
-1.431148939022730548e-01
5.585641256406496946e-02
2.408696134086419360e-01
3.124247404318751808e-01
5.022845057284525128e-01
3.882738289536484533e-02
-1.152169877145841209e-01
1.694173454408454127e-01
-2.313297974024648707e-02
1.230188518066924613e-01
2.861175037208077421e-01
1.029291255394965549e-01
-5.078635566344024133e-01
3.834314041927686101e-01
5.068612463014596919e-02
-1.032036371625092569e-02
-2.021921698740627715e-01
-9.728460181364698145e-02
1.062424752375713960e-01
-1.224551431480383201e-01
-3.112413032714099193e-01
3.352779199074672478e-01
-1.854090514963097347e-01
-2.149532589417891826e-01
3.741341754808986675e-01
-1.024975250542099897e-01
-2.335045593023322152e-01
-1.814164661612854279e-01
-8.112121193767495020e-02
-8.674762381254760846e-02
5.361256321426594723e-02
-2.395847504200487033e-01
5.175896168054320290e-01
-2.523400091498840259e-01
-4.077252625915681605e-01
-1.088501075546624841e-01
-1.527563009929180649e-01
-8.837408935863032278e-02
2.224720798747162609e-01
1.257706443393366291e-01
-5.935285383074305754e-01
-1.112270739771508976e-01
5.038529817168427294e-02
8.946036575909503685e-02
1.796666883151247507e-01
-4.290810364610945365e-02
-1.326547191928685310e-01
-1.288060975640654415e-01
4.860607469829095195e-02
7.999126002186111861e-02
2.008682579516181399e-01
-4.062410352387454404e-01
1.273209257788581461e-01
-8.733781091079050041e-02
1.885807838384734314e-01
-9.739514876234563190e-02
-2.093713399289464094e-01
-4.499430412219420083e-01
-3.407989792118242683e-02
1.501820854333344724e-01
-4.627269298846046208e-01
-1.804189476661202107e-01
-2.376370381325217662e-01
1.823214521301781132e-01
1.774451575207124576e-03
3.876549644825772606e-02
4.264216346383901679e-01
3.937837035510505235e-01
-1.016122790207196064e-01
2.787982453136723104e-01
-7.428093117181813060e-03
9.166993020382272275e-03
2.045679970070649889e-01
2.330129332297699862e-01
6.379881588504481005e-02
4.827799156499396616e-01
3.567994784236829670e-02
-2.364590432480047355e-01
9.161666261220316465e-02
-7.380097924510667373e-02
2.463263609138055810e-01
-6.776772311603562748e-02
-3.087513823874662999e-01
-1.819454206114137496e-01
1.681659982905407691e-01
2.536565720923267611e-02
-2.259977275968837185e-01
1.620219029271337263e-01
2.365657446957822319e-01
1.200822485888361352e-01
6.800151644153992758e-02
-8.382151212792390838e-02
4.388106407174867385e-02
-1.748891660853319971e-02
-1.865980250567983445e-01
1.429316501390096583e-01
-2.594587605988733503e-01
9.542652428831660538e-02
1.740334025892254499e-01
3.428267677344261077e-01
4.903741815583094639e-03
-7.135326933977496899e-02
2.227560973193303262e-01
8.012538599384225191e-02
-1.903011523234906521e-01
5.293544280443571864e-02
3.445649839856008145e-01
-8.032156341696883306e-02
2.858723718582069084e-01
-1.538608179823238720e-01
-4.761294407212057211e-01
1.327965975249886244e-01
-1.714670382747118249e-01
-4.626852037523942335e-02
-3.939896840945582568e-01
-1.898163984497548695e-01
1.194142492995916016e-01
-5.083333308488735547e-01
2.838574645422947684e-01
-6.932722080844650088e-03
-3.146073531850370614e-02
1.215732177502757694e-01
2.250106612602664757e-01
5.911644056517662005e-02
-1.319152944209702194e-01
-4.153934210913553388e-02
4.425660679557384680e-02
-6.714480405492780912e-01
-1.919171955640736338e-01
5.027738820668771480e-02
1.636664440581041546e-01
1.401481317479451594e-01
3.070190263272007392e-01
2.198572451548418405e-01
1.136161552564565469e-01
1.338703975552658632e-01
3.038511709912216641e-01
2.841651607350343875e-02
1.829690593372430285e-01
2.316564797544545251e-01
-1.423896065466312699e-01
2.125832267204406933e-02
-1.820190651628237066e-01
-1.107062663621754262e-01
-3.334345328643896211e-01
1.645132570384162107e-01
7.188293564273193215e-02
-6.651960805066297645e-03
-5.827226932940742649e-02
2.071939014183606376e-01
1.231419991027170313e-01
3.026301164720135439e-01
-7.274069744596735332e-02
2.319180245036587540e-01
-8.703070158560281822e-02
6.896773340631688620e-02
3.021638625111824905e-01
4.907994732460595200e-02
-1.961121454126299735e-01
4.778681352373644053e-02
-5.354309106328848655e-02
6.652949513468542353e-01
1.347209884609965047e-01
-2.131047357427261896e-02
1.550516097234686252e-01
-4.683642963514398488e-02
-2.990802736500555170e-01
8.338196296901656535e-02
1.400823699468837225e-01
1.285431494405706032e-01
-1.117962321373230754e-02
5.974545043075592948e-02
3.442828522971604910e-01
1.172734538623309147e-01
1.128182950633733889e-01
1.776469144168894496e-02
9.031336417758226154e-02
-7.001538500512717589e-02
-2.455461913522777873e-01
5.164882134125271113e-02
4.457651773819994168e-02
2.118916807255555590e-01
-2.908953126355000585e-01
5.149391357293387622e-02
1.165883427437365040e-02
2.193781895765723466e-01
-6.242999921233644001e-01
4.049077903956926211e-02
-1.116068881821595526e-01
8.436762593134319865e-02
-1.877974032519691069e-02
-2.090521802138486374e-01
2.024328998652856482e-01
-2.558868646486816556e-01
-3.577645956420198725e-02
-1.009025276947991961e-01
-4.125975623209002241e-01
-3.778481992856873306e-02
2.264050888468392420e-01
-2.762203523658163795e-01
-4.126555388001790226e-01
1.563751963986472759e-01
-1.937530943318166721e-01
1.362700145872696063e-02
-9.351878047071346400e-02
-2.868422282090568598e-02
-4.173103905150925552e-01
2.089017276099030540e-01
1.639535228144824441e-01
2.697713668299479145e-02
-7.569365073576528324e-02
-1.564175787943686280e-01
-1.129563703778975470e-01
5.618509437174336492e-03
-8.211678186200460638e-02
4.008874343138151275e-01
2.007522357653426515e-01
-1.843803868692632519e-02
-2.360451020848601533e-01
1.835474649752212237e-02
-4.022845962287458638e-02
-4.025458599501345325e-01
-1.026125383412087727e-01
-1.376575964397086238e-01
-1.365149732966207674e-01
-3.304061813094327782e-01
1.634704944536927440e-01
-2.469894460967557992e-01
-1.049733495488421320e-01
-1.428859582814422102e-01
-2.787476345889848273e-01
-4.662494551325914172e-01
-3.709784727242212976e-01
