6.173120990417881038e-02
1.233030933538179809e-02
-1.965809799772795519e-02
1.346058339068750553e-01
8.039819609145555310e-03
3.468900555361950633e-02
-3.255946283608197184e-02
-1.119733774146162847e-01
5.571843021297438053e-02
-1.376660060384632123e-01
-4.247711945341092754e-02
-5.160628013699405242e-02
2.349547436882703025e-02
-3.864146200875980680e-02
-1.263894259304298680e-04
-2.917626021626172281e-02
-6.097922592288102656e-02
-1.194429916219947874e-01
-1.500500965834542511e-01
3.199441744279992589e-02
4.398895998137427460e-02
-3.102428215323738137e-02
-1.211609538617983151e-02
-5.142944696548735345e-02
7.645871589787546323e-03
7.384405056752987861e-02
-3.744204919910157359e-02
1.060187003700941398e-02
5.993437083151882672e-02
-1.047494075360825144e-01
-1.448185642315921555e-02
1.981798534223794955e-02
1.091321762984831245e-01
1.383732175584962516e-03
6.222129897203242978e-03
-4.777677202574712872e-02
1.603484425460452445e-01
-9.406451068928215267e-03
8.752273385699728403e-02
7.853384312165358205e-02
-2.554856269301652993e-02
2.817147024823584475e-03
7.313070363650123196e-02
3.275462889002825340e-02
2.317850633748325118e-02
-4.185892727488491755e-02
6.120800628976486371e-03
-1.434280880692658799e-01
-3.388842484783637288e-05
1.322308364788576246e-02
6.763145460326250302e-02
2.126656630399103090e-02
-2.500560118204185958e-02
-4.174024600829717713e-02
-4.254355315400799170e-02
2.349058130799227748e-02
5.702488199994715928e-02
-7.042495634675592859e-04
-1.960951240231365716e-02
1.298569287345759105e-02
4.932301507345115271e-02
-1.585924368328953671e-01
-4.485701014248689306e-02
-4.233133422570927069e-03
-6.729252301908822398e-02
-9.218422195397857344e-02
-1.233571616218953754e-01
-6.914374212000393150e-02
6.640009533650595430e-02
2.952363692576914778e-02
-1.510986114926350099e-01
1.242705897910877932e-01
5.941859780520564183e-02
7.331272828688677190e-02
-6.486478477696289158e-02
3.697622579409230725e-02
-3.395967801458116969e-02
3.701956648704628206e-02
-3.427771074759552311e-02
6.602931301301083293e-03
-8.949597474747091053e-02
1.234741328032967593e-02
-3.398419062444873323e-02
2.100665723463852191e-02
-8.637577743143531536e-03
-1.186850225431183709e-01
-7.877676030489845493e-02
3.896705846570781839e-02
-3.482654835625021567e-02
-1.168651751865822236e-01
9.732292520352139875e-03
-4.405026083836011130e-02
1.125744856188104770e-01
1.070424169977105960e-01
-2.734780746367902401e-02
1.248515558893703407e-03
-9.201646204409194563e-02
9.253626885322756290e-02
2.799572370157193610e-02
6.564064711396248863e-02
-2.591256162915221359e-02
-8.606669907738853653e-02
1.030459938660872043e-01
-2.544576039899711095e-02
1.477157121669950279e-02
-7.906715484107719114e-03
1.042762319486677941e-01
2.087532240068405709e-02
7.429942626163500707e-02
-1.369634847484547113e-01
6.684664582240855413e-02
-9.077162247384461605e-03
-3.127520268473231446e-02
2.736266382857999169e-02
2.428170672188438486e-03
-4.020411052986443828e-02
-5.466115178979589345e-02
-3.029650318209799707e-03
7.866479175486425224e-02
4.333605768826076510e-02
-8.005842930520783163e-02
-2.678410521949559434e-02
-2.385956018148302493e-02
1.301452289373850879e-01
4.258139262046962276e-02
-2.562281338265980091e-02
-4.358422589182262691e-02
-8.675755198475776017e-03
-9.662949442236183628e-02
1.274175480029757501e-01
4.044094350326157827e-02
-1.298441229669174690e-01
-2.617960306875418558e-02
7.090649400265948421e-02
-1.955070717879226969e-02
3.741342978264622365e-02
-1.574147499411777951e-02
2.535789307576676727e-02
-1.647364909718669005e-03
6.043598680901938634e-04
-1.080403854494859650e-01
-9.043504498133018987e-02
-3.153328076879220732e-02
-7.258455323221871258e-02
1.863398058063732432e-02
-1.414374239341292284e-02
-7.954017197499960168e-02
3.246922111503457165e-02
-5.028977511049313037e-02
1.199078956103717588e-03
-4.935251067960211985e-02
6.591162070093667391e-02
2.614892979591302777e-02
5.106257231301782051e-02
1.321373409160431917e-02
1.171968331942435937e-01
-5.480713450606030518e-02
-4.608397245523489921e-02
7.636245576651241873e-02
-5.193910195858180562e-02
-1.943899495280338244e-02
-3.228887544985600128e-02
-7.646412608254254950e-02
-1.443188459434439075e-01
-5.559188680440445285e-02
-9.110130758399875850e-02
1.897283571168574198e-02
6.871854090826663188e-03
-5.072215384539816366e-03
2.630810949207302435e-02
-1.688287404619216031e-02
1.048905875022730465e-02
-4.545935770757165983e-02
-6.687519795766071369e-03
7.282917189446773409e-02
9.308555688489646845e-03
-9.579140161510818485e-02
-4.503921556507349891e-03
6.268803434265562968e-02
1.813001317324350672e-02
1.165171676571495965e-02
-4.777943361375384035e-04
3.013461201028319603e-02
4.322516211052491314e-02
1.204951571721825376e-01
-4.350629110822468171e-02
1.011989657646546192e-02
-1.909761341898993979e-03
-4.724521086849807483e-02
-2.289264814435541112e-02
-7.836081833869058821e-02
7.445286494851732773e-02
3.635914868186785470e-02
-7.937992757717345083e-02
6.243088587186396143e-02
1.311158846099188258e-01
-1.772452197688139872e-02
2.704801677147622083e-02
1.902912839005939383e-02
-2.376244241423147371e-02
-7.679609689675460926e-02
2.235125517674923026e-02
8.245125759120131015e-02
6.204115403432672315e-03
2.676938952511086559e-02
2.189825388045672436e-02
4.532836338567336476e-02
6.742471965423613156e-02
-8.976957222270851716e-03
1.007762294121834074e-01
6.789865325464512769e-02
-7.614880052451643289e-02
1.044098030331041954e-01
2.806043020508884253e-02
4.992855062566881746e-02
-8.512973918241600879e-02
-4.244698491715084149e-02
5.837885162172646442e-02
5.676720918107659025e-02
1.631981073210899205e-02
3.958786575381279026e-04
4.866090137138245203e-02
1.795394322642608620e-02
-2.153534015236374319e-02
2.205798004807835166e-02
8.474703286308524208e-02
-8.872620310860789006e-02
2.726067512387641417e-02
4.150429174778563074e-02
1.680185484684762753e-01
-5.181747158146711441e-02
-3.912395675844546755e-02
1.041062785980314230e-02
-1.103375878785153169e-02
2.648040450330330434e-02
-4.786952719811279205e-02
-7.768690963157392354e-03
-3.220154074533233823e-02
3.761274994888737233e-02
2.931569912774151590e-02
-6.077226271111569635e-03
6.400096212233824522e-02
1.961649529566303687e-02
4.094255557728830597e-02
-7.044577482958544468e-02
9.415771647998362470e-02
1.752554169088526848e-01
1.092170740048143962e-01
2.279261402158434535e-01
2.119380168090274352e-01
1.928211603194517343e-01
2.661826164843995590e-01
2.691000291521626897e-01
2.787955710136603704e-01
4.796838072389938978e-01
1.000000000000000000e+00
8.504059396235110757e-01
4.387781061087725476e-01
2.097341960667689076e-01
2.047085257333808306e-01
5.856653255763161897e-02
9.252402055105016232e-02
1.378054877596530427e-02
-5.014661253423213783e-02
6.873838547628367823e-02
-7.639556603754153741e-02
2.993408287717082283e-02
7.119511800603875451e-02
-4.055934074030296405e-02
-5.526601495896116961e-02
-2.643432371815618298e-02
6.680029341854341884e-02
-1.437769406835346861e-02
9.273413811704993293e-02
-3.885781974979622688e-02
2.702653493696533654e-02
3.440881138088740243e-02
7.586717541999488112e-02
-4.417806432690893239e-04
-3.910608652987554446e-02
-3.408462463852549029e-02
8.256556402716323795e-02
1.461812335301445123e-02
5.951904476586239445e-02
4.933667074210867226e-02
6.917682055509152828e-02
-6.049652971464926365e-02
3.617351242554577018e-02
-4.104600957290398255e-02
-1.300077904587184641e-01
-1.153909131250873965e-01
-1.938180396134696337e-02
-2.450732747822749816e-02
-5.557328159240679244e-02
4.408046876881330234e-02
1.733197611230850518e-02
6.678572720106321081e-02
-8.004572843213846045e-02
2.138160466444349525e-02
-4.526061225404925947e-02
2.620363342454606198e-02
-5.148900246711802381e-02
2.362939423594737770e-02
-7.926190574706253045e-02
-2.222882253988367127e-02
-6.190117008840970159e-02
-8.983464515170576370e-03
2.177872160649329397e-02
7.621239897039258117e-03
-5.627739193216033803e-02
-7.834467224826804910e-02
5.232715570659624352e-03
3.849308977996969937e-03
-2.694086015320311736e-02
-6.112128260964318910e-02
1.362860829719999591e-02
3.281971241748622009e-02
1.972970878870170322e-02
-1.573454031264157754e-02
-1.060324518918553394e-01
1.408882362856726626e-02
7.187339919570623695e-03
8.492836910955252339e-03
5.293966408458299772e-02
-4.333041885018051875e-02
-6.103982094386234403e-02
1.508186250762741723e-02
-1.344021288423923738e-02
-2.325329343098572667e-03
7.790459937208589480e-02
7.160461222078948196e-02
-1.438772518449446015e-02
-3.552541991142225269e-02
-3.422348182863901942e-03
-8.388709864481457001e-02
1.547422453617757453e-02
1.004234048997518225e-01
7.703901354424341763e-02
-1.947594743574721649e-02
-3.612024890551376877e-02
1.398254787594199917e-02
6.127281332235538086e-02
-1.024556739002418539e-02
9.164262751245546082e-03
7.377192316335778877e-02
3.779176594729897337e-02
7.064849146555050863e-02
4.068088422553093296e-03
-4.116513046380812502e-02
-8.486964466003016350e-02
-1.331981053844572861e-02
-7.195713058029640230e-02
1.256240633060408951e-01
1.461657782384609893e-03
-2.761911994569435022e-02
-3.868828533713122159e-02
-3.010777069129505837e-02
-5.393674645901995468e-02
-7.543581461191607718e-02
-3.295038925689045689e-02
9.335329731150218344e-03
-6.900397439646067943e-02
2.226448600814158116e-02
-1.041813869591583404e-02
9.494864023511911943e-02
1.425565392518566600e-02
1.207445924421360200e-01
6.302259324897077630e-02
4.841101730030096528e-02
-6.453278879579730891e-03
2.578530788371840438e-02
-2.189669145495377195e-02
2.324197563287181897e-02
5.588710750038930475e-02
-5.383224826810583535e-02
-1.237388422900278541e-02
-4.425530600836617701e-02
9.010218052998315852e-02
6.434995826023924385e-03
5.544178504580789257e-02
-4.122771062292108352e-02
-1.972334108506369060e-02
-6.337079631929445900e-02
4.157755022377647436e-02
4.830364860475244021e-02
3.773137167402811076e-02
2.219258759292820973e-02
-1.532816159701002809e-02
3.214754547588936917e-02
4.381162152624305806e-02
5.642668027652062573e-02
2.932870147779660652e-02
9.692482502442911763e-02
2.549916512529699225e-02
-8.112711941168576635e-02
-1.067296779147769575e-01
4.123637105955084425e-02
-3.755227239377618292e-02
5.936264779164596855e-02
-2.891204809347032792e-02
4.581882315937872013e-02
-2.869515305777500802e-02
-3.115079264460682631e-02
-8.620528536447760737e-02
-1.553986515382206959e-02
7.284711766999300842e-02
4.895157311327755223e-02
-8.047689911123613593e-02
-2.449465178747804728e-02
-3.014321578931914922e-02
-2.621776145963647039e-02
8.362814598806522781e-02
-3.884388778647290819e-02
7.714120981000108061e-03
-5.785110802982827011e-02
-1.161508292131999687e-01
1.566753351634079042e-02
-5.232745629280440708e-02
-1.270149868526906090e-01
-1.275176476382194023e-02
-1.219243054798627435e-01
3.930795215846048796e-02
3.940094620743653242e-02
1.058654003411543532e-01
9.038992526937206576e-03
5.291047516710833259e-02
-1.476118052405681232e-02
3.638352255621247393e-05
-1.277706631985753016e-01
1.736383478671155861e-02
-1.444864074691145847e-02
-5.511238776011274237e-02
-6.982619434902041788e-02
-3.091170903222557539e-02
-1.175221851924673350e-01
2.468804099054439788e-02
-9.587727247063748681e-02
6.031953177156978985e-02
-4.609040420117928305e-02
6.977081147298553124e-03
-8.539397271775449327e-02
-4.672436544618676496e-02
1.601699141731175238e-02
-2.992233212374623488e-02
2.826857252059977038e-02
-7.799396113366041661e-02
-4.120492215120091090e-02
3.324778666191467724e-02
-3.410766728152873212e-02
-7.818544218747262853e-02
-3.361023234935013593e-02
-2.953262078767892804e-02
-5.517321859876724716e-02
-1.562187154319595660e-04
-2.478877486459627605e-02
-7.125351634736022677e-02
6.156337821710525932e-02
-6.523324938535685069e-02
4.085389894087822910e-02
4.947720780821115993e-02
5.744164130986845022e-03
2.954040197567145420e-02
-1.936598758915841420e-02
4.143298710973653681e-02
8.145061235845263425e-02
-2.832580237204263343e-02
7.167267921789703677e-02
-2.593353441026131564e-02
-6.383229922342105456e-02
9.649176993647064215e-02
-1.415389266198554541e-01
2.600547868924631481e-02
-6.177708364865708290e-02
-1.197439608870538713e-01
-4.715280070904794701e-02
-5.376898960806610062e-02
2.784699639225944601e-02
-3.090919648707783976e-02
7.886300980137499195e-02
2.238917540186120825e-02
1.520630721430680787e-01
-1.825052380810883793e-02
4.565103194930220792e-02
-3.093370909694540330e-02
-9.101890029943249250e-02
1.478729820717859245e-01
9.177716329549807928e-02
2.741730485682882315e-02
-1.239622255387755334e-01
-4.995647859462624962e-02
6.570206324845220477e-03
-5.352687216139540016e-02
5.275047270482090961e-02
-2.530829152631114756e-02
-1.385153763467977805e-01
4.503406780209737170e-02
6.228992212802506728e-02
-3.236824513035554962e-02
2.626219966630127995e-04
-8.844239356016640741e-02
-1.163035359755873188e-01
6.685362780958296891e-02
-9.396678333955962859e-02
7.153857836299872680e-03
6.247754964035760750e-02
-7.805126814906922228e-02
-6.014055393767096976e-03
1.944402471904222579e-02
-9.772152558989154192e-02
-6.619617585153964034e-02
2.003207624344261265e-02
-6.691124386177405015e-02
