2.736369163552105147e-02
2.404282058911274000e-01
-1.529263420443320864e-01
1.040992513412557219e-01
1.951330175187694360e-01
2.051568141864603401e-01
-4.503323060164324265e-02
1.412431044275620495e-01
-1.989708894535479056e-01
8.703993190815894482e-03
-4.283647706213485062e-02
-9.186693464045370128e-02
8.286334208544486601e-02
1.314806523173659702e-01
-6.393043453866131820e-02
2.977599291233901102e-01
-5.981452604797602574e-02
1.092951130031546113e-02
1.131617955646483931e-01
-2.853451739930225051e-01
1.189161079330604415e-01
4.090741611333204020e-02
9.419721147802942451e-02
1.367408426884683392e-01
1.064168751753833964e-01
2.035408699084771955e-01
-1.272012739454950747e-01
-6.234335423200997733e-02
3.535577666907278593e-01
-7.012104426111889777e-02
9.455263223213362933e-02
-3.468396967378193363e-01
1.328598782115511523e-01
2.018542892502823288e-02
1.073410876074513409e-01
1.262133685171412667e-01
1.867353102916022023e-01
3.356427972813427751e-01
1.327899365833848655e-01
-2.312774524737873094e-01
-5.709882688517046306e-02
-1.142181721496102025e-02
-1.638096318743857693e-01
-1.534658775470714720e-01
-3.294974599503913693e-01
6.595395331330224098e-02
6.754300409195540533e-02
-1.675207665118829958e-01
4.134178251514212810e-01
-1.805281093224227751e-01
-1.493209089831132319e-01
-1.571375100951136472e-01
-6.276073802567262716e-02
-1.698994766212528693e-02
-9.129154383932042149e-02
9.528513513571267718e-03
-8.687774373451327692e-02
-9.154993336399752657e-02
-7.870168287343441704e-02
-3.197653604237939845e-02
-7.385759488153724461e-02
-3.169589225555705103e-01
1.862685733988557191e-01
-2.039525960768332480e-01
2.614040493031915546e-01
2.105546080419415725e-02
1.146433717473222952e-01
1.060599755545002659e-01
1.152949110958782913e-01
-1.072397920147952037e-02
-1.575621834198500104e-01
-1.369246188708585221e-01
5.981102172120845301e-02
-7.706987946922672084e-02
-1.065608537650265114e-01
3.501734843392950713e-01
-5.563734627598599519e-02
2.635538137698805738e-01
-7.290049598051182196e-03
6.254927988509825787e-02
-2.864470001015368972e-01
-2.390489534313173028e-02
1.218471471413572899e-01
-4.950643361781351809e-02
-1.126315777536806978e-01
-1.261743176706655312e-01
-4.288021694921455990e-02
-5.524365876196461462e-05
4.746369363205481273e-04
-1.296044057314308384e-01
-1.338224862563309678e-02
-3.654026786544883887e-02
-7.531553080168995606e-02
4.778571598600073883e-02
-3.159892979684018610e-01
-1.459866714890180051e-01
-1.432336368107003932e-01
-6.114765207989641960e-02
-1.993745820452887396e-01
3.997059239040918338e-02
8.777697545052612349e-02
-6.544934893756686189e-02
1.906660200715060982e-01
-2.488033329530451795e-02
-2.831130786591513904e-02
-1.353092669497987233e-01
1.061818304099354376e-01
2.043043137015194410e-01
1.082897287609152076e-01
-1.443661966108377159e-01
-9.418771366040931681e-02
-1.509081880924355579e-01
-1.580572913283250780e-01
1.420246733221021684e-01
1.003256593582575878e-01
-3.632354835451926528e-02
5.306078092252206058e-02
1.340710459356266315e-01
-1.543594556888468194e-01
1.230882627989108302e-01
2.177231042902912778e-02
4.419722466281342937e-02
-3.657565059934637652e-01
5.359243453728492618e-02
-3.668658009287688229e-03
2.050378122618032317e-01
2.766571759487841328e-02
-4.147195834221816813e-01
-2.906860462124745692e-01
7.188144275786507997e-02
-3.512236510112086707e-01
-1.516851569863946446e-02
-5.985196231517823928e-02
2.332957475396278679e-01
-2.112465094242141073e-01
1.740986550044781311e-01
-1.900459652119134701e-01
-1.884403648991418434e-01
-2.123100141060407509e-01
-3.243941966756619388e-01
5.009998988269856457e-02
-8.419366747388526417e-02
4.569840481375386787e-02
-1.391540792747009980e-01
-1.342827042292215056e-01
1.829004456769395270e-01
2.196378140843315875e-03
7.343138500131554669e-02
-1.165900702434691794e-01
-3.469164689934099710e-02
-9.886492819604347781e-02
-3.086575602010055985e-01
2.688453955389159475e-02
-9.559275044212775518e-02
-6.448484730751866123e-02
-2.462922171181783360e-01
-1.247576595603575034e-01
1.000404743852210815e-01
-1.978563607549966852e-01
-3.851163424789598444e-02
1.175618010151445736e-01
-4.573215662835035389e-02
1.326224680694892133e-01
-1.997691126849657217e-01
1.912139263667561317e-01
2.647879340492926281e-01
-6.016738937460450187e-02
-1.146426436778940766e-01
-7.379258145889981690e-02
2.981088447542365460e-01
-1.207706013032488479e-01
1.071388450566089917e-01
2.091284028205379619e-01
1.300274417489917234e-01
3.475492971938344833e-01
-1.029397590298943010e-01
-8.684779985210432096e-02
-9.146482436787066461e-02
-1.563331860975481491e-01
-1.091943009135420972e-01
2.261751733183747781e-02
7.444543718273827215e-02
-6.326845722499233049e-02
-2.278312124842249708e-01
6.269615446847234819e-02
-3.229235935677757935e-02
-7.069249951967739032e-02
-8.670663653168439455e-02
1.809768568261762856e-01
-7.218633154195631431e-03
4.420658136647921677e-02
1.568650721254472302e-01
8.591751486291475393e-02
4.215532564563647527e-02
-8.212586356928386344e-02
-1.062878878789318138e-01
6.400711370321132687e-02
6.085748121261438937e-02
3.050041463128227298e-02
4.488777179487169616e-02
-1.269181628968701347e-01
-1.241715733939140892e-02
2.694437702466201401e-01
3.676313255583882333e-02
-6.991486886842135373e-02
2.324143061903640936e-03
1.990708166767162501e-01
-1.751815733955683005e-02
-1.854944946299190434e-02
-1.637988984059909892e-01
-9.096410324740172859e-02
-4.980511639152970099e-02
1.837146220344833825e-01
-4.412803518233710670e-02
4.103119253486772929e-03
1.413211186442170642e-01
1.676462064185935130e-01
6.120541498336449365e-02
-1.633107858756471242e-01
-2.311387034359545581e-02
-1.179755044072705872e-01
-1.157520548207434247e-01
-1.606616784035677092e-01
-2.266940240329199108e-01
-4.229881938183507190e-02
-1.188842512673868729e-01
1.716817312649407123e-01
-2.570426666256543993e-02
4.134922457731124434e-02
2.813563803777575090e-01
-1.465149792174201271e-01
2.240845503117313287e-01
2.025042533245516307e-01
-1.571388936116210333e-01
-3.137868834222209274e-02
1.334053183784867924e-01
1.744925905865122029e-01
-1.182728552711208303e-02
2.257029566669392084e-01
1.054708867996668048e-01
-1.797103896262172429e-01
-1.147752387535024149e-01
2.628776906409185932e-02
-2.138011020514110627e-02
-1.061685945020620359e-01
-1.974111532085080778e-02
-1.264522158133478957e-01
-1.599261113203218065e-01
6.073463909565403329e-02
-1.989439562616261009e-02
1.107037901171868677e-01
8.841703121406519622e-03
8.104761598349460860e-02
2.581775751565687504e-01
2.637660966805042140e-01
1.000000000000000000e+00
8.408379093747452293e-01
8.639459302016347375e-02
3.634616722231864827e-01
9.972307550344347571e-02
2.779839195079451541e-01
3.348484142422384346e-01
-3.895561738796662204e-02
7.942901217597551911e-02
1.642622195704425136e-01
1.700162364355727873e-01
1.199210921623001941e-01
-2.779404455647510597e-01
3.154717097632976641e-02
1.913773504842486706e-01
5.180439174387862361e-02
-6.523361803853253149e-02
1.012549906963769036e-01
2.106201241657626733e-01
-2.314176366348099367e-01
1.428558894686378644e-01
2.074986652385933661e-01
1.951309422440186403e-01
1.443021019581613440e-01
-2.568086609674793408e-01
4.459174990105124747e-02
-1.977460929371011727e-02
-4.408557941042413886e-02
-1.059033103509336160e-01
-6.730398477204882490e-02
6.612417130555595102e-02
-3.300437974300300947e-01
-3.306049826149418547e-03
-3.208857975445897903e-01
5.323326624040888855e-02
-1.178941375524661384e-01
-2.766369733133867692e-01
-5.522597735069747354e-02
1.147380335490766207e-01
-1.057511140077783268e-01
1.013610844765580887e-01
1.300748216753541686e-01
1.261204051723608180e-02
-6.023871316890809513e-02
-1.652562446699502308e-01
3.131390058093221768e-02
-1.343135413732541861e-01
5.310471151012430280e-02
1.110669920075979811e-01
2.475071632947713207e-01
-9.618223275121355609e-02
-2.158350689243401510e-01
-2.302166791834629397e-02
7.347344451825658929e-02
-1.605372304791443522e-02
-2.248147674261596896e-01
2.194798375324587547e-01
-1.747959678022612262e-01
1.420000733374300952e-02
5.549139046256265639e-02
-1.487350815672267568e-01
-3.267636410875168207e-01
2.037595531396199366e-01
1.271754329086399911e-02
-1.776088654067009553e-02
1.860579546540840901e-01
1.444030727812323223e-01
-3.682239675459214046e-01
-2.039419633601286252e-01
1.662769268842881620e-01
3.479455264367337271e-03
3.096852693838769710e-02
-1.378111781462488736e-02
-7.216173777690467785e-03
3.286157684910936266e-02
-3.963060359780168351e-02
5.187206604640150209e-02
-1.439251766057229875e-01
6.115694569341664777e-02
1.099560328367023970e-02
-2.694194073160995906e-01
6.202944100016710705e-02
1.494057601375028965e-01
-2.947234213419076473e-02
-2.062356238890996132e-02
-1.442869023300747677e-01
-7.368077776610371110e-02
-1.760172847399566198e-01
-4.098827057800982407e-04
6.830959496868742320e-02
-2.015247468180187407e-01
2.586614747279426113e-02
1.909756283644993835e-01
1.184007002469960601e-01
2.598288072146874225e-02
2.665141051023326990e-01
1.724578816990683383e-01
-1.279544826271541424e-01
1.100998281473148099e-01
-1.685333492790350440e-01
3.561648259808819494e-02
-8.790342804737308335e-02
1.055719543233485797e-01
3.574120270184880654e-01
-1.995015444717390327e-02
-9.566949404718309846e-02
-5.413555973236638431e-03
9.150632783907318435e-02
-1.196047503839922782e-01
3.265765014641296982e-01
-1.002136219019757468e-01
-1.710618819597872209e-01
1.965256323598059685e-01
6.498471417825799068e-02
-6.752159349353302475e-02
1.742194412839032439e-02
-2.019142525515457975e-01
-1.737010209340516739e-02
-1.154202797305790007e-01
3.002491477144902388e-01
4.363788368842724114e-02
-1.772098371076608336e-01
1.594796970127823621e-01
-1.494658058104772133e-02
1.545154277838102774e-01
1.022467780296476419e-01
2.157823940968833232e-01
1.142623308061971044e-01
1.778624859267003977e-01
2.418874124229003497e-01
-1.661245062301348330e-01
1.940874323839912596e-01
-1.342688042398700564e-02
-8.226713034210324238e-02
4.140231711700819578e-02
9.257928862590626695e-02
-3.683635566493011493e-01
9.094699226611586973e-02
1.573517171240586959e-02
2.905784218104154673e-02
6.716068173637276817e-02
1.040057566987016291e-01
2.523174604601778892e-01
5.658641594452722134e-02
2.278704626655707680e-02
-1.151861241756959309e-01
1.714245197023113454e-01
2.481319058446183889e-01
3.618992153895124186e-01
-3.043477794197587544e-02
3.240409860906835054e-02
4.583158279378755917e-02
7.442395674238165559e-02
-3.366075508194693588e-02
3.099023522090266769e-01
2.116370306283129610e-01
-1.047732166790901059e-01
2.710449326087465693e-01
1.848718039572484761e-01
-9.522324898289795392e-02
-1.221600685283349107e-02
2.529685068531511982e-01
2.690768280974043664e-02
-3.443011164132365326e-02
1.822035854724852466e-01
-1.340852985847055534e-01
-3.236433668741839353e-01
-6.595579212384772294e-02
-3.430222803203277215e-01
1.029879596752369397e-01
-1.613243542272790598e-01
1.191022804017999592e-01
3.238853363576578437e-02
-1.455116613225529085e-02
3.596382401191496742e-02
2.399316110137454938e-01
-1.545498748755202295e-02
-7.212581331722289768e-02
1.042208012409111539e-01
-6.142870675876651448e-02
-1.289008618564137787e-01
1.022081610996781326e-01
-9.165278606058746558e-02
-7.656483195265023634e-02
2.504873567994810313e-01
-2.101686298843501444e-01
-1.205526071296504909e-01
-1.601993762285272224e-02
2.026493521875360471e-01
-3.082566314093095061e-02
2.227410776139003845e-01
4.897678138480840437e-02
3.795981529951525379e-01
-8.142743995066770157e-02
-7.428326221957719244e-02
-2.282432826202651643e-01
5.667379226629746386e-02
4.171946555173013382e-01
-1.024089967941346595e-02
1.044476672647307730e-01
3.384213370732325893e-02
1.169915256011618172e-02
1.551618428248962844e-01
5.149034009881128110e-02
2.063391098370761234e-01
1.480795287320338383e-01
1.095138932279495075e-01
2.441096778277799043e-02
3.297115521918904668e-01
-1.047299724483126693e-01
1.950767568218867917e-02
2.856134467874338889e-01
2.500862126356327708e-03
1.548175531444979935e-01
-6.981449445334279857e-02
-8.003077801251876067e-02
-9.067734945877446717e-02
-8.001363747183676267e-02
-1.614701488995760048e-01
-8.110531571709105048e-02
2.116006761547878368e-02
-2.080925540563385509e-02
-2.383305198439130690e-01
3.397787504852227067e-03
-7.308283066460576072e-02
-2.134336175085430609e-01
6.861487146414427252e-02
3.599603521995704131e-02
3.860189773284894987e-01
-5.400525682099450303e-02
1.307981696716582765e-01
1.278471315904827488e-01
-4.024067443598017269e-02
-2.454380524673751562e-01
7.530876378561561502e-02
-2.721594425507491422e-01
-1.806347068610546780e-01
-1.452570239238952510e-01
-2.281224198955952853e-02
-1.507288121991665064e-01
-1.258600834272241009e-01
-2.355611330837882045e-01
5.855196626125067777e-02
-6.334057352923974649e-02
4.706718058960849410e-02
1.589478432449989709e-01
-1.237179039948803488e-01
-3.825581430391216536e-02
9.750030957303180978e-02
-1.063565561947788368e-01
2.384587991778243377e-01
-4.649630028177420549e-02
-1.658733108862599226e-01
-3.018890165716257151e-02
-5.187401236042581132e-02
3.189450833908744759e-02
-2.059716500421421570e-01
