-3.767048477912028626e-02
-8.580228009036899861e-02
-2.273930271232386946e-01
2.769390524743724560e-02
-9.527246218857590709e-02
7.326079887713675409e-02
-8.412826179979800145e-02
-1.081823208898319011e-01
-2.776016072738569096e-01
-7.407753541116487116e-03
-2.470724957780202069e-01
3.523800769706254832e-02
-4.630531964265838241e-02
-1.640516753494616897e-01
-1.589289801383755307e-01
-1.313014661476624989e-01
8.613915646722124231e-02
2.659074609917208218e-02
-8.413797794517800799e-02
-5.607834377818845389e-02
3.820802860247395072e-02
-5.095789864648089112e-02
-1.386805445067098019e-01
6.745581429720119704e-02
2.326098955845573302e-01
2.391413025702363859e-01
6.667040066306130670e-03
1.122663186614503844e-01
-1.490044323884907318e-01
-7.392148064084164139e-02
4.409733865046526757e-01
1.030272313790455141e-01
-4.687750784504257640e-02
1.445062681413213923e-01
1.587380566679612304e-01
-4.439940576629682889e-01
2.030258745759298822e-01
-7.660134156157021035e-02
3.750138469723795498e-01
-7.556011089374496670e-02
1.142939596686571024e-01
9.776743404909592206e-02
-4.777289139477796515e-02
-8.960437453616576509e-02
1.808636571209504273e-02
8.273793640481745537e-02
-3.817153899222826968e-02
-3.007818625885766983e-01
-2.001173964063104049e-01
2.252594550250741068e-01
-8.470259748589177573e-02
1.341899489212269869e-01
-6.343814256909470484e-02
-7.202229934900535036e-02
1.665515314381282169e-02
-2.457218255573710708e-01
-1.990896662147084162e-01
-5.947388734434345958e-02
-1.346823329000704506e-01
2.608639422029527047e-03
-1.993665810414559647e-01
-1.643066000190636089e-01
6.833601039664581600e-02
-5.036965210143953819e-02
-2.351032775321501289e-01
1.951478894874680847e-01
2.195338304284183157e-03
-1.041776143633447171e-01
1.508747483932303957e-01
2.764910885146098715e-02
1.380883513436910893e-04
-2.311348800626147615e-01
-4.498840061251105360e-02
8.158599133833036032e-02
2.884310272312923806e-01
2.061790228025204563e-01
5.992779868753113012e-03
-3.605476336076490762e-02
-2.802481250448939920e-01
-1.250933046361880074e-01
-1.736312929131376415e-01
-4.264411309118996130e-01
-4.922839432648604130e-02
-1.890301638296375819e-01
-9.642906013640692442e-02
-1.263685960270756192e-01
-4.542609468935125683e-02
-3.377922136229926098e-01
-8.475353088779108424e-02
-1.767195968788974059e-01
8.271446446495843430e-02
9.581409812982814855e-02
3.910449948750976401e-01
1.228948906190744511e-01
-1.279531217794651898e-01
6.645549544073785231e-02
4.441511637207754687e-02
-8.179215238590489823e-02
2.223836320079715101e-01
8.583140623029839045e-02
2.912245183310414598e-01
3.086121965124723893e-02
1.851761733787088762e-02
-3.454034798274668167e-02
1.745517128267856377e-01
1.315102931918686324e-01
1.626159210383450182e-02
2.107307061487301014e-01
1.478895400375604130e-01
4.205241638849444019e-02
-8.057689731005167333e-02
1.380390921842443164e-01
6.569128219534525748e-02
-7.443025623820680170e-02
-2.342564747092664712e-01
2.028913303234520515e-01
-4.393365681176804038e-01
-1.867846901104362745e-02
3.238724334003489913e-02
-2.497203426091678669e-01
-3.647992810755153886e-02
-2.998421408106092256e-01
-1.050573812937714716e-03
-4.452411362409904039e-02
1.427654988204110457e-02
1.507983482903975381e-01
-6.828883115300082851e-02
2.720640543973823489e-01
-2.841287169502993981e-01
2.104958625250121992e-02
-1.881506835580746828e-01
-3.329823319128814574e-01
1.733306285320968809e-01
1.878216891644929887e-01
-1.044925753480132197e-01
1.617041259160166902e-02
4.944647008078379424e-01
1.764306434043272920e-01
-2.110105567101490387e-01
-8.458308561923616464e-02
-5.725805575190543589e-02
3.619135499484115726e-01
-1.056600156517981115e-01
-9.984592815871136395e-02
4.720231774334902181e-02
-1.272814171064481914e-01
1.145134986424570650e-01
8.282819723968015690e-02
-7.823388493546823419e-02
-5.677704706175407817e-02
-3.337566839485191228e-02
2.820784904642147095e-02
1.428384393254086282e-01
7.464762543215094914e-02
5.528639145632138069e-02
-3.580474496196796586e-01
-5.405315569984873308e-02
-2.987443348738011342e-03
-1.325566070780426764e-01
8.749402140145405571e-02
-3.427969434811251742e-02
1.611227992774895146e-01
-4.368712954228046175e-02
1.943396982696660724e-01
2.147508053168299957e-01
3.708390053062423641e-01
3.905488389412499484e-02
6.763306227262705361e-02
2.015534972198796126e-01
-1.048738122492759856e-01
-2.977357569457648664e-02
-5.049166702387988814e-02
-1.642556240687041702e-02
2.653059000320394656e-01
1.185556380946203026e-01
4.114876555022004001e-01
5.742823606271907355e-01
2.275900931340725519e-01
7.039116533467627834e-02
5.434861431254287695e-02
-2.595884932307323742e-02
7.770453088244040629e-02
-2.490151420639208912e-01
-5.914378669445230496e-02
3.710164065010631597e-03
1.254448100417513701e-01
-4.139039168353150222e-01
5.818512564982153412e-02
1.070151060296345435e-02
-3.065633728868036312e-01
9.598024843097999192e-02
1.397258449962391069e-01
5.013643997454904355e-02
-2.294562065488502112e-01
-2.086561913430358128e-01
-7.929977145905341140e-03
-2.128436148079778378e-01
-2.084622817130794836e-02
1.589912967053935533e-01
-4.420250265516244281e-02
-1.321309369314329837e-02
9.289475007153278133e-03
2.566241714157171949e-01
1.649000927233167102e-01
-9.019133980610030688e-02
2.643955843503012493e-01
-1.592486441312735423e-01
2.036436298128856126e-01
1.525215628818986646e-01
3.471471035041889808e-02
2.178104213561079250e-01
-1.336870224970101162e-01
-1.919909267574453349e-01
-1.389893160166879027e-01
-4.359445512222310803e-01
-6.796190160175630268e-02
1.185043467787962185e-01
-9.101569196221240277e-02
3.355366237078064029e-02
2.501386870366526516e-01
3.193793740012607629e-01
6.402866936607139181e-02
5.893604361037717981e-02
-1.336362418176975375e-01
1.477235972696122890e-01
1.491387013683839746e-01
-1.309874768619275626e-02
9.076340780038458234e-02
-1.875069509836416737e-01
-5.396473979810341090e-03
-3.466190239554496622e-02
1.862356816294221951e-01
-7.985753058758528200e-02
2.598903867160332615e-01
-5.261253243134391550e-02
2.400429280634295282e-01
-3.444364300222757524e-01
-5.841833543487850999e-02
7.080190803330431784e-03
-2.040041229757409424e-01
1.103869823849319420e-01
2.098760816877537627e-01
4.330014606352235867e-02
-6.361727802621078287e-02
-1.818648931374600708e-01
1.214985053250306340e-01
5.354103632693748421e-02
2.009263359664810178e-01
1.744091918717787792e-01
2.382829462472163262e-01
1.088952729919571566e-01
-1.158267535498771483e-01
9.292825352215594581e-02
1.209878876891454930e-01
2.171928736524041947e-01
7.646004628597329322e-01
1.000000000000000000e+00
3.495877454204950885e-01
1.145899010871717361e-01
4.921656186206279648e-01
-1.333081364816448254e-02
1.091297942246615832e-01
-5.531146772884332902e-02
-2.276173168903040944e-01
-1.212229371708245518e-01
2.345307114614801902e-01
-1.865074988884967214e-02
-9.171587937034104965e-02
7.889155854142165802e-02
1.963050027555420518e-01
1.409654429042694335e-01
-1.628518607002893137e-01
-6.296521083527567564e-02
-1.310091038686209131e-01
2.984901740442880702e-01
-2.842827418313692220e-02
-1.181127456435881740e-01
-2.686849930381526516e-02
-2.105045394868082786e-01
2.909600325805281051e-01
2.869217800548771180e-01
-2.690203615905896184e-01
3.786304661056649201e-01
2.717908236476586636e-01
-2.234698800865045007e-02
5.328043516108676991e-02
3.038560328916038444e-01
2.122990273085641547e-02
-1.050465052553116035e-01
1.246404031547765218e-01
-3.424379333201931636e-02
7.513221560364105600e-02
2.245830496857094127e-01
2.152729310096812565e-01
2.258829433581101276e-02
2.145511113583639662e-01
2.192762560072744338e-01
-1.038222498620084144e-01
-1.351521342973538735e-03
3.527773554265919986e-01
9.585373334983075810e-02
-9.127792350239574345e-03
4.364911589883023468e-02
6.526151703601423826e-02
4.742998848414657631e-02
3.448474133212938164e-01
1.609677554652462483e-02
-2.331483460778869740e-02
-7.170590202480976727e-02
-5.166641832922981570e-02
-3.205424844813383189e-01
-3.149090625659291959e-02
1.728737598246503360e-01
-4.312808156026466666e-02
2.009743559298873550e-01
-4.034972778388860870e-02
-3.585307060473116869e-01
1.303073144696789420e-01
1.576841987581609483e-01
2.081795124765918048e-01
-7.349595329636662844e-02
5.523903953576082826e-02
2.727861405234878467e-02
1.344853797031979326e-01
-1.389020210891016294e-01
-2.234529048555790320e-01
-7.572190907502716894e-02
4.408548091555988813e-02
-2.776971207238619968e-02
9.119072237274651604e-02
1.900711805082640898e-02
1.268793487731005032e-01
1.324677714431254753e-02
7.464016170801525407e-02
-1.382763416183842298e-01
-1.996530508749741820e-03
2.080852231491303606e-02
-1.322420517923831584e-01
1.069169308813656960e-01
-1.099750780666457900e-01
-2.865762017801352091e-01
-3.459189227499300662e-02
-2.949897605688880375e-01
1.094907414411478569e-02
1.055033610340586625e-01
-2.145579683061692861e-02
-1.770558799778496339e-01
1.496247231956697454e-01
2.608329216786904325e-01
1.488942611408111405e-01
-1.358517521247142729e-02
1.474378371898511231e-01
3.216318725645753718e-01
-8.568685565788053404e-02
3.191672143381053817e-02
5.658853341890225652e-02
3.737422030300123488e-02
-3.275249197990315331e-02
-2.335177759498755501e-01
-2.359604440193930827e-02
1.393566402869487672e-02
1.387642904674280808e-01
-3.619477657627169498e-02
-2.113094068834091288e-01
-1.717726608349426642e-01
-1.958699319426026042e-01
3.887278252976469894e-02
1.914953787055684864e-01
-9.691251941354346588e-02
-4.355241396105755669e-01
4.477518622352515132e-02
-9.404999168127782527e-02
2.106875489417371350e-01
4.496996107555413236e-01
8.407594275490757815e-03
-2.180601977784195622e-01
5.141633646172855121e-02
8.180077717698309991e-02
4.952779233449200458e-02
9.606280372191381908e-03
3.173427350184375717e-01
2.403020999153664128e-01
-1.515467259969501823e-01
1.733016876292089170e-01
-9.737199845615908400e-02
6.316703934875181337e-02
-7.144928803927461103e-02
-2.569002329625614256e-01
1.392998641677352378e-01
-1.667990339674785272e-01
-1.632492561979964341e-01
-8.553037137514264698e-02
2.249716523991703021e-01
-1.545012516650476897e-01
-2.070233879671184163e-01
-2.172841710309034169e-01
1.967099874388505282e-02
-1.748717546879050289e-01
1.993939222953963475e-01
8.318591441606405790e-02
7.785994376517312021e-02
-3.219831054079613231e-01
-2.148898491583984757e-02
-1.042941031702251248e-01
-8.345951835030988863e-02
-8.326299314860868828e-02
2.212239177721752326e-01
8.196661969112792323e-02
-1.030089930382885183e-01
8.751918499909591698e-02
-8.470024012709666261e-02
-1.803998244411091356e-01
1.252605175870048293e-03
-1.574846704509811346e-01
-1.073523376806251456e-01
1.161552522089549788e-01
-1.350038867165082590e-01
1.519389450481023474e-01
9.999584978222059162e-02
1.235355069055421862e-01
1.683414290393927051e-02
2.799498681495339314e-01
-3.462982261734879885e-01
-2.192571444322853336e-01
6.474727013373832163e-02
1.622745438363539239e-01
-1.691465966277047317e-01
-3.503602880289757165e-02
8.867772758109983278e-02
-1.675458598101195185e-01
-2.233693942588199088e-01
6.314995973305549681e-02
1.194788958310021160e-01
-2.336001078672451658e-01
8.832717336739344394e-02
1.101902042068245852e-01
1.230737777835318875e-01
1.066250337956975852e-01
-1.865707558763637919e-01
8.458240464767478872e-02
-1.594208241589158137e-01
-1.387245177953878028e-01
-7.261238090692126446e-02
9.298246296022050217e-02
3.535266617476762879e-02
5.452790951784283052e-02
-5.770459273989354126e-02
1.912721603384921754e-01
1.874240406903958100e-01
-4.758244604645273795e-02
-1.216500943368522131e-01
1.388296978335699372e-01
9.418943354648937061e-02
-5.022737943910741271e-02
2.245210209514340027e-01
1.173270399488941934e-01
-2.168251000291464281e-01
2.103320865284632468e-01
2.416931188420663734e-01
6.916256718896628131e-02
-1.360362697894219874e-01
-2.275389446036736943e-02
2.536538474069979787e-01
6.254212817471568875e-02
-1.346538431393455859e-01
5.265071838313606367e-02
-2.020699341375031474e-02
-5.276517757257328384e-02
-1.820750691961216805e-01
-8.450458347586393970e-02
-1.588833582931870048e-01
1.861018555467079116e-01
-1.860682175387088910e-01
-2.614279038408780231e-02
1.431250749812675860e-01
-9.274565210808570492e-02
-6.911957094952811409e-02
-1.258851273824762307e-01
-4.751806229524791619e-02
1.736906482566267507e-01
-4.754848966456462489e-02
-3.487233377244623039e-02
-2.450751223919302446e-01
-2.373856333338732472e-01
-1.605482736706229374e-01
-3.750862476157569569e-02
-1.554278285388992764e-01
2.700181621207030092e-01
1.104166461412987854e-01
-1.299912627804130673e-02
1.065576340103147057e-01
6.657841583083076893e-03
3.506837486316798369e-01
-5.116433815931907547e-02
-8.948447018037970421e-03
1.773881653096203437e-01
2.065108151101944234e-01
1.391928839729828227e-01
-1.192179174465056619e-02
2.047582993599987300e-01
2.059227737565393901e-01
-1.058628258982454995e-01
-1.355085200690892833e-01
-1.160999318308334610e-01
-2.103475923525948144e-01
1.322049436164566931e-02
-3.260825181174192289e-01
9.646681547009565080e-03
1.773372116722614356e-02
5.356287610337815558e-02
4.770971883743339859e-02
-5.862821407942801332e-04
