-5.472936176072101810e-02
-3.809744111408505107e-01
-2.326289338921623817e-01
1.108916101018189021e-01
-9.087674019935496061e-02
-7.899590265950572066e-02
-2.320679288930815043e-01
2.028388002777765931e-01
4.141169412209055878e-02
1.702336682274047941e-01
2.753645933430154402e-01
-7.193805579297302133e-02
-8.887025104674900478e-02
1.164966478474479122e-01
-6.512356713915029571e-02
-5.054931567702952017e-02
-1.792756784054725105e-01
2.408597491805857249e-01
1.566019687293208548e-02
6.673295536325005162e-02
-1.854057332244048450e-01
-2.453875777180399564e-01
-2.746225282159802661e-01
9.189947085068753130e-02
6.882368934911887309e-03
1.765952634963890155e-01
-1.241947756425553634e-01
-1.249265109037911714e-01
6.014215526261777918e-03
-2.061729993907223946e-01
6.942254377708927116e-02
3.027579727694433287e-01
-9.601936433171807950e-02
-3.225681221291969991e-01
1.555731474042080231e-01
2.402344726188161000e-02
-5.466576604139418150e-01
-1.161989566926093821e-02
-2.350006592227231114e-02
1.385073661751448082e-01
5.673422288817675518e-03
2.851266937460197326e-01
-2.001397123097235498e-01
3.319447915294806428e-01
1.125118434264384820e-01
-1.695542217482729208e-01
6.743905323869330004e-02
3.060813571576567749e-01
5.381265051366808036e-03
-1.138057151583496962e-01
-6.830875873305278928e-03
2.961549569593376410e-02
-4.650684410179594525e-02
5.977340420885243061e-02
-3.310406894944359357e-02
-9.683870352772423751e-02
1.209109035285799716e-01
7.204751168249298732e-02
2.095643656110563191e-01
4.157612312896897394e-02
-2.916847947982034728e-01
-1.161853078026267999e-01
-6.895028937222978660e-02
-2.503756191214008275e-01
1.668865004770770655e-01
-3.001306520645629639e-01
-1.673510085224552413e-01
8.890092556729133066e-02
-6.233718061159938123e-02
6.244217408163667271e-02
-1.373423444437800733e-01
-1.382289884834855542e-01
1.497892393053630034e-01
9.560897841793651597e-02
-1.447866253509405565e-01
-7.366067563605240009e-02
1.752346236076630925e-02
1.325635522404790267e-01
-9.143670629845861153e-02
8.604161541551480497e-02
2.610474443819759197e-02
1.456072065490423562e-01
2.278616030262272940e-01
-2.952775008343775931e-01
1.306794985873680204e-01
-1.113651341135063200e-01
-7.928119362800555014e-02
-1.891086853842950388e-01
3.116742510911695851e-01
5.894590973390075039e-02
9.675148090770444020e-02
1.436417023796022485e-01
8.853698587878333637e-02
-1.807466065442736025e-01
-4.446402578602338257e-02
2.669704128372051843e-01
-2.025802477908670574e-01
4.250326307762521127e-02
-8.639299960138718815e-02
-1.293698578659715215e-01
-1.908058460541953716e-01
-4.832526811751104018e-03
1.000085689764269176e-01
-2.040045721659667077e-01
-1.980702328960377567e-01
2.460560671218960660e-01
1.153117605559776096e-03
-1.021032437095890505e-01
6.565598023779845027e-03
2.808076217238895597e-02
1.046784897070769521e-01
-1.257030110929438782e-01
-1.266796021652944471e-01
1.876758180897419859e-02
-1.804622633484070926e-01
1.541085508964709638e-01
-8.384848887600729328e-02
3.058898387302250721e-01
5.988753659255724449e-02
-3.219247907385109353e-01
9.704632248040982734e-02
-5.524616280348521730e-02
-6.564720407506872968e-02
8.813007453446172756e-02
3.689807749515160162e-02
-3.590621620911409878e-02
-6.253270276007691364e-02
-2.467613816936526372e-01
1.842626339009573178e-01
2.350755454080607765e-01
-2.339941192435942077e-02
-3.000886433692857569e-01
1.252886973975666507e-01
4.039652191603321923e-02
-1.388400967052234591e-01
2.229496890323491298e-01
-1.656536392641260180e-01
2.045811734282205197e-01
-1.788651916627451710e-01
-2.572561955063228378e-01
5.206448784951805270e-02
-1.733349467529231303e-01
1.217364615414008068e-02
-1.692638379481866198e-02
-5.647526070379654123e-02
1.486118029776978267e-01
-2.855047238419022859e-01
-1.978185260038657078e-01
-1.405694046046124801e-01
1.371798702895350441e-01
2.337858155324660236e-01
1.250526793401476600e-01
2.603508397965692001e-01
-1.558962098690240272e-01
5.075493276919219865e-02
2.266430840890127502e-02
2.338128026798373671e-01
-4.194207666328483852e-03
4.165162881530436872e-02
-4.515551014008650221e-01
2.238364288463179363e-02
9.488878043354471992e-02
1.191273408486341889e-01
9.762783515897201225e-02
-2.808530197554866617e-02
1.760523208057141464e-01
8.155080400226927262e-02
1.007973041050490154e-01
-2.640300252264564662e-01
-2.176195212620580799e-01
-1.689153679649632867e-01
-1.851229899001251011e-01
2.873566136334225751e-01
-1.436567405596008429e-01
-2.916632699055387093e-02
8.365506941700774635e-02
1.331437607211436724e-01
-1.757265201845873703e-01
1.717272057224546525e-02
8.477574484150306178e-02
1.510495518504234302e-01
-4.534196472097465347e-02
2.553987711311013764e-01
4.123771855309017742e-02
-1.629941810313588479e-01
-1.326841959120882708e-01
1.552540789588545689e-01
-1.796608258929687646e-02
-1.106986410838719237e-01
1.871798284843527102e-02
-4.720036580039935203e-02
9.174564653590426555e-02
3.252335476246184798e-02
1.082915707737815147e-01
2.300227204715074580e-01
1.902789583251117134e-01
5.910361785184697903e-03
3.988468061080178706e-01
2.153027240340894821e-01
-2.055965860426839376e-01
-5.186428094948068723e-02
5.838363091270053901e-02
2.937478651971482391e-01
4.700910876981669560e-03
3.452182233917893139e-01
2.025741775566986327e-02
3.112688829089619302e-01
-1.354002520233055784e-01
-3.243804980613051309e-02
1.403130556361173731e-01
-3.925836582890845916e-02
1.163728210647858308e-01
3.264995700775956411e-02
-1.294317636633650070e-01
-2.048345271998688322e-01
-6.151608966508759907e-02
1.434707043626546816e-02
-1.239236718682829863e-01
-1.215422403882027297e-01
9.297427054990357875e-02
7.925518318483744384e-02
1.202238916736447782e-01
-2.166971722392800614e-02
-1.602152976838093490e-01
4.816139158639344678e-05
3.448529491295869720e-01
3.102059025576432358e-02
5.142141061093284671e-02
2.113280658952877006e-03
3.190480165535077278e-03
1.333366744738168352e-01
-1.285512730420914629e-01
-3.197658381784920234e-01
4.024499513547136892e-02
3.461614365193128873e-02
-2.997798479392651400e-02
-2.055817427074194959e-01
3.222802476543791261e-01
-2.187425533871478409e-02
-1.351134618711710526e-02
-1.954495931759266114e-02
3.458926782998527072e-01
-5.784673676941892023e-02
-1.832900328059764161e-01
-1.056679085104929167e-01
-1.011777188204133066e-01
-2.526306984662006205e-01
-1.658939415284048924e-01
-2.018691057091243427e-02
3.069595973936666347e-02
-1.167144004943517915e-01
6.096113595226901848e-03
-2.140485799544075349e-02
1.786151895131985468e-01
1.417097559527859818e-01
9.204240262729681543e-01
1.000000000000000000e+00
3.066011574393606720e-01
1.118436786278414752e-01
1.971213355224776548e-03
-3.127637421057561512e-02
1.101981491547904951e-01
-7.886768131264391968e-02
1.270488938922280653e-01
2.912900106338960349e-01
-1.180710939762754097e-01
-2.610740496099284158e-01
1.818079831229529320e-01
1.571303489461687020e-01
-9.791662703063572226e-02
-1.100416530947618404e-01
6.046577358849580114e-02
3.514872328565272763e-01
-1.376119162017579722e-01
2.554394604405780256e-01
1.868426890415995356e-01
-1.981377726618512858e-01
-4.434204985382839137e-01
3.530542670737468053e-02
1.651967710897929986e-01
-2.802131053853036402e-01
7.256198885735047621e-02
-3.079710917870867037e-01
8.526517597793709102e-02
1.775486665960873123e-01
7.199365889089098802e-02
8.933617496984614737e-04
1.357372846869789665e-02
1.449541959472927799e-01
-2.392851980397816755e-02
7.490812051363316716e-03
-5.005746550323337402e-02
3.466367659616150232e-01
2.138977661653119755e-01
-1.280180551261613509e-01
5.675097329017861347e-02
-1.611328510251404042e-02
5.713141693711282221e-02
-7.143004289813043028e-02
-1.146751934712691295e-02
-2.103375763738906112e-01
-2.541863623645067988e-02
-4.270343019236045867e-01
2.934742441544432867e-01
2.352604310121774595e-02
-1.506235711176958092e-01
2.075983156579190303e-01
6.643927419369048681e-02
9.146736967320008571e-02
3.744035901170845171e-01
-7.139605683285718540e-02
-7.834912851936477740e-02
2.582735863864463535e-02
9.331545058839939288e-02
1.225960418895140902e-01
-1.285082558226059157e-01
2.990629202600498734e-02
3.543087259161015884e-02
3.186169459039697172e-01
8.245384972721898909e-02
-7.894827114161860615e-02
-1.620115236258459768e-01
3.472664103780895295e-01
2.108345851855865372e-01
3.156298716273272381e-02
-1.963249820098134368e-01
-3.106398312840741305e-01
-1.494569136526649744e-01
1.219311072098687859e-01
-1.196687873851032674e-01
-4.471009466766386053e-02
-1.458626948301737225e-01
1.483818664413162625e-01
3.136273917142916590e-01
4.757189835205367229e-02
1.426737293267083539e-01
3.790325962855314867e-02
-1.678077689373144443e-01
-4.059147204308740653e-01
1.223020610041817419e-01
-2.462180937235237121e-01
-2.629354155103937885e-01
-2.284328992579636453e-01
-3.268533580040822867e-02
2.447883562356960307e-02
-1.197883755246053339e-01
-4.955190202152178619e-02
-1.059908328400568783e-01
3.983612749430811423e-02
8.579689629543449381e-02
2.823362756872874191e-02
-6.976582939349823542e-02
9.548469293684685999e-02
-9.562493399479024547e-02
5.818162781999436546e-03
-2.870065669096610872e-01
6.263568174730290740e-03
2.741786341653303927e-01
2.045024983744991309e-01
4.827915111215539713e-03
1.509970017803431361e-02
-1.552871298415036128e-01
1.397069900354303840e-01
-3.320873493516320885e-01
4.682170135909038619e-03
-2.074800594942266818e-01
1.531254236467296803e-01
-1.440722740373743399e-03
-1.071242904640759899e-02
-1.765719250890168401e-01
-2.181346161179885945e-01
-1.279049160787711359e-01
-1.447821437014805424e-01
7.955858202543381053e-02
4.362257759474088420e-02
-5.073402454498300573e-02
1.632228159677088508e-01
3.441640984388765756e-01
2.969297472953174033e-01
1.211011218001791373e-01
-5.153438403571872911e-02
-1.267572535069044770e-01
-1.062780512059960207e-02
3.144025598953926331e-02
5.179610282839920699e-02
8.462460486198360166e-02
3.762511541479052202e-02
1.115094407977468421e-01
2.686947125334143149e-01
2.729000699534309682e-01
1.558168508963627408e-01
-1.555919351531608874e-01
2.558686008391083955e-01
1.447768535682969482e-01
2.272461235123691969e-01
1.708371750380615339e-01
1.322027596277366990e-01
-5.013603571807436626e-03
2.604594015291646081e-02
-8.864868548144987093e-02
1.406990917298925892e-01
-9.127647037106827177e-02
-1.094279476230390069e-01
-4.196983801750239079e-02
5.099325240292550826e-02
5.564834498621414743e-02
-1.999427730402543804e-02
-7.308517968486909211e-02
2.484998281838979653e-02
-2.667754531045361532e-01
2.815370502660122232e-02
4.164859209686922609e-02
1.279705932729807982e-01
1.142814882521421133e-01
-8.199509599976244345e-02
5.579159902676406740e-02
1.243590553683808914e-01
-1.376338303523001738e-01
3.337863970188734708e-01
1.500524267648969678e-01
-5.644813686538144304e-02
-4.786036013215708151e-02
5.771030603199549247e-02
-9.456718807979047625e-02
2.440558594985796012e-02
-8.115941587007774460e-02
1.499373314206557672e-01
-1.077031173310171175e-01
-5.745323645158806683e-03
5.928421607871839361e-02
1.920288802192289812e-01
6.208323549257264290e-02
-8.054494083834438933e-02
1.457296460906394864e-01
4.722048927670426804e-02
1.517567645653312702e-01
-5.166561172521886430e-02
-9.179414728908995291e-02
1.593707823983042116e-01
-1.170286197191801741e-01
1.276651206744763567e-01
2.320264989551642787e-01
1.252372180796548218e-01
1.407971573506794838e-03
-1.268086913032372420e-01
1.814176364886418424e-01
5.489997311759196169e-02
2.889849607153993083e-01
2.265845404548348929e-01
-1.221772494331120062e-01
7.265585252579037645e-02
-4.429476888213331742e-01
-1.626748999554928909e-01
2.117574409273828839e-01
-2.129096504061358253e-01
3.028996983398377779e-02
1.188364265615892215e-02
6.954379204384575353e-03
1.956960682296363940e-01
-6.618688222891151718e-02
1.656744148393750615e-01
6.277784165486242907e-02
9.617101117122166254e-02
3.420790365057125859e-01
-4.213187836280619242e-02
-2.199590204822185827e-02
-3.285775306786354877e-01
-2.990320953369365875e-01
-5.204470561058359424e-02
-4.559834311702146321e-03
-6.156343261300276093e-02
-2.771436494840056053e-01
2.294608588271464522e-01
6.903316414538883394e-02
1.098769461999725833e-01
2.883750195045985815e-02
-1.731157394734111066e-01
1.884042051661982964e-01
8.739651966741870948e-02
1.488681545440682374e-01
-1.562693245065053527e-01
-1.714975231971988812e-01
-1.393536180232618216e-01
1.374712012574839659e-01
3.426980757341101941e-02
4.664535379286875033e-02
1.938714901907465926e-01
3.534767436684969899e-02
1.757378362829933593e-01
1.588980025611964192e-02
1.388881242297358362e-02
-3.325143663864802424e-01
-1.248887975611746998e-01
7.842431075408946850e-02
7.456941463679819804e-02
-3.500822425099756746e-02
-3.727905318210681523e-02
-1.746103487011538002e-01
1.098299860109976100e-01
9.320760831415163261e-02
-4.696904558051250185e-03
-1.932380440016683576e-01
3.230107850329829167e-01
2.320621760193867511e-01
-8.170522110863925880e-02
-4.644315213601644260e-02
3.512165042415146821e-02
1.146726388643348193e-01
-1.457841488792548622e-02
1.579903760386613823e-03
7.315059158117705185e-02
-1.239355159646170768e-01
