-1.647882046645250120e-01
5.983514589563468378e-02
2.245772165270827070e-01
5.027724381832954226e-01
3.514356843143212616e-01
-1.530433985954260667e-01
-1.901272172214223122e-01
6.273466842840723368e-02
8.608582649758676764e-02
9.899193939198645820e-02
1.178246584163295946e-01
-2.653606538250319336e-01
8.853380229812615743e-02
1.470481229190641892e-01
-1.282004986745396979e-01
6.024116071408221890e-02
5.391143779577835943e-02
-5.420278947625016552e-02
-8.020583701041517077e-02
1.735720408209722732e-01
8.161755621464990285e-02
2.112374788696458061e-01
-1.169746309531427692e-01
-6.547380270741685881e-02
-1.174048975897101083e-01
-5.465240418844221487e-02
1.144645544743399523e-01
1.588493539066068994e-01
3.826797560110895557e-01
-1.078406997737229311e-01
7.822895001041692276e-02
5.325126685859286196e-02
-5.474675245010369312e-02
-7.586222976176408561e-02
4.820468805372604172e-03
-1.947357540838221268e-01
-1.051460569154042818e-01
-3.386555123851824334e-01
-1.947078314276089461e-01
8.073257792138111011e-02
-2.594694594122476938e-01
4.014327643088896891e-01
-1.961630760425140951e-01
3.468726638734816008e-03
2.652594691830994361e-02
1.658048020549576229e-01
2.588055447352963778e-01
-1.821282895195076579e-01
4.213398572654384333e-01
2.419901484709221784e-01
2.723802543543451735e-02
-9.387797099782761723e-03
1.279223584227575650e-01
1.011126909078304131e-01
-2.291911622549337169e-01
7.943687426914579353e-02
2.903750282063409793e-01
-3.261011883052342131e-01
4.122554122659036202e-02
6.862356095084848860e-03
-1.581185798215729299e-01
-3.122169817603187569e-01
-3.940150523012152933e-02
2.104050042960474778e-02
1.900363639202228352e-02
3.220536906761670148e-01
-2.917087281034663748e-01
-3.785363907980967557e-01
6.773656041143230611e-02
3.756369772242681981e-02
-1.723158166787214923e-02
-6.050176540065881070e-02
2.468138047140369939e-01
1.440383079927303744e-01
-1.457431447799192870e-01
4.176605977056913055e-01
-1.883022160056146421e-01
-1.297263735217489000e-01
6.875702105126541008e-02
4.799700339214988537e-02
-3.701234646446250470e-02
-3.040922318120834467e-01
1.176745106595095403e-01
-6.017133037425274195e-02
-1.611490215451882313e-01
-1.069002167548013110e-01
-1.205510413630195704e-01
-1.412221941090116284e-01
-4.246573936247840381e-02
-1.179323647007582548e-01
-1.035770701459833437e-01
-2.887918632075026082e-01
2.374595098246335134e-01
-3.180098377609920368e-02
-6.824907648504405233e-02
-2.633962325301599239e-01
1.201517615302985231e-01
2.169668597129328913e-01
-1.862066757172293682e-02
-1.121815563770588720e-01
-3.803384680670852253e-02
-4.612036070010260697e-02
-6.418025215238697123e-02
-4.153878671898086350e-01
3.503544467444166810e-01
-1.580073492931156898e-01
3.718601421273967644e-01
-1.195557985513268223e-01
-1.859445312246275073e-01
7.347285070964792997e-02
1.637256168453001814e-01
-9.991423608902528369e-03
-2.185161669622933955e-01
-2.075582463943415057e-01
-9.301801592230654614e-02
-4.178600948084551514e-01
2.175789134178818807e-01
7.212775110354478769e-02
1.423312256831569256e-01
1.578759429214600662e-01
1.591785526963115580e-02
1.692852170196435524e-01
-2.587561055058296491e-02
2.736676975459557126e-01
2.435426851947800619e-01
-3.476152225818713443e-02
-3.066742917279084435e-01
5.421314948281496376e-02
-7.819537788813248069e-02
4.518635148837503168e-01
-2.047591350777476782e-01
4.480791302349294153e-02
-1.766227500222960489e-01
1.735052009363962922e-01
-2.489577808202762810e-02
-1.581382684839457153e-01
-9.628809573913786612e-02
3.601974847185070994e-01
1.465185764032156945e-01
3.459247989203368956e-01
-1.459628093742635913e-01
1.602727102576870233e-01
5.941892392290008471e-03
-3.561935070326172764e-02
1.468341806924890192e-01
4.763386360410303277e-01
2.221578346232585821e-01
6.539731480417801945e-01
-5.322285076340482063e-03
1.136201764772116346e-01
-2.284138452195329794e-01
2.408574501520274400e-02
1.552756350594455131e-02
1.827715232303044890e-01
-1.895585980833408291e-01
4.064654032858227017e-01
-2.859561351444724342e-01
-2.023545659689384990e-01
2.209707303638127618e-01
-2.586846207639778572e-02
-3.107691803891045046e-01
-4.965581775047219759e-01
-3.957358638100443721e-02
-4.638864844029574191e-02
-1.315073704976911506e-01
9.785316350889645964e-02
9.637841016831360380e-03
-2.100907171542843732e-01
1.205894893526745504e-01
3.315139717647591078e-01
-2.719948031914775077e-01
4.085944166706188541e-01
3.675647026049721350e-02
1.043486835464144113e-01
3.043377630673113274e-02
-8.300550999090867965e-02
1.287460996895975762e-01
1.257112143198699239e-01
-4.084115060530179751e-04
1.907128668017532558e-01
7.180497046494896396e-02
-1.429881671458195780e-01
-8.959383267405013340e-02
3.131763256740267565e-01
1.369505603643631775e-01
1.076390037565240904e-01
2.289603106771072316e-01
8.584014339195855658e-02
1.208052620317993514e-01
-2.724349005113483116e-02
6.323485624863242616e-02
1.607198591610756178e-01
6.491684023967472794e-02
-2.385703164435989954e-01
2.105463119863016652e-01
1.231581167626582818e-01
1.653212933665198225e-01
-1.926263835441563710e-01
2.433040589288396338e-01
2.271419467655750452e-02
-3.607855626420552464e-01
3.579139483669498134e-02
6.258777723054012587e-02
-6.214418879796079070e-02
6.930771822016369710e-02
2.400731301034195186e-02
6.500840998088375233e-02
3.794536804341109293e-01
-1.682957794104119054e-01
1.057159555658370165e-01
-1.067393512532068961e-01
4.365330705257890465e-01
-5.512212184214745903e-02
2.353227863017524624e-01
-2.750487239251681593e-01
1.429173345691888974e-01
3.539101746067628840e-01
-4.586430548585982980e-01
-4.696589790924030061e-02
-3.954528794521839918e-01
7.484777711686806112e-02
-2.076194097284033979e-01
-1.002498941702061747e-01
-1.264648503433883076e-01
-3.233346185508370052e-01
9.906101407524571523e-02
-3.562382222451138114e-02
-2.496171756170539879e-01
-3.461106065558850475e-01
2.107444754078413029e-01
1.506719873297608925e-01
-4.185023589656215737e-02
4.256887726027182572e-01
4.117732242686241578e-02
-7.570035243289406635e-02
2.383757868426903681e-01
6.135707307734979132e-02
-9.951556954738251248e-02
3.265166887547233943e-01
8.126339322586685621e-02
-4.156102383681913558e-03
1.605381179099362732e-01
2.703548364606538912e-01
1.683996312452200328e-01
7.328751506568480407e-03
-4.996841697664241438e-02
5.501912207346169037e-01
1.776970411198097177e-01
-6.779550609825969743e-02
2.932720139907694576e-02
-6.346808200077774798e-02
7.318584031708984250e-02
2.196490818926731259e-01
7.496352498381728124e-02
5.047896315006101808e-01
7.064038053210388579e-01
1.000000000000000000e+00
4.835950995137573705e-02
1.088288586612977810e-01
2.032582757143521768e-01
3.176344478852253239e-01
-2.246532376827201638e-01
-6.005471806479988073e-02
-7.214015304932368255e-02
1.875848381996540193e-01
2.362624965126551013e-01
3.969806776588216679e-03
-3.005222070013668922e-01
2.502490462938031235e-01
6.468562934228794248e-02
1.587847794487287287e-02
1.258182402214714224e-01
-1.936632735345703016e-02
-1.443102020209750813e-01
7.316294091300644398e-02
-2.134057034616415605e-01
-1.740588610279431570e-01
-4.085699879729012135e-02
7.334144354729785209e-02
4.695559331039222961e-02
1.517632642238591657e-02
-3.113610215759124444e-01
-2.705462820096034282e-02
-9.280763495720963097e-02
-4.219289011990071669e-01
3.216313632639088427e-01
2.674875932384611094e-03
2.334367412615048765e-01
4.493575174418427270e-03
2.837415042631551421e-01
2.081244921487986344e-01
-6.810847925185256613e-02
-1.409296644837055024e-01
3.974141724975049361e-01
2.192607221490403546e-01
-1.495079668766073622e-01
-6.411542791325124113e-02
1.389821063803101109e-01
1.012693975998114199e-01
4.552322113484589261e-01
-4.057912464922017876e-02
2.418269267371266906e-01
-7.354078525620422191e-02
4.151896316956289051e-02
6.340726805326933613e-02
2.566066181759532605e-01
3.106776931400677677e-01
-4.126134849007773164e-02
3.174249771798743902e-01
2.175888583546118082e-01
3.948608817382789904e-01
-6.773548403411489005e-02
-9.516037017845935253e-02
-1.960218533860501322e-01
3.338182949842665725e-01
4.506006555723537366e-01
2.952854878998966703e-01
2.237289187396103440e-01
-2.056798198576813563e-01
-2.373897065310108870e-02
-4.348483729068685077e-01
-7.148188542808606855e-03
6.905708555477259314e-02
1.562952804063551804e-01
-3.340089197031777691e-03
-2.974622511882581422e-01
-6.261259985487194202e-02
3.619170522950385799e-02
1.150082406207800084e-01
3.236222352913229461e-01
-6.311767347547449225e-02
5.017844821264071109e-02
-9.906656231635792287e-02
3.873576810973153317e-02
-1.957992899327137479e-02
-2.384950314210632916e-01
-2.073852828588244879e-01
-1.163805080410432614e-03
-1.321026435033485769e-01
1.876745217380515474e-01
2.494768441450295748e-01
-2.021430249628635226e-02
1.484925104135466911e-01
7.969932897007836817e-03
-1.475092930766237764e-01
-1.415704406990680488e-02
-2.982716496894727287e-01
-9.025920212323648717e-02
-7.980029222135719136e-02
-3.549752193967752045e-02
1.657133418903764810e-01
1.359301176666478095e-01
3.514208894614240797e-01
8.525699629537376867e-02
-8.099539145539952356e-02
-3.689085828763910557e-02
-3.264877454714546490e-01
-1.708304032675474760e-01
-3.260840490770640643e-01
3.074546171606803990e-01
-2.335508243070523807e-02
1.379144208258814286e-01
-1.357619753814663377e-01
2.515730311311174527e-01
-2.107840829520635229e-01
3.301358155787197102e-02
3.860672388875232564e-01
-2.455365201448554691e-01
-5.779894429877435041e-02
3.773103052467207535e-02
1.326116079059564967e-01
-1.214119709731896479e-01
-4.104371748330418873e-02
7.627105067160681005e-03
-3.536964816366838793e-02
-3.883932661250625099e-03
-2.240568153980347088e-01
1.373774868165911489e-01
-2.629781845321916764e-02
5.623737176469291443e-02
-2.113005096737070043e-01
-3.019767066833903835e-01
4.610518095189058974e-01
6.688142686141099191e-02
2.711068619755346298e-01
-3.231193708224968514e-02
-5.540294977055364861e-02
3.456035818398968118e-01
-5.225127683148932806e-02
9.646746251173836384e-03
4.375055880983549916e-02
-1.211825267689797120e-01
-2.413687107024229950e-01
-2.214696127204580089e-01
-3.234384894609897421e-01
3.049596833399393914e-01
3.217348378370516460e-01
-3.062459670443890003e-01
3.347111755226818419e-02
-2.913572898087825047e-01
-2.026904205844969886e-01
3.128971628712804431e-01
-7.600968262353086091e-02
-7.123812716236939402e-02
3.103138242337987185e-01
1.328507859027770466e-01
2.570226058062807240e-01
9.547322268919068711e-02
-2.063801867448864513e-01
1.585064692315706764e-02
8.975910480429452609e-02
-1.991678776497376735e-01
-3.549342056504120047e-01
1.484310343678612865e-01
2.422930831293536869e-01
-5.100439140423977946e-01
8.740192593694517953e-02
1.400921768661738676e-01
3.914775378054324295e-01
-1.786043582864763890e-01
-7.932154982367480012e-02
1.631568125143153525e-01
-2.030279582678204686e-01
1.113489545599173208e-01
-4.139313537862662207e-01
-2.416084224880313547e-01
-2.469581208307564460e-02
4.664129056849488086e-01
2.321583520973362347e-01
-3.057749527269092438e-01
-1.712332810366767322e-01
7.555844746969435366e-02
-2.583136737436035335e-01
1.176397881249829358e-01
-1.014051937912388429e-01
-2.450927293679367736e-01
3.269514169795335601e-01
2.658877433318569405e-01
1.794633906276140167e-01
-7.396547690976165712e-02
-3.472317273641730151e-01
-1.811635187982306994e-01
1.095958344229331916e-01
2.278000336211998267e-01
-1.968305069543830332e-01
-8.212621818116079553e-02
-1.566563440502486415e-01
2.204455259265469813e-01
-3.674913819432050199e-01
4.862218490041485958e-02
1.097409310524861681e-01
-5.059168633089263650e-02
-3.407629081064005028e-02
-6.757133409844295890e-02
-4.099949942604771413e-01
2.923387862697963691e-01
2.301061972262510302e-01
2.647500350262789182e-01
-2.209203985031393466e-02
1.888008373368051367e-03
6.861207981556989577e-02
2.355210871750318125e-01
-1.916045067309013195e-01
1.020327025233534607e-01
-2.188104552716781392e-01
7.464902415631692600e-02
2.031205387030909637e-01
-1.445666586216267646e-01
-5.863409441689167167e-02
9.642853644525775647e-02
-8.976377066077260991e-02
5.652857685108719776e-02
2.809810333475361022e-01
-2.715397887561593615e-01
8.176679178778994972e-02
2.375950280554333660e-01
1.805439470239842970e-01
-5.958936235571642148e-02
1.698668723265563674e-01
1.675360704993694994e-01
1.460241189598578682e-01
7.884243783088017155e-02
4.842348769011286386e-02
-6.628041467909352724e-02
-2.454660651724479836e-01
-1.139184574786383519e-01
-8.851657064477690129e-02
-3.521443959051833161e-01
1.264548763982942248e-01
-2.663415179868764970e-01
-2.771555011372975330e-01
-5.738554198687229047e-02
2.866449087781658411e-01
5.380535803817106111e-02
1.547902713756586224e-01
6.414141741618373249e-02
-3.293186927104724618e-03
-2.533520235278658439e-01
-1.432276956624332076e-01
-1.526061686775768977e-01
-8.482255404028939128e-02
-1.258574434195600389e-01
2.702936040350227900e-03
-2.564406289879517242e-01
5.358873885866038966e-02
-7.184731071236857836e-02
-2.453524425275541432e-01
-1.033461181338795332e-01
1.170322238834013429e-01
-5.352669427319122625e-02
-4.586411327715512742e-01
6.402146492239149667e-02
