4.935213829984912842e-02
1.357509066534763886e-01
-1.858465898026620956e-04
3.595481562108603785e-03
7.156900797189259811e-02
1.991190841363855712e-01
-2.617273076706400081e-01
-1.397640337984157322e-01
5.193555254530798915e-02
1.096586040711872989e-01
-7.576964034763371270e-02
5.020631291693637005e-02
-4.394414734567757275e-02
1.483370640695431120e-01
-2.151324843453029656e-01
-1.882889217070637111e-01
3.105353824361929416e-01
-7.873910951772815359e-02
2.844118086816654900e-01
2.766993716592244801e-01
1.821273666200408647e-01
8.922019664787450566e-02
-2.175168952517843035e-01
7.391805082908817215e-02
1.590094967743247711e-01
-1.695358673015539552e-01
1.736131019494737554e-02
2.813478217090287226e-01
-2.197641002770415741e-01
-4.530516169484623962e-02
-1.659649187941278359e-01
8.580213020868762697e-02
1.187660961222203326e-01
9.103828622652242186e-02
9.072155882880390820e-02
-1.448491699648492004e-01
1.283312864867479086e-01
-1.904053582275070516e-02
1.211452116197674345e-01
-1.255244176207996609e-01
2.806934359185184191e-01
-1.661512660939387653e-01
1.523585938656075445e-01
-3.824982542869454494e-01
-2.000513089888503460e-01
-9.287945436607107641e-02
2.602611093917789886e-01
-4.999178097369042471e-03
6.907340754840728125e-02
7.525060411409950634e-02
-7.280956346350099528e-02
-1.438177490923332191e-01
-4.101608652052633752e-02
-2.716936942998428584e-01
2.977526999467343116e-01
-1.310936409082993637e-01
5.139599246841786845e-02
-9.793948145861168519e-02
1.253439470703446856e-01
4.338093326001515176e-02
2.981489345379306072e-02
2.533074237865155440e-02
1.027329981584821916e-01
-2.945615165703003302e-01
-3.348846642353389691e-02
4.411308582977390390e-03
-2.427385615423119369e-01
-1.695784335775078755e-01
4.230727795404068403e-02
-1.828501648614918110e-02
-8.282062219089166011e-02
-9.420956998637293467e-02
-1.677576962944027916e-01
-2.935951214499754949e-02
-2.429778964970140398e-01
-3.477950404102919668e-01
-9.956042991510008489e-02
2.001133153436739087e-01
-3.412341099241739811e-02
-2.550232192447200730e-02
-2.126220814594813324e-01
-7.375432844503423957e-02
-3.427978469038274745e-01
1.170042173508320654e-01
-5.639132490078170579e-02
1.817368829759221371e-01
7.903787918228098383e-03
4.481106509631342660e-02
-3.708766755173308893e-01
2.482426342390166296e-01
-3.472739736637656671e-01
-3.208092677234739010e-01
2.691524605667531406e-02
-1.550499279823153165e-01
2.024768358559978498e-01
-1.109729564101118171e-01
-9.985461474161076711e-02
2.126895862277192739e-01
1.016079667737511266e-01
2.170719806727343937e-01
1.622639208885323925e-01
-1.156427098983012769e-01
2.070644647626919410e-02
-6.071763034120539193e-02
-2.639831793078991490e-02
-2.804796648255702407e-01
1.272376074760472597e-01
-3.439736910970189049e-02
-9.371969321029294253e-02
-1.396646406664545093e-01
2.027501516763844172e-02
-7.582842469284593878e-02
-1.995617234543498597e-01
-4.071061362562733432e-02
-1.677095504032226070e-01
5.238294424724599524e-02
1.481944339414291711e-01
-2.321849296254699935e-01
-1.413039130144351507e-01
1.329330733835508704e-01
9.573295310164254418e-03
-1.994828006369909479e-01
-7.904562557619748686e-02
3.009243956081349980e-01
1.786851533511289378e-02
-1.770151385029059832e-01
1.579207697730845763e-03
1.704833600466389154e-01
6.562886406454927768e-02
-5.381961880326621012e-02
2.178720909056919564e-01
-2.610740462455318212e-01
-4.287583508480094507e-02
-2.148033848324396727e-02
9.626748762308506846e-02
-9.126848067868353898e-02
2.531957310951847284e-01
8.365278794102921911e-02
-1.682514669430102694e-01
2.265900136382209273e-01
1.146439605917328880e-01
1.703820164607602605e-01
-4.000808194395672618e-02
-1.423546533058302199e-01
9.470101659499394198e-02
5.049027233366269740e-02
7.762938805140153810e-03
-1.769396082767473732e-01
-4.563298119176042306e-02
-4.096053939819788853e-02
-1.568072156305965748e-01
-2.637035814793991031e-02
1.050910132221242049e-01
-1.164246656786580153e-01
2.555947008586063052e-01
4.951076238689874898e-02
6.794100878036696267e-03
1.214310332533316689e-01
-4.678324345311215410e-02
3.800226919896509958e-03
-1.158563603312787460e-01
1.890266511387808657e-02
-1.804579009717181270e-01
-4.006404914582034626e-02
-1.467648045291755077e-01
-1.338375555282206864e-01
-2.720741290083362740e-01
-2.313569408114544979e-01
1.926778495510586553e-01
-1.064287482913467697e-01
7.898695513793872747e-03
-4.439405116997547363e-01
1.823397232487843911e-01
1.516130758284875979e-01
-3.095506732132095179e-02
-8.005359658715854865e-02
-1.789632089234389350e-02
-2.461300361694072070e-01
-3.278529295373756591e-01
-3.657272774158033812e-02
-4.977058286951537708e-02
1.238559381791614067e-01
9.431388494117946830e-02
1.219204969851639536e-01
-8.152211662057129438e-02
3.212913626470491057e-01
-7.070983033012827323e-02
1.319018961164508119e-01
1.323962422129298377e-01
-1.711712598475621794e-01
1.609934492675864914e-01
9.232777195423273742e-02
-3.220722883905942011e-03
-3.634857472781393567e-02
1.182301920192303790e-02
1.927278576590568671e-01
-2.232591333727620975e-02
6.664481175453017270e-02
-3.173470304674462783e-01
-2.281682009922602894e-01
-8.040531959079125213e-02
-8.163984067931226440e-02
-1.221047060398100376e-01
2.083471439198293085e-01
-1.313131286324541735e-01
1.149418222157160135e-01
-8.533653756066281182e-02
-4.815712388123488674e-02
1.389748380477973111e-01
2.159768930903594453e-01
-2.404619545968820493e-01
-8.363852850365341429e-02
-1.945120435742618004e-01
2.140483182805347218e-01
-1.754342780567660076e-01
1.677066032792009498e-01
1.966578898003878417e-01
-1.261619357276357600e-01
2.713438786779953649e-02
-5.243275752874905493e-02
2.883753563708677577e-03
-1.389919786206354202e-01
-2.410290614123545838e-01
1.323524019101651218e-02
-1.219651436956884494e-01
1.071878956465397575e-01
1.107611194150713851e-01
2.071008740824490102e-01
3.494862212128282269e-02
1.260590871550182901e-01
1.659961468944526689e-02
-1.191930662884171238e-01
2.182276125095249375e-01
-1.762121369600753717e-01
3.030610271651558718e-01
1.124728612404859163e-01
-1.680163983041873532e-01
1.767893180988167057e-01
-1.150656423842829068e-01
9.417340827146307436e-02
-3.805481813979424283e-02
7.083523164832460084e-02
-7.919392355663708305e-02
2.240229322294210179e-01
1.498344847417615033e-01
6.925883348731608213e-02
7.926728511112572650e-02
1.041471961318340689e-01
-8.340478019942529353e-02
2.050153203273575586e-01
-1.214009758262525884e-01
1.993734973959893075e-02
-2.886236297574482426e-02
1.942769932878147532e-01
5.319698085870994131e-01
1.000000000000000000e+00
8.033394548885087749e-01
6.192292048977589003e-01
3.233775730518041458e-01
-1.030568913599578112e-01
1.259921889291435934e-02
4.149714531579876825e-02
7.763070106849825902e-02
-2.091870661348480820e-01
8.653269583971281986e-02
-4.554894780339280476e-03
3.091699575340957004e-02
-9.029237035838746928e-02
2.803503056426731033e-01
-9.054163244604669647e-02
1.490272980848437456e-01
7.370228050334159953e-02
5.043537482573026004e-02
-2.787780826071025939e-02
-4.629961701245721706e-02
5.117670774876305340e-02
1.104578741450943924e-01
3.689269514947002282e-01
1.533449155251527807e-01
8.764605967741644077e-02
-2.906505014748228879e-02
1.817807807179168747e-02
1.042833658847553691e-01
-2.762667499967116913e-01
-2.641532852295496933e-02
1.215022971635912330e-01
-1.467941799189673990e-01
6.288703283258010451e-03
1.182949828122411562e-01
7.912676784049343937e-02
7.823375138110823246e-02
2.085051925590272470e-01
-1.378517723302163378e-01
3.565202049236473880e-02
1.491417107541764542e-01
-4.466940510796275215e-02
6.447677315200794901e-02
3.122418147821380829e-01
-3.104457551762823675e-01
-8.207710927908060117e-02
4.599589584877659260e-02
1.750080387067572685e-01
1.013958802807644610e-01
9.930226160957365822e-02
-1.631939727875063584e-01
1.883351160016090708e-01
7.669855152527534081e-02
-1.182918225093484849e-01
2.189687759936861655e-01
-2.879487246876929474e-01
-1.297059199796186113e-01
8.487981252603499227e-02
3.024784106623113963e-02
-1.590970345679912357e-01
-1.000239725550594316e-01
-9.264617377756161065e-02
-1.571977875117948342e-01
-4.963106816157727974e-02
3.329395779255912152e-02
-1.228342566483551224e-01
-2.842613753952694111e-02
2.207316026562976818e-01
2.923602957998208129e-01
1.159178919351359499e-01
2.363503511310849348e-02
-1.159462128442293460e-01
2.511464021044932174e-02
-8.489977727748927727e-02
7.669937761381051544e-02
3.583468102030674517e-03
-1.152833896942878772e-01
-6.078862411570808144e-02
1.812348709370761590e-01
5.245904288598871035e-02
-7.202663326158005586e-02
-6.703403087820269945e-02
2.191075934510646472e-01
8.843748191023947935e-02
1.401468503574302971e-01
6.289553322720893569e-02
1.323097822911596666e-01
-7.692240198039369814e-02
-6.468883425737101400e-02
-2.829381402296953646e-02
2.484350889657419015e-01
2.430598242489491190e-01
2.675822226110309288e-01
3.633937123052339291e-01
2.558552033785300162e-01
1.405367921193257930e-01
6.590370542728895588e-03
5.252617635359232984e-02
-2.494391717966914709e-02
3.349627070429342379e-01
2.393012722992651081e-02
1.639397863480464845e-01
1.484474469931051921e-01
5.607387800396354538e-02
7.431045678601422289e-02
-2.047754321733040450e-01
-1.354999193649397693e-01
-2.775143878048702550e-01
-2.007364451751785517e-01
-6.047599359503694899e-02
1.886323375317339526e-02
-1.129647919208153911e-01
-1.240282431166515875e-01
1.073979364132618824e-01
2.292166197290583171e-02
-5.842237469711505232e-02
-2.363855413634203539e-01
-2.449449382202166861e-02
-1.241677242589413754e-01
-2.086973587976197753e-01
-8.591767542136770353e-02
-3.951230074544252735e-02
-1.412292229473468830e-01
8.649376576037509645e-02
1.546167004454060134e-01
-3.091378167191042303e-01
-4.282447949577838919e-01
-1.156152178311699308e-01
-3.127079797389111238e-01
1.991361883901484886e-01
-3.051133073761070902e-01
-1.186376746561952772e-01
1.526698423449850961e-01
-9.610751077852960900e-02
-3.685302443136938971e-02
-1.376468169326409696e-01
6.528507010375292352e-02
-8.920498931929533859e-02
-1.293923821686003839e-01
3.133344506292684017e-01
-2.066029140379136986e-01
2.647462754894006065e-01
-4.660646491340209030e-02
5.937545951723207510e-02
1.407477066107665764e-01
-2.344770714601139006e-01
1.732348648316733575e-01
-8.715898169228930570e-02
6.182050995047606856e-02
8.167923572092188056e-02
5.467906297566772489e-01
1.580817548447623899e-01
3.399094342463190171e-02
-9.052674878191833974e-02
8.611995383067828913e-02
-2.734686201743018533e-02
-8.360098046562915164e-02
-3.034624963190347691e-01
-4.295506321427454421e-02
2.050661068877074333e-01
1.731975533637377662e-01
1.165485701881203845e-01
3.413794415678484406e-01
-9.179440325951564172e-02
-1.459141177756157759e-01
7.918889010545487883e-02
1.047304663451337353e-01
-2.509121963268213379e-02
1.121543863933698454e-01
-1.930299266456870499e-01
-6.071479370278339699e-02
-2.308820500070976611e-01
1.083795521822796398e-01
1.030712469443407706e-02
-1.087411574361128869e-01
-1.287530971172734795e-01
-5.658013097108500339e-02
2.563696067453438143e-01
1.694707838420357049e-01
4.407265001349467554e-02
-1.251021084623936408e-01
2.483419726995466648e-01
5.360239112694445418e-02
-2.446533550730469950e-02
2.529892648183402204e-01
3.745525293726501698e-02
1.282295493516949214e-01
-1.217484059836253796e-01
1.103607828045597289e-01
8.109620207775064538e-02
-1.326502465101917771e-01
-2.843228927428496644e-01
-1.818360547510273761e-01
1.290505719593720672e-02
1.473421321813961479e-03
-2.708464071727509914e-01
3.384852333628555338e-02
-4.111339112454153732e-01
-4.774820861349087647e-02
1.752097233158204370e-01
-5.798114509354245633e-02
-7.645631394359188315e-02
-1.546147527449552306e-01
-1.711849660856064603e-01
-2.694014658388687034e-01
-6.422311866394075919e-02
1.858577512325166048e-01
1.603443854163712490e-01
-7.624018524500891791e-02
1.098459187572948526e-01
1.335295017920242952e-02
1.150874107849598899e-01
-1.400931541348513221e-01
-3.832134146028214061e-02
-7.784706909065641778e-02
-2.289594342911582536e-01
-1.029461289577565664e-01
1.182615917472336908e-01
1.795864499085297883e-01
-4.028622699199971846e-01
-1.091541836514394459e-01
2.512060014067349356e-01
1.236429858714035990e-02
-5.097070490579651975e-02
-7.462713930101590176e-02
-1.331223818779186385e-01
2.594459585156272952e-01
1.129492418182892061e-01
-1.582126725431121095e-01
-2.551431939272847949e-01
1.101367921943774142e-01
2.395117837208347866e-01
1.211038227699174769e-01
8.527061394207420542e-02
1.421132238459627273e-01
2.252090021146670451e-01
3.298801718194146332e-02
1.370383060540261710e-01
6.977066331619717621e-02
-1.361158427917912583e-01
2.009394217097883184e-02
7.750750512670380454e-02
-2.094911506891956182e-02
2.755390323211969195e-01
-1.298715533593914340e-01
-1.417674220887461811e-01
7.653750926858964021e-02
2.905045497148667916e-02
-1.117047151485055234e-01
-1.651360843965037628e-01
1.524026217739375688e-01
-2.011312763369884071e-01
1.060288907136223008e-01
8.721755324426730405e-02
1.684435278525436494e-02
1.952519386418325453e-01
1.447820548496214499e-01
-1.270308527110700081e-01
