3.756002664155344561e-02
-2.204541715642462096e-02
-4.408542669543227266e-01
-2.422113552784058432e-01
1.271452469867696555e-01
-1.279166544708201236e-01
-1.719923062180936657e-01
2.174207602299428332e-01
9.378057916588369847e-02
2.276818173736220585e-01
3.343660118039210039e-01
-9.207090765767075857e-02
-1.355194385805783552e-01
-3.184168364489006753e-01
-3.145120440337763057e-01
-1.074201045240866653e-01
2.880475284283253168e-01
-3.008706955281212347e-01
-4.129262446366204209e-01
4.842950587925360928e-01
-4.541689104686374989e-01
1.232321747307376369e-01
4.165703308859542986e-01
-5.327713341288091708e-01
1.613084309930936100e-01
-1.019858565589424615e-01
-3.330518408521960377e-02
-3.201149473881888946e-02
1.637694655386704723e-01
3.976441417671346124e-02
-5.071253123503233207e-01
4.519871153453483004e-01
-1.367372712653426581e-01
1.582884100172586850e-01
3.695991623454101260e-01
-1.727866964430835317e-01
-2.293819602840626026e-01
3.076553482197591505e-01
4.179540390377672887e-01
-8.669054832066082350e-02
-2.703404911781797648e-01
9.512796197588439806e-02
-1.020563884911322439e-01
-4.523400069632901865e-02
1.260892474308885902e-01
3.727137541426426420e-02
-5.310588551295183750e-03
2.190898857108519726e-01
-2.178940657968942984e-01
7.637907049646792956e-02
-2.142617803705814446e-03
2.102057344338085776e-01
3.544031563580399835e-01
-1.668316273541113892e-01
-3.853722924399900496e-01
-4.426858946797882499e-01
8.585677720307663408e-02
2.660188212132485585e-03
1.326846795056936257e-01
-1.775638544961415377e-01
8.985710831755171213e-02
-9.634692662465761670e-02
-1.781638498019542105e-01
1.984787562226303648e-01
8.555664015678303425e-02
-2.703918986460768226e-01
1.734777887707292937e-02
3.451332617833530875e-02
-1.808005172112603920e-01
-2.090157132005213969e-01
-4.958099283710278304e-01
-1.962347705625717420e-01
-1.017167201249720571e-01
3.929874395878945811e-03
-5.232332354085804382e-02
-1.658269516438871660e-01
3.742205368168911028e-01
1.423278992704212209e-01
-2.082616070333115077e-01
-2.838671130114626961e-02
5.066996026667374559e-02
2.181050592827800394e-01
1.105761823064798088e-01
-2.873324407448649143e-01
-1.372970940556693942e-01
6.270267904023928141e-02
1.744380466559282139e-01
-7.258530605301333205e-02
-4.431742655556162869e-01
-9.526519548375604607e-02
-1.466268509904811723e-01
2.432537055266281167e-01
2.496327746487962962e-01
2.515193782291429980e-01
2.945326754539059119e-03
-3.449646632996301032e-01
2.026196772503461307e-01
-6.230512444504140296e-02
-1.963783155872309560e-01
-2.664623782504811356e-01
1.240639015709224351e-02
-2.272853500051711106e-01
-1.894020111061768541e-01
-7.998128944232353599e-02
6.014420372241514601e-01
3.440882942084242946e-01
-3.013278149249478122e-01
-7.230945095610603890e-02
6.633510112328513952e-02
4.504575482530344122e-01
-2.798479084370394596e-02
2.381021149436108320e-01
-4.335587212138176938e-02
2.074520899449748546e-01
-4.449701178439850746e-02
-1.571682795204994432e-01
-3.825388604935635595e-01
2.095368519959746323e-01
-2.325324792875390900e-01
2.638445954037138552e-01
-4.069143799794545241e-02
1.714174681066716888e-01
-3.548684887907846974e-01
-5.709487807782234747e-02
3.958854355673923076e-01
1.575283733757790530e-02
-1.405660397743926093e-01
2.050397865425236388e-01
1.157255223447603218e-02
-3.531214715191295372e-01
-1.872370712686431959e-01
-7.061016122298487130e-02
2.085778686951747785e-01
-1.306436473923244246e-01
4.546852339368765566e-02
4.165126507862053629e-01
2.359818993617486538e-02
5.613389853280614794e-02
8.540857884269206779e-02
-6.575650531262861032e-02
-9.283148162122425995e-02
-3.862019689514468307e-02
-1.065150377715173569e-01
5.530046688293762669e-01
-1.373589001158664613e-01
-8.044529474656751666e-02
-2.520203111858829170e-01
1.023652066721565529e-01
-1.121390807441667442e-01
-1.418479645150568791e-01
-4.939425607973103594e-01
4.631060692763994679e-01
3.569996308624213965e-02
-1.028656935977688980e-01
3.848343093236631929e-01
-4.688182725940915480e-02
1.068170332778407665e-02
9.017165837421445285e-02
4.530925504728182396e-02
1.457222412339213569e-01
-4.064353002178743290e-01
2.301089798176549350e-01
1.336858425309927489e-01
1.315588728353974113e-01
1.724409894944990695e-01
-2.945421418115525269e-01
-3.970426499961610678e-01
5.713489431375223804e-02
8.783484922446983811e-02
1.424338086419756344e-01
5.852661671292261891e-01
-9.155295935809978263e-04
-1.644177906937857037e-01
-8.581720699823182363e-02
-5.836957489157825613e-03
3.854004604479857043e-01
-1.354808551631169478e-01
2.804651232540447126e-01
-2.688988799801208529e-01
-1.790329258396358147e-01
-6.043343574638396914e-02
-1.305174984096341140e-01
-3.540653373813093530e-02
6.073062864605600908e-02
3.959832602624884235e-01
-3.500914422800207593e-01
2.506613419793807251e-01
-4.058491046468652441e-01
-3.001605459555305166e-02
3.586786734537492083e-01
-3.377622663894397359e-01
3.488034510368359098e-01
-2.778902509400111853e-01
2.816435918633379276e-01
1.688126933719013567e-01
-4.063772856292494073e-01
-3.317788730129158647e-01
-1.412429232664871304e-01
-4.811599733591921946e-01
2.355423334198047860e-03
-6.443833406287883259e-01
-3.187883697075489797e-01
-1.802578395962668167e-01
-3.016859944798776505e-01
1.737908534648218983e-01
7.503026583283819995e-02
7.303425618120341634e-01
1.387904303932931405e-01
2.185996469503098116e-01
3.486013338502151893e-01
-1.127035034461654761e-01
-1.144675469579110871e-02
5.552358825689125005e-02
3.578466754957508322e-01
4.332660462822059411e-01
4.920610141245602143e-01
-3.982342140500556155e-02
-1.683323405055057453e-01
-3.700889718920328808e-01
1.113929368349301412e-04
-5.270974376114183346e-02
2.985059633846479654e-01
-3.466022864349870281e-01
-1.063755630051198692e-01
2.868458371763388803e-01
3.716264115410564672e-01
-1.946128429669137794e-01
-3.141938419678467209e-01
-6.192639871023845888e-02
-2.018489168142412471e-01
1.452848038747665549e-01
4.691238364877812761e-01
-1.775237099007093977e-01
3.307344538631189490e-01
-8.697978504142539480e-02
-4.047638535664358633e-02
-4.002104534993124463e-01
-7.393135076967384534e-02
3.063029472490065852e-01
-1.009782815773648396e-01
1.264323726417388161e-01
-1.503507137325258702e-01
-9.918381555382276005e-02
-1.361648960944608112e-02
-1.014081639134715856e-01
3.197714228379864854e-01
-4.605141839947778787e-02
4.308050953588268284e-01
3.851775533316226241e-02
2.732714242957932638e-01
1.301334866922716771e-01
9.668468236884168732e-02
8.413902013122009915e-01
1.000000000000000000e+00
5.022537417095972456e-01
4.802527429800049208e-01
5.326852850042040899e-01
4.286796868411597572e-01
8.358801803076182368e-01
9.920955176660198882e-01
4.307820121785239653e-01
3.025695501949542954e-01
-2.617334702727282594e-02
1.919103102040307651e-01
1.170031182915661772e-01
-9.016955657807892988e-02
1.023202741171147512e-02
-2.757754361790933917e-01
3.766064952207925920e-01
2.582683356717848655e-01
-1.365274876513434543e-01
-7.403820804363345220e-02
6.315826504122777629e-02
9.780338004713243216e-02
1.939063358408144588e-01
5.011323677065350202e-01
1.789571358449828231e-01
-2.236605944875098007e-01
-2.002922521234704045e-01
1.034675119130700066e-01
6.442022895748818201e-02
4.708339708442875193e-01
-2.208864595209044379e-01
4.567171312153415763e-01
-2.262008032151563430e-01
6.710314634964033298e-02
1.157045502468463799e-01
5.750586919069379244e-01
2.790857083070328870e-01
-1.027800238373079017e-01
2.676255805340372329e-01
3.636006381193329640e-02
1.932139241915076244e-01
-9.938400915362793908e-02
9.656798407596121903e-02
-4.064081118805804721e-02
-6.521870639595410413e-02
1.955661778762243230e-01
-3.671413436162929145e-02
-2.280961534711228519e-02
2.479521911309304494e-01
1.682104677724447772e-01
1.536893101480170942e-01
1.909797348129804173e-01
3.216377660039525244e-02
2.767689436039323936e-01
-2.196546598568985265e-01
-2.369455992164971295e-04
-6.843964578936882759e-02
1.858231819094038062e-01
1.125122975499132094e-01
3.454931689322300603e-02
3.998200368043894337e-02
-4.522137194843374453e-02
2.599180579016692749e-01
1.553651542918631223e-01
-3.309447006014661352e-01
-2.039645958553239768e-01
-7.043415897169278891e-03
2.716999283455309167e-01
3.244289274867455108e-01
1.093317258364337602e-01
-2.367425105318642087e-01
1.922111935448935546e-03
2.798216936144567457e-01
-3.534510759198719043e-01
-6.419490622139471803e-02
-1.573684174181606554e-01
5.793310379231946666e-02
-2.814366408536662645e-01
1.340190431008093097e-01
1.561559482097301388e-01
1.083061693194967701e-01
1.444335699101814419e-01
-4.033455279678168082e-01
1.062923016096165851e-01
2.933271427195437500e-02
-6.601768955411042861e-03
-1.585764090840041107e-01
4.771737664917728716e-02
3.018603906779308496e-02
9.861586321176957215e-02
2.258126096972381536e-01
3.101131836276961595e-02
1.110941876431459779e-01
-1.403988262139612697e-01
-2.147587126797064760e-01
-3.865161642679282861e-01
-1.144317029602713032e-01
-1.803995725763620217e-01
2.697872028511800746e-01
-1.065484638419762486e-01
8.095450155388266011e-02
1.301488196849922285e-01
-4.003103412436568864e-01
-4.506229946442123491e-01
2.615178502193870602e-01
1.187903917009475174e-01
-1.236264734980635355e-01
-8.915132515922994522e-03
2.165229416557145625e-01
5.286104980021671951e-02
-2.014711110617472267e-01
2.771527432015886694e-01
8.142787392582367945e-02
-2.130742262860230163e-01
-2.798060430881170180e-01
1.122523330191055463e-01
-2.380065095772342376e-01
4.599043936716616376e-01
-1.046473357089238998e-01
6.673292340228451081e-02
3.471067817883361495e-01
-1.770126393329352413e-02
4.370463902169099413e-01
-5.936581104715678292e-02
-2.098467633940782340e-01
1.362721617790949580e-01
-2.862880107682346242e-01
-2.937987341027591820e-02
-1.212307297774275899e-01
-1.056386856355258641e-01
-2.138174878297628700e-01
1.314918813701379252e-01
-8.145030508367384625e-02
8.046613067805462316e-02
-3.341376991955159748e-02
6.178507461932823963e-01
1.194317582913295706e-01
-3.549605081027170511e-02
-2.790834882659826155e-02
-1.608413202881224802e-01
5.725373913998776931e-02
-1.216642920428124552e-01
-2.235604837966258529e-01
1.035623814967050887e-01
2.027553326250327026e-01
-1.924509697831351673e-01
1.756487335035999313e-03
-4.012489176889253439e-01
-4.487794350686148959e-01
6.032249125890581931e-02
1.239861971377011485e-01
-1.218741314969617323e-01
3.133871683107133932e-01
2.097806470358595243e-01
1.453520739887095015e-01
9.205204502485328510e-02
-1.867948389714156887e-01
-4.306490711634200497e-02
-2.603969393406728727e-01
-1.731762948593739415e-01
4.423463276033709479e-02
1.311246135342855890e-01
2.221535917490493062e-01
2.063211814918139986e-01
2.630409495153998023e-01
4.950584882759957728e-02
-1.861267092714526394e-01
-1.920470911160328253e-02
-7.278979299562583771e-02
5.787322131902294248e-02
-1.598350833999699905e-01
-5.577339423520134148e-02
-2.420687236713560050e-02
-2.245610335464019169e-01
-1.176373929831632387e-01
-4.478351647824767301e-02
-3.038133824245528580e-01
1.522113177679958185e-01
4.377026504716331062e-02
-1.910527370786589962e-01
-2.700191110542497497e-01
-1.790699482171750900e-01
1.005212912522863121e-02
-1.157316649385238400e-01
2.870219717733397125e-01
-2.772333004903153042e-01
5.256908105262168146e-02
2.775173971174342211e-02
-7.032471611184105964e-02
-1.579111508733043179e-01
3.085351572005256560e-01
-1.374269443232894149e-02
-7.648374235205177007e-02
-1.709586027579398232e-02
1.900416880211222570e-01
9.994839354505805074e-03
-2.288385512863399737e-02
-3.301108069767059727e-01
5.182241836620830183e-02
3.830465406076612872e-02
-1.141032695465647173e-01
4.108587009923819061e-02
1.229474820814524944e-01
-2.056699909758589739e-01
2.264143679101279782e-02
4.624922528803439986e-02
-8.511024301421410421e-02
3.220788482554376442e-01
-4.244063333721110332e-01
-1.133149567889348841e-01
-9.711859621628053663e-02
-2.197097751741275418e-01
2.243540205681991417e-01
3.764531648793989493e-01
-1.327865077921104864e-01
1.456945859240366403e-01
3.602209594804309245e-02
3.648210841719945474e-01
-1.058905654898752019e-01
-4.417663526501762472e-02
-1.656667568886064507e-02
1.451901293175746899e-01
-6.940537567324432666e-02
2.616140464870488763e-03
4.086434966159269849e-02
2.216286167447193978e-01
-3.658643326108529936e-01
-1.821354943579963637e-01
-2.948865774717863708e-01
-1.112261523997696844e-01
-2.104093674869833216e-02
-1.447837375840598240e-01
-9.726554238348585069e-02
1.750355606634551031e-01
9.382295391686866493e-02
2.780762932228313389e-01
-3.647086897506972292e-02
3.182225081967493541e-01
1.013009550573730488e-01
-2.169747254962612060e-01
-1.597076520260409804e-01
3.102163260738183270e-01
-1.531115164889005308e-02
3.559382152861899073e-01
-6.868575488318644229e-02
2.576388237361578945e-02
8.295114046618945469e-02
-1.388247590546979812e-02
2.420610253600173969e-02
2.784689302348168360e-01
1.121161199329487879e-01
4.835023132297510684e-01
-2.548651111205448710e-02
-1.215333759040546496e-01
-8.350180844661636570e-02
-2.406644481222792453e-01
2.170705815912249703e-01
4.041288613116243988e-01
-4.864713277333694574e-02
-9.966672237586245153e-02
