-1.074784260660665569e-01
-1.663682180154969770e-01
5.823313170207011780e-02
6.263107790069624703e-02
-3.361713300118659292e-02
-1.223009081758387878e-01
1.120497006669651796e-01
-1.602107687972015859e-01
-1.115071864408283438e-02
1.288711705652380857e-01
2.041109848683867189e-01
3.306220086303464645e-01
-5.781577953752836674e-03
-4.366820912388664350e-02
8.367758206847725200e-02
-5.549416398838612902e-02
-2.193482309807064934e-01
3.681708355394535115e-01
2.333687362786793784e-01
-3.766839809105094750e-01
3.655247044994699435e-01
1.096813278328935687e-01
-3.107645115487187547e-03
-2.317559866666268897e-02
-1.843756203345446945e-02
4.184832765827702361e-01
2.138801920628068676e-01
-6.985060024109419896e-02
8.258974271654644095e-02
-3.422991914883794506e-01
-1.041457532404499731e-01
7.032832757103661681e-02
3.490761967854458803e-01
1.375991631781999514e-01
2.184453167669162532e-01
2.080132588627579826e-01
1.584914125209427871e-01
4.833041111266289658e-02
2.262520096370243539e-02
1.425429720866208498e-02
-1.607300021887912989e-01
2.420169006353961039e-01
1.976273281248558666e-01
1.407883845537594714e-01
-2.318935168750682618e-02
-1.445011970424299186e-01
-4.670744392860576855e-01
-1.723320138746616548e-01
2.784191690820345677e-01
-3.697095095202260207e-02
1.386161530999964753e-01
7.424369111394431286e-02
7.080925154599536364e-02
2.383681601872557898e-01
1.375647986158648195e-01
-5.644395357773121513e-02
4.379109454031289150e-01
1.671551184678234103e-01
-3.188264247163881127e-01
1.038621445003484467e-01
1.456803442758423661e-01
-3.061581804285298802e-01
2.704264633306230903e-01
-9.265876371353971852e-02
5.521696269058294290e-03
-1.001872121771876095e-01
1.436137884392531261e-01
1.688396973145216695e-01
-4.214265929692138923e-02
4.663533519391399769e-03
1.527548412224337682e-01
2.621273682346569323e-01
1.997954488562125042e-01
1.062576556603944539e-01
-3.839801708417058812e-01
-2.549339274763355867e-01
1.060127692041300806e-01
6.698219748124649431e-02
6.215647886263672012e-02
6.762622521879417536e-02
1.918648480527499617e-02
-4.230470615642972776e-01
-1.508543874290938641e-02
1.447132245269944217e-01
-1.463140534646776569e-01
-1.566945825151084548e-01
6.299091455687744201e-02
2.348627737968194892e-02
-1.525904337167553471e-01
3.358069689086638776e-02
-1.002114368368301617e-01
-5.379686330884612955e-02
4.129186545014221915e-02
2.497956012632484291e-01
2.046897272480769497e-02
2.971556877901182503e-01
2.843009769167497564e-02
-7.931279408125789521e-03
-5.668019294402897035e-02
1.149288836002296116e-01
-2.221262561975233946e-02
-8.965620728796157290e-02
1.569067398882522113e-01
5.731945926482948095e-02
2.318412864605531865e-02
-7.870133885359328896e-02
-4.406014022620435289e-01
-2.303480110585566856e-02
1.764616910757083879e-01
-2.415017651882266358e-01
-1.597289610354592909e-02
-1.940592324953928638e-01
-5.624277822562673973e-02
-1.366716310331386186e-01
-2.269837179856172005e-01
3.112325412880825870e-01
-1.025776893654377631e-01
1.890730048223486226e-01
-2.287255591096777341e-01
-1.541247025927497127e-01
9.496315841611001340e-02
-1.784309458300226414e-01
2.341167449731098860e-01
3.179309605364899483e-01
-1.577551176729543592e-01
1.138714639563188913e-01
-2.788222424396660237e-01
7.756930357127228559e-02
-7.274298066145039321e-02
-1.385479447811453491e-01
-3.079342377594546099e-02
2.562712024300579094e-01
3.001711678961415108e-01
-3.739834433300170957e-01
2.913957211723273155e-01
-1.350184671029124317e-01
1.072469736724305789e-01
2.741050899030166299e-01
7.599464095269499453e-02
-1.279900973225579774e-01
1.333410193319480574e-01
2.607692566902758968e-01
1.365821012973792992e-01
-2.824840724363427147e-01
3.355400754904588889e-01
9.376407589146198984e-02
-8.583720879993410324e-02
4.702492569464322703e-01
-3.846681650231877081e-02
-6.624348657114262351e-02
1.567810802224023636e-01
-1.507148194206067715e-01
1.475624853565127292e-01
1.385732353567235842e-01
2.301683078329896381e-01
2.098942388668850745e-01
-8.009215627953057692e-02
-4.974427934375174470e-02
1.579143832682239901e-01
9.712832950162277046e-02
3.073325174877354349e-01
1.150654405501085886e-01
6.146250899307795917e-02
6.424244918468080545e-02
-1.993508670825259177e-01
-2.259114562033815443e-01
2.003635212327675719e-01
-1.705128684950075468e-01
-4.602883173006883447e-03
1.662950951897934626e-01
-2.064775563551524695e-01
1.412468364588449765e-01
-1.370115915791798311e-01
4.211039183852433726e-02
-2.209161070376802205e-01
1.674027167428354113e-01
2.646659631290845249e-01
1.404891135069334107e-01
-2.068488958381536902e-01
1.953535221842217159e-02
9.193077379579539521e-02
-3.045287171663983716e-02
2.882330370172012102e-02
1.006209905758547185e-01
-3.467578568066470579e-02
-3.340095148932429869e-01
3.386764410676563197e-01
-4.316528873334309069e-02
2.397418976386682041e-02
2.222989659815961458e-02
1.375488533305325722e-01
-1.911769340481932478e-01
-1.760919035864711157e-01
2.074038194851151595e-01
-2.060367039790241342e-02
-5.532642994916970453e-02
-1.185549513824721013e-01
-4.096542134935094587e-02
7.427860161767848787e-03
-2.511007599145482008e-02
1.437679713052479880e-01
-1.387055169676836841e-01
-1.688215969957345686e-01
-1.617647619447903085e-01
5.230716977250651212e-01
1.344590765442763847e-01
-4.024638914348904195e-01
2.133651273231019219e-01
-4.579966200310279234e-01
1.740227645681539093e-01
-1.078736005430301070e-01
-4.478945126588168013e-01
2.466809003654915622e-01
1.687151267661526066e-01
1.275615662696781560e-01
-1.662909014022136145e-02
2.529775604229159702e-01
9.953232188358245025e-02
-2.219691202025523835e-01
2.797121846961807181e-03
7.600669931322900919e-02
-2.523789976308570826e-01
2.897019256723835645e-01
3.871256702691541762e-02
2.852136795786754386e-01
1.572236947806917584e-01
1.032394497060970529e-01
1.221066980313769007e-01
3.612303479202481210e-02
5.230886961483852682e-01
2.271455655110935778e-01
1.509140874210000011e-02
1.290500037360486074e-01
-2.978691673057011213e-01
1.002916675367224592e-01
5.978737059723329000e-02
1.551440493955660860e-01
2.125239629967744237e-01
2.682549532787038005e-01
-7.897999835890916198e-02
-2.026621709852957642e-01
-5.626100968453354167e-02
-1.275266350674028777e-02
7.209212913118910604e-02
3.426056875199490759e-01
-3.948675791665409718e-01
-3.166184798056890237e-01
-1.124225561641991056e-01
1.811243998407388867e-01
-1.437882523621543118e-01
4.425852852118564162e-02
2.869362001263484063e-01
1.035526975713177839e-01
1.604379341767424305e-01
3.904498135357128419e-01
7.928154028423169963e-01
1.000000000000000000e+00
4.179480619263170604e-01
1.499850988630402615e-01
9.546495370967990335e-02
2.995887369559513957e-01
-4.850159365355675989e-02
2.072231837154199785e-01
3.988576621114199583e-02
1.404777765482047025e-01
1.852640382984007683e-01
-2.352140260274347139e-01
1.586183851019007662e-01
-2.192040941083369665e-01
-1.815700372555134334e-01
-1.480479829301417916e-01
3.421536904403228441e-01
-3.200256151795914938e-01
1.844289391318715277e-01
2.427879009538825572e-01
1.953169029904589793e-01
2.227173294930074599e-01
9.971533773584261018e-02
-9.989975374334029989e-02
-1.678586239488050191e-01
1.444139175006755038e-01
1.902098693053697748e-02
3.633444753985215492e-01
3.719513070618834377e-02
-8.025205061915548221e-02
-4.145344167209116110e-02
1.199735333756198202e-01
2.471132091530738317e-01
-1.708914701938431813e-01
1.795433403261998684e-01
-1.513528696589162663e-02
-2.359287373270445298e-01
-1.211250691319462613e-01
1.723759098735021256e-02
-1.795537193075674720e-01
1.471774710603138137e-02
-2.641487214059775601e-01
-1.737594241069534418e-01
3.249960389822324491e-01
2.677036414983151036e-01
5.267468770473600070e-01
-2.260407649669334273e-01
-1.345693617396324926e-01
-4.108284702530507482e-01
4.325210492532405304e-01
-1.514580679498689075e-01
1.722023501734011586e-01
4.627899941957636445e-03
2.022281303063701019e-01
1.087727832765160024e-01
-2.245321353557187122e-02
1.598017241887815243e-01
6.653188103236551409e-02
-1.322381372456677417e-01
-2.228697030912565880e-01
-5.373401152591646135e-02
-1.478077048005001781e-01
-2.409023498542235964e-01
3.511409500231696956e-01
-1.471652935156929527e-02
-1.064836781679895893e-02
-3.859974620481182450e-01
1.484159678204944044e-01
2.109281552529393144e-01
-1.464476747982392801e-01
2.229600596642765387e-01
-1.284178118130248347e-01
2.341262793329731140e-01
-3.291382386716943387e-01
-3.571495191568307970e-02
2.712649284543476157e-03
1.444556022083618163e-01
-3.172416659556880070e-02
2.822188392128662654e-02
1.349870509348807535e-01
-8.286925476380649358e-02
1.122369790801581307e-01
-1.970315131310375056e-01
-2.288068222491128345e-01
-1.443525971753475837e-03
1.219036261713589281e-01
-8.157818546468974946e-03
-1.140316193246235787e-01
1.414458195464421419e-01
4.658888769522011308e-02
3.580781905680431310e-01
2.970963271572775177e-01
-1.518978048213577292e-01
-8.042168894713198207e-03
1.968339356159792830e-01
3.278588869645035486e-01
1.566361938891553396e-01
-1.588157607693748141e-01
7.172171289761576640e-02
-9.322476579370772565e-02
-2.477624160320827662e-01
3.534324082673087619e-01
-1.425949830010885509e-02
1.930377910826395343e-02
2.066703791223821474e-01
6.957009298536295794e-02
-3.848853119085545588e-02
-1.656746658706714781e-01
2.274312275946785769e-02
-1.682769559179542462e-01
-1.185130068976848194e-01
-2.234489825379803174e-01
3.509714493646190481e-01
2.621227818580197377e-01
-2.102036150884128429e-01
2.351370382268800907e-01
-1.995320724154807657e-01
8.454388027432947761e-02
-6.651041945206874473e-02
-3.633774061898250446e-02
-7.218382918148939786e-02
1.943001728457633970e-01
3.314364462463461614e-01
3.107398406796763601e-01
4.135372859562938541e-01
-9.769339555437681066e-02
1.344141825530657634e-02
-7.229490648615367887e-02
-1.666159382586100413e-01
-2.795801093096641488e-01
6.658811212174456373e-02
1.001513895301173601e-01
-2.622742681863530767e-01
-1.480271116115114416e-01
1.713048827986321521e-01
-2.006559208415593931e-02
7.470365778172211035e-02
2.343786518026799992e-01
-1.279645597478264729e-01
-3.397854845864432816e-02
1.181767882464849172e-02
1.784490680988145006e-01
-8.133111299254040805e-02
-7.272841232977211856e-02
-1.456546640346031152e-01
-2.197351620628909818e-01
1.712013274869416402e-01
9.706930060490709389e-02
1.253457176208225277e-01
8.824232502736541195e-02
-2.190371534299883627e-01
2.811508117928402939e-01
9.271748157251788469e-02
5.825236628990712595e-02
1.054433559929879478e-02
-1.646048561300824942e-01
-3.153190654218794298e-01
2.355267032173910188e-02
2.173088481980632869e-01
2.512225218117636882e-01
1.266437471305383311e-01
3.035293782964895715e-01
-3.854655428031796838e-01
-1.856456253392978076e-03
4.138963292515880354e-01
-2.676269080575792159e-01
-9.833662993107589179e-02
-3.199545419518682876e-01
-1.709151033402597220e-01
6.288929965305230241e-02
-4.677471481713634804e-01
-1.353989653096423496e-01
5.392573114610041407e-02
-3.230928979460080397e-01
-2.536861498847895469e-01
-1.424998072213786993e-01
4.005498585319575144e-01
-2.007532592943265248e-01
-1.378391468027689581e-01
-4.696547827872585290e-02
2.163237348174431307e-01
-1.107531292420037006e-01
1.766825047108758207e-01
1.938286893216582540e-01
2.563099594418666860e-01
-1.977958348265141386e-01
-2.961361171897129996e-01
1.745258148472767501e-01
3.571620660891942078e-01
-1.306506008161482067e-02
-5.027151038254605575e-02
3.290374739463258758e-02
2.091195034621075866e-01
4.184373951641077727e-01
3.988206724405227860e-03
4.102452887399015563e-02
-2.584192963247144634e-02
1.813632790667025763e-01
6.518370754305445602e-02
-4.458202470111961579e-01
2.990370214803943494e-01
-2.132860717292986152e-01
-9.617391088722899994e-02
-8.629329465198111448e-02
-3.135896863535596601e-01
9.954543338208522718e-02
1.025727120715415192e-01
-2.777729422714100838e-02
-7.377456697399742414e-02
8.253044001320328227e-02
-3.559105827220465645e-01
2.631029191963416558e-01
3.436101583167949260e-03
2.207821886959075997e-01
1.026445207306157098e-01
-1.200864145306899805e-01
4.657589205573171853e-02
-1.195866675835792065e-01
-1.060165854214638326e-01
-9.383778230999009762e-02
-1.873240466520614822e-01
1.976779856891212536e-02
-2.949318348251969701e-01
-2.515368521256233780e-01
-1.297561771358259619e-01
-8.444432107759053396e-02
5.202960727738842675e-03
2.854039436172627342e-01
9.785690968107192689e-02
-2.604876628201830968e-01
-1.053678194687333314e-01
-8.734564434458394477e-02
1.290523118596086927e-01
-7.760162103874629347e-02
-1.169207543425036938e-01
9.036690052263428308e-02
-1.473898484855817870e-01
1.487541617472013800e-01
2.116167453850122948e-01
1.335479140781800356e-01
-6.218190182991342740e-02
-3.358851791984492907e-01
1.033544578355114762e-01
-2.987174999388725327e-01
-3.916781699729237620e-01
1.289667501797095439e-01
1.263258549591444180e-01
2.714800179997211016e-01
-3.512900202894259638e-01
1.328209425704520164e-01
1.906543100844428629e-01
8.361595721202830234e-02
1.162207979410702224e-01
2.142672829039960203e-01
-1.800650410405223723e-01
5.110108464192410216e-02
4.862508175330605004e-02
