1.191343979808796444e-01
-3.786108827925642462e-02
1.749851699786805492e-01
-2.169404956118137218e-01
2.575381699432929272e-01
-4.850587115810014449e-01
-4.872424706913892067e-01
1.381879260799927789e-01
3.254617112785264110e-01
3.915575143819930437e-01
5.414252307180643375e-02
-6.533142735213428587e-01
-1.963821138712386338e-01
7.319902364092338576e-02
2.895404611435407061e-01
1.391234435627449473e-01
4.920715492734483582e-02
-1.906487928198166981e-01
8.240285020100438645e-03
-9.972854557255905750e-02
1.669105218683416270e-01
8.749975859986087665e-03
5.606360362849857615e-02
-9.137603904020266676e-02
2.234659044482652512e-01
-2.688784968145420118e-01
-2.882792499819509802e-01
-3.470919738239764962e-01
1.786846254936204637e-01
2.624563855852250494e-01
-4.194514745090691110e-01
-2.445461518901179965e-01
1.725621472753931240e-01
-2.226586367949357492e-01
3.971465220001727525e-01
6.580396331709137403e-02
1.736300883113064963e-01
-1.855797580867838970e-01
-4.914494371960186764e-02
-5.783656182761968967e-02
1.765927224731121681e-01
-2.484018107183592339e-01
-2.625861103521459974e-02
-3.081273193999876647e-01
5.975426333317918060e-02
-1.519872628130312098e-01
6.028942170938484946e-01
5.063750089989781794e-02
-1.668940191465548284e-01
6.016832169576064038e-02
-7.682108807979851073e-02
-1.195230362116190131e-01
2.816225410806628277e-02
6.522628352072162849e-01
5.500421520323065666e-02
-4.493085271094456878e-01
1.543152462937255609e-01
1.235110295301077299e-01
-2.433952721743803671e-01
-7.041994752215474662e-02
-2.080683809936983708e-01
-2.998558261943987113e-01
-9.749510567043707943e-02
9.097904411721503826e-02
6.867152571942178318e-02
-5.864435766185210203e-02
1.209565087908539699e-01
-1.908389363387672233e-01
-7.614013565810759387e-02
2.228028611652642099e-01
-3.569798626154291887e-01
2.484444576713539798e-01
-1.623104563752126861e-01
4.057025008854116543e-01
-1.869900263679763752e-01
3.270300609448822948e-01
-1.561821548167298401e-01
1.816550083486945799e-01
-4.277131720685806715e-01
-9.713703783902914723e-02
3.796129058110693233e-01
2.647831678122503640e-01
-1.750919864278432936e-02
4.211405030388548631e-02
-2.337292985549224988e-01
1.638789601782247862e-01
3.160950384076525177e-01
-5.817820675529581514e-02
-1.628166140272875040e-01
4.276737585777951600e-01
1.890768389937923580e-02
-1.981060318145095034e-01
-2.954245687491811045e-01
9.753521927139521819e-02
-2.344898996682406866e-01
-2.379093282085363303e-01
2.475962159736358192e-01
-4.003130823771844926e-01
-1.703439763044628796e-01
-4.874896337674480828e-02
5.249047593673381897e-03
-6.061287613907231919e-02
2.739546485512662360e-02
3.154763389753797442e-01
8.592940475793976740e-02
1.500716733340450304e-01
-3.288568884037887385e-01
-2.467915289535157208e-01
2.468929700267409599e-01
2.737180218190116143e-01
4.456459695258681575e-01
-1.121706667752767582e-02
-2.463953346011176979e-02
-2.436303202618881059e-01
-4.656455550969210710e-01
9.762804600704182503e-03
1.241580868746997197e-02
1.609366469073715555e-01
1.835730399641591348e-02
1.998293270144441691e-01
-4.497863719777077107e-01
-8.787130734905880536e-02
-2.110329877897336170e-01
-6.035855427764684478e-02
6.201316514890613252e-02
-1.468098274865911046e-01
-2.891067316707275903e-01
3.342406794902014200e-01
2.192932586884881463e-01
-4.574680886864829210e-02
1.939075918786436759e-01
-1.935204242431563457e-02
-1.060673588221615060e-01
1.782123607660220099e-01
-2.172084840691526075e-01
-7.784336791099430441e-02
1.758858960572117491e-01
2.482777291131556541e-01
-5.616254083831226374e-02
-2.118282114262820537e-01
-1.831437713489742769e-01
3.215087648569884271e-01
3.993257751243381448e-01
-1.421276597679629050e-01
1.681987478451069801e-02
7.100617823946768492e-02
-3.684868762631794414e-01
1.835094515294983242e-01
-1.733349705312980105e-01
-3.623166426061870671e-01
1.310148079655401865e-01
1.785873379003236616e-01
2.999440376370990716e-02
-4.893346641927061036e-01
-2.852675430273909352e-01
-3.904825960333279666e-01
1.281741937118166530e-01
-1.430206844344203976e-01
-1.615152800198589866e-01
-3.061069988595792601e-01
-2.746452446350227117e-01
-2.684382199021513871e-01
-5.603915629504611917e-02
-3.872758004555620359e-01
-2.449921507867344472e-01
-5.985532226480031470e-01
-3.825177604327750780e-01
-3.099376348922485147e-01
-1.140730050856318539e-01
-3.605780311938220350e-01
1.701059410026387886e-01
-5.575569928399332076e-01
1.309160814184362198e-01
-3.921280563983225997e-02
4.923386451718013770e-03
-1.900012671671188758e-01
-1.445470276836435253e-01
-2.583764618582555794e-01
1.168717514561521710e-02
-2.336410229340923628e-01
-1.874218452320891015e-01
-5.270022001147021129e-01
-5.497486540598491532e-03
-3.239302417509852261e-01
8.556398007010161677e-02
4.765466970027684157e-01
-5.026699721491441342e-02
2.625037289433855836e-01
-4.209340075880082521e-01
3.738680913573126652e-02
6.300153645272343547e-03
-4.532215094259053195e-02
-5.113054038075035002e-02
8.815219781539071486e-02
-2.522754732477675010e-01
2.531986313853225659e-02
1.695775687849569724e-02
-1.305054223507756406e-01
2.411773149144608164e-01
-2.947622233868605127e-02
4.083795549693597926e-01
1.022564209371304156e-01
2.451520211807803884e-01
-1.482211428847963752e-01
3.135713165230314958e-01
-4.554438363280045171e-02
-1.147131941256438609e-01
-2.364510025733315701e-02
1.147197120765743872e-01
4.122858201065959238e-01
2.072497120491611708e-02
-2.154357365327412288e-01
4.353082311317730824e-01
-4.525445339508347153e-01
2.431895692433856671e-01
4.909876199479508707e-01
2.572864827898460605e-01
-2.092736163684051631e-01
-7.129715728388219542e-02
2.750720090882000091e-01
-1.139468912719099752e-01
3.183660260218795779e-01
-3.213525492505711623e-01
-1.035753815531564176e-01
3.232770536883502466e-01
1.648340689531316849e-01
4.277778963845501048e-01
-1.459088582084898944e-01
5.081485605895701141e-02
-2.363260418734944024e-01
-2.673464071575524115e-03
-2.896966792011984038e-01
1.161611440118094363e-01
2.455349902079424218e-01
-2.087272560524584264e-01
-3.440102651866860373e-01
-1.038380601068520787e-01
1.767817243126823812e-01
3.141344645420979242e-01
1.551383706334822643e-01
2.688839406110751229e-01
-1.359671832849835074e-02
-3.822329572349319471e-01
-2.926594349628000580e-01
-9.108718921789257794e-02
3.030611951114514091e-01
-3.749592703482036715e-02
4.692984361829986018e-01
1.952320976472105563e-01
-5.252404169411768464e-01
4.380102336926920414e-01
-1.811726924823328644e-01
-2.635808182958521706e-01
5.224983726466605471e-01
6.557204464960032508e-01
7.157908900935266994e-01
1.000000000000000000e+00
4.338449447893889532e-01
7.202852358011239617e-03
-2.915651064961087280e-01
-1.541535248652679269e-01
-4.063155221306897352e-02
-1.597214076750962386e-01
-2.868823395877187488e-02
1.379910607409764456e-01
1.799504769697878037e-02
-3.734128135609735000e-01
3.304519194654974290e-02
4.991095370978271273e-01
1.641070432460967066e-01
7.188417167482774595e-02
2.547521525323991759e-02
1.255578118199172089e-01
-1.871555591719594458e-01
-2.463566362633914653e-01
3.314946033155526384e-01
4.517748500301053266e-02
9.689492685966605637e-03
2.551574238940928496e-01
-3.481500921764060230e-01
-7.627414000866020172e-02
9.318246883835880345e-02
-3.539717361298966303e-01
-1.461646480767946066e-02
-1.862163869015786011e-01
2.468967734515721268e-01
-7.028854404859979921e-02
2.123671528602474601e-01
5.862511440904140392e-03
1.870756322926833415e-01
-1.578239852787920727e-01
4.710780541766563800e-01
3.043737366813579759e-01
3.689278950674617641e-01
-1.756559023806613384e-01
1.611336588680344073e-02
-9.606953793674854677e-03
1.677226345640174809e-01
-3.610916673021230539e-01
3.548485731414980915e-01
-2.513653251818304731e-03
2.805657017472906190e-01
2.591172678102837135e-01
-1.614759285545807610e-01
-1.099963295651403272e-01
1.416028756714506343e-01
-3.656990098336271866e-01
5.596361380217448195e-02
-2.572675615222441703e-01
-1.207150643522116734e-01
-2.326968785220716041e-01
7.426031717539410826e-02
-3.041435943675832032e-01
2.058164362469129816e-01
-1.628117655011529843e-02
9.210982589780392082e-02
2.623431412436139643e-01
-1.057164519288304461e-01
-1.163851411247139589e-01
-3.497880537044731342e-02
2.274589860087141424e-01
-2.418548907362376432e-01
-1.827141412812766097e-01
-4.498481608273958293e-02
-1.638393059390659268e-01
-2.109190543369013349e-01
-1.617813431241849342e-01
-9.615627123214202931e-02
1.275638780091986613e-01
-1.587532403032995976e-01
4.130608714893943545e-01
7.843496260676346976e-02
1.073718714955071256e-02
1.249534883385454154e-01
1.141318114989343935e-01
2.689251431107870238e-01
-1.217766213301063882e-01
6.107229048129409615e-02
1.490688631952299115e-01
-2.830925526898559474e-01
-1.797736790448131450e-01
4.972253219356371212e-01
3.571761592859223344e-01
2.999992264035400424e-01
2.297124292835954207e-01
-3.865806159423076233e-02
-5.858897221064670591e-01
2.969062406631010551e-02
-2.171556821701683127e-01
-2.117018273755398305e-01
1.051289554810788257e-01
2.003766176254727360e-02
-6.029924672080407694e-02
7.599550301694580901e-01
3.094586336002936311e-01
1.218185454778997756e-01
1.121148552653680602e-01
2.307089567203995939e-01
-7.124820609092379076e-02
2.405810576445287230e-01
-1.487908911241107301e-01
-1.476206903532606418e-01
-3.224921943664023627e-01
1.528337873692275639e-01
2.322748203159135660e-01
1.386750599512943105e-01
2.070892142709148398e-01
-4.532826929017683693e-01
3.770570001927994741e-01
2.546484896904113726e-01
-1.845503578051315430e-01
1.708568478258654100e-01
-1.311591563868831911e-01
6.142212322022779641e-02
-3.437830555769492286e-02
-8.525920848757803649e-02
2.676178168821122805e-01
-2.406019944851990611e-01
-2.607088444697107654e-01
1.022065239831450451e-01
1.286196859654391011e-01
-6.710396289928665693e-03
-3.330156871152222670e-02
1.830163322305469187e-01
-5.212053512231147601e-02
1.587251154871897052e-01
1.884098593887263418e-01
-2.931901019738346048e-01
2.419069753295182146e-01
-1.505364945935180609e-01
6.276579485580143780e-01
-5.260235229639536464e-02
-5.680831925995796228e-01
-1.387711867784985342e-01
-5.607954330581000138e-03
1.279200948061948728e-01
-5.300030527348202625e-02
-4.172587439138349397e-01
1.645459873387502062e-02
1.201618256283243230e-01
-1.931281910975195526e-01
-4.437403470251905513e-01
2.724234907438464748e-01
1.701269712486006835e-01
-1.592149797860449023e-01
-2.718322810912972565e-01
8.577559295302508713e-02
-1.479098934034095772e-02
-1.681500769924199612e-01
-1.676153633569404111e-01
1.471677387300803774e-01
-4.050065995018968801e-01
4.406434891779710539e-02
2.323149013799895024e-01
-3.850674779114015567e-01
-1.289257164847392723e-01
-5.256797297273512609e-02
-1.550451733249704270e-02
2.355886518518807982e-01
-1.915006352303725012e-01
8.922506371174927786e-02
4.918274692437092643e-02
1.657291676098045785e-01
6.664538863237616517e-02
2.636770623929690638e-02
-1.052553677263035337e-01
-2.607323694586660690e-02
1.912210037133773785e-02
2.314740908573247324e-01
-5.621853588237589738e-01
2.024637937196862858e-01
-2.383708447354779270e-01
1.508774878619401766e-02
1.368357493576176642e-01
3.448570126987079987e-01
-4.676434537187331708e-01
-2.022988971092093691e-01
-4.407308829418585261e-01
-1.583223199189972008e-01
-1.001701060079580458e-01
1.197724252619050411e-01
-1.430669738819279613e-01
-1.368128760279602452e-01
3.154928275254955533e-02
-5.200036624864107226e-02
-1.917906267320629021e-01
2.027108060058762928e-01
-5.299701528524121408e-02
-1.085263889277391092e-01
1.399659903136437344e-01
7.026760720795137416e-02
2.200711879789228886e-01
-9.939717589654781249e-02
5.450742983760155091e-01
3.245889399780383933e-01
-3.690401272801607790e-01
-4.931434747344290437e-02
-2.938187659331754076e-01
-2.345485653950350191e-01
-3.943449023630556938e-01
2.432303596624929842e-01
-3.810600001562415295e-01
7.039217417461353099e-01
-2.205832801565323076e-02
-4.782572081727170382e-02
-1.174652625215388407e-01
-1.327235810285899986e-01
4.748923599893842967e-02
-1.284531815201424010e-01
-2.574514568645944104e-03
-5.360840514225655856e-02
1.543657850776936069e-01
-7.176834785708327558e-02
-1.461034333951053976e-01
-8.050189806361067457e-02
6.998424296391539401e-02
4.686398786424536556e-01
-2.027995305740545526e-02
-1.601055183816605110e-01
1.382372961471301509e-01
-5.173291147170269028e-02
8.825592354154108976e-02
1.954347931200787480e-01
3.053439037247688281e-01
2.285845524480492885e-01
9.626714994563118077e-02
-1.990997759060668670e-01
-3.748084172890992632e-02
2.349952927333732178e-01
-1.244381509901111432e-01
-1.792261229746731077e-01
3.611501070373729361e-02
-2.498490592002096111e-01
-1.269006940397113259e-01
-1.158922109505634152e-01
-2.846677457760297680e-01
-4.725902726253085606e-01
2.551653212245418301e-01
2.975715761141904392e-01
-3.474774983257158251e-02
1.242939309621823724e-01
-4.208087468515667173e-02
-1.517678741994327729e-01
-5.600423649736710474e-02
-3.548698293790263775e-02
3.037741421420122601e-01
-2.737373035436455049e-01
1.662132276551165078e-01
5.218373271565869553e-02
2.467303151303941455e-01
-1.725683704031372723e-01
-2.386891963021758878e-01
