-2.083126652921286071e-01
9.986265428306098646e-02
1.805423014056416475e-01
-4.981572959208427354e-01
1.947752133971074884e-01
2.201934934129588517e-01
9.719497493576834471e-03
-7.428262691447373722e-02
-1.168749453998598337e-01
-4.965002073708435493e-02
7.809595888539191955e-02
3.282572363936626103e-01
2.273107283634643039e-01
-6.694663058871257177e-02
2.536944641493878994e-01
-4.674224065159764824e-02
-1.122504207047805291e-01
2.449187337451543822e-01
-1.400509183455048712e-01
-5.030697083918051621e-02
-8.777188104632877019e-02
-5.650810363220488963e-02
-3.085934743500656219e-01
-3.076686863789002135e-02
-5.885882612023373567e-02
-3.527356306869963015e-02
1.027335321375976857e-01
-7.338556851220737198e-02
-2.799937173715906849e-02
-1.712554591593188832e-02
-1.436398060362036044e-01
2.946293257873936478e-01
4.695327422770086134e-02
-2.385925298733749811e-01
-2.068689234613149130e-01
4.004205592464044755e-02
-5.299287373030968362e-02
1.639725295442366615e-01
2.971734668681181302e-01
-1.403489705606743299e-01
-6.230231687826381926e-02
1.690185697698536049e-01
-4.934862281913736104e-01
1.879190610416093810e-01
9.543844579511612247e-02
1.193323611877110807e-01
-1.317325670963994944e-01
-3.782684947023226552e-01
-1.738444549191131283e-01
5.783547628902751397e-02
-1.579641131316604193e-04
1.018753857897764098e-01
-1.136378320246681367e-01
-1.709723398736648359e-02
6.230371057934206563e-02
1.733509686470549316e-01
-9.569138374770290445e-02
-1.987921591380404085e-01
-3.466727200933771846e-01
-8.325059421512502958e-03
5.233712463365437495e-01
-7.718261745227041060e-02
2.651775236535495184e-01
5.535232755315678405e-02
7.750771139195516968e-02
1.713145315511854228e-01
-3.701149603542621541e-02
1.190215606615411745e-02
-1.847643718607566155e-01
9.502753039049337269e-02
-1.462235132529947079e-01
-1.497366659421592583e-01
3.572100243350872367e-02
7.844900965891155042e-02
2.627854511629398870e-01
-2.109060014176754871e-01
-1.091624067737217985e-01
-2.421831812244448420e-02
3.821304671265277758e-02
-2.827080950917619240e-01
-1.621933988887120648e-01
-1.700780765718433729e-01
6.829142170199276052e-02
-5.315842041375286320e-02
3.396632289437493402e-01
1.338190181404559920e-01
-4.362287825680299935e-02
-1.553029289234844346e-01
-1.126064168349374811e-01
2.861048231124190266e-01
-1.293773175528437347e-01
5.065058923089438281e-02
-3.388606615926899601e-01
8.640097871426544174e-02
5.657678870550571920e-02
-3.415263354491602232e-01
1.331637726209896344e-01
7.534670498515763648e-02
-8.894782462908401230e-03
-6.599376097870571223e-02
1.040375893707138899e-01
1.127004565854941298e-01
-1.846248573298448978e-02
2.581508222515006487e-02
-1.828007006204394047e-01
-1.028139465084181026e-01
1.397255078835822617e-01
-3.007637714359399639e-01
-4.437905488725536057e-02
-2.610009015186253722e-01
-1.002543175108584761e-01
2.522220615492994367e-01
1.619272087997778442e-01
-1.793981313446824447e-02
2.123165378883172250e-01
1.095433119211470518e-01
-4.864875683696139042e-02
-2.734656380751651072e-01
2.665322549528157531e-02
-3.369605114281932351e-02
2.883245305890427823e-01
-1.347731341651331738e-01
2.658445549741006095e-02
5.459222284990274988e-03
1.181883206601802572e-01
2.051795932063384398e-01
1.122580460440154859e-01
-2.484288555398112552e-01
9.488873772605882495e-02
2.013062106776830062e-01
2.124571937031503599e-01
2.825796709555750685e-01
-1.204303955194079984e-01
8.684710366189241082e-02
-5.348092347823114878e-02
-1.243180806854309040e-01
1.847454017487517308e-01
-7.323585858633215040e-02
1.087195505722791250e-01
-2.835817844552911832e-02
-2.460823548664323457e-01
9.065905382639288801e-02
6.513080048316223503e-02
-5.627494844098985399e-02
9.116179073643146391e-02
1.488436889354323167e-01
-6.734352480747685110e-02
1.145992862963850362e-01
3.032064683564788532e-01
2.629699861070461941e-01
-2.187032692873262102e-02
-6.562796547734019159e-02
1.459076762052763099e-01
-1.105933126981329534e-01
-3.069133941197581539e-01
5.002269631751837115e-02
-1.192241654728834616e-01
6.450127037636851912e-02
-2.601803907672483041e-01
-1.438860429013015807e-01
-7.179826910979078547e-02
-2.813085138417538156e-01
-1.667904916938166560e-01
-5.467869800078356546e-02
5.142382358239921264e-02
3.334102058913514938e-02
-1.550800805119912917e-01
-1.634859715827872290e-02
6.926948742147492899e-02
-1.705075838177073366e-01
2.017036479889891543e-01
1.349482605167783011e-01
5.938053375558861174e-02
-3.380170993337685559e-01
-1.508208994043039874e-01
3.947907630445007462e-03
-3.652215345607317176e-04
2.189182238117143853e-01
1.851319455879617548e-01
-2.489890170616751996e-01
1.351840677184259210e-01
6.400046400594062990e-02
-6.280355137330891069e-02
2.158986191431338242e-01
-1.428859761753068502e-01
4.784580870958998200e-01
-2.318626276221018301e-01
-2.142047493246467538e-01
1.800430018247544534e-02
-5.414935374480939201e-02
2.223733533020070541e-01
1.558006376235039625e-01
-1.227028538792220153e-01
1.099534265710752495e-01
-2.989021373021802930e-01
2.352948823212889784e-01
-7.893669241743021814e-02
-1.500573058562272299e-01
3.612475066685598424e-02
-4.752462820854021219e-02
3.847982217788832315e-01
-6.753322899403588209e-02
3.212507438200474796e-01
-2.688219621771652940e-02
4.891802413294160830e-03
6.324769654075960978e-02
-1.080196462455422675e-02
9.029283020041017904e-02
-1.121939990152977656e-01
2.625242456841805905e-01
2.209207559865192932e-02
2.824792992062682973e-02
-3.696419584620939253e-02
1.139055132472349963e-01
7.376981543569187394e-02
1.695797262982094711e-01
9.691585115404954820e-02
-5.567008324581357998e-02
-2.062059038301225500e-02
1.082466161111154263e-01
-4.205907038123191111e-02
1.399971232152806278e-01
3.745179157667510306e-01
2.227508549248472802e-01
2.921741401393437854e-01
4.319418991430357818e-02
-1.976978091691495576e-01
7.897607453451876980e-02
-2.706623330443834186e-01
3.864791027638853071e-01
-7.969761016571809409e-02
-2.324914124687408046e-01
-5.506500398831697812e-02
-1.336121706949741084e-01
-1.141563418443543136e-02
1.455066121251571282e-02
8.832848944249564738e-03
-1.805599431063623778e-02
-1.110405317466474778e-01
7.095267157617676790e-02
1.287416532404476732e-01
4.778499204539638986e-03
3.459544231650198975e-01
-7.540471003537127515e-02
4.082664755688715508e-02
-1.908498744859704055e-01
2.466885701628310501e-01
-2.419939725098170860e-02
3.517723538949051876e-01
-4.051698560197962949e-03
1.542886569926766038e-01
1.428891220377392079e-01
-7.275637535146246837e-02
1.280457236946826172e-01
3.690041222170953872e-01
7.668083022233406210e-01
1.000000000000000000e+00
7.502452694085939289e-01
1.566770269718219255e-01
2.519326234258709163e-01
3.148616114231055918e-01
2.186456729468972404e-01
1.254532676077146913e-01
-2.153602026274592796e-01
1.205245383432053258e-01
-4.641687943021714780e-02
-1.498137091068895699e-01
-2.473272472210765183e-01
-1.422199719621803082e-01
5.306375371313145628e-01
6.454390155108373772e-01
6.374976465813865234e-01
6.270618628138798778e-01
4.988998861815578667e-02
1.398858972192449923e-01
-7.139437420334703022e-02
4.822586011332920947e-02
-1.095630708931742275e-01
2.464155673840404126e-01
5.912199218194594957e-02
-6.149637832110261410e-02
-7.647376082154613841e-02
4.356829620384052304e-01
7.676608714521916677e-02
1.184988480463354255e-01
1.664361509057591393e-01
3.740097043733827120e-01
-2.506379391011873681e-01
1.091642087889177076e-01
-1.067017545581929461e-01
-6.046518908835283451e-02
-2.748697780858836426e-01
-8.576691486044075649e-03
-1.302721956691622607e-01
-5.022245128346441295e-02
-6.111176502152673023e-02
-1.200185643921659884e-01
-5.395266076526662041e-02
-6.960403919416301155e-02
-2.189900676906497146e-01
2.723294726332063931e-01
-8.588821022203971256e-02
-1.145218840581026382e-01
4.977735138568335077e-02
3.884903556449517681e-01
4.872882298036039506e-02
1.172954404726962718e-01
8.204778789937551553e-02
-1.932705399191480752e-02
7.757888763277888400e-02
3.251260687829858886e-01
1.030217184681804510e-03
1.512952196507186819e-01
1.272850319033756172e-01
4.392712520180087378e-03
-3.929563672737037411e-02
-2.886913227587532549e-01
-6.710243339547528052e-02
1.571509445448052433e-01
5.588287383791474671e-04
1.307929241715425350e-01
-8.610607966405592339e-02
-1.317345293412054419e-01
-7.488410275488992240e-02
-1.081853558712545099e-01
-3.057274486024323390e-01
5.737538962893864308e-02
-3.134781421281884750e-01
1.264602319481482329e-01
-1.575675065570517619e-01
-7.933818108093350363e-02
-2.055395309238773963e-02
-1.379913147741898272e-01
-2.441660155205154781e-01
-2.370905032026916492e-01
-1.225094907810661965e-01
1.231227860490287651e-01
-8.845983868727874677e-02
1.620667824083956987e-01
-2.775280350247412153e-01
2.655291676069837167e-02
-1.038982354650909296e-01
-1.444244729734896482e-01
-5.755979893477119157e-03
-1.182023866701708247e-02
-1.242467132124824456e-03
-1.299474761971660015e-02
-5.761759617660354264e-03
1.576619110218467901e-01
-8.867874673564268839e-02
-4.419331087434853061e-02
-1.555773072546950409e-01
5.136004444868864233e-02
1.274241223303310654e-02
-1.744125843669471487e-01
2.379990401076105822e-01
2.064237204903048850e-01
-2.998337858482829320e-03
-6.444364525875982685e-02
-2.383841025666380911e-02
-1.908094001055702510e-02
-2.266338200079042950e-02
2.778723277879570352e-02
1.642195711428859894e-01
2.403513205051727164e-01
9.224399456455814605e-02
-8.436643022001552583e-02
-2.205874915156514071e-01
1.498537136004043924e-01
1.702831639401438668e-01
-1.855849817065293450e-01
-2.871487944188728103e-01
5.283031434151837236e-02
3.838834916743697617e-02
9.566081058746399302e-02
-2.782918426351265739e-01
-1.539095436276045059e-01
3.431421116018852357e-01
2.159664536078865493e-01
2.949390643135265111e-01
2.128581432529567941e-01
1.913297722889437391e-01
4.262962072127090239e-03
1.576900762773039699e-01
1.308264291318934902e-01
-7.710275973049371401e-02
1.821582699725528623e-02
-2.683126253733577604e-01
-6.921756274417681376e-02
-3.815535420584370563e-02
2.505496717722980882e-01
-2.925066701938527913e-01
3.059467276190441232e-01
-9.848062001393696752e-02
1.510444557300937851e-01
2.621833494466802028e-02
4.577222048014038119e-02
-1.060830267449269504e-01
-9.130380395501458413e-02
-5.870463273869914317e-02
7.084286871126198315e-02
9.135420640679622895e-02
9.902182729730160671e-02
-1.500400102835216243e-01
-3.321360226146709629e-03
2.958337521568810136e-01
-1.667210200356344929e-01
1.542350260708956755e-01
-2.788591951176105921e-01
-2.544355973965448971e-03
1.374847270177257108e-01
4.940083287467449125e-02
-7.932438585206762205e-02
-2.327669879740796588e-01
-3.910798596418568751e-02
2.516127287719693850e-01
1.215647142977850925e-01
8.235497350945970851e-02
2.145669635364351457e-01
1.645795869200565309e-01
-1.379483949673916965e-01
-3.823938616356948456e-02
1.511173801534148597e-01
3.523352150058908783e-01
-8.852570692838049315e-02
3.964230752779553113e-02
-1.990198358670924317e-01
-1.134490985758520795e-02
-1.344387981165949819e-01
2.146550032465022462e-01
-3.068410915934355332e-02
-4.088052988684651168e-02
1.386371556800282678e-01
2.380690072796220469e-01
2.703910212917090550e-01
1.114995548285954360e-02
3.462410190050400627e-01
-1.529614944193175563e-01
5.162632007549324692e-02
-8.687498912767015191e-02
1.851124182136017760e-01
2.452671905532689475e-02
1.433595749509113393e-01
-8.757366186242449002e-02
1.733337563370669909e-01
-6.648110906631651829e-02
-8.430565193745861996e-02
2.140557829970849979e-01
-1.015615777627763977e-01
-2.624870195842557777e-02
8.974329259380564583e-02
-6.153874314069832097e-02
-2.905633746612909518e-01
-6.480452917984877437e-02
2.304388872071366501e-01
-5.476880254953986685e-03
-3.799634392204161593e-03
-1.134136040819216928e-01
-1.807296049899465296e-01
-1.645556565563584608e-02
1.183012314283344163e-01
-6.678138516730136587e-02
-4.575352722751148404e-02
-1.632097859914200533e-01
2.186893499085341142e-01
-1.563152408846389951e-01
3.460368421980299786e-02
-2.695179515919470248e-01
-4.566036588908818916e-01
3.797766006973916086e-01
3.433334534612898087e-02
-1.855828925991381551e-01
2.145519275335734943e-01
2.823185685500564368e-01
1.242650783940622283e-01
8.516242107101866521e-02
2.974528286269846611e-02
-6.557619372713628658e-02
6.392721453124304565e-02
-3.623821410523227204e-02
-6.206252173478612327e-02
4.187313443351977499e-02
-2.363469008376206659e-01
2.324095234511047714e-01
3.008646894697463922e-02
-6.330120624062986201e-02
-6.125861679048801023e-02
-7.291011284019026373e-02
-8.582141436364641718e-02
-1.849286064021468945e-01
9.792462315034185238e-02
7.557737862838113940e-02
3.066022109901518911e-01
-1.076957125297711704e-01
-8.964099550806817196e-02
-9.764535471121893462e-02
-1.275165827888051322e-02
5.809520712097114570e-02
3.579205579058050007e-02
2.065089857855918407e-02
-2.810204155867284115e-01
1.672074785069861125e-01
1.941312260639991294e-01
-1.294984975090233970e-01
3.238064126439665902e-01
-3.068224600893324286e-02
6.103329706383432002e-02
1.043282167524316878e-01
-2.193456000121726257e-01
9.837274602679160762e-02
-4.005927387530294759e-02
-4.402595653503487555e-02
