-5.473008110362880263e-01
-1.197529668912656331e-01
-3.283010062159636977e-01
-3.344596064371039845e-01
-1.781224841774008971e-01
5.219744994078456823e-01
1.097367096317234010e-02
7.099993529134712364e-03
-3.613039060272298930e-01
-5.458195859406542727e-01
5.385910816610071233e-02
1.389991875451971302e-02
1.672200555865921423e-01
-1.934786998139117753e-01
-6.565504767416918686e-02
2.011421930118746648e-01
2.191712382166656203e-01
-3.325514989288952394e-01
-1.756080217548154077e-01
7.798251311323148305e-02
-1.730286494916499773e-02
-5.772051783259183472e-02
6.616922193582841505e-02
-1.232194810089895787e-01
8.631419312908381047e-02
-1.409790865364078105e-01
9.569266730608856630e-02
8.985203368638976229e-02
4.375534940977577475e-02
-1.913761767098543787e-01
2.381755964814619708e-01
-2.493030980286692344e-01
2.036303122267848209e-01
-1.290651985304902549e-01
-2.437391447086897367e-01
-1.602961228356683879e-02
-3.259942083238401844e-01
-2.823799435612008857e-01
6.050744430699898924e-02
-1.228916552153169195e-01
-1.388554580762568769e-01
-1.222831435803954508e-01
2.254255053143122689e-01
5.861982564396506223e-02
1.483614313319969180e-01
-9.672318886996382481e-02
1.057313104648770555e-02
3.738695379839538924e-01
2.924563772309572984e-01
1.517387480230635854e-01
1.320998428152303783e-01
2.305670436125862588e-01
1.526958829082050717e-01
-2.248477077965701232e-01
1.022681846659237448e-02
1.093373470389577273e-01
-5.031778138501970254e-02
-2.795854118082990447e-01
9.390811009167378265e-02
-5.692508290009319349e-01
-4.456788540160420281e-02
-2.035131349014332458e-01
6.338023522225572082e-02
-3.480674686827318620e-01
1.370323303231963386e-01
-7.669190949008379554e-02
-3.744702506658097452e-01
-2.139182222939755296e-01
-4.428604915436868406e-01
-2.709134275248456514e-01
2.632197792522075752e-01
-1.640670981478410395e-01
5.106812921876066058e-01
-2.540051222024725663e-01
-9.859971603071424062e-02
8.608819576216535097e-02
1.005086897692019643e-01
-2.064832882761999944e-01
4.776536351109568479e-02
-2.596702888618990235e-01
-9.712172601589748322e-02
-5.947488095938058966e-02
2.661757592818410623e-01
1.841192707538487627e-01
1.295079352883956453e-02
1.153371175532647008e-01
-3.930756106471176015e-01
-1.009741441440340920e-01
-2.376469423987072616e-01
2.316136831121598794e-01
-2.051796432639900122e-02
-1.357338273930016118e-02
1.576342240668864858e-01
2.050714826189499740e-01
-1.057878566486354227e-01
2.422313642753872176e-01
1.825085292258809416e-02
-1.003644001990603024e-01
1.592083435193483443e-01
1.734070003625885759e-01
1.060065537893962184e-01
-2.467282474308178930e-01
-1.881547632561764716e-01
5.875847298158580478e-02
1.690627310560908342e-02
3.001490422010907322e-01
-2.001222620879646585e-01
3.448640613122546522e-02
1.025988883491109338e-01
1.779802349673909045e-01
2.136527292661200839e-01
4.085451505936328331e-01
-3.332920359254198939e-01
3.958508269728984730e-01
-2.508182162775101642e-01
9.472382298411965995e-02
5.262760222796692561e-02
7.822129471821420710e-02
1.022188780277163284e-02
1.481391308952492158e-01
-2.728122530252381425e-02
-1.230916179859050386e-01
-5.292344471683983753e-02
3.736409213353519831e-01
-3.767368027135773595e-02
-1.897493722656257431e-01
-1.745450536131752939e-01
1.476449268728229625e-01
-2.019028137608499252e-01
3.165760838243058539e-01
2.337425094889047754e-03
-6.425701311650983127e-02
1.079858337873932234e-01
7.660434804260532471e-02
-1.538316247766544909e-01
1.326351777660011444e-01
-2.936977998297230497e-01
2.707087852334085221e-01
2.422851283392389310e-01
8.183138612559456848e-02
-1.441530542734984488e-01
-3.386735902741392357e-01
-1.130567217608287600e-01
-1.620594728831752374e-01
1.843403367451338648e-01
1.540902205357074783e-01
3.739097445018060295e-01
-1.766134952702649169e-02
-2.648939028584978983e-02
-1.613283346531396156e-01
9.468761987240051359e-02
-2.149811932828110117e-01
-2.275952549704257644e-01
9.909801994063886788e-02
7.094796221515146939e-02
-4.404395056448948825e-02
-4.271184922143889118e-02
-3.434011521391672206e-02
-3.510189827450936328e-01
-4.347984065785849284e-01
2.630728107965713547e-01
5.294972760891902136e-02
1.380771202899863381e-01
-1.474262311556736316e-01
1.892053486934685280e-01
-3.554407829269880525e-01
1.676597222372588625e-01
2.250352857273998641e-01
2.461478675089603940e-01
1.283016498884727852e-01
1.388399935290728637e-01
-3.175910164219231807e-02
2.008678212470835223e-01
-1.427198942525934877e-01
1.982227211463248595e-01
1.033958065557742112e-01
2.437458638778853548e-01
5.650158684976563928e-02
1.783644756033014867e-02
-1.986755459446577499e-01
-3.600905825347530675e-01
1.514066381495801639e-02
4.093463822413855313e-01
-2.643054546987885778e-01
4.057178040477962822e-01
-7.030669823831550702e-02
-5.082831689672158426e-02
1.105054101848580890e-02
1.417580762875812472e-01
-7.904276905080317994e-02
-9.537630051807043097e-02
5.385463792802217681e-02
-3.603270248199588743e-02
-1.988927316947410387e-02
-6.665886350960376072e-02
-6.000267023544020306e-02
1.621165656620141005e-01
2.079270183462375299e-01
2.649106695136715928e-01
-8.190847400530590350e-02
-1.113156089922923142e-01
-1.003188018798463893e-01
5.603310952410980872e-02
4.442258157472304438e-03
6.607709519250368202e-02
-5.412799093635205228e-02
-7.696394193498779998e-03
1.010936292925149887e-01
6.043935010103869410e-02
1.085938821493771245e-01
-7.981873727473681734e-02
-5.730118678913258268e-02
-1.786228533090967185e-01
-2.760452627160649430e-01
7.277996656975119216e-02
1.714468208145238093e-01
5.677287463632431364e-02
1.625754909832135831e-01
-1.297234722467419110e-01
-1.135060972129546819e-01
-4.725041010243530848e-01
2.524608286224668818e-01
2.299750131459135649e-01
4.163633944306507906e-02
2.901541978322877968e-01
1.046994072587921487e-01
5.595480116950215521e-01
2.654447728661888939e-01
1.059375358847423620e-01
-1.412471428011573826e-01
-4.415840059326681666e-01
3.368840671708069057e-02
3.292061655426283262e-01
-1.012455887275818672e-01
-2.634666336794707076e-01
-1.011251188530124107e-01
6.829150475127817588e-01
-1.860939904386051669e-01
5.061473626452393099e-02
2.262812700630176810e-01
8.656190809220765114e-02
1.946050797934402998e-01
-1.665817173674156437e-01
7.909662532521349876e-02
3.077082955497749683e-01
-5.408485652545771266e-02
-3.935379048910617183e-02
2.308079805145160091e-01
1.159713537495462854e-01
-1.487236717320138679e-01
1.135480908125839905e-01
-3.048230670800222350e-02
4.977206294167141332e-02
4.397185078232085931e-01
9.731270465318603291e-01
1.000000000000000000e+00
7.575034800423302572e-01
6.953383905347323424e-01
-2.921768092458293387e-02
5.776115644285417794e-01
-3.053175804256336515e-02
4.644397947523034031e-01
1.974376627672609907e-01
1.647029703233152120e-01
6.744324150313102395e-02
2.336077501190134409e-01
4.058358078786634127e-01
1.893459980900551731e-01
-4.500911536205916552e-01
-2.167814453676339403e-02
9.116410447459746824e-02
7.696760435190193317e-02
1.406803161544926684e-01
8.887935503339721918e-03
-5.326236486000514303e-02
-3.688320465722002006e-01
2.249718329700102146e-02
1.612943804725375518e-01
-2.923541465586467214e-01
9.116641514492214438e-02
1.442974942344258937e-01
-1.421671515876850034e-01
-4.559296125472485361e-02
-1.298086648436823087e-01
2.765685193030395506e-01
4.111902658196795596e-02
-3.050346054456204437e-01
1.718054564949561269e-01
1.482252443436740119e-01
1.769172625549439715e-01
4.594501527262772611e-01
-2.341432877688940165e-02
-2.207448021856175391e-01
8.794268959730811019e-02
-1.326585022936595804e-01
-2.055571049495329844e-02
2.735644741986771877e-01
-1.246321564555403355e-01
2.350704884284246232e-01
1.759297789205838680e-01
-8.937899604747956417e-02
-1.524388287823895682e-01
-5.700340255691745128e-02
2.133654164662480146e-01
-3.699617219481695085e-01
-3.506238374769799493e-01
6.072989371090723593e-02
6.538643914856692163e-01
1.673617804962420075e-01
-2.322176351456258225e-01
2.281251363806271193e-01
-2.301893656624075524e-01
-4.066540369876702615e-02
1.896987801197858037e-01
2.201137336365409369e-01
2.998504832373563578e-01
4.019116137397388960e-02
-2.106464359424394805e-01
-5.430191911060983090e-02
-1.512658650457321952e-01
-5.327931143660179225e-02
4.621752061487968133e-01
-4.083208982708053797e-02
1.842301857767389694e-01
-2.407200068313211649e-01
-1.371505512666487125e-01
2.172280016862032925e-01
6.092261443555109512e-02
1.790946673570668890e-02
4.282501415422571012e-01
2.586936810408348997e-01
-4.024169615727176130e-01
-1.052058457301910110e-01
-2.389060259899927763e-01
1.081371114133258121e-01
-9.964189241021151333e-02
-1.172472902832446401e-01
1.096932066407175083e-01
3.380534614129764304e-01
1.123426201825656057e-01
-1.193134570375880138e-01
-1.172345039097563019e-01
2.437263067386762072e-02
1.060615473160911315e-01
-2.174129319993813592e-01
-2.048928430288670111e-01
-1.506377889761283118e-01
-2.390905823935964847e-01
1.166115989699072070e-01
1.080793410961457396e-01
1.099882190650669084e-01
1.149288716058718407e-01
-1.825019246799064465e-01
-6.689410569321746491e-02
-1.120073118770008730e-01
3.184835719743867588e-01
3.584191994170004419e-02
2.254755761845687184e-02
-3.270815233086080132e-01
-1.345701542058430067e-01
-3.744876553551845788e-02
-2.341507003134902232e-01
2.355166266643369255e-01
3.128871131846577280e-01
2.369976978101908105e-01
-4.107410864829064145e-02
-2.435216259685884510e-01
-8.262944727893316299e-02
-6.099427018347663987e-01
-4.579492679606395750e-02
1.585477577091743140e-01
4.770419989252552145e-02
3.696057920655884677e-01
2.037761959159453407e-01
1.138223043567883619e-01
1.312006272144432828e-01
8.282641472285319495e-02
-1.004691607896910782e-01
-1.283456193464962980e-01
-3.853006793719896544e-02
-3.332396616804084166e-01
-1.720886729663240189e-01
-6.298807745099531397e-02
2.300377105679064227e-01
3.624384985473734326e-03
-1.985421385940153438e-01
6.275354042987844883e-02
1.444794299327346876e-01
-1.341579032512483886e-02
-9.769804506322120330e-02
1.543692079467434697e-01
2.228292350545766076e-01
-8.019185775887029133e-02
-4.254501270235339083e-02
-1.973907390381387031e-02
7.954152982746204303e-02
1.621251896969976014e-01
-2.602861970268724803e-02
1.388096442455264909e-02
-5.250642576730294581e-02
1.533003840189913758e-01
1.458477336757055820e-01
1.840787499302196095e-01
1.385588422794761798e-01
-3.532344291597531993e-02
-2.933276113320088668e-02
1.331196722751555594e-01
-4.013407428953954387e-02
2.571361981299994381e-01
7.659879802065674981e-02
1.943983384273028150e-02
3.179893672401616911e-01
1.183000253230654386e-01
-1.429121566868916393e-01
3.077585144978394194e-01
2.006418210329697083e-01
1.180085558790930494e-01
1.455100479779891376e-01
-9.206908151552765929e-02
-1.477121584075122562e-01
9.629501098451753727e-02
4.153188817559190504e-02
2.873655168828784801e-01
-1.856419999756026284e-01
9.120446423043071515e-02
3.151575540152683486e-01
-1.596246601535837584e-01
5.683720440651199857e-01
-3.134369982373176877e-01
8.026588928450476002e-02
2.052204474391476074e-01
-2.494263468291203767e-01
-2.136577230927461102e-01
-8.865879750534400028e-02
-3.885963537420212832e-01
4.900071392297683515e-02
-3.814362512029802477e-01
-9.729134430806002376e-02
-1.394836945018578522e-01
-3.614747888433455462e-03
3.102489443830742655e-01
-2.312618886557269160e-01
2.691150963636448346e-01
2.909153733529741270e-01
2.039562835050681977e-01
1.175739702830328332e-01
1.056106309425541290e-01
1.627569626967722283e-01
-1.211195828810476549e-01
5.544908871688467716e-02
4.843271812906509155e-02
-1.742833213900946976e-01
1.442368985411422028e-03
-2.374160214859978024e-01
-1.961680198038530942e-01
4.155376328061276964e-02
3.835299191009081121e-02
6.797672620930553244e-02
3.242367016150216608e-01
2.936226504753631800e-03
2.824892525419217190e-02
-5.022735736045619293e-01
-1.346069745403072337e-01
1.833459161171802909e-01
-1.389824045186776047e-01
-1.924884500660904718e-01
1.189276388315305966e-01
1.428723417375581672e-01
2.179209326101435862e-01
3.901637795140466269e-01
3.073752283455125078e-01
-1.952919173125436947e-01
1.190450275750629394e-01
2.151015978591648836e-01
-9.671903578487146824e-02
3.126729694166890949e-02
8.805868923381279800e-02
2.490026299283539246e-01
7.661404830246466846e-02
3.180479065944565309e-01
-5.455610992978609380e-02
-3.760858167759770776e-01
-5.379231228020715794e-02
5.345061353237938739e-01
1.879088289686126900e-01
3.108582166910230093e-02
4.524000415114466378e-01
3.672304381181648036e-01
5.243218067347755751e-01
-7.203456776661562588e-02
-2.089218086129586149e-01
2.545340777785700670e-01
7.541643551752418018e-02
4.564154481259409812e-01
-1.841161002594346729e-01
9.696005920296908720e-02
2.247023710493196713e-01
1.674398828616215640e-01
-1.486622080436847959e-01
2.746337571285737966e-01
6.769033995533615955e-02
-1.497250348704667715e-02
-2.748388733699724251e-01
-5.881276490479184910e-02
-2.874888295579475228e-01
7.395893434788222698e-02
-1.922297947032401699e-01
1.686633762930986602e-01
-8.008155711150224954e-02
6.178438749655076889e-02
2.812537353678676993e-02
-1.938659979139715217e-01
