-2.015752668022165461e-01
-6.455022726625696608e-03
7.607340708859201828e-02
-6.880113044073896122e-02
-1.351170182630695438e-01
-9.184314389483574925e-02
-3.658257359495699079e-01
2.375339585645685203e-01
9.364860802326442288e-03
6.480546765135181131e-02
-4.435749721481440089e-01
-7.264148062007215467e-02
-2.258880775519206685e-01
-8.057415609924453714e-02
-1.561218938534671315e-02
-2.082916814910778514e-01
-4.493805016922061135e-01
-4.498849584197584656e-02
2.058629128952214338e-01
1.007779499936257983e-01
-7.648506349639765112e-02
-1.412751558773260308e-01
-1.026804362844717378e-02
1.527213263142388755e-01
2.697882165757428119e-01
1.531210791871395471e-01
-2.795739620612431309e-01
5.285796397793937618e-02
-6.166909668767664443e-02
-1.802682477845489184e-01
8.948717200586524256e-02
2.642965027381151133e-01
4.993882604932644437e-02
-8.336344475560340805e-02
-6.497787005489877310e-02
1.465749307921865828e-02
-1.027031876918401421e-01
4.794111004313719032e-02
3.452023242943296367e-03
3.302167090711848885e-01
3.279247832121077733e-01
9.902186371446387858e-03
-2.794770687738193926e-01
-1.566042296248834342e-01
-7.301566921075092198e-02
2.809755482601926091e-01
-7.442653912241910079e-03
2.255481856328987386e-02
1.725055729158116447e-01
-2.908936246501387379e-01
2.611636750874838375e-01
-9.004992648497867069e-02
1.323265725211151822e-01
9.049276609946536876e-02
-3.577772779663660474e-01
-2.209344935422541123e-01
-1.833972137231698885e-01
2.429549027498207735e-03
1.088852255374507250e-01
2.730932502807372209e-01
1.577438453187995360e-01
1.844816638967717859e-01
1.577175643996203691e-01
1.057976556445456157e-01
3.001252787115973875e-01
2.142217442162008822e-01
1.437148728113174789e-01
1.681739059898114119e-01
8.550030210413644971e-02
1.630054962778547112e-01
-1.692644631909648867e-01
1.940994977057350079e-01
2.774799951051123981e-01
1.220635981624571126e-01
-9.130330226566231444e-02
-1.169874556387043990e-01
-3.037702762960546587e-02
-2.008928547845786339e-01
3.350940540053067296e-01
4.003235303095618591e-01
-7.959190752143706360e-02
1.588549824324124171e-01
-4.401959739541523586e-02
-9.298699289376910482e-02
-1.163329142916753461e-01
4.208897708941060356e-02
-2.101956148570714722e-01
3.318548446479782088e-01
3.112830967798941861e-01
-1.924010635441169570e-01
6.433555618134595422e-02
1.386801740835882091e-01
1.256383257964500955e-01
-9.742827422344046973e-02
-2.665570146135209928e-01
-4.499926368363407932e-03
-5.261525428253915893e-02
-1.445228929174794119e-01
-1.426040196688092010e-01
3.267135545418851650e-01
-2.602948893028566024e-01
2.025430081631632018e-01
1.989729809278465433e-01
2.950737660916321128e-02
4.570340081456076287e-01
-1.189470959180909254e-01
-1.446510648163644719e-01
4.235757034950973221e-01
5.684654568084356735e-02
-2.023734800902124431e-01
1.494182140820863591e-01
-2.536228936850185023e-01
2.914141840774040967e-02
-4.231659820738618155e-02
2.733174021938983983e-02
-1.833105254919399352e-01
1.966984765836746196e-01
1.607003423372579121e-01
-2.826653592383336910e-01
-4.163936638353433750e-01
-1.540690659998285306e-01
2.223633688600400171e-02
5.026216460284073373e-02
-5.053273709013701015e-02
-1.100023609513891554e-01
1.362815692242080046e-01
-9.800061806624939253e-02
-5.772879576776901445e-02
-2.627488218909903792e-02
1.430653635843585070e-01
1.259514248659456825e-01
-1.281561954001522730e-01
-8.025539589466089418e-02
3.131268612024964981e-02
-8.085632704499906565e-02
2.326111748979916086e-02
2.563380001109214490e-01
1.119093118988832986e-01
2.199313354783266963e-02
-6.379150779628575685e-02
-2.533401469183604315e-01
-1.839196870315340793e-01
1.285778206433363102e-01
3.694759936137827216e-02
1.727500687118068978e-01
1.497806422929479631e-01
-3.948067171355642418e-02
-1.080555294101707836e-01
1.436281313859731346e-01
-1.246971282204450832e-01
-2.373318062282181173e-01
1.826946490150999081e-01
2.262261252111213705e-01
2.167713350277542667e-02
-2.016966071579168740e-01
3.572465875912471112e-01
2.360317871662567513e-01
-1.354530966991391860e-01
5.170391925806714362e-01
-1.606649101640427457e-01
1.178489717705243217e-01
3.809815785375069569e-02
-2.682035558234119321e-01
2.987847421622363830e-01
1.469153242327108921e-01
7.739922908845982275e-02
6.554631231410264214e-02
-1.235069386776466299e-01
2.945676873321709244e-01
2.099323464504073977e-01
-1.992713896579453026e-01
-1.964806332998839666e-01
7.987335638646439473e-02
-1.156298480621399116e-01
-4.469387545581282595e-01
1.868278633953826540e-01
-2.383421784117858641e-02
-4.626862507928610618e-02
1.566490281676264085e-01
-2.130029196155471538e-01
3.340981147391617473e-02
2.127866207677661381e-01
-2.096935172333070363e-01
7.259522225432105125e-02
-1.250578346994833147e-02
4.866151016565700704e-02
4.495659835784149849e-01
-5.723912196666455787e-02
2.616984314024543568e-01
1.791635361932704673e-01
-1.053014686991489562e-01
1.035905653994693004e-01
3.015246140553083931e-01
-4.884682769560097504e-02
3.221654235234138928e-04
1.871764788681610711e-02
-1.824131657222661795e-01
-9.011568197701332050e-02
-2.567882668127885806e-02
-8.701110991253602212e-02
-1.897974718894218371e-01
6.808844829839597046e-02
-1.708702029423515567e-01
-3.993244503171826387e-02
1.736063297293705954e-01
1.554817992250755176e-01
7.814847938430825869e-02
2.292980730122174959e-01
-1.348847898121637578e-01
-3.209498546661911783e-02
3.672936002673247158e-01
2.193377485673698168e-01
-1.239793662077059849e-01
2.376507362328365847e-01
2.863540645094551085e-01
1.362975830574742440e-02
1.360072093243579749e-01
2.596033151435505615e-01
-1.346793304794013935e-01
1.369288409184297173e-01
-2.237268584180532038e-01
9.973854246223977371e-02
-2.092382671186799603e-01
-8.539446723430625663e-02
2.986921023281324805e-02
-2.218308237198848842e-01
-2.340503277106828484e-01
1.586009794508541348e-01
-8.258883302336123000e-03
-4.021465040529764029e-02
1.372988429016350903e-02
-1.981112206965537081e-01
9.657212981181562128e-02
-5.734819497725697490e-02
-5.209040573017517661e-02
-1.754750061660091676e-01
1.781000852754610064e-01
-5.147591477690518363e-02
1.098390432852810461e-01
1.046441429824786634e-01
-1.391296808850132349e-01
-3.589762580577887663e-01
3.871810027044223640e-02
3.508688362541033112e-01
1.008927529949375235e-01
-1.268316246043529189e-02
6.107689744804147003e-02
3.175559153457166994e-01
-4.956071177551721885e-01
8.267602960189499028e-02
-1.820824354661988720e-01
-2.213996701857956773e-01
3.363744085758003655e-01
1.760239458551041969e-01
7.743901280155442990e-01
8.157418964381339954e-01
6.298888527682867666e-01
1.000000000000000000e+00
6.420887509055381859e-01
-1.067828106417215706e-01
-1.611202134727842128e-01
-1.393957227737049054e-01
4.209246509777636591e-01
2.285126684624082249e-01
-2.964335504151686673e-01
-8.457755191405090522e-03
-3.898603094258968893e-01
-7.087041583048201386e-03
-2.909541502907588353e-02
1.611997486571272176e-01
-2.592492980096118282e-01
2.981581935355434032e-01
-5.805882815322398888e-02
-4.404224353605470377e-01
1.828392509857746165e-02
-2.518940861152577093e-01
1.560944375611348911e-01
-1.942373731393484404e-01
5.261914824081369464e-04
-4.571656929915609430e-02
-2.401200120984195718e-01
8.617900888733462383e-02
5.918703085023351018e-02
-2.345912708923217072e-01
2.417608147689931930e-01
-1.347968435509162843e-01
-3.087407565677411370e-01
-1.636646214176396830e-01
4.740712045442875555e-02
2.247825617017641386e-01
7.605390451850163602e-02
-4.506181828044207582e-02
-9.975590056533900629e-02
-6.042531571447687377e-02
7.444582395092157190e-02
2.270419509193809249e-01
-1.169290761877243706e-01
-1.667881703206454957e-01
1.712020105407694726e-01
1.892011824998202918e-01
7.596213097306873940e-02
2.078609418565148526e-01
5.087069207061505338e-01
-3.237068951391831040e-01
-1.521572183044742899e-01
2.199255736859524746e-01
2.391037693951592880e-01
-1.390585049578515510e-03
2.349360437064783036e-01
4.517934156964852760e-02
5.041532116191487223e-01
6.826787081147052405e-02
-3.549850726729102401e-01
-1.334804567762075400e-01
1.649011310152724563e-02
-9.371716306763291926e-02
1.571441534321524058e-01
-1.236252560080396273e-01
2.424831551306629307e-01
-1.033604391090723468e-01
-2.676244680593575231e-01
2.196261564691159573e-01
-1.214121729064630562e-01
8.364771982629002050e-04
2.008402724571526146e-02
-2.625183182766807066e-01
-2.589445664242864820e-02
7.164514478514050731e-03
-1.747353319113550407e-01
1.855076837642948839e-01
-1.247274116676513334e-01
1.268968025528535437e-01
-7.725587865123208220e-02
8.923093149155121584e-02
1.437455230241090585e-02
-1.804053854758998765e-01
1.899039170079435401e-01
-2.005840555367159328e-01
4.046857598264512468e-02
-5.958324351486298659e-02
-9.496709647967620238e-02
4.254547172553854173e-01
-2.230214858001307865e-01
-9.544245941312207160e-02
9.207853074327730647e-02
-9.335838689709662075e-02
-1.900386123224784632e-02
-5.759782928156959719e-02
-9.662773888557768531e-02
1.392035017401537511e-01
2.318081261262083526e-01
-2.788015602597702092e-01
-6.028183534773687846e-01
-1.237713563870837530e-01
1.904005631682864352e-01
-2.153949026034275571e-01
1.391709650986933944e-01
-1.434511959489155886e-01
-3.683699523727739650e-02
1.963092417220904107e-01
-2.921268719505051847e-01
7.192072456602528752e-02
2.409340141734680751e-01
-2.132608719310365719e-01
2.107187805922780821e-01
-1.217790574165096423e-01
3.626181314812896295e-01
5.363141413776335159e-02
1.836180268381719105e-01
-1.654852212991229088e-01
3.822126628916547308e-01
3.698334993352290351e-02
2.845552892479660811e-01
-1.298103911783956288e-01
-1.200148466575332584e-01
1.348789292231191983e-01
2.980070078422779045e-01
-1.731301523193551073e-01
-6.010562920128790371e-02
-1.040161690141209322e-02
-2.572369394143333432e-01
-3.498678447195486818e-01
1.822748521790117093e-01
-1.378382825716412685e-01
-2.951994669166528931e-02
-4.682213289960176356e-02
-3.829858430727789420e-01
1.719546155833374390e-01
-1.828555038152874235e-01
1.374096897431035247e-01
1.840026645845359021e-01
1.589030692052593174e-01
-4.752839739830464622e-02
4.830615759747150517e-02
-2.835080447914487545e-01
1.054872979682684037e-01
-1.621741415435137834e-01
-2.072477863374916351e-01
8.237269747895220595e-02
-3.364316605951065409e-01
-4.115555493746225757e-01
-5.408670722879482112e-02
1.460666802508835405e-01
-9.750898836447817464e-02
-2.633978903822121742e-01
2.547451379533341442e-01
-6.124636755299309870e-02
2.394609026201514335e-01
3.389415142551224780e-01
2.501548208412321950e-01
-2.552334746511167318e-01
-8.419900147194636642e-02
1.318860682790150285e-01
8.013459148823244560e-02
7.739681631186244581e-02
-2.990122255689494080e-01
-1.540747990953205970e-01
-5.630823039129386615e-02
2.923030719843159320e-01
1.292279745468301044e-01
2.331968026425307039e-01
-4.947489721811081792e-02
7.419056293934575552e-02
1.326827606711940000e-01
5.824523192592300225e-01
-7.905259162384395411e-02
4.828864846062701222e-02
-2.392081317893837988e-01
5.820976119838168483e-02
-2.541654109565702480e-01
2.590930904139862601e-01
-7.993698866618501389e-03
-7.010869534380823054e-02
-2.229589817713779898e-01
8.215610429294778472e-03
-3.824804251301198166e-01
4.165775159489897711e-02
2.607951608049486128e-02
1.151371614534196647e-01
-1.112287235144564512e-01
-1.440761892520036613e-01
1.784677897058840612e-01
8.804030135052117942e-03
9.833724811308930391e-02
-7.441258170961870602e-03
9.666215153503261021e-03
-1.854441768419830619e-02
-2.035057627194783170e-01
-1.741324792881565053e-01
-7.055996169669777329e-02
3.958140250285719502e-02
-2.691378052502933493e-01
-2.776914370766834228e-01
-4.239629691335319861e-01
2.450059293608826960e-01
-1.484543719657291094e-01
3.126298515189572802e-01
-1.287245742475317256e-01
-1.783656976031096630e-01
-7.603165033746439594e-02
2.160261430801988236e-01
2.382559296722100428e-01
-6.829347807011529325e-02
-4.173570951569656184e-01
-2.280229844435752995e-01
1.383628440480910160e-01
-2.063908963049284062e-01
9.874514375332511806e-02
-2.699061200065911437e-01
-7.179373162385337126e-02
-2.265958472849051719e-01
-1.728296523163611598e-01
1.539251257492739444e-01
-8.865976660543699317e-02
1.736747389927028318e-01
3.300109280853115445e-02
1.429839328063819970e-01
-1.526372127809652313e-01
7.263235290622888085e-02
-1.513754845612983735e-01
1.153184365837048725e-01
6.001007301720445025e-02
5.054492703101565176e-02
1.248201905950123702e-01
-1.153372999211041694e-01
-8.422025027103699490e-02
-4.462215582979914968e-02
8.291971554566733224e-03
-5.925247883097082419e-02
1.401281031654184051e-01
2.597313806542067560e-01
2.509251390989663405e-02
-1.576098612510811459e-01
5.323400208103760967e-02
1.043449166710375270e-01
-2.323934437333355363e-01
7.237600910847720448e-02
1.541316334404057575e-01
2.870608516349471562e-01
8.150126814073739567e-02
3.470062577729597364e-01
-3.931054671435996184e-02
1.397393064134567764e-01
-1.082155932739813919e-01
1.248811048723538902e-01
-2.641107955187229073e-01
2.541114949176755400e-01
-1.929200788223239538e-01
4.316876363117668619e-02
-6.466064951244004932e-02
-2.071375084909961306e-01
9.512528041137012502e-02
