1.095609015885043967e-02
-4.052920618706074007e-02
2.335741089939795678e-01
5.737125141124333610e-02
3.018162871736147692e-03
-4.256408676910879152e-02
2.141588505925445807e-02
2.536061592972947004e-02
1.204257805134947290e-01
1.392327920952872444e-01
-1.032956097605070983e-01
4.228698930058351624e-01
6.607985838548732782e-02
-4.002955277202085993e-02
2.938247799238738814e-02
1.394983183950981309e-01
-3.924049687473477044e-01
1.123044930940148532e-02
-2.567417584684070775e-01
-5.784995680262567525e-02
-3.837309594933628609e-02
1.405278915202296530e-01
1.126652483894505924e-01
4.214157978021407236e-02
-6.218854424988053131e-02
2.660364987891341571e-01
7.379912426994136854e-02
-3.212189177995832673e-02
-7.843678906150297614e-02
1.609808935298396027e-01
-2.556276218162969668e-02
-6.180898760098688799e-02
4.312598734250968485e-02
-1.408115360470420796e-01
-3.349022307385735725e-02
-4.818614146177591095e-02
6.617905525699316338e-02
1.308916747260561175e-01
-1.740583061173535950e-01
-3.027207342705754908e-02
7.070923464437640915e-03
2.150298199176615965e-02
2.467282331432686104e-01
-6.436552148715152244e-02
-1.156365937689242743e-02
-7.579702467095908447e-02
-2.365410170349314112e-01
-7.501424504483523992e-02
3.956027957127660616e-02
5.828355999413200456e-02
-3.203206130886384478e-02
-5.376139704749962472e-02
-3.380821136077789002e-01
1.686054283108181784e-01
-2.268265361590058038e-01
-7.041783125892098205e-02
1.107229647121931587e-01
-4.728929859145596798e-02
-1.076268049959759610e-02
-3.353999500880952556e-01
-1.431543091629469133e-01
1.067821002698700755e-01
-6.737981031377410224e-02
1.196744987572734287e-01
1.994587268350161424e-01
-2.414915889119941539e-01
-2.269757992257285251e-01
-4.281305421717234716e-01
5.139670506664859029e-02
-2.435264694940227070e-01
-5.125989577914010636e-02
-2.360347307580629717e-01
3.199495309847575353e-01
5.086788535103223263e-02
-4.361336110908483471e-02
-2.602269692738437001e-01
-2.062110053589965020e-01
-5.613181329871472225e-03
-2.896931708082065571e-01
-1.549185040984974726e-01
4.514553379240349162e-02
1.535762846215049104e-01
-2.907128110881226357e-01
-7.300243145122579935e-02
-3.396872726603763493e-01
3.679655171021514182e-01
-7.664028279046087265e-03
-1.594619250561410406e-03
3.552036817757419640e-01
-5.584414383585299679e-02
-7.966675854791652189e-02
-4.443797341956385455e-02
1.095948598456609885e-01
1.592149379163099177e-01
2.355766548724982645e-01
1.965045028390136062e-01
-4.104189506002269006e-02
3.908946547174695918e-01
1.088346794484922886e-01
1.474859756983798176e-01
3.630821435721146573e-01
3.369313071393603004e-02
-2.173863157482911479e-01
1.371198448021088423e-01
1.322204720098321407e-01
-4.758677033705164816e-01
-7.941223219262447119e-02
-2.394340433107642330e-01
1.674145579701965258e-01
-8.079709629845413521e-02
-1.442873475569734221e-01
9.698288692585269044e-02
7.394525182882456804e-02
8.590724116750834971e-02
-6.814872487636233767e-02
-1.111457749850240095e-01
1.258437039971618820e-01
-1.117445594813429866e-01
-3.925540862599595504e-02
-1.164566371604669887e-01
-2.952028286959179071e-01
-8.007764859120433676e-02
8.330888857060693084e-03
6.330976109968464161e-02
2.058609591956583051e-01
5.956059174835690029e-02
3.199319968637112099e-01
-4.724070146483822646e-02
2.092476711548076074e-01
-6.857341419297852125e-02
-1.151172937179397240e-02
-1.150045418125174856e-01
1.404685905050158945e-01
6.791444129155446707e-02
-1.924382310229771353e-01
1.815040247956994923e-01
8.133952592272609972e-02
-4.093889638123959784e-01
-4.282819065420371829e-01
2.683497694254129984e-01
3.182838393420761025e-01
-2.074472318873732055e-02
4.385276593678710810e-02
1.970064220331723126e-01
1.000655727792776339e-01
1.711760218319247550e-03
-4.813553284740573202e-01
1.074620139669773683e-01
2.361975708383279027e-01
-1.226857427554476493e-01
4.259846499197082054e-02
7.877969205321361246e-02
7.507348827579071737e-02
9.144567013228101920e-03
-2.656787226790501347e-02
-1.218968967122603109e-01
-2.726454819781151673e-01
2.839353642721322291e-01
-1.354855772331737263e-01
1.556465623967012712e-01
1.565455723608194238e-01
4.564255235416170287e-02
1.430835885727674561e-01
8.817578110532141300e-02
1.840573244887235005e-01
-2.622727182199960927e-01
1.554400009330546562e-01
-1.341976442197310992e-01
2.326379294841583178e-01
-3.148393532205899237e-01
1.225920538621501910e-01
-2.368459786595837058e-01
-2.379879156945381158e-01
4.837154787592162775e-02
-3.509539154844779629e-01
-2.016309599094655569e-01
-6.942055994222494364e-02
5.303516000884236220e-02
5.481334714180016721e-02
2.560600876526877845e-01
4.920115950410224037e-02
3.512275841334486920e-02
-1.155734948781742960e-01
-1.695602595973316196e-01
5.379460006370562208e-01
-1.654282336137233855e-01
-1.432599091127790061e-02
-2.007021843048729659e-01
-3.918301209681490649e-01
-8.888142153327439898e-02
2.311176949649536815e-03
-3.439549504532192010e-05
4.717267867519098212e-01
1.929113938917455251e-01
7.683797482072127205e-02
5.371660856475603957e-02
-3.539924370842216783e-01
1.836547008513912393e-01
-1.334676972225007918e-01
-2.527019675434009627e-01
-2.754779427687505944e-01
-4.155511748265585531e-02
2.930858256099148629e-01
-2.418422496491340890e-01
-2.429109219200380199e-01
-2.870174098846163813e-01
-7.973956326286606167e-03
4.502676728644811749e-02
2.981135615742738776e-01
1.994708519589165688e-02
2.752527551955508134e-01
-6.493757716551497305e-02
1.218969376133226395e-01
3.199932932692015064e-01
2.756042126432103889e-01
2.632213675209295056e-01
-1.961393367973778279e-01
-8.725853098898944671e-02
-4.442055615323443618e-01
-2.011351071323703443e-01
1.551294077557284490e-01
2.793748812290764993e-01
2.553230652190517647e-02
-3.467584588966751147e-01
-1.862364608138242228e-01
3.167459773218057606e-01
-1.976018404602723072e-02
2.701055218049239759e-01
-1.022375755879919579e-01
-4.546894982308729433e-02
4.990650759350834242e-01
-3.573906496424671952e-01
2.261164880428276694e-02
-6.805982992419580546e-02
-1.434922377261008963e-01
1.299830937629110894e-01
-2.531299239482905916e-01
3.767156863719278714e-01
-2.487467044878710620e-01
4.306575080836798353e-02
6.771301072602389781e-02
1.803407858968479327e-01
6.964709378753299041e-02
1.002287995948760585e-01
-5.014299545576179906e-02
-6.373632115843432672e-03
-2.000553691267013545e-01
-3.453300298770426435e-01
-4.016245473033459162e-02
-2.703300442480380816e-01
4.723436030082406312e-05
9.794879195306067932e-02
-2.626196112143242001e-01
2.259924667687242816e-01
3.353023947666653459e-01
9.864471186415111337e-01
1.000000000000000000e+00
3.600311858543663313e-01
-3.483559329263218735e-02
-2.300663567438266388e-01
-1.764690486236649980e-01
-1.808241688828504945e-01
2.856619503510667291e-01
-1.807740368974263545e-01
1.712829872540631848e-01
3.201603715745950096e-02
1.439425638721852641e-01
-1.640740706672960958e-01
1.379745188090241159e-01
-7.319656402482260793e-02
2.043083294880377876e-01
-1.854508489637970159e-01
6.547986798139815434e-02
1.194330335270425009e-01
1.626467932720029527e-02
-7.873988687627370142e-02
-2.518551579732040135e-01
-2.453042947808309615e-01
1.188532629491317015e-02
1.232362012919462901e-01
-2.509464675959951693e-02
1.971088967218508070e-02
-8.001402061636848917e-02
9.412475718862985119e-02
7.434217089528187550e-02
1.466168736840107664e-02
3.444148240580179876e-01
3.068353792107889749e-02
9.364826944732969338e-02
-2.597611196309322912e-01
7.557060552288903665e-02
-1.217325041119988738e-01
1.408682431100559684e-01
2.867268219840454768e-01
4.249344662101565695e-01
5.205438833270130683e-01
3.077086437092912963e-01
7.813763869901467485e-02
2.925847467502103866e-02
1.763625545382000448e-01
-5.270606351845389531e-02
1.544855892769685379e-01
1.622400878790625500e-01
9.306658420768693096e-02
1.491548943062470656e-01
-6.128354088689993984e-02
3.512169136223157739e-01
-1.233514624379441482e-01
1.738302534251370546e-01
1.078594665831058702e-01
4.712187717464406261e-02
7.265878065600676894e-02
2.000337061946292905e-01
5.012243251814552797e-02
-1.292098771298651749e-01
1.431455501083824522e-01
-2.031362240653580842e-01
3.231444090445226847e-01
-1.101340392648749306e-01
-2.027208682540398987e-01
-2.695979924463504443e-02
8.228733038410318557e-02
8.075813673904515266e-02
-6.134973442396334138e-03
9.155329464037560358e-03
-1.992840243094859409e-01
-3.191148791378130012e-01
-2.736394934345315333e-01
-1.119452591265611419e-01
1.434232092423008420e-01
1.008866805077932860e-01
-1.032928505548047632e-01
3.519209614072040804e-01
2.673932564657359179e-01
-3.703671483629509820e-01
-1.938524989231121542e-01
-1.293178081667905599e-01
-2.929923910935617326e-01
-2.553563351457671660e-01
-3.652605125808647268e-02
6.361531483624106864e-02
2.776624562696393683e-01
-3.080381004898994912e-01
1.176395451570438205e-01
3.887494714060824585e-01
1.465848607035432835e-02
-1.429037222540078256e-01
1.001353329613647314e-01
2.226747840713691473e-01
5.943978972901779734e-02
-9.057614789613734063e-02
1.237012542243380031e-01
-3.322055397877940464e-01
2.526869045780635870e-01
-1.192480034150339568e-01
-6.599295454475633156e-03
-3.415564303819720871e-01
-3.409245008909890171e-03
1.924159029607998839e-01
-1.119165605854486323e-01
-1.539821015509349467e-01
-1.638844110896844897e-01
1.020551160949876301e-01
-3.727016550728807776e-01
-2.493248923735052469e-01
1.984368464431008061e-01
3.707533678196727606e-02
1.635187531774144332e-01
-4.478453746283626857e-02
-1.709475611857822486e-01
1.994151875883329317e-01
1.297078977787332332e-01
8.111132641615233230e-02
-1.795134721649248588e-01
-4.949054872491626123e-02
1.492756562024789846e-01
1.468149534142456081e-01
-3.202280847365415184e-01
-1.085254157533823149e-01
4.259085389579995162e-01
1.892308518329357259e-01
-1.262587886416826621e-01
-9.339540875332286163e-02
-2.672433274909528644e-01
2.115931376861880375e-01
-3.765468967428985819e-02
-1.732584015673949707e-01
-6.073218294918280025e-01
8.772942085066472162e-02
8.735153064099195064e-02
6.582105640483180975e-02
2.154710612237920736e-02
2.621788905183098928e-01
2.146080258527085782e-01
-7.101052367109589314e-02
2.277774073887843878e-02
7.576799795674601934e-02
-5.034269379186426946e-02
1.713030503150767547e-01
-2.018074377366253433e-02
-2.687901210472644631e-01
-5.318348677866250457e-02
3.134201817389406508e-02
5.745677445736724342e-01
2.685292586640802837e-01
-1.911559038951083367e-01
1.513976337170192532e-01
-1.617161351227586474e-01
7.555769069039666719e-03
2.428915576621981376e-01
-3.055904989497954527e-01
3.804910509915593875e-01
-1.200339843392045358e-01
-9.459127841164607919e-02
1.244744190012588535e-02
8.049884133180609802e-02
1.403550535825166812e-01
-7.580849960295520107e-02
1.264744139997791561e-01
-8.214286848648570671e-02
-3.229252972875973349e-02
1.568445919208484030e-01
-7.430683871434665133e-02
-9.954241673347390129e-02
-9.134832954696006646e-02
1.060572440476876543e-01
-2.792223174010117770e-01
-7.471006169157684562e-02
8.138465136247433063e-02
-2.358073963958404011e-03
-2.009590165623715008e-01
6.011363700908108065e-02
-1.696199478698428090e-02
2.671890594665287111e-01
3.831242154153685631e-01
-6.595848914340851632e-02
2.089612048372686270e-01
-3.467663487444243298e-02
2.665241766176200677e-01
2.268240408921070594e-01
-6.981562242679448249e-02
-1.705243738328590941e-01
1.605998605843529936e-01
9.387549331188783930e-02
5.936668944047567009e-02
5.212284419797938440e-02
3.684161970884559101e-01
-4.089345160832602022e-01
-8.175611253095940723e-02
-5.059470939022613079e-03
5.236853770251179152e-02
4.369760498908027979e-01
2.225708510430101927e-01
4.689131320363088690e-02
4.365609719522923343e-02
-9.558992011164016422e-02
3.468653565073460676e-01
1.273106913849212096e-01
-1.761844605719562196e-01
1.152826036936672460e-01
1.995359823796782062e-01
-8.583137366731494189e-02
-1.566481013328313299e-01
1.073865419860215165e-01
1.875370938841141033e-01
-3.997438885003627429e-01
7.175563387491393219e-02
9.480153537789762219e-02
-6.058305034176916237e-01
-1.660441574898452732e-01
6.078245207634890707e-02
6.356541311655203308e-02
3.683314063142393430e-02
2.155038674138933519e-01
2.854915498959942344e-01
-7.985999572567306637e-02
4.343319513126625009e-01
4.478210075817044833e-02
7.193082904909200992e-02
9.558378145436974282e-02
5.860490839431284349e-02
2.992471591851106338e-01
1.921748396998257113e-01
1.105777253211564087e-01
-2.152108477027264988e-01
-7.234565776073867416e-02
4.297198089094002305e-02
-1.620971937353648251e-01
9.203624003917480756e-02
4.243117778917721572e-01
-1.028816315604612619e-01
-8.639815963917354957e-02
-3.566939070774674536e-01
9.954561158152097633e-02
-4.916202668524181918e-02
7.465432459855352032e-02
1.496240110374124355e-01
5.091435747291719327e-01
1.630292628733055749e-01
-9.540805918053962831e-02
-2.289812904694198403e-01
1.064655650279205390e-01
-1.656722679070092574e-01
-2.187693890624403115e-01
1.865511185679182282e-01
-1.719240056260389338e-01
1.806668046636746849e-01
9.216186967269383856e-02
-1.540716359660676271e-01
-1.291246838742340572e-02
-1.110288206986419050e-02
6.067455393451740703e-02
