-1.960386773604517741e-01
-3.176038158886585611e-02
5.765263981073503324e-02
2.929733180752976118e-02
-1.705183808375300980e-01
-2.742854989455780212e-01
1.334845868545621594e-01
-1.203673161206353370e-01
-3.543516331025455268e-01
-2.559308931425921529e-01
1.837609278703695170e-01
-1.657095741127704094e-02
-4.162871748719481624e-01
1.410818862549881314e-01
1.285963565693808708e-01
-7.934654484417492937e-02
-7.608930218914562449e-01
2.961412725017216752e-01
3.754332618109988418e-01
-1.617366924680836426e-01
1.894467029151620796e-01
6.470880631598364963e-02
4.827607411517634284e-02
-3.914557716704808454e-02
-2.338400475743948326e-01
-4.219448103064343120e-02
3.356526807913621374e-02
1.052350192335983758e-02
-3.333549814950993451e-01
-2.323128942237381866e-01
-2.193642702663904931e-01
3.696026530464586735e-01
-1.333289320848695010e-02
-1.989083137024690306e-01
-1.935403427807596555e-01
-1.738106273229265697e-01
-5.531127230574338638e-01
3.514178597990303965e-01
2.278236398260752860e-01
-4.421575781540004052e-02
4.060829048282011411e-01
3.062629892353720962e-01
-1.870930171247995044e-01
-8.587887230790315629e-02
-2.100702331741862716e-01
-3.243531036240797638e-01
2.126726830013248581e-01
5.505155314076481260e-02
2.631640388954610832e-01
-1.348720872382194180e-01
-1.528938214772045945e-01
-2.630169477379827869e-01
-3.957099755601219959e-01
4.127952988470944690e-02
1.780994655952982952e-01
4.698531877924665145e-02
-3.584796449087175874e-01
-2.361732692156259250e-01
7.043679458181619779e-01
6.485036725935080515e-01
4.995562672343392685e-01
2.089144126108836153e-01
-2.582382416674698922e-01
1.956230242718997592e-01
-4.587109852101666635e-02
-4.449598119920888384e-01
2.032252700811529034e-01
-7.382403844502333223e-02
4.290027807472600596e-01
-3.583489657720682064e-01
2.981960888077465066e-01
-1.192521768751198530e-01
-6.805617264852895087e-02
-1.484608303594853011e-02
-3.229568390472515316e-01
-3.526784863826479266e-01
8.226807941783028655e-01
-1.035719967483880871e-01
-4.636643735754968354e-01
-2.960765003103811854e-01
-5.106992829035570391e-01
3.093157332293629963e-02
8.735416818509343928e-01
1.138304739702286489e-01
-7.478602532524076807e-01
1.112876217111485461e-01
2.755760385148059433e-01
7.359442500243966456e-02
5.894874966232878100e-01
4.647698420883087933e-01
7.712801591139026303e-02
-1.389825583990604019e-01
2.686761960480864020e-01
-1.185000626526781231e-01
8.794245280709898915e-02
1.899168508968092708e-02
1.951217094390138296e-01
4.761865945006275025e-01
-3.177438228774177587e-01
1.223601027663926907e-02
-2.056052605212535522e-01
5.830597469654196230e-01
-2.923449787395797639e-01
-1.088569640605952099e-01
-2.538268038082742151e-01
-1.578755956783552128e-01
4.827591964555191240e-01
1.235169863239959920e-01
2.474123640552466641e-01
-1.734871735704324736e-01
-5.276979991551866700e-02
5.924700618194443935e-01
1.718943972206549708e-01
1.442508284144947833e-02
-2.672596583820863736e-01
-9.631160246298954564e-02
3.750185648642462843e-01
1.445361249855815489e-01
-2.159813351893199729e-01
2.156339022155595864e-01
5.031762478149683915e-01
1.536907126184991201e-01
1.613156736963276272e-01
4.149424407611059795e-01
3.490887088633400359e-01
-9.459327199759649807e-02
1.802977834889123443e-01
-6.003234766903632336e-01
2.283229302353580181e-02
-1.139597527951768663e-01
3.132730777146007228e-01
2.312715366358884458e-02
7.797613960624769948e-03
2.005868571305806369e-01
4.704173965719370409e-01
-1.416380741432922419e-01
2.806556927064165485e-01
-7.793060531652918899e-01
-2.845322156799768090e-02
-3.938011231167914267e-02
2.583743546668283986e-01
-1.480521070696959873e-01
2.199524436476175682e-01
2.004732807876284939e-01
-4.128398883965469363e-02
-2.234486215192040270e-01
8.845504832156854402e-02
6.093175466987563738e-01
1.584429090128905426e-02
-3.131461543123128521e-01
6.780319644851945382e-02
5.018373605229818901e-01
-8.461253556341228471e-03
1.285509817639634011e-01
-5.702443873003752023e-02
4.822583380515239604e-01
-3.223598892138832550e-01
-3.243296665576448912e-01
1.530933620879544599e-01
6.825257398877661308e-02
7.966280106839797315e-02
-3.031863074311597420e-02
3.935641381447707032e-01
2.618933345637523002e-01
-5.996439920679201389e-03
-8.995669822801936888e-02
-2.174070314273806315e-01
-4.637592496236433992e-01
-1.269679618728300208e-01
-6.099701524046009515e-01
1.880279011941724671e-02
1.383258819876750922e-01
3.375920234447423590e-02
-1.439116920869797367e-01
-5.281224883852849716e-01
2.040165548770167536e-01
-2.658485360015573340e-01
4.586283422949945926e-02
2.467387820396277354e-01
-2.075804035482380627e-01
-2.385671798949037525e-01
2.714556931135675422e-01
-1.917801217458379726e-01
8.385989011537228754e-02
-6.202084252045298590e-02
2.991231586963381817e-02
-5.364310115409414575e-02
1.884755459051702317e-02
4.246339181009574637e-01
-3.775425335727917043e-03
-2.052105031152365588e-01
-2.173620387418448985e-01
-2.149797722867754779e-01
3.109670483863544860e-02
-1.203809585431095674e-01
6.806519501578972564e-01
-3.212803192006479652e-02
-2.031392872360981705e-01
6.503140294244824648e-02
-2.279180469975780610e-01
1.891836303898043470e-01
6.287033938572308411e-01
-5.153135235244405976e-01
1.788651297082883770e-02
-4.010317699277021058e-02
-2.301622147027761744e-01
-4.373910071760323676e-02
3.795060431485942076e-01
-9.836116419495551794e-03
3.671433407764541912e-02
1.248116213055066870e-01
-4.298114580582861055e-02
6.098191269005921455e-01
2.141715643402424540e-01
1.893055820000039829e-02
3.164639841927108233e-02
9.690051621931428105e-02
-1.555445632953308399e-01
-6.541294861731829224e-02
2.668214628619453369e-02
5.475648867275817455e-01
1.464722089026292418e-01
2.826443985594385699e-01
-3.741257919307764412e-01
4.922991051056900824e-01
-3.007390025738555794e-02
-1.600848545755939600e-01
-3.269772077316925041e-02
3.822417499742581520e-02
8.967320502629319567e-02
-3.617412443516362375e-01
-4.800566770253736348e-02
4.949405833721710890e-02
8.430411160960445127e-02
1.353155811595036472e-02
-3.162685696648948053e-01
9.551519300046969543e-03
-2.385111533194772815e-01
-1.385520164817976019e-01
-5.462132441333580335e-01
-3.670469101569336368e-01
-6.672733821698891843e-01
1.389313739292634964e-01
-1.454050777019133545e-01
-2.317943837109078531e-01
5.964742223451093839e-01
1.274390560979591636e-01
-8.704203204595242771e-02
3.747237599559641863e-01
-3.399237001515544005e-05
1.031841168007615606e-01
2.187802482179811159e-01
-4.036695224540289839e-01
1.000000000000000000e+00
8.330978837126303826e-01
5.220925125235001962e-01
5.942289321449318873e-01
9.728808086212649142e-01
2.080787215991170558e-01
3.162966206225044097e-01
1.843930333034089764e-01
-5.464125069274049507e-01
1.579544242791190989e-01
7.065283085195616097e-01
-1.463368787203100374e-01
1.074214617616611328e-01
2.500609909241564011e-01
-3.776820795310831258e-01
1.750211858022226175e-01
-2.311218870357731880e-01
-2.908625155510138338e-01
4.888411357018739023e-02
-1.373491740096833558e-01
-4.007755733422904143e-01
-3.985856064969556245e-01
-3.570147037882257512e-01
-3.233584481741143546e-01
5.040093860258657577e-01
1.804033298843060462e-01
2.082905972069437062e-01
6.369709887100434217e-03
-1.498952016733776371e-01
2.907581173881630399e-01
1.812422530528219611e-01
2.298067889359335925e-01
3.893383206571665589e-01
3.447792402773831588e-01
-2.208004510791850561e-01
-1.272782906509392353e-01
-3.394416624461522036e-01
-4.229565953415000967e-01
-6.350389988800094754e-01
-4.964175194573463012e-01
-3.631197029141835508e-01
1.630057321499627510e-01
4.772087952312906861e-02
-2.283264468260881308e-01
-2.409840340572117212e-01
1.856111714308766314e-01
-1.644006574342884441e-01
-6.680984210574007764e-02
1.722730018452890421e-01
2.105242060283800398e-01
-3.162615693260497074e-01
3.301422110992984216e-01
1.445566695732071749e-01
-2.617584608103238342e-01
1.342611067329723962e-01
-2.956259073888974909e-01
-1.784104108372479847e-01
-2.297404616854264447e-01
8.128267836348959663e-02
-1.020661150706442533e-01
-4.022278508503379646e-02
-1.159141601745948824e-01
5.856613594401833406e-02
-6.032848126555485635e-01
-2.688821119883916255e-02
1.839164690918781986e-01
-9.475220456874682007e-02
-7.356506048990982261e-02
1.791204505905078792e-01
2.837453832218181371e-01
-2.638795972065681728e-01
1.116651224180413571e-01
-1.906159191092460237e-01
-1.547937626278282075e-01
-6.952024335316199510e-02
1.253842955236675605e-01
4.429759853991914742e-01
-5.834527321605008365e-02
2.776363319675577146e-01
3.774132902276308155e-01
4.944263661374742047e-01
-2.551638096529454947e-01
-1.179187905945638659e-01
-6.616612960298734469e-02
-3.548242619367432127e-01
-1.623143047383676305e-02
3.592525629582309366e-01
2.223593068185963639e-01
1.177723851112337516e-01
2.423762350888057637e-01
1.720733705755109894e-02
9.585158031304877313e-02
2.782971286867318983e-01
1.209998718530616163e-01
1.886830373547591366e-01
-3.706114930737298141e-01
2.532122647581293018e-01
2.582664836850392387e-01
2.643794653834509109e-02
1.709802297338365307e-01
-2.904439203814044301e-01
5.035143868884793816e-01
-2.095692261521918953e-01
-2.288864524987549165e-01
2.230114583227880282e-02
-1.474044963441241141e-01
1.494087146500039098e-01
5.258462455590513784e-02
-1.842071267584480948e-02
-1.118947411480526871e-01
1.150631063587723713e-01
1.508953838722993379e-01
-2.027296534491234425e-01
-3.852384012197431207e-01
-3.023635665504791903e-01
2.941030415412859145e-01
3.043189868342512927e-01
-2.495911545221954631e-01
3.389304433786803350e-01
-2.021055643195860882e-02
-2.997800019486018819e-01
1.220583184570620400e-01
-7.716025329466984217e-02
-2.097824338921769061e-01
-4.065213527817840844e-01
-1.321059858035007195e-01
1.233324460054422145e-01
-1.796671888002568107e-01
2.048346442242724996e-01
-7.292313654822507596e-02
4.676854954371663653e-01
-1.321943736734450536e-01
-1.239621506701982651e-01
7.653931895256987916e-02
1.209947158070366069e-01
1.645493408054661821e-01
-9.657958424266049891e-02
-5.144630543054099503e-01
-2.373858558873952473e-01
7.128715499530852151e-01
3.428808037416395393e-01
3.010746440904379373e-01
3.391133065996513873e-01
-2.589245346705433826e-01
4.189860186519048790e-01
7.235894035880166553e-03
-4.967084549405625937e-02
1.965473260806189226e-01
-2.165590168355066292e-01
-4.355639140207792637e-02
-3.273318418371309879e-02
-5.952765659131898923e-01
2.717151089203337366e-01
3.971590045614198927e-01
-4.396235518068836168e-02
5.881042857811494273e-02
6.342556530183356411e-01
-5.209348837910511287e-01
1.297197301122061108e-01
-2.772934220281875542e-02
8.141969177287661230e-02
1.824803337902262609e-02
2.790809752921168951e-01
-2.478262524473965056e-01
2.227043533447052581e-01
-2.695744234508718612e-02
1.383531986996909824e-01
8.850081853669704290e-02
4.587319963138776213e-01
1.451153988454488286e-01
2.083554312595213565e-01
3.990597418188744361e-01
-5.912591822394462904e-01
2.926751003132664897e-01
2.600997071176187891e-02
-1.330787088019112496e-01
3.855369204512477110e-01
3.208636121739233665e-03
-1.201426790810674328e-01
-2.319960980627972305e-02
3.115573504943823790e-01
1.549280817786721776e-01
-3.380230832978872724e-01
-5.925834585193872073e-01
-1.080453443142847247e-01
-5.975407629761132072e-02
-4.155348934542690276e-01
-3.663934587419911404e-01
-1.994836946269259725e-01
1.628227150235459220e-01
-1.497514161395815113e-01
-4.030887223328614294e-02
-1.347545197861632904e-01
1.176577234277973311e-01
-7.728977278182588839e-02
-3.010518473525282124e-01
2.414392966016410957e-01
-1.176207349522565421e-01
5.885340448814672942e-02
-9.490101303853040737e-03
-3.162041548867128293e-01
4.020285902835288860e-01
-2.972398139538762196e-01
-9.242021910422591052e-03
1.600563057779545439e-01
2.178613439595145085e-01
-1.803584808746331106e-02
1.305978640780099467e-02
2.714434385550226203e-01
-3.353997006337185449e-01
1.717386782290158953e-01
1.501847037905143234e-01
5.872956616204483282e-01
1.120056975414708278e-01
2.315490314738904154e-01
3.902046193386891210e-02
3.775915683642859511e-02
4.470575184821859449e-01
1.002338147254668854e-01
8.542044765908951565e-02
-2.279633660712623022e-01
-1.098673397277562941e-01
5.889457325983468022e-02
-2.309780829247389533e-01
-3.645814326734096722e-02
-2.724869087314927274e-01
-1.117408531594232257e-01
-3.235777456133329816e-02
-1.378555891568422065e-01
-1.273056498048967533e-01
-4.566098470132980980e-01
2.391542069164479256e-01
4.104160148303442335e-01
5.170853959438960201e-01
-3.409617597262116773e-01
1.786457306717783300e-01
8.226696598965295426e-02
2.106155978406566431e-01
3.882131718430649192e-01
-8.857881606743918113e-01
-1.999022340647644835e-01
-6.242582135042405202e-03
4.322650781233347561e-01
2.752542188825026544e-03
6.653911033577401823e-02
8.873293399045878785e-03
3.775242186653342269e-02
-9.123630821057304718e-02
-7.086223497930681063e-03
2.052568536704941493e-01
-9.750999739712785941e-02
1.177783001095945442e-01
-1.290394855628410886e-01
4.101791953230891907e-02
1.343275382866771783e-01
1.212853518361031585e-01
1.656800224980280456e-01
1.132467791519875117e-01
6.645095068026564411e-02
