4.118242350449602962e-01
4.536377336078897260e-01
3.842345447996584062e-01
-4.874613794056539828e-01
4.880143575701041403e-01
-1.185695983939826365e-01
1.932291225091793407e-01
2.975499183040267726e-01
8.153449098625985547e-01
2.600053622032712508e-01
1.343224550354870095e-01
3.767843777128732641e-01
8.015824015008470305e-01
3.438584163520316817e-01
6.143907456567144765e-01
3.603479460806452428e-01
4.399436331926451227e-01
-1.877307478745073310e-01
-3.725293526281073242e-01
2.223044221230583567e-02
-2.367463300688968375e-02
-6.328267680124012584e-02
-1.076597958658776499e-01
3.311792189484510374e-01
-1.836810660405027162e-01
3.159018234099919553e-02
-1.569009831194277393e-01
2.877951969540183397e-01
-4.897948077120127183e-03
3.002449032133839291e-01
-4.526292791242176317e-01
-1.151099629526627505e-01
8.923782321065502204e-03
2.986250161102031453e-01
3.388874076677694802e-01
3.627821476908608678e-01
-5.177707609169112518e-02
-1.097063953972037334e-02
7.966267026666846718e-01
-2.898975417843993041e-01
-2.420532465811311151e-01
1.310142010347238317e-01
-4.783463505643065911e-02
1.941411197535962418e-01
-3.468217495423899233e-01
-1.133307815603252638e-01
2.552685518459889003e-01
2.228256963824823689e-01
7.282349827488037164e-01
-3.418058559137151509e-01
-1.041361593574426231e-01
-6.665251410934591725e-01
8.804517729451384611e-02
-9.660294692871301825e-02
6.492360125875272503e-02
1.034033773026465236e-01
-1.311001041757416108e-01
-2.880713862357248134e-01
1.479110624835556879e-02
-2.418561640456886319e-01
-5.549799349313552232e-01
-1.104805370899139688e-01
-2.455626896933125192e-01
-1.303494185845326947e-01
6.928400216536118039e-01
-7.949463447501458058e-01
-4.312202654428385906e-01
-1.939557087760106213e-01
-4.816016372526579770e-02
-7.828319615241094431e-03
2.298645277918580920e-01
-2.615092190334731281e-01
5.776722668669235367e-02
8.360663817924272878e-02
-2.456417003071544869e-01
2.552300192971677095e-01
4.657669186846225551e-01
2.417854989069190275e-01
-2.743365074520864311e-01
3.328786454243680692e-01
-7.027878432606551873e-02
5.295625659414378988e-02
-2.025524717506924782e-02
6.590285043247255947e-01
2.844044982181212489e-01
-6.616577387962954693e-02
-2.233338381716391263e-01
-2.745520336555477003e-01
-2.203528299003678359e-01
-1.735734738351249196e-01
-1.527693723973679307e-01
-6.371905225109000641e-03
-1.057670212792261311e-01
1.518355578387802773e-01
-1.210520343101924301e-01
-2.224265481100085318e-01
3.035754200666058167e-01
2.365220426172780499e-01
1.624076556658262116e-01
-3.308297346510492565e-01
1.184064582945379591e-02
-2.025678971314140431e-01
-2.079358325531909524e-01
2.132043568041742665e-01
3.056719169757839416e-01
3.635058043107456949e-01
3.532761902153966904e-01
4.426068100999971389e-01
7.983805721483763218e-01
-3.816615342169049629e-01
-6.495483293851764262e-02
4.011211578733486216e-01
-6.631460919724065095e-02
-1.075663634002822638e-01
-6.010005359491841226e-01
-1.197607378458710597e-01
4.506214113654266606e-01
4.160949793275228736e-01
3.082382272962486125e-01
4.669403716828431916e-01
7.878142261100465893e-01
-4.046227736990943430e-02
-2.186976159141580389e-01
-1.596830351870378584e-01
1.041586982287685953e-01
-3.206447770445699508e-01
-3.756134103623935960e-01
-1.124083253443627639e-01
2.026893918015948981e-01
-2.334811512276220857e-01
6.201400824221359187e-01
5.626960049926178070e-03
-1.894621978960921160e-01
2.279044027765314007e-01
-1.131161433552103635e-01
-3.027069742299456356e-01
6.288274856890577191e-02
4.592631029671834786e-01
-3.466728294650684994e-01
-5.399793718974573720e-01
3.830018108289029999e-01
1.181707147676428482e-01
-4.020119376735181715e-02
6.148040503325908485e-02
1.121259531865287096e-01
-1.005462759623414054e-01
-1.150240711843781433e-01
8.559268862386298915e-02
6.044526193204600162e-01
7.740341137130384019e-02
3.481788246096663153e-01
2.467580091081969240e-01
6.372464719710740910e-01
6.787821603240838941e-01
-1.738374628000801669e-01
1.110252431662904909e-01
2.654676310008055040e-01
1.030327481457577465e-01
4.709722823035127348e-01
-4.861965831537408689e-01
5.162035933333737336e-01
2.732269004524366940e-01
-1.078446176093858649e-01
7.114924752677696806e-02
1.729118743052810991e-01
1.543363784869513089e-01
3.500683087707721630e-01
-2.858014734890095276e-01
5.401660688483314043e-01
1.203284510772847649e-01
4.028992228118183916e-01
3.725515193481224729e-01
9.153797855902201519e-02
-1.971153430028468878e-01
2.781515355871940209e-01
2.549574450289286975e-01
2.326430868020755993e-01
-8.442790414953248168e-02
2.202403546990255034e-01
-8.294012575657921937e-02
3.383736949819857731e-01
3.948769735474363940e-02
6.417601435797113396e-01
-1.550890799030859302e-01
2.988211387993829904e-01
-2.145624499169266827e-02
6.727245277139366764e-02
4.540336286512040020e-01
-9.095748868861691649e-02
6.122769119030108120e-02
8.375653101466402906e-02
6.144465464836722512e-01
-6.414813097666675901e-02
-3.134334307078621706e-01
7.537891280938340266e-01
-1.571011865609735769e-01
3.253540312107379151e-01
-3.884530903569149429e-01
-2.604660954670443354e-02
-1.601101247137309835e-01
2.999234940323832199e-01
-4.686585405910910773e-01
-1.687709324382550280e-01
-7.228256078767040238e-01
-3.422457091676056051e-01
1.734888566673955246e-01
-1.050591185086466178e-01
-4.166433578143203253e-01
2.237122380204640271e-01
1.944641999710333413e-01
1.230700379917112619e-01
3.644091444039840866e-01
-1.329392486256289994e-02
2.504667805753287291e-01
4.844902181264276186e-01
-6.992560243711154477e-01
4.640121644862411909e-02
-2.416617584171870947e-01
-2.057285759642233092e-01
3.167081611850675049e-01
-4.709617499449684219e-01
1.419948139364918815e-01
1.260585151123986003e-01
-1.007357330407196438e-01
-3.868193101608534690e-01
4.554001294567861513e-01
-1.052872647434941883e-01
6.729381471366882583e-02
-3.549977932449796536e-01
2.035774220447119642e-01
1.777672853430583011e-01
-8.395002128204080705e-02
-3.637196086327894318e-02
-1.682361452017750447e-01
-1.356135344170202317e-01
-2.638893368773876924e-01
2.895348141033557976e-01
5.065076500206154853e-01
1.714600234021458613e-01
2.121275548491783625e-01
1.235670369819054648e-01
2.335250649530388467e-01
4.126925614704014533e-01
4.436830372718784110e-01
1.342753662884545174e-02
-1.644489637275902971e-01
-1.747596058008324960e-01
3.758401413791044865e-01
3.459554549319412975e-01
2.014972077437550413e-01
6.869851869737558792e-01
2.446877541251577318e-02
3.589784809765864115e-01
5.930945219309702310e-01
5.196630850789042411e-01
1.000000000000000000e+00
9.044595006084962252e-01
7.415963270131341600e-01
6.254747212367507414e-01
8.636421610857959452e-01
5.211978376282160319e-01
3.586703513698186185e-01
-1.755556203356164191e-01
8.012543816380071626e-02
-2.558986016600968763e-02
4.349646527237038263e-01
1.889088966828241789e-01
2.381769692119304893e-01
1.706837255968966238e-01
4.208201553232912562e-01
5.434532741220080565e-01
-1.275016225655194457e-01
3.094274470556117596e-01
8.595534599611580340e-02
-1.299580022684833913e-01
2.644776806603568731e-01
4.369358167708959836e-03
2.824951665435068704e-01
2.243664420878473953e-01
1.544770854122782255e-01
6.802012433789729196e-01
1.813150454603982276e-01
-2.996813263887369849e-02
4.775941828543248668e-01
1.563676141793571006e-01
2.110992875035495875e-01
-6.607121204835081363e-02
1.135824523363711536e-01
3.155651123434053962e-01
3.542879723209788612e-01
-1.561389247346740283e-01
2.029222581310659579e-01
7.134710333809005656e-01
3.312882744793994583e-01
2.443020144683162864e-01
1.054462731801760061e-01
1.188999794804975335e-01
4.954284792949346095e-01
1.697916735374926656e-01
2.036875811177124851e-01
5.827279482468395999e-01
6.359432408418873583e-01
6.464220628109645927e-01
1.551987965159849492e-01
-2.987761844751314622e-02
2.553670765574970192e-01
-2.077279059830979824e-01
6.803651560840458246e-02
-3.538962541624310898e-01
-2.491008659256375712e-01
-2.981660322826689691e-01
-9.592871291658483512e-02
-1.105569886689731357e-01
4.443719676155232778e-01
-8.412416851031927212e-02
-1.571967671745724826e-01
2.325277176110472910e-01
-2.361023396483248604e-02
-6.642467059867206147e-02
1.808989307522862466e-01
3.019809425456399521e-01
-3.411582068737055717e-01
3.409699614526651851e-02
-2.817469997125082726e-01
-1.170140586855533960e-01
-3.737206987190025420e-02
4.027286663124801103e-01
1.858966051612822787e-02
1.120527072732832446e-01
-4.342149233182756099e-04
8.659289530403184443e-02
2.088324496386957940e-01
-1.632333874515652650e-01
5.451509835372898571e-01
2.858413653981609626e-01
-3.377700413489168607e-01
-3.331483846390002057e-01
-1.641556870599226725e-01
-3.855905132466746488e-01
2.255371334194813948e-01
3.802689068893294055e-01
-7.362361244767766377e-02
-1.345304390025335028e-01
2.155829400187115330e-01
-3.833380843217801814e-01
-1.538697473859029601e-02
-4.523793729721528600e-01
-4.033746798965569258e-02
2.759293671230471090e-01
5.197109819619177840e-02
-1.627847075270756061e-01
-1.282200932751468951e-02
-1.002828617805223699e-01
-3.140601860125510209e-02
4.578787001643140897e-01
-4.207161775873359266e-01
-2.654982362501285831e-01
-1.153156049677146189e-01
-1.049409618273572931e-01
-8.806092960471514908e-02
-1.986726328843591294e-01
-2.304054202805756821e-03
-1.193979957139078979e-01
2.963248945500244202e-01
2.597843384902033259e-01
-2.784351549828265049e-01
-1.301161671919567608e-01
-8.477216387796528141e-02
-2.432829775179197740e-01
2.243209694485045202e-01
7.882093397311962235e-02
-1.529970488093786996e-01
1.017000985298848331e-01
-2.111210313539647887e-02
1.386318295384182664e-01
-2.545591589311483882e-01
-5.799379801756861935e-02
-4.558612583541158392e-01
-2.962562307852609211e-01
-4.982559177030516651e-01
-1.103835009835628100e-01
6.646174432589382342e-01
2.364686700411507969e-01
-1.256307257682433287e-01
6.374359548731267644e-01
6.655061088371315436e-02
-3.933032525411527813e-01
-2.348904937898695922e-01
-5.128960933920613530e-02
6.709532833282286224e-02
-5.860565640690428291e-01
-3.407470867399803316e-01
2.535498913752111116e-01
-6.100923226168535746e-02
-8.233967932840643988e-02
3.105333211696358897e-01
4.086369728558717634e-02
-1.054350425433166621e-01
2.302785072637606179e-01
2.478183387349618683e-01
-1.976819971773895179e-01
6.918114798282414268e-01
4.048713212275220630e-01
2.443645156343196567e-02
-6.721470488919688291e-02
4.272442290361255224e-01
-2.990643519779109250e-01
6.405980520790374722e-02
1.253315938906209848e-01
1.837095262200086898e-01
-7.029418476193107779e-01
-1.881333158173750519e-01
-3.258199391387701649e-01
-6.466413679242717372e-01
-4.730995281577817790e-01
1.700110189253722925e-01
-1.705465101898367419e-01
3.591480186936261143e-01
1.261956442206225992e-01
-1.348965894321573489e-01
-1.703254590372766872e-02
-1.386939279586754670e-02
2.209619021649121529e-04
1.055835459842109914e-01
1.192340345165373572e-01
-1.243445804858922255e-01
6.684978303590793924e-02
4.361089156907811959e-01
2.111435847529672394e-01
5.291058132293238042e-02
-2.305106479521382701e-01
-5.370453821909256659e-02
7.609003205935997455e-04
-1.115871167710481004e-01
6.924724100583232178e-02
3.571629555347390073e-02
-3.443713113482166355e-01
-2.490677719503440191e-01
-7.495513785759566616e-01
-1.559689284908170187e-02
-5.189975066788504732e-01
1.669999915606473484e-01
2.679291877093925578e-01
4.895900709190461053e-01
-4.822680093877082519e-01
-9.585409627029746471e-02
4.535758031679492513e-02
1.509863991833473307e-01
1.516029587002774570e-01
-3.291908492972809852e-01
1.390613214922891139e-01
3.160063363302946238e-01
2.036698946640662367e-01
1.395450998443079627e-01
2.866370925413659898e-01
-9.166789884667356225e-02
1.029527905974687851e-01
-5.226958910223530319e-01
-3.096123980439682288e-01
-8.244161233757522911e-02
1.784244939751898846e-03
-1.786041227313738822e-01
4.794039968587206491e-01
5.255167128722479375e-02
3.085799925490199103e-01
-1.190594619505815632e-01
2.547951145933790018e-01
1.047567236449707673e-02
1.557734741224907626e-01
1.401728626353621610e-01
1.557564472117126675e-01
1.562688278999229408e-01
-2.693796534285878286e-01
2.105173953267803211e-01
4.694164220910783669e-01
-5.221430322691434922e-01
8.835954142469337746e-02
-3.374857221358438242e-01
6.007634467106831577e-01
-1.428388198708505641e-01
6.857643544204036073e-03
2.102756563024681669e-01
-9.601861358931915169e-02
4.155603745223007683e-01
-1.593069158092942639e-01
-1.592575521376167202e-01
-2.183470369025816149e-01
1.240223825171535982e-01
-4.557768866875967079e-02
1.371550388759049111e-01
1.171326148808887885e-01
-2.468072735692229125e-01
1.348375642779007788e-01
2.586861027450159667e-01
5.331540766902268524e-01
3.218430219725491176e-02
2.873213157022245223e-01
-2.603553003334861948e-01
-2.358933644651206585e-01
2.082819214647476935e-01
1.510908064675669793e-01
-2.795481185561390566e-02
4.940420591279923723e-01
1.557764642446203274e-01
3.896494212653244804e-01
-5.249404127716462976e-02
-4.141651463462659999e-01
1.162470589128225956e-01
4.041772526137225596e-01
3.485479134641789739e-02
1.918553481972762320e-01
4.119267298755146384e-02
